0.6832226050658065
0.5903762261330884
0.7232875682533335
0.9266305945063048
0.6124497169467368
0.8163396627258119
0.6156030727772579
0.5623250734262872
0.8324353565057162
0.49365251857174386
0.6692101218961181
0.6439832752519487
1.12423812485057
0.5396498187827881
0.6124497169467368
0.599836293624652
0.6156030727772579
1.4892159219082501
0.5824808553316198
0.7269298376340176
0.6795803356851221
0.8504990314405233
0.8657253440536796
0.6029896494551731
0.9723095323457738
0.57492243711712
0.9976867200343675
0.9824604074212112
0.6565966985740334
1.8283477947365656
1.1067476569129615
0.705076221349912
0.7414989151567548
0.9672340948080549
1.2128066365648529
0.5935295819636095
1.2055535102172892
0.6868648744464907
0.6941494132078592
1.1533889047465837
0.9367814695817424
0.8243875096157641
0.6868648744464907
0.7640286579411228
0.855574468978242
1.0027621575720864
0.7801243517210272
0.7720765048310751
0.5903762261330884
0.6376765635909062
1.01929531722492
0.5935295819636095
0.6534433427435121
0.6941494132078592
0.3679840123016126
0.5935295819636095
0.9266305945063048
0.7232875682533335
1.013465161245717
0.6502899869129909
0.7720765048310751
0.9469323446571799
0.6977916825885435
0.5799613825934531
0.5799613825934531
0.690507143827175
0.705076221349912
0.6534433427435121
0.6502899869129909
0.6597500544045546
0.7414989151567548
0.9164797194308673
0.8203635861707881
1.1767095286633948
0.8911025317422734
0.6250631402688215
1.7695828370983442
0.6282164960993426
0.768052581386099
0.6629034102350757
0.6439832752519487
0.8364592799506924
0.880951656666836
0.599836293624652
0.6832226050658065
0.8454235939028044
0.5875198008079529
0.6660567660655969
0.6092963611162155
0.6408299194214274
0.7232875682533335
0.8606499065159607
0.5935295819636095
0.8364592799506924
0.675938066304438
0.6660567660655969
0.7881721986109793
0.6219097844383003
0.705076221349912
0.8243875096157641
0.9723095323457738
0.7524257232988076
0.6629034102350757
0.6156030727772579
0.6029896494551731
0.7160030294919648
0.3679840123016126
0.8657253440536796
0.675938066304438
0.43986638401047495
0.8758762191291171
0.8454235939028044
0.7881721986109793
1.5789092671815073
0.6061430052856943
0.7720765048310751
0.6376765635909062
0.5774419098552865
0.7232875682533335
0.5673640189026203
0.7524257232988076
0.8708007815913983
0.6692101218961181
0.6692101218961181
0.5472082369972878
0.6156030727772579
0.5724029643789534
1.32885665812587
0.5698834916407868
0.599836293624652
1.0367857851625282
0.599836293624652
0.7196452988726492
0.5698834916407868
1.5054514431437713
1.424273836966165
1.0426159411417308
0.7841482751660033
0.7269298376340176
0.8454235939028044
0.529571927830122
0.6692101218961181
0.7560679926794919
0.7841482751660033
0.5220135096156221
1.0484460971209337
0.37498651022001395
0.5598056006881207
0.634523207760385
0.5824808553316198
1.4080383157306435
1.3361097844734338
0.690507143827175
0.6565966985740334
0.7087184907305963
0.5799613825934531
0.6795803356851221
0.6692101218961181
1.01929531722492
0.3714852612608133
0.6795803356851221
0.9317060320440236
0.7196452988726492
0.6660567660655969
0.7600047344961467
0.5724029643789534
1.3216035317783066
0.6660567660655969
0.7232875682533335
0.8203635861707881
0.631369851929864
0.7921961220559555
0.7962200455009315
0.8606499065159607
0.6061430052856943
0.9875358449589301
0.768052581386099
0.6629034102350757
0.5094161459247893
0.5497277097354544
0.5220135096156221
0.6408299194214274
0.5522471824736209
0.6156030727772579
0.7801243517210272
0.9063288443554297
0.6832226050658065
1.4567448794372073
0.9773849698834925
0.9926112824966489
0.6832226050658065
0.8364592799506924
0.6941494132078592
0.6156030727772579
0.7123607601112806
0.8163396627258119
0.7342143763953862
1.0367857851625282
0.8243875096157641
1.007837595109805
0.9266305945063048
0.6692101218961181
0.5698834916407868
0.7087184907305963
0.7720765048310751
0.5673640189026203
1.901803991784343
0.6565966985740334
0.631369851929864
0.39249275501601727
0.6977916825885435
0.7232875682533335
1.5322129873369763
0.7196452988726492
0.6439832752519487
0.6692101218961181
0.5673640189026203
0.8042678923908836
0.9976867200343675
1.4323915975839254
0.9063288443554297
0.7962200455009315
0.8364592799506924
0.6376765635909062
0.6868648744464907
0.6408299194214274
0.5903762261330884
0.599836293624652
0.7640286579411228
0.8163396627258119
1.1067476569129615
0.7801243517210272
0.6061430052856943
0.6629034102350757
0.6408299194214274
0.6502899869129909
0.8203635861707881
0.6124497169467368
0.6282164960993426
0.7487834539181233
0.6029896494551731
0.6502899869129909
0.7123607601112806
0.5875198008079529
0.705076221349912
0.7962200455009315
0.49365251857174386
0.7881721986109793
1.0542762531001364
0.6660567660655969
0.7123607601112806
0.675938066304438
0.6941494132078592
0.5598056006881207
0.8002439689459077
0.8163396627258119
2.636365962262114
0.7232875682533335
0.5850003280697863
0.7640286579411228
1.0775968770169477
1.1650492167049893
0.5598056006881207
0.9976867200343675
0.6376765635909062
0.5022583001015468
1.798965315917455
0.5824808553316198
0.5875198008079529
0.6124497169467368
1.1650492167049893
0.41174962429162093
0.6156030727772579
0.7560679926794919
0.8324353565057162
1.013465161245717
0.6565966985740334
0.9723095323457738
0.6250631402688215
0.7232875682533335
0.9570832197326175
0.6565966985740334
0.6660567660655969
0.6692101218961181
0.7305721070147021
0.8708007815913983
0.8404832033956684
0.8504990314405233
0.8123157392808358
0.5850003280697863
0.5320914005682883
0.6565966985740334
0.5850003280697863
0.6565966985740334
0.5875198008079529
0.9520077821948987
0.6156030727772579
0.5598056006881207
0.5966829377941308
0.9926112824966489
0.6534433427435121
0.4979554093366454
0.6282164960993426
0.8961779692799923
0.8911025317422734
0.9621586572703362
0.618756428607779
0.6795803356851221
2.254393737613673
0.6977916825885435
0.7801243517210272
0.7560679926794919
0.5598056006881207
1.141728592788178
0.7720765048310751
1.0426159411417308
0.5875198008079529
0.8002439689459077
0.6692101218961181
0.7524257232988076
0.47428951012968706
0.7305721070147021
0.6660567660655969
0.6832226050658065
0.5966829377941308
0.7378566457760706
0.7378566457760706
0.6629034102350757
0.6660567660655969
0.8454235939028044
0.5824808553316198
0.9570832197326175
1.1475587487673808
0.7414989151567548
0.6156030727772579
1.4810981612904892
0.6124497169467368
0.6692101218961181
0.745141184537439
0.9012534068177109
1.12423812485057
0.6977916825885435
0.631369851929864
0.6250631402688215
0.9266305945063048
0.618756428607779
0.8243875096157641
0.5799613825934531
0.7305721070147021
0.745141184537439
0.46998661936478553
0.6408299194214274
0.7269298376340176
1.0834270329961504
0.7378566457760706
0.7640286579411228
0.6439832752519487
0.6941494132078592
1.3836850338773616
0.6832226050658065
0.7196452988726492
0.3784877591792146
1.0309556291833255
1.2418191419551072
0.7087184907305963
0.9773849698834925
0.7232875682533335
1.32885665812587
0.7269298376340176
0.6156030727772579
0.6565966985740334
0.690507143827175
0.6565966985740334
0.9317060320440236
0.5396498187827881
0.5371303460446215
0.6376765635909062
1.4973336825260108
0.9773849698834925
0.9469323446571799
0.7841482751660033
0.46568372859988405
0.6941494132078592
0.8002439689459077
0.631369851929864
0.9317060320440236
0.9469323446571799
0.8042678923908836
0.8163396627258119
0.631369851929864
1.1475587487673808
0.6597500544045546
0.343475269587208
0.631369851929864
0.8911025317422734
0.7414989151567548
0.8606499065159607
0.5966829377941308
0.9317060320440236
0.618756428607779
0.6439832752519487
0.5497277097354544
0.7881721986109793
0.7881721986109793
0.6061430052856943
0.5724029643789534
1.0484460971209337
0.5875198008079529
0.5724029643789534
0.5850003280697863
1.2853379000404888
0.768052581386099
0.40124587741401896
0.6868648744464907
0.6124497169467368
0.6868648744464907
0.6156030727772579
0.5673640189026203
0.9063288443554297
0.6061430052856943
0.6061430052856943
0.6565966985740334
0.675938066304438
0.6029896494551731
0.6282164960993426
0.9469323446571799
1.8577302735556769
0.8203635861707881
0.516974564139289
0.5623250734262872
0.3889915060568166
0.9266305945063048
0.6534433427435121
0.8961779692799923
0.7761004282760511
0.631369851929864
0.921555156968586
0.38023838365881496
0.7014339519692278
0.5799613825934531
0.5774419098552865
0.5966829377941308
0.5421692915209546
0.5220135096156221
0.5799613825934531
0.8911025317422734
0.5094161459247893
0.9926112824966489
0.7881721986109793
0.5903762261330884
0.634523207760385
1.278084773692925
0.6502899869129909
0.6692101218961181
0.5572861279499541
0.5572861279499541
0.7881721986109793
0.5824808553316198
0.675938066304438
0.634523207760385
0.5698834916407868
0.7962200455009315
0.6408299194214274
0.516974564139289
0.690507143827175
0.5799613825934531
0.8123157392808358
0.7232875682533335
0.8758762191291171
0.5903762261330884
0.6408299194214274
0.855574468978242
0.5446887642591212
0.7560679926794919
0.7414989151567548
0.7196452988726492
0.8163396627258119
1.2418191419551072
0.855574468978242
0.6832226050658065
0.634523207760385
0.634523207760385
0.6408299194214274
0.5371303460446215
0.7378566457760706
0.7524257232988076
0.3522283919852096
0.634523207760385
1.292591026388052
0.6156030727772579
0.6029896494551731
0.6282164960993426
0.7761004282760511
1.3755672732596012
0.5522471824736209
0.6502899869129909
0.8163396627258119
0.7524257232988076
0.5774419098552865
0.599836293624652
0.9317060320440236
0.6629034102350757
0.6723634777266393
0.9063288443554297
0.8163396627258119
0.5966829377941308
0.5320914005682883
0.618756428607779
1.01929531722492
0.8203635861707881
0.6832226050658065
0.5346108733064548
0.5245329823537888
0.6692101218961181
0.6977916825885435
0.618756428607779
0.9469323446571799
0.7087184907305963
0.6408299194214274
0.5673640189026203
1.1358984368089753
0.5623250734262872
1.141728592788178
0.7720765048310751
0.6534433427435121
0.6795803356851221
0.6832226050658065
0.6439832752519487
0.46998661936478553
0.6376765635909062
0.631369851929864
0.618756428607779
1.2055535102172892
1.2853379000404888
1.1983003838697257
0.7378566457760706
0.7801243517210272
0.6092963611162155
1.3674495126418402
0.7841482751660033
0.675938066304438
0.8163396627258119
0.634523207760385
0.8082918158358597
2.0927901041085635
0.6868648744464907
0.5698834916407868
1.141728592788178
0.7487834539181233
0.8504990314405233
0.6723634777266393
0.7414989151567548
0.675938066304438
0.5850003280697863
0.5850003280697863
0.6977916825885435
0.8961779692799923
1.141728592788178
0.6061430052856943
0.9976867200343675
0.9469323446571799
0.6941494132078592
2.1221725829276745
0.9875358449589301
0.8758762191291171
0.5903762261330884
0.7196452988726492
1.095087344954556
0.6597500544045546
0.7801243517210272
0.7305721070147021
0.631369851929864
0.6977916825885435
0.6977916825885435
1.278084773692925
0.5119356186629559
0.7962200455009315
0.7640286579411228
0.6795803356851221
1.3918027944951223
0.7414989151567548
0.634523207760385
0.7123607601112806
0.6723634777266393
0.5935295819636095
1.0426159411417308
0.6565966985740334
0.5935295819636095
0.8454235939028044
1.007837595109805
0.5774419098552865
0.618756428607779
0.8123157392808358
0.7560679926794919
0.6250631402688215
0.46568372859988405
1.0892571889753533
1.0834270329961504
0.8082918158358597
0.6156030727772579
0.5623250734262872
0.5935295819636095
1.3918027944951223
0.40299650189361924
1.5789092671815073
0.705076221349912
1.513569203761532
0.6029896494551731
0.9367814695817424
0.8504990314405233
0.631369851929864
1.0251254732041226
0.5824808553316198
0.675938066304438
0.6868648744464907
0.6629034102350757
0.5799613825934531
0.8454235939028044
0.6977916825885435
0.6502899869129909
0.7123607601112806
1.4810981612904892
0.6629034102350757
0.7160030294919648
0.6061430052856943
0.6502899869129909
0.7196452988726492
0.6868648744464907
0.7720765048310751
0.5497277097354544
0.7841482751660033
0.768052581386099
0.6941494132078592
0.6723634777266393
0.35572964094441034
0.6660567660655969
0.39249275501601727
0.5935295819636095
0.5774419098552865
0.921555156968586
0.7560679926794919
0.46568372859988405
0.7801243517210272
1.5882485231504133
0.6029896494551731
0.6282164960993426
0.8504990314405233
0.6795803356851221
0.7342143763953862
0.6029896494551731
0.5724029643789534
0.9976867200343675
0.8324353565057162
0.8504990314405233
0.5623250734262872
0.8911025317422734
0.7962200455009315
0.5724029643789534
0.36623338782201226
0.7881721986109793
0.6092963611162155
0.7524257232988076
0.6565966985740334
1.32885665812587
0.41700149773042194
0.7414989151567548
0.7720765048310751
0.9621586572703362
0.5774419098552865
0.6832226050658065
0.8657253440536796
1.4810981612904892
0.705076221349912
0.4291091570982213
0.5446887642591212
1.3755672732596012
1.1300682808297724
1.0426159411417308
0.8042678923908836
1.0601064090793393
0.9621586572703362
0.8163396627258119
0.634523207760385
0.9723095323457738
0.5903762261330884
0.6439832752519487
1.7402003582792336
0.5935295819636095
0.8284114330607403
1.013465161245717
0.7305721070147021
0.40299650189361924
0.5935295819636095
0.9114042818931485
0.9773849698834925
0.6868648744464907
0.7841482751660033
0.5799613825934531
0.921555156968586
0.6156030727772579
0.6219097844383003
0.8163396627258119
0.45707794707008104
0.6502899869129909
0.8203635861707881
0.6376765635909062
0.7720765048310751
0.6534433427435121
0.631369851929864
0.690507143827175
0.6692101218961181
0.8203635861707881
0.6156030727772579
0.9773849698834925
0.9063288443554297
0.6832226050658065
0.5724029643789534
0.9621586572703362
1.3755672732596012
0.855574468978242
0.880951656666836
0.8163396627258119
0.7232875682533335
0.7160030294919648
0.5850003280697863
0.5497277097354544
0.38023838365881496
1.2200597629124164
0.5850003280697863
0.6832226050658065
0.6156030727772579
0.9114042818931485
0.9976867200343675
0.6534433427435121
0.7720765048310751
0.7414989151567548
0.6832226050658065
0.7841482751660033
0.6439832752519487
0.6376765635909062
1.2998441527356157
0.5245329823537888
0.5421692915209546
0.6795803356851221
0.6597500544045546
0.9266305945063048
0.921555156968586
