0.7926426603648788
0.762029035819897
2.5658580490919283
0.6968878881342028
1.0675958289967482
0.8407497846498502
0.8921743181650318
1.0002587734893893
1.073900176822835
0.7838959104948839
0.4509678400537478
1.3647697878187752
0.9951118946644198
0.6583033144961653
0.7664024107548943
1.2391197399586675
1.7846504749583096
0.8320030347798554
2.07009170396867
0.762029035819897
0.2477351106445626
0.7461800432288828
1.086508872475009
0.7537634517049874
1.5226443000901342
0.8276296598448579
1.2103553107154013
1.0054056523143589
0.762029035819897
0.7795225355598866
0.762029035819897
0.513001214525898
0.9899650158394505
0.6855127754200459
0.9951118946644198
0.9951118946644198
0.261622058927852
0.8870274393400623
0.9796712581895117
0.7576556608848996
0.700679592372255
0.9745243793645423
0.8767336816901234
0.856146166390246
0.6707810593032868
0.8509992875652765
0.7234298178005689
1.086508872475009
1.3254130276884666
0.8320030347798554
1.1054219159532697
0.9230555911148484
1.7095343620608465
0.9951118946644198
0.8320030347798554
0.5927951542587766
1.3647697878187752
0.7272215220386212
3.1517637296921426
0.881880560515093
1.3560275840765714
0.6177506438730199
0.7120547050864119
1.1887819887829514
3.4823200112073383
1.0423784376924004
0.633347824881922
0.8458524087403072
0.7272215220386212
1.2175464180262179
0.805762785169871
1.1180306116054437
0.7044712966103074
0.90761495463994
1.1243349594315306
0.7576556608848996
1.0234653942141396
0.7751491606248891
1.0002587734893893
0.9590837428896339
0.7707757856898918
0.8363764097148527
0.6427061334872631
1.0675958289967482
1.7546040297993242
0.6458255696890436
0.7234298178005689
1.2247375253370345
0.7385966347527781
0.7120547050864119
0.8509992875652765
0.7310132262766734
0.3049263913142156
0.805762785169871
0.7795225355598866
1.9499059233327292
0.7120547050864119
0.7499717474669351
1.1558566985619652
0.49803873557613587
0.7461800432288828
0.7576556608848996
0.8363764097148527
0.5990340266623375
1.2678841692019338
0.7234298178005689
0.5239374954101631
0.7082630008483597
0.7461800432288828
2.175254262025119
1.769627252378817
0.7158464093244643
0.9745243793645423
0.9590837428896339
0.2810343458596702
0.9333493487647871
1.2894574911343837
0.7838959104948839
0.9487899852396952
0.6968878881342028
0.7882692854298814
1.4259652140142014
1.39973860278759
0.805762785169871
0.805762785169871
2.6409741619893916
0.7423883389908303
1.073900176822835
0.762029035819897
0.9899650158394505
0.881880560515093
0.8612930452152152
0.7158464093244643
0.6271089524783612
0.7926426603648788
0.8276296598448579
0.8870274393400623
2.1151613717071487
0.7882692854298814
0.6052728990658983
0.9024680758149706
0.655183878294385
0.9127618334649095
1.1684653942141392
0.32135217256421555
0.9024680758149706
0.7120547050864119
0.6645421868997262
1.1054219159532697
1.2031642034045846
0.5212034251890968
0.7882692854298814
0.8101361601048684
1.46967623272522
0.7196381135625165
1.434707417756405
0.700679592372255
1.0549871333445742
0.9333493487647871
0.762029035819897
0.6930961838961505
1.5969047857413483
1.086508872475009
0.6583033144961653
1.1054219159532697
0.9127618334649095
2.4757187136149725
0.8612930452152152
0.7196381135625165
0.4307945991155815
1.282266383823567
0.7664024107548943
0.7664024107548943
0.7461800432288828
0.9487899852396952
0.9796712581895117
1.0612914811706613
0.762029035819897
0.39562581863703106
0.8276296598448579
0.9745243793645423
0.881880560515093
0.6520644420926044
0.9384962275897566
0.6855127754200459
0.7044712966103074
0.7310132262766734
0.700679592372255
0.9539368640646646
0.9848181370144811
0.6779293669439412
1.0549871333445742
0.8870274393400623
0.7461800432288828
1.3397952423100998
1.1243349594315306
0.7926426603648788
0.7461800432288828
0.6676616231015065
0.295966874268761
2.806229610363811
1.0297697420402265
0.6676616231015065
1.7095343620608465
0.8276296598448579
0.7537634517049874
0.881880560515093
0.2899938629051247
1.1054219159532697
0.7664024107548943
0.7120547050864119
0.7158464093244643
0.6779293669439412
0.7234298178005689
1.0675958289967482
0.7196381135625165
1.3110308130668333
1.0360740898663134
0.7537634517049874
0.7838959104948839
0.8612930452152152
0.9024680758149706
0.5786188998314895
0.8363764097148527
0.6676616231015065
0.9384962275897566
1.2175464180262179
0.6614227506979456
0.9539368640646646
0.8921743181650318
0.8664399240401847
0.6707810593032868
0.6676616231015065
1.3397952423100998
0.9282024699398177
1.3110308130668333
0.7795225355598866
0.7423883389908303
0.4178892203577457
0.6520644420926044
0.9179087122898788
1.0423784376924004
1.4172230102719978
0.7795225355598866
0.8145095350398657
0.7707757856898918
0.7310132262766734
1.4609340289830164
0.7158464093244643
0.6645421868997262
0.7423883389908303
0.7272215220386212
0.9642306217146035
0.3064196441551246
0.6614227506979456
3.8708287451469943
0.6645421868997262
2.7912063877843187
0.7423883389908303
0.556746338062959
0.7838959104948839
0.8870274393400623
1.1180306116054437
1.1054219159532697
0.35666486562578026
0.7838959104948839
2.986508281317723
0.6968878881342028
0.3049263913142156
0.35852014910250646
0.8407497846498502
0.90761495463994
0.805762785169871
0.312392655518761
1.2678841692019338
0.881880560515093
3.0165547264767083
1.4784184364674238
0.8232562849098605
1.4871606402096276
1.5876222250349468
2.2954400426610606
1.0297697420402265
0.8320030347798554
1.080204524648922
0.8509992875652765
1.0297697420402265
2.355532932979031
0.7751491606248891
0.7272215220386212
1.3397952423100998
1.0171610463880525
0.4330360703309333
1.9499059233327292
0.44648489762304416
0.7461800432288828
0.7576556608848996
0.8509992875652765
0.8276296598448579
0.8612930452152152
1.0675958289967482
0.4420019551923405
0.9333493487647871
0.881880560515093
0.8320030347798554
1.4871606402096276
0.8458524087403072
1.2966485984452003
0.7664024107548943
1.0171610463880525
0.6177506438730199
0.33329819529148824
1.282266383823567
0.8407497846498502
3.3019959554870693
1.2247375253370345
1.0297697420402265
0.7196381135625165
1.2175464180262179
2.1902774846046116
0.32433867824603374
1.0002587734893893
0.700679592372255
0.805762785169871
1.7095343620608465
0.8870274393400623
0.34738844824214915
0.6855127754200459
1.1243349594315306
0.8320030347798554
0.8407497846498502
0.90761495463994
1.3397952423100998
1.0612914811706613
0.6458255696890436
0.7310132262766734
0.9230555911148484
0.8013894102348735
1.2750752765127504
0.37707298386976873
0.7272215220386212
0.805762785169871
0.8664399240401847
0.6676616231015065
0.6645421868997262
0.7461800432288828
0.9282024699398177
0.7970160352998762
0.7795225355598866
0.7272215220386212
0.8870274393400623
0.7461800432288828
0.9230555911148484
0.7970160352998762
0.856146166390246
1.1432480029097916
0.8715868028651541
0.513001214525898
1.282266383823567
0.9745243793645423
0.5157352847469642
0.762029035819897
0.4086128029741146
0.856146166390246
0.6855127754200459
0.8921743181650318
0.805762785169871
0.7044712966103074
0.7751491606248891
1.2894574911343837
0.9693775005395728
0.7120547050864119
1.3110308130668333
0.7348049305147258
0.762029035819897
0.856146166390246
1.2606930618911174
0.6427061334872631
1.2894574911343837
1.46967623272522
3.9922377245031373
1.6433175892733574
1.086508872475009
0.8276296598448579
0.7461800432288828
1.1054219159532697
0.8276296598448579
0.8870274393400623
0.8188829099748632
1.0002587734893893
1.5319268607965362
1.086508872475009
0.7926426603648788
1.1747697420402263
0.6855127754200459
0.8407497846498502
0.9899650158394505
0.42855312790022965
0.8664399240401847
3.1818101748511283
0.6817210711819934
0.7707757856898918
0.8921743181650318
0.762029035819897
0.7044712966103074
0.6779293669439412
0.40675751949738836
0.7196381135625165
0.5403419167365611
0.7707757856898918
0.7272215220386212
0.3168724140414883
1.6247524678605536
0.9745243793645423
0.7751491606248891
0.90761495463994
0.7795225355598866
0.762029035819897
0.805762785169871
0.805762785169871
0.7882692854298814
0.762029035819897
0.5676826189472243
0.5266715656312294
0.8145095350398657
0.7970160352998762
0.9745243793645423
0.9230555911148484
1.4434496214986088
1.3397952423100998
0.3168724140414883
0.9487899852396952
0.762029035819897
3.0165547264767083
0.9436431064147257
0.8664399240401847
0.5594804082840253
0.9642306217146035
0.8276296598448579
0.6855127754200459
0.9487899852396952
1.1369436550837044
0.6968878881342028
0.6458255696890436
0.7461800432288828
1.541209421502938
0.9487899852396952
1.2678841692019338
1.2103553107154013
0.6707810593032868
0.5594804082840253
1.7095343620608465
0.513001214525898
0.2750613344960338
0.7461800432288828
0.7499717474669351
0.9796712581895117
0.805762785169871
0.8101361601048684
1.0360740898663134
2.175254262025119
0.8509992875652765
0.6676616231015065
0.36408599953268517
2.0550684813891777
0.8320030347798554
0.762029035819897
0.8921743181650318
0.9230555911148484
0.8188829099748632
0.9642306217146035
0.5813529700525558
0.3094061498369428
1.1887819887829514
0.8767336816901234
0.7537634517049874
0.7499717474669351
0.4666581385612104
0.7348049305147258
0.7196381135625165
0.9179087122898788
0.7423883389908303
0.762029035819897
0.6968878881342028
0.9436431064147257
0.8232562849098605
0.8715868028651541
0.9796712581895117
0.8320030347798554
0.856146166390246
0.6968878881342028
0.7795225355598866
0.5813529700525558
0.7576556608848996
0.54854412739976
0.5786188998314895
1.1621610463880523
0.9127618334649095
0.7120547050864119
0.9693775005395728
0.762029035819897
1.6061873464477503
0.8276296598448579
0.9745243793645423
0.9333493487647871
0.7751491606248891
0.7120547050864119
0.6645421868997262
0.9384962275897566
0.8407497846498502
1.2463108472694842
0.7234298178005689
1.1887819887829514
2.1602310394456263
0.700679592372255
0.7158464093244643
1.0054056523143589
1.0486827855184875
0.3228454254051246
1.3647697878187752
1.1621610463880523
0.9333493487647871
0.6427061334872631
0.8407497846498502
0.6741376627058889
0.7310132262766734
0.762029035819897
1.504645047694035
1.6711652713925624
0.9487899852396952
0.9951118946644198
0.9951118946644198
0.856146166390246
1.0675958289967482
0.8276296598448579
0.8013894102348735
0.8407497846498502
1.6061873464477503
0.7537634517049874
0.9230555911148484
1.1243349594315306
1.303839705756017
2.1602310394456263
1.0675958289967482
0.8101361601048684
0.9282024699398177
1.5133872514362388
1.4172230102719978
0.7310132262766734
0.7385966347527781
0.564948548726158
0.8458524087403072
0.2513800109623898
0.8870274393400623
1.1243349594315306
2.025022036230192
0.8188829099748632
1.0675958289967482
0.762029035819897
0.90761495463994
0.7272215220386212
0.7838959104948839
0.39005996820685235
0.8509992875652765
2.4757187136149725
0.8715868028651541
0.5813529700525558
1.2247375253370345
0.655183878294385
0.5239374954101631
0.8973211969900012
0.4487263688383959
0.8870274393400623
0.7120547050864119
0.7664024107548943
0.8509992875652765
0.6427061334872631
0.8458524087403072
0.4011916690672097
0.7234298178005689
1.4434496214986088
0.7423883389908303
0.90761495463994
1.0675958289967482
0.881880560515093
0.6458255696890436
0.9951118946644198
0.48683137949937677
0.7751491606248891
1.0108566985619656
1.6061873464477503
0.8232562849098605
0.6645421868997262
0.881880560515093
0.5840870402736222
0.6052728990658983
1.2606930618911174
0.5002802067914877
0.35480958214905406
0.9899650158394505
1.1243349594315306
0.9282024699398177
1.9198594781737435
0.6930961838961505
0.8870274393400623
0.8276296598448579
0.856146166390246
0.8145095350398657
1.0171610463880525
1.1117262637793568
0.36594128300941137
0.90761495463994
1.4259652140142014
2.595904494250914
0.7310132262766734
0.7751491606248891
0.6893044796580982
0.9590837428896339
1.1054219159532697
1.408480806529794
0.8509992875652765
0.6208700800748003
0.7537634517049874
0.312392655518761
0.7795225355598866
1.6061873464477503
0.8458524087403072
1.1243349594315306
0.8320030347798554
2.761159942625333
0.6893044796580982
0.9127618334649095
0.7576556608848996
0.9436431064147257
3.1818101748511283
0.7272215220386212
0.7576556608848996
0.7970160352998762
0.633347824881922
0.805762785169871
0.9951118946644198
0.8363764097148527
0.7272215220386212
0.700679592372255
0.6779293669439412
0.6583033144961653
0.6741376627058889
1.39973860278759
0.9899650158394505
0.8013894102348735
0.9384962275897566
0.7348049305147258
0.7461800432288828
0.459933724915155
0.7310132262766734
0.881880560515093
0.3034331384733065
0.7461800432288828
0.6427061334872631
0.8232562849098605
0.8509992875652765
0.8363764097148527
0.6583033144961653
0.3715071334395901
0.9282024699398177
1.2031642034045846
0.7310132262766734
0.6271089524783612
0.9127618334649095
0.9024680758149706
0.5786188998314895
1.2175464180262179
1.181590881472135
1.086508872475009
0.9179087122898788
0.7310132262766734
1.6945111394813537
0.7926426603648788
0.9487899852396952
0.8509992875652765
1.0171610463880525
1.3326041349992834
0.8715868028651541
0.5594804082840253
1.0423784376924004
0.9436431064147257
0.7272215220386212
0.8458524087403072
0.8276296598448579
1.0549871333445742
0.33479144813239736
1.086508872475009
0.9282024699398177
0.90761495463994
1.1432480029097916
1.0549871333445742
0.7838959104948839
0.48010696585332135
0.7499717474669351
1.1558566985619652
0.7423883389908303
1.0675958289967482
0.4178892203577457
1.1887819887829514
1.1369436550837044
1.080204524648922
0.6893044796580982
0.7044712966103074
0.8509992875652765
0.6083923352676788
0.7120547050864119
0.7838959104948839
0.8101361601048684
0.8870274393400623
0.9642306217146035
0.7970160352998762
0.7461800432288828
0.7537634517049874
1.1369436550837044
0.7707757856898918
0.700679592372255
0.6855127754200459
0.6930961838961505
1.39973860278759
0.7795225355598866
0.7499717474669351
3.579447194692252
0.7751491606248891
0.6930961838961505
0.6395866972854829
0.7461800432288828
0.7234298178005689
1.0549871333445742
2.9113921684202597
0.8664399240401847
0.2885006100642156
0.8509992875652765
1.7395808072198313
0.8145095350398657
0.7385966347527781
1.1180306116054437
0.8145095350398657
1.2103553107154013
0.7751491606248891
0.5540122678418927
2.731113497466348
2.07009170396867
1.0360740898663134
0.9848181370144811
1.282266383823567
0.8509992875652765
0.7970160352998762
1.2535019545803006
1.2247375253370345
0.9899650158394505
0.7348049305147258
1.5226443000901342
0.6817210711819934
0.7423883389908303
