0.8136281933422501
0.7550079446486309
0.5310828870196589
0.9929708251743262
0.6633301770367359
0.7673731933422502
0.8094231933422502
1.123913449120478
0.6699308572495205
0.7215759658500444
1.0084303839978557
0.8010131933422502
0.6844293227405036
0.6992879799843199
0.8010131933422502
0.6105247353344597
2.637942712430709
2.094548552812424
0.9620517075272674
0.7512932803376768
0.8136281933422501
0.7215759658500444
1.2078484838215824
0.7631681933422502
0.7215759658500444
0.9362857761547184
0.8899070996841301
0.6732853298076413
0.6105247353344597
1.2729301691182289
0.89506028595864
0.7589631933422502
0.8346531933422502
0.869294354586091
0.7799881933422501
0.7841931933422502
0.7968081933422502
1.7420766654924558
0.6468284765047746
0.7631681933422502
0.5940230348024984
0.8435284232135419
0.613825075440852
0.7589631933422502
0.7550079446486309
0.7067173086062282
0.6402277962919901
0.7178613015390902
0.8538347957625616
0.48554701671948025
0.7327199587829065
1.014376546081404
1.8595672945991117
0.7926031933422502
1.1056572986139657
0.8641411683115812
0.6369274561855978
0.5819536210947837
0.8262431933422502
0.7512932803376768
0.6468284765047746
0.9775112663507968
0.7550079446486309
0.4722994451783932
0.7673731933422502
1.0630596140987703
0.5565182540572212
0.6402277962919901
0.946592148703738
0.8641411683115812
0.7327199587829065
0.7438639517157687
0.6881439870514577
1.3537832002911971
0.6072243952280675
0.7883981933422501
0.7926031933422502
0.6732853298076413
0.8220381933422503
0.5339090389127212
1.9476852664291038
0.6881439870514577
0.9568985212527577
0.8796007271351104
0.8486816094880517
0.6072243952280675
0.6567294968239514
0.6072243952280675
0.7757831933422502
0.7067173086062282
0.7215759658500444
0.8388581933422502
0.6769999941185955
1.1360842161248195
0.6844293227405036
0.8899070996841301
0.6699308572495205
1.280161467484523
0.9053666585076596
0.7215759658500444
0.7104319729171822
0.7252906301609984
0.9311325898802086
1.5451139592625547
0.7401492874048147
0.7475786160267228
0.7512932803376768
0.703002644295274
0.5310828870196589
0.7475786160267228
0.703002644295274
0.6369274561855978
0.6666305171431282
0.7215759658500444
0.6303267759728133
0.9672048938017772
0.6567294968239514
0.6303267759728133
0.45684394504712517
1.5267515138477075
0.7926031933422502
1.0508888470944286
2.035803238259096
1.3882151347845442
0.4175855665656235
0.7475786160267228
1.123913449120478
0.9929708251743262
0.5847797729878463
1.069144997600941
1.0084303839978557
0.6666305171431282
0.9311325898802086
0.7512932803376768
0.998124011448836
1.280161467484523
0.8744475408606007
1.2006171854552885
0.9723580800762871
0.7401492874048147
0.5907226946961062
0.7673731933422502
0.8538347957625616
1.563476404677402
1.0204619295835748
0.44138844491585705
0.6807146584295496
0.7589631933422502
0.8589879820370713
1.2729301691182289
0.7673731933422502
0.7215759658500444
1.0995719151117949
0.6369274561855978
0.6955733156733659
0.6732853298076413
0.8010131933422502
0.7327199587829065
1.5267515138477075
1.500118921887922
1.1604257501335025
0.9259794036056987
0.7799881933422501
0.6769999941185955
0.7715781933422502
0.7215759658500444
0.6567294968239514
0.9517453349782479
0.6303267759728133
0.7141466372281362
0.6699308572495205
0.6336271160792056
0.6600298369303437
0.7290052944719524
0.43034880196495134
0.703002644295274
0.8178331933422501
0.8262431933422502
0.9672048938017772
0.44138844491585705
1.6185637409219436
0.42151708760422674
0.6918586513624119
0.6039240551216752
0.9002134722331496
0.5791274692017212
0.8304481933422502
0.7673731933422502
0.6600298369303437
0.89506028595864
0.7799881933422501
0.869294354586091
0.8094231933422502
0.5791274692017212
0.703002644295274
0.9723580800762871
1.405431102031218
0.6567294968239514
0.6699308572495205
0.8094231933422502
0.6992879799843199
0.8178331933422501
0.7512932803376768
0.8304481933422502
0.6501288166111668
0.7968081933422502
0.9775112663507968
0.8094231933422502
0.6171254155472443
0.5367351908057838
0.8847539134096204
0.6039240551216752
0.6732853298076413
0.5565182540572212
0.7926031933422502
0.8304481933422502
0.7841931933422502
0.8847539134096204
0.6600298369303437
0.6072243952280675
0.627026435866421
0.6633301770367359
0.7327199587829065
0.6666305171431282
0.7673731933422502
0.7215759658500444
0.7364346230938607
0.869294354586091
1.0084303839978557
0.5907226946961062
0.7178613015390902
0.6666305171431282
0.7841931933422502
0.7550079446486309
2.461706768770725
0.7438639517157687
0.9568985212527577
0.6567294968239514
0.9620517075272674
0.946592148703738
0.7475786160267228
0.6402277962919901
2.1532938673657527
0.7673731933422502
0.7215759658500444
0.9105198447821694
0.7512932803376768
0.6918586513624119
0.6699308572495205
0.8220381933422503
1.4915109382645855
0.627026435866421
0.6567294968239514
0.8589879820370713
0.6402277962919901
0.7512932803376768
0.8262431933422502
0.6369274561855978
0.7067173086062282
0.8094231933422502
0.9775112663507968
0.9002134722331496
0.6881439870514577
0.7512932803376768
1.1299988326226487
0.7475786160267228
0.6600298369303437
0.627026435866421
0.8346531933422502
0.7178613015390902
0.6501288166111668
0.7841931933422502
0.47671530235875553
0.6844293227405036
0.7841931933422502
0.6918586513624119
1.2150797821878765
0.8847539134096204
0.8589879820370713
0.8220381933422503
0.7215759658500444
0.869294354586091
1.3623911839145342
0.7841931933422502
0.8435284232135419
0.7631681933422502
0.6600298369303437
0.5734751654155963
1.1543403666313319
0.9156730310566792
0.481131159539118
0.7141466372281362
0.9517453349782479
0.6369274561855978
0.8486816094880517
1.0326326965879165
0.7841931933422502
0.6336271160792056
0.7067173086062282
0.7926031933422502
0.7841931933422502
0.5084736718751589
0.7883981933422501
0.7141466372281362
0.7215759658500444
0.5310828870196589
0.42593294478458904
0.7364346230938607
0.9053666585076596
0.7215759658500444
0.6171254155472443
0.703002644295274
0.7631681933422502
0.8435284232135419
0.8641411683115812
1.77144932276912
0.8010131933422502
0.7215759658500444
0.6992879799843199
0.7252906301609984
0.7067173086062282
0.8346531933422502
1.5359327365551312
0.7290052944719524
0.7290052944719524
0.5973233749088906
0.6468284765047746
0.7757831933422502
0.703002644295274
0.7799881933422501
0.8899070996841301
0.9105198447821694
0.6881439870514577
0.627026435866421
0.6435281363983824
0.7067173086062282
0.7757831933422502
0.8589879820370713
0.9929708251743262
0.6303267759728133
1.2367736772867586
0.6435281363983824
0.43476465914531365
0.7141466372281362
1.2367736772867586
0.8435284232135419
0.6666305171431282
0.43034880196495134
0.8178331933422501
0.7968081933422502
0.8136281933422501
0.8744475408606007
1.2006171854552885
0.5678228616294712
0.627026435866421
1.4398630365245648
0.6666305171431282
0.6881439870514577
0.6237260957600288
0.7589631933422502
0.6237260957600288
0.7401492874048147
0.6955733156733659
0.9929708251743262
0.6699308572495205
0.8486816094880517
0.7215759658500444
0.5678228616294712
0.869294354586091
0.6600298369303437
0.703002644295274
0.6769999941185955
0.4281408733747702
0.4943787310802049
0.5973233749088906
0.8094231933422502
0.8220381933422503
0.6105247353344597
0.7327199587829065
0.7327199587829065
0.6567294968239514
0.7631681933422502
1.1861545887227003
0.8304481933422502
0.7252906301609984
0.6567294968239514
0.5973233749088906
0.7883981933422501
0.9517453349782479
0.6955733156733659
0.7968081933422502
0.6844293227405036
0.6732853298076413
0.6237260957600288
0.9414389624292282
0.6402277962919901
0.6336271160792056
1.6369261863367908
1.280161467484523
0.8304481933422502
0.6435281363983824
1.0084303839978557
0.6955733156733659
0.5819536210947837
0.7141466372281362
0.5254305832335338
0.9568985212527577
0.8178331933422501
1.3882151347845442
0.8304481933422502
0.7926031933422502
0.6732853298076413
0.6567294968239514
1.0508888470944286
0.6992879799843199
0.8346531933422502
0.998124011448836
0.7252906301609984
0.8178331933422501
0.7141466372281362
0.7067173086062282
0.6633301770367359
0.7290052944719524
0.8538347957625616
0.7512932803376768
0.6992879799843199
0.5649967097364088
0.6881439870514577
0.7673731933422502
0.6633301770367359
0.8899070996841301
1.0630596140987703
1.0630596140987703
0.6468284765047746
0.7631681933422502
0.7631681933422502
0.7067173086062282
0.6666305171431282
0.44359637350603826
0.6039240551216752
0.6600298369303437
0.5010025168507483
0.6600298369303437
0.6369274561855978
0.7673731933422502
0.7968081933422502
0.7327199587829065
0.6600298369303437
1.581838850092249
0.9826644526253067
0.6501288166111668
0.6204257556536364
0.7215759658500444
0.6807146584295496
0.7968081933422502
1.6736510771664852
1.0752303811031119
0.7178613015390902
0.6918586513624119
0.6633301770367359
0.6732853298076413
0.6732853298076413
0.7290052944719524
0.6336271160792056
0.6435281363983824
0.6336271160792056
0.8262431933422502
0.6633301770367359
1.1861545887227003
0.7067173086062282
0.7141466372281362
1.4570790037712384
0.9672048938017772
0.5649967097364088
0.7631681933422502
0.6918586513624119
0.8178331933422501
0.6237260957600288
0.4524280878667629
1.3882151347845442
0.7631681933422502
0.7926031933422502
0.627026435866421
0.7550079446486309
0.8346531933422502
0.7215759658500444
0.9723580800762871
1.014376546081404
0.7327199587829065
0.7364346230938607
0.7631681933422502
0.6699308572495205
0.6769999941185955
1.2078484838215824
0.5940230348024984
0.6699308572495205
0.7589631933422502
0.7364346230938607
1.1604257501335025
0.7475786160267228
1.0752303811031119
0.8304481933422502
0.6955733156733659
0.8641411683115812
1.0995719151117949
1.0084303839978557
0.6600298369303437
0.9775112663507968
0.7631681933422502
0.7550079446486309
1.1421695996269903
0.6567294968239514
0.6171254155472443
0.4458043020962194
0.5847797729878463
1.003277197723346
0.7438639517157687
0.4237250161944079
1.0084303839978557
0.703002644295274
1.0326326965879165
0.7550079446486309
0.7401492874048147
0.8538347957625616
0.7290052944719524
0.7067173086062282
0.7968081933422502
0.6567294968239514
1.2150797821878765
0.6881439870514577
1.0874011481074533
0.869294354586091
0.6600298369303437
0.8010131933422502
1.069144997600941
0.8744475408606007
0.5876059248809088
1.0508888470944286
0.7631681933422502
0.6237260957600288
0.6844293227405036
0.6567294968239514
0.7883981933422501
0.8899070996841301
0.8538347957625616
0.9105198447821694
0.9053666585076596
1.2440049756530527
0.7178613015390902
0.8796007271351104
0.8641411683115812
0.8796007271351104
0.6369274561855978
0.6881439870514577
0.7178613015390902
0.9929708251743262
0.703002644295274
1.2729301691182289
0.6881439870514577
1.1421695996269903
0.9672048938017772
0.8435284232135419
0.869294354586091
0.6918586513624119
0.6769999941185955
0.6105247353344597
0.44138844491585705
0.7067173086062282
0.9053666585076596
0.6369274561855978
0.7550079446486309
0.6567294968239514
0.613825075440852
0.6105247353344597
0.6769999941185955
0.8346531933422502
0.6369274561855978
0.6072243952280675
0.7364346230938607
0.7926031933422502
0.6666305171431282
0.45684394504712517
0.5791274692017212
1.0508888470944286
0.7327199587829065
0.7926031933422502
0.7926031933422502
0.6881439870514577
0.6204257556536364
1.069144997600941
0.8847539134096204
0.7673731933422502
0.4745073737685744
0.613825075440852
0.6369274561855978
0.7968081933422502
0.8641411683115812
0.6918586513624119
1.2367736772867586
0.45022015927658166
0.7215759658500444
0.7631681933422502
0.45022015927658166
0.8262431933422502
1.1604257501335025
0.6633301770367359
0.9002134722331496
0.6435281363983824
0.8304481933422502
0.89506028595864
0.6666305171431282
0.9311325898802086
0.7757831933422502
0.7290052944719524
0.5973233749088906
1.4140390856545546
0.7968081933422502
0.7757831933422502
1.3235492576822872
0.8094231933422502
0.703002644295274
0.7290052944719524
0.8796007271351104
0.6501288166111668
0.5907226946961062
0.7968081933422502
0.6807146584295496
0.6369274561855978
0.7438639517157687
0.5734751654155963
0.7364346230938607
1.6736510771664852
0.8220381933422503
1.655288631751638
0.8538347957625616
0.5423874945919087
0.7178613015390902
0.5112998237682213
0.9672048938017772
0.5367351908057838
1.1117426821161365
0.89506028595864
0.8010131933422502
0.7673731933422502
0.627026435866421
0.7926031933422502
0.6435281363983824
0.8435284232135419
0.8538347957625616
0.6633301770367359
0.6468284765047746
0.9156730310566792
0.4745073737685744
1.6277449636293673
0.6633301770367359
0.6567294968239514
0.6468284765047746
0.6369274561855978
0.8094231933422502
0.6955733156733659
0.6105247353344597
0.6699308572495205
0.6105247353344597
0.8220381933422503
0.703002644295274
0.7290052944719524
1.6736510771664852
0.8641411683115812
0.6699308572495205
0.7290052944719524
0.7926031933422502
1.1604257501335025
0.6072243952280675
1.345243152781169
0.6204257556536364
1.9476852664291038
0.9620517075272674
0.6039240551216752
0.45463601645694407
0.6633301770367359
0.6336271160792056
0.703002644295274
0.8388581933422502
0.5706490135225338
1.093486531609624
0.7589631933422502
0.9672048938017772
0.5649967097364088
1.038718080090087
0.7883981933422501
0.6567294968239514
0.6844293227405036
0.7475786160267228
0.7550079446486309
0.7512932803376768
0.7475786160267228
0.9259794036056987
0.8486816094880517
2.520452083324053
0.627026435866421
17.145548835058865
0.6699308572495205
0.6402277962919901
1.280161467484523
0.6336271160792056
0.5819536210947837
0.8136281933422501
0.9775112663507968
0.7550079446486309
1.0508888470944286
0.6303267759728133
0.6881439870514577
0.5621705578433462
0.7327199587829065
0.7327199587829065
0.6732853298076413
0.5706490135225338
0.6039240551216752
0.6468284765047746
0.7401492874048147
0.6918586513624119
0.9105198447821694
0.5876059248809088
1.6980176795774595
0.7290052944719524
0.7290052944719524
1.0630596140987703
0.6600298369303437
0.7841931933422502
0.8435284232135419
0.8010131933422502
4.194345376005331
0.6918586513624119
0.7401492874048147
0.9053666585076596
0.6369274561855978
0.8178331933422501
0.6468284765047746
0.6769999941185955
0.7178613015390902
0.7252906301609984
0.6039240551216752
0.9156730310566792
0.7926031933422502
0.8052181933422502
0.5876059248809088
1.0448034635922578
0.6992879799843199
0.8435284232135419
0.9568985212527577
1.1665111336356733
0.7799881933422501
0.8346531933422502
0.8262431933422502
1.069144997600941
1.2367736772867586
1.3537832002911971
0.6881439870514577
0.7926031933422502
0.869294354586091
0.7512932803376768
1.2223110805541706
0.6567294968239514
0.6699308572495205
0.869294354586091
1.6369261863367908
0.5847797729878463
0.6881439870514577
0.6699308572495205
0.7364346230938607
0.6204257556536364
0.9568985212527577
0.5791274692017212
0.6732853298076413
0.8178331933422501
0.6567294968239514
0.6006237150152829
0.6072243952280675
0.9156730310566792
0.6567294968239514
0.6567294968239514
0.6633301770367359
1.0084303839978557
1.396823118407881
0.6435281363983824
0.7290052944719524
0.8010131933422502
0.7141466372281362
0.9259794036056987
0.6881439870514577
0.8010131933422502
0.8346531933422502
1.1117426821161365
0.5973233749088906
0.7757831933422502
0.8538347957625616
