0.6925557020811853
0.6491993430354408
0.5563069830252736
1.3544506790813136
0.6925557020811853
0.6779992330201728
0.5794608527101925
1.5806347234260145
1.1156669240439507
1.0256883220468036
0.7699666327292224
0.6852774675506791
0.8014647600700464
0.9882977068164974
0.7253077574684635
0.9243807234782924
0.8132765578228554
0.7398642265294761
0.6336137240584209
0.538298417714781
0.6961948193464385
1.0376854689797568
1.1156669240439507
0.8457136670620398
0.8132765578228554
0.5899739909227647
1.2710557493985533
1.318878657603265
0.6616678382170568
0.7289468747337167
0.6211452288768048
0.909630650400245
0.7435033437947292
0.7143904056727041
0.6523164668308448
1.318878657603265
0.7471424610599824
1.4032278661281963
0.7289468747337167
1.0616797628456625
0.7739038986468254
0.4942614315298768
0.5962082385135729
0.6647849620124608
0.6647849620124608
0.7143904056727041
0.8250883555756643
0.6211452288768048
0.6554335906262488
2.671616193593089
0.8093392919052523
0.7857156963996345
0.7471424610599824
0.7071121711421979
0.8211510896580613
1.0436840424462333
0.5846061570846189
1.0616797628456625
0.7143904056727041
0.6304966002630168
0.9489641786083712
0.7180295229379573
1.562568128366938
0.5640249395869132
0.3774443603556921
0.5691702439613396
0.7935902282348404
0.7398642265294761
0.8457136670620398
0.5305804611531414
0.9735476337384499
0.9833810157904815
1.157656938309286
0.6086767336951889
0.8997972683482134
0.8369001533284732
0.9342141055303238
0.8899638862961817
1.0316868955132803
0.5820335048974058
0.6585507144216527
1.0796754832450919
0.7362251092642229
1.5716014258964763
0.5794608527101925
0.6180281050814008
0.6647849620124608
2.452605776926422
0.7325859919989698
1.0030477798945447
0.6779992330201728
0.7620921008940165
0.9882977068164974
0.6925557020811853
0.5485890264636339
1.5535348308374
0.7216686402032104
0.7699666327292224
0.6710192096032688
0.8948805773221975
3.693810620966409
0.6429650954446328
0.9833810157904815
0.7896529623172374
0.44996496802348107
0.8555470491140713
0.6149109812859969
0.7253077574684635
0.5717428961485529
0.9243807234782924
2.4234043880375333
1.055681189379186
0.6180281050814008
0.6679020858078647
0.7398642265294761
0.681638350285426
0.7857156963996345
1.2573920613400642
1.2778875934277978
0.7935902282348404
0.6211452288768048
0.7581548349764134
0.6585507144216527
0.6273794764676128
0.6211452288768048
0.5899739909227647
0.7034730538769447
0.5930911147181688
0.7620921008940165
0.6024424861043808
0.5993253623089768
0.8369001533284732
0.5280078089659281
0.7034730538769447
0.7362251092642229
0.5871788092718322
0.6055596098997849
0.6273794764676128
0.7620921008940165
0.6710192096032688
0.6998339366116916
0.6149109812859969
0.7507815783252355
0.43941819099814877
0.710751288407451
0.515144548029862
0.6117938574905928
0.6242623526722089
0.681638350285426
0.5930911147181688
0.6398479716492288
0.7471424610599824
0.7660293668116195
0.6336137240584209
1.378839272604755
1.0796754832450919
0.5846061570846189
1.1336626444433802
1.1156669240439507
0.8369001533284732
0.909630650400245
0.8369001533284732
1.5354682357783238
0.8250883555756643
0.6925557020811853
0.7362251092642229
1.4357459908261183
0.3971524984042648
0.7289468747337167
0.7817784304820314
1.0376854689797568
0.7975274941524434
0.4626211004538799
0.6304966002630168
0.7289468747337167
0.6889165848159322
1.2505602173108195
0.6491993430354408
1.1959054650768635
1.1276640709769035
0.6585507144216527
1.1036697771109978
0.382819307096212
1.2983831255155314
0.5962082385135729
0.8290256214932674
1.1156669240439507
0.5743155483357661
0.9391307965563397
0.6585507144216527
0.7544206955904886
0.5899739909227647
0.6273794764676128
0.710751288407451
0.6743601157549196
0.43730883559308226
0.8555470491140713
0.8752138132181344
0.8899638862961817
0.6242623526722089
0.7034730538769447
0.6304966002630168
0.8997972683482134
0.6585507144216527
0.9932143978425131
0.9784643247644658
0.6149109812859969
0.3935692005772516
1.1636555117757623
0.8555470491140713
0.5993253623089768
1.0316868955132803
0.9735476337384499
0.5899739909227647
0.7739038986468254
0.7289468747337167
1.4682641155240401
0.6743601157549196
0.5820335048974058
0.8506303580880555
0.7507815783252355
0.5228625045915016
0.7896529623172374
0.5614522873997
0.6304966002630168
0.6117938574905928
0.8752138132181344
1.2232328411938418
0.6398479716492288
0.8457136670620398
0.7817784304820314
1.6529011036623193
0.6679020858078647
0.7325859919989698
0.5871788092718322
0.6554335906262488
0.6779992330201728
0.6211452288768048
0.5820335048974058
0.525435156778715
0.8752138132181344
0.8054020259876494
0.5485890264636339
1.8977793880375338
0.9489641786083712
1.1396612179098569
0.8948805773221975
1.2915512814862868
1.0436840424462333
0.6554335906262488
0.6460822192400368
0.7216686402032104
0.710751288407451
0.8369001533284732
1.362580210255794
0.5820335048974058
0.5768882005229793
1.157656938309286
1.3325423456617538
0.6242623526722089
1.3325423456617538
0.6925557020811853
0.7180295229379573
0.6304966002630168
0.6743601157549196
0.6710192096032688
0.5691702439613396
0.7143904056727041
0.7180295229379573
1.7225710547042006
0.7180295229379573
0.7143904056727041
0.5794608527101925
0.6460822192400368
0.5846061570846189
0.7581548349764134
0.681638350285426
1.6348345086032432
0.5962082385135729
0.6460822192400368
0.7817784304820314
0.8604637401400871
0.6523164668308448
0.5794608527101925
0.7180295229379573
0.8329628874108704
0.6117938574905928
0.6273794764676128
0.7143904056727041
1.2095691531353525
1.1890736210476192
0.46051174504881337
0.4689491666690792
0.6429650954446328
0.7896529623172374
0.4562930342386805
0.904713959374229
0.6679020858078647
0.9686309427124342
0.6679020858078647
0.6367308478538248
0.9882977068164974
0.6889165848159322
0.9145473414262607
0.6024424861043808
0.6491993430354408
0.6336137240584209
0.6554335906262488
0.6460822192400368
0.7699666327292224
1.0436840424462333
0.5794608527101925
0.7034730538769447
0.7817784304820314
0.6743601157549196
0.7544206955904886
0.8997972683482134
0.929297414504308
0.7398642265294761
1.1636555117757623
0.8014647600700464
0.9243807234782924
1.8247759158153114
0.49848014234000976
0.6273794764676128
0.6398479716492288
0.6852774675506791
1.2437283732815752
0.8653804311661029
0.7935902282348404
0.8290256214932674
0.6273794764676128
1.067678336312139
0.8555470491140713
0.6429650954446328
0.6998339366116916
0.953880869634387
0.9489641786083712
0.6998339366116916
0.5820335048974058
0.8653804311661029
0.7739038986468254
0.8604637401400871
0.7216686402032104
0.49848014234000976
1.1822417770183746
0.6679020858078647
0.6585507144216527
0.6460822192400368
0.9637142516864184
0.5930911147181688
0.6743601157549196
0.9440474875823553
0.9489641786083712
0.5026988531501426
0.6523164668308448
0.3953608494907582
0.6616678382170568
0.8604637401400871
0.8132765578228554
0.6336137240584209
0.710751288407451
0.5640249395869132
0.6367308478538248
0.8054020259876494
0.5899739909227647
2.175192582481978
0.5768882005229793
0.6852774675506791
0.6304966002630168
0.515144548029862
0.6998339366116916
0.481605299099478
0.6273794764676128
0.7398642265294761
1.055681189379186
0.6998339366116916
0.5691702439613396
0.8132765578228554
0.8997972683482134
0.7289468747337167
0.5743155483357661
0.7857156963996345
0.6852774675506791
0.9194640324522765
0.7325859919989698
0.5820335048974058
0.7817784304820314
1.4845231778730008
1.1336626444433802
0.8653804311661029
0.9882977068164974
1.0136911751138507
0.5460163742764207
0.5962082385135729
0.5691702439613396
0.6852774675506791
0.681638350285426
0.710751288407451
0.681638350285426
0.7544206955904886
0.5820335048974058
0.6460822192400368
0.7817784304820314
0.7699666327292224
0.7975274941524434
0.5962082385135729
0.7398642265294761
0.7398642265294761
0.8653804311661029
1.2710557493985533
0.5563069830252736
0.9686309427124342
0.6852774675506791
0.6304966002630168
0.7398642265294761
0.6523164668308448
1.3120468135740202
0.6585507144216527
0.7620921008940165
1.0436840424462333
0.6180281050814008
0.5460163742764207
1.2505602173108195
0.5871788092718322
1.1456597913763331
0.4168606364528374
0.8899638862961817
0.6710192096032688
0.6925557020811853
1.1456597913763331
0.9686309427124342
0.8250883555756643
0.6398479716492288
0.953880869634387
0.6852774675506791
0.7471424610599824
0.6117938574905928
0.6086767336951889
1.157656938309286
0.6211452288768048
0.8132765578228554
0.7581548349764134
0.5563069830252736
0.6180281050814008
0.6273794764676128
1.751772443593089
1.3707097414302745
0.5962082385135729
0.6491993430354408
0.6367308478538248
0.5899739909227647
0.5434437220892074
0.6523164668308448
1.230064685223086
0.5511616786508471
0.6710192096032688
0.6852774675506791
0.6242623526722089
0.7398642265294761
0.9342141055303238
0.5820335048974058
0.7398642265294761
0.7507815783252355
0.9981310888685289
0.710751288407451
0.6852774675506791
0.44996496802348107
1.0316868955132803
0.9735476337384499
0.7143904056727041
0.7253077574684635
0.8604637401400871
0.6710192096032688
1.1036697771109978
1.5716014258964763
0.42676205856774996
0.8555470491140713
0.7857156963996345
0.6585507144216527
3.523788960316589
1.1822417770183746
0.7699666327292224
0.6273794764676128
0.6055596098997849
0.6180281050814008
0.6180281050814008
1.1276640709769035
0.6554335906262488
0.5280078089659281
0.6998339366116916
0.7253077574684635
0.6024424861043808
0.7325859919989698
0.7857156963996345
0.953880869634387
1.1756526587087155
0.48371465450454454
1.4520050531750792
0.6523164668308448
0.6429650954446328
0.6491993430354408
1.362580210255794
0.9932143978425131
1.0030477798945447
0.8899638862961817
0.6398479716492288
0.6273794764676128
0.7071121711421979
0.6679020858078647
0.5691702439613396
0.6961948193464385
0.7975274941524434
0.7071121711421979
1.4763936466985204
1.0796754832450919
0.6779992330201728
0.5899739909227647
1.1959054650768635
0.7034730538769447
1.0616797628456625
0.400735796231278
0.7699666327292224
0.6460822192400368
1.0616797628456625
1.0496826159127095
0.6998339366116916
0.6779992330201728
0.5743155483357661
0.5691702439613396
0.9145473414262607
1.2505602173108195
0.6523164668308448
0.5485890264636339
0.7325859919989698
0.7071121711421979
0.5993253623089768
0.681638350285426
0.7778411645644284
0.4689491666690792
0.6925557020811853
0.7507815783252355
0.8250883555756643
0.6460822192400368
0.6211452288768048
0.5820335048974058
0.7660293668116195
0.5460163742764207
0.7471424610599824
0.7398642265294761
0.7581548349764134
0.8054020259876494
0.5930911147181688
0.6852774675506791
0.6647849620124608
0.6086767336951889
0.8948805773221975
1.0496826159127095
0.6055596098997849
0.6889165848159322
1.1756526587087155
1.2710557493985533
1.1396612179098569
0.7362251092642229
0.47105852207414567
0.5794608527101925
0.6149109812859969
0.8290256214932674
0.7216686402032104
0.7289468747337167
1.8247759158153114
0.7896529623172374
3.37805610833103
0.6429650954446328
0.8752138132181344
0.5993253623089768
1.1276640709769035
0.6679020858078647
0.6710192096032688
0.6852774675506791
0.5537343308380603
0.8132765578228554
0.6180281050814008
0.6925557020811853
0.7325859919989698
0.6523164668308448
1.0136911751138507
0.5899739909227647
0.6460822192400368
0.6055596098997849
0.6304966002630168
1.2095691531353525
0.7253077574684635
0.5820335048974058
0.710751288407451
1.2232328411938418
0.904713959374229
0.8369001533284732
0.6460822192400368
0.5691702439613396
0.8457136670620398
0.5691702439613396
0.5691702439613396
1.0256883220468036
0.7544206955904886
0.8752138132181344
0.7739038986468254
0.6304966002630168
0.5537343308380603
0.8329628874108704
0.6961948193464385
1.5007822402219617
0.7581548349764134
