0.6528680984417098
0.7820190389163366
0.7252482192979218
0.7288391672056931
0.7396120109290065
1.056162369819027
0.6372824794646899
0.9634147663370402
0.7657756782210203
1.0262335441962511
0.7942015594378238
0.2868567463999556
0.5905256225336297
2.078478194914464
0.43345423176390263
0.7942015594378238
0.5404937790362365
0.6684537174187297
1.3716454613291196
0.8104449201331401
0.700111583943524
0.7738973585686785
0.700111583943524
1.3109460648841453
0.6749749485891259
0.848380570678402
0.7360210630212354
1.0034266604791753
0.6684537174187297
0.7288391672056931
0.678565896496897
2.724215914136172
0.30083845878565807
1.0202477790716962
0.6248139842830738
0.8307491210022854
0.923402872194905
0.6310482318738817
0.6123454891014578
0.9133998986593714
2.2399126247198913
0.5777391289033755
0.700111583943524
1.0741196651926925
1.0262335441962511
0.968416253104807
0.48592108905529846
0.9384073324982057
0.8185666004807982
1.098062725690913
0.47061825567864135
0.8833909780527701
0.6929296881279816
0.6857477923124393
0.32880188355706286
0.5678070356054719
1.1579203769364648
0.7860798790901657
0.8833909780527701
0.6653365936233258
0.5967598701244378
0.6403996032600937
0.7738973585686785
1.0920769605663578
1.1100342559400236
0.7617148380471913
0.6497509746463057
0.7467939067445487
0.75038485465232
1.446401016884675
0.43345423176390263
0.37887477993333335
0.7144753755746085
0.6857477923124393
1.1160200210645788
1.4713195354031936
0.8583835442139358
0.6684537174187297
0.7820190389163366
0.7467939067445487
0.8388708013499435
0.6216968604876698
0.6857477923124393
0.6528680984417098
0.7738973585686785
0.7860798790901657
0.8185666004807982
0.7779581987425075
0.8683865177494695
1.3716454613291196
0.6591023460325177
1.1160200210645788
2.2105609102098134
1.4048701526871443
0.5827051755523275
0.7072934797590661
0.6310482318738817
0.6715708412141338
0.5454598256851885
1.8436644788338428
0.6372824794646899
0.7396120109290065
0.7360210630212354
1.0262335441962511
0.6248139842830738
0.888392464820537
0.2812640614456747
0.7820190389163366
0.6341653556692858
0.6893387402202106
1.4713195354031936
0.6123454891014578
0.678565896496897
0.7252482192979218
0.6821568444046683
0.8683865177494695
0.5653240122809959
0.32041285612564147
0.9083984118916044
1.0501766046944718
1.28957376501121
0.6092283653060537
2.342643625505163
1.1579203769364648
0.3823328391438596
0.6965206360357528
1.056162369819027
0.6123454891014578
0.703702531851295
0.7982623996116529
0.3650425430912281
0.703702531851295
0.8104449201331401
0.6821568444046683
0.703702531851295
0.7467939067445487
0.6466338508509017
0.8104449201331401
0.7072934797590661
0.678565896496897
0.5752561055788997
0.5603579656320441
0.6092283653060537
0.8063840799593109
0.7288391672056931
0.7144753755746085
0.7288391672056931
0.700111583943524
0.6622194698279218
0.6310482318738817
2.151857481189658
0.6372824794646899
0.9083984118916044
0.8933939515883039
0.9133998986593714
0.7072934797590661
0.6123454891014578
0.3667715726964912
1.169891907185575
0.968416253104807
0.8933939515883039
0.7180663234823796
0.6092283653060537
0.7982623996116529
0.6684537174187297
0.5255956390893809
0.6092283653060537
0.3391070990122807
0.888392464820537
1.1279915513136887
0.6715708412141338
0.8266882808284562
0.5404937790362365
0.6749749485891259
1.0681339000681374
0.8145057603069691
0.7144753755746085
0.7144753755746085
0.8063840799593109
0.6715708412141338
0.6497509746463057
0.6749749485891259
2.3279677682501236
0.5967598701244378
0.6929296881279816
0.7982623996116529
0.7288391672056931
0.7576539978733622
0.7216572713901508
0.700111583943524
0.6341653556692858
0.968416253104807
0.8583835442139358
0.6591023460325177
0.6893387402202106
0.6154626128968618
0.6248139842830738
0.7738973585686785
0.9634147663370402
0.3218110273642117
0.7144753755746085
0.8307491210022854
2.0638023376594257
0.7617148380471913
0.4030811944070175
0.6372824794646899
0.8307491210022854
0.4990378033781474
0.9634147663370402
0.7617148380471913
0.9033969251238377
2.0491264804043863
0.7144753755746085
1.0034266604791753
0.7216572713901508
0.6893387402202106
0.7324301151134642
1.6633226968055217
0.8063840799593109
0.7180663234823796
0.6591023460325177
1.1519346118119094
0.8633850309817027
0.33159822603420336
0.6821568444046683
0.8348099611761144
0.8733880045172364
1.1459488466873542
0.7467939067445487
0.9484103060337397
0.7180663234823796
0.6559852222371138
0.7360210630212354
0.3078293149785093
1.0262335441962511
0.7617148380471913
0.6310482318738817
0.678565896496897
0.7657756782210203
1.3716454613291196
0.7396120109290065
0.7360210630212354
0.7288391672056931
1.2325809653500492
0.5355277323872847
0.928404358962672
0.6893387402202106
1.014262013947141
0.7820190389163366
0.5905256225336297
0.7576539978733622
0.2924494313542366
0.8307491210022854
1.0034266604791753
1.1339773164382438
1.0501766046944718
0.9184013854271382
2.2839401964850077
0.7324301151134642
0.7467939067445487
0.6715708412141338
0.8226274406546272
0.6372824794646899
0.6893387402202106
0.7820190389163366
0.43782646987151896
0.7820190389163366
0.4013521648017544
0.6749749485891259
0.7860798790901657
0.5355277323872847
0.7288391672056931
0.7576539978733622
1.056162369819027
0.9484103060337397
0.7576539978733622
0.5678070356054719
0.6893387402202106
0.7576539978733622
0.9184013854271382
0.6893387402202106
0.41345537203859645
0.9334058457304389
0.6821568444046683
1.1969604655618236
0.678565896496897
0.8307491210022854
0.5905256225336297
0.6029941177152458
0.32880188355706286
0.9634147663370402
0.9784192266403406
0.6591023460325177
0.6185797366922657
0.7252482192979218
0.7144753755746085
0.848380570678402
0.9734177398725739
0.7617148380471913
1.5691984662515206
1.0621481349435822
0.8833909780527701
0.6528680984417098
0.4990378033781474
0.7982623996116529
0.9634147663370402
1.3180701648417903
0.34429418782807014
0.8433790839106351
0.678565896496897
0.3667715726964912
0.6893387402202106
0.7324301151134642
0.9884222001758746
0.6715708412141338
0.6893387402202106
1.0034266604791753
0.6185797366922657
0.7738973585686785
0.8633850309817027
1.1459488466873542
1.3716454613291196
0.9584132795692732
0.5802221522278516
1.0621481349435822
0.6528680984417098
0.6857477923124393
0.9584132795692732
0.7738973585686785
0.8145057603069691
0.6653365936233258
0.6559852222371138
0.888392464820537
0.6684537174187297
1.2539532652229846
0.7360210630212354
0.7072934797590661
1.8730161933439207
1.0860911954418027
0.75038485465232
1.8289886215788043
0.7738973585686785
1.2966978649688552
0.7467939067445487
0.6216968604876698
0.7467939067445487
0.8833909780527701
0.8104449201331401
0.678565896496897
1.5503736201407203
0.8933939515883039
0.703702531851295
0.33159822603420336
0.8833909780527701
0.5936427463290338
0.41172634243333334
1.1519346118119094
0.6216968604876698
0.7180663234823796
0.6185797366922657
0.6749749485891259
1.28957376501121
0.7617148380471913
0.8266882808284562
0.7982623996116529
2.1958850529547744
0.3408361286175438
0.6622194698279218
0.7180663234823796
0.3927070167754386
0.7288391672056931
1.0202477790716962
0.9884222001758746
0.9634147663370402
0.6653365936233258
0.7288391672056931
0.9384073324982057
0.6559852222371138
0.34602321743333336
0.6622194698279218
0.7860798790901657
0.7657756782210203
0.9184013854271382
0.7216572713901508
0.700111583943524
1.282449665053565
0.6622194698279218
0.6591023460325177
0.7216572713901508
0.6466338508509017
1.0860911954418027
0.6821568444046683
0.2826622326842449
0.8145057603069691
0.7144753755746085
0.5404937790362365
0.8185666004807982
0.6248139842830738
0.678565896496897
0.6653365936233258
0.6310482318738817
1.6539102737501217
0.9834207134081077
0.5876712222012793
0.7072934797590661
0.5702900589299478
0.6893387402202106
1.0801054303172477
0.6559852222371138
0.6154626128968618
0.8307491210022854
0.9334058457304389
1.0382050744453615
0.7396120109290065
0.6123454891014578
0.8833909780527701
0.6497509746463057
0.6185797366922657
0.9184013854271382
0.6653365936233258
0.9083984118916044
0.6466338508509017
0.7216572713901508
0.7072934797590661
0.6185797366922657
1.098062725690913
0.7396120109290065
0.923402872194905
0.6893387402202106
0.31901468488707113
0.5429768023607124
0.6749749485891259
0.7698365183948495
1.946395479619115
0.6929296881279816
0.9884222001758746
0.31062565745564974
1.0801054303172477
1.2325809653500492
1.0801054303172477
2.0050989086392703
0.7180663234823796
0.9634147663370402
0.9384073324982057
0.6279311080784777
0.7982623996116529
0.6528680984417098
0.7698365183948495
0.7144753755746085
0.8833909780527701
0.7617148380471913
1.388257807008132
0.8348099611761144
0.6497509746463057
0.6403996032600937
0.6029941177152458
0.6061112415106499
0.9984251737114082
0.5479428490096643
0.6248139842830738
0.6893387402202106
0.7072934797590661
0.9133998986593714
0.7396120109290065
0.6821568444046683
0.7942015594378238
0.7576539978733622
0.6216968604876698
0.6622194698279218
1.056162369819027
0.7396120109290065
0.8185666004807982
1.4962380539217122
0.7617148380471913
0.9984251737114082
0.6372824794646899
0.9384073324982057
1.0034266604791753
1.0382050744453615
1.1160200210645788
0.6497509746463057
0.7324301151134642
0.6154626128968618
0.6279311080784777
0.9784192266403406
0.8983954383560707
0.7180663234823796
0.8226274406546272
0.923402872194905
0.8933939515883039
0.6528680984417098
0.8185666004807982
0.8983954383560707
1.5503736201407203
0.6622194698279218
0.6929296881279816
1.3799516341686258
0.4881072081091066
0.8226274406546272
1.211208665477114
0.7324301151134642
0.6372824794646899
0.8063840799593109
0.6749749485891259
0.7779581987425075
0.3078293149785093
0.6821568444046683
0.848380570678402
0.3875199279596491
0.8783894912850033
0.6653365936233258
1.4297886712056629
0.8145057603069691
0.9734177398725739
0.7820190389163366
0.7617148380471913
0.6684537174187297
0.2812640614456747
0.6528680984417098
0.8104449201331401
0.8433790839106351
0.466246017571025
0.848380570678402
0.7576539978733622
0.6372824794646899
0.7324301151134642
0.8433790839106351
0.6749749485891259
0.5553919189830921
0.6154626128968618
0.5678070356054719
0.5156635457914772
0.6310482318738817
1.1519346118119094
0.6310482318738817
1.6444978506947217
2.2252367674648523
1.0382050744453615
0.8733880045172364
0.6965206360357528
0.7360210630212354
0.888392464820537
0.8063840799593109
1.4131763255266505
0.7252482192979218
0.6372824794646899
0.8388708013499435
0.7288391672056931
0.6248139842830738
1.1339773164382438
0.9884222001758746
0.6466338508509017
0.3232091986027819
0.6248139842830738
0.7144753755746085
0.678565896496897
0.6929296881279816
0.6372824794646899
0.6893387402202106
0.6123454891014578
0.7901407192639947
0.6591023460325177
0.7180663234823796
0.6154626128968618
0.6216968604876698
0.9584132795692732
0.7576539978733622
0.7216572713901508
1.0262335441962511
0.928404358962672
0.5802221522278516
2.9883813447268714
1.0034266604791753
1.1160200210645788
0.6684537174187297
0.6929296881279816
0.9584132795692732
0.7180663234823796
0.6591023460325177
0.9384073324982057
0.5777391289033755
0.6857477923124393
0.9484103060337397
1.2753255650959197
2.0344506231493473
0.8023232397854819
1.211208665477114
0.6591023460325177
1.4796257082426998
0.41345537203859645
0.6248139842830738
0.8348099611761144
0.5131805224670012
0.6216968604876698
0.3391070990122807
0.7942015594378238
0.7108844276668373
0.7738973585686785
0.5998769939198417
0.8145057603069691
0.7396120109290065
0.6929296881279816
0.678565896496897
0.6929296881279816
0.8226274406546272
1.2966978649688552
0.5404937790362365
0.6154626128968618
0.6403996032600937
0.39789410559122806
0.5936427463290338
0.6715708412141338
0.6310482318738817
0.6591023460325177
0.700111583943524
0.2826622326842449
2.6214849133509004
0.7860798790901657
0.7144753755746085
0.703702531851295
0.8023232397854819
0.35639739506491225
0.3022366300242283
0.518146569115953
0.7942015594378238
0.3875199279596491
0.7576539978733622
0.6029941177152458
0.7467939067445487
0.6559852222371138
0.6497509746463057
0.3996231351964913
0.75038485465232
0.5967598701244378
0.7252482192979218
0.8683865177494695
0.8307491210022854
0.6653365936233258
0.6929296881279816
0.7942015594378238
0.7216572713901508
0.7942015594378238
0.9934236869436414
1.3467269428106012
0.5678070356054719
0.923402872194905
0.7657756782210203
0.8433790839106351
1.5503736201407203
0.6372824794646899
0.8533820574461688
1.2966978649688552
0.7216572713901508
0.7576539978733622
0.8683865177494695
1.814312764323765
2.650836627860978
1.4131763255266505
0.4815488509476821
0.6929296881279816
0.7820190389163366
0.6559852222371138
0.6341653556692858
0.8583835442139358
1.487931881082206
0.928404358962672
1.0681339000681374
0.7108844276668373
0.8433790839106351
0.7180663234823796
0.7432029588367776
0.5752561055788997
0.6528680984417098
0.6622194698279218
0.6341653556692858
0.3719586615122807
0.6528680984417098
0.7324301151134642
0.8145057603069691
0.5777391289033755
0.7180663234823796
0.7216572713901508
0.9584132795692732
0.6310482318738817
1.139963081562799
0.7901407192639947
0.8307491210022854
0.5851881988768034
0.7144753755746085
0.9784192266403406
3.0911123455121428
0.700111583943524
0.5653240122809959
0.8266882808284562
1.53154877402992
0.7288391672056931
0.8104449201331401
0.6185797366922657
1.0382050744453615
0.703702531851295
1.0741196651926925
1.16390614206102
0.8833909780527701
0.7396120109290065
0.6715708412141338
0.8633850309817027
0.678565896496897
0.6061112415106499
0.8683865177494695
0.8307491210022854
0.6497509746463057
0.6435167270554978
0.7617148380471913
0.888392464820537
0.8104449201331401
0.700111583943524
0.7324301151134642
0.7108844276668373
0.703702531851295
0.5876712222012793
0.6092283653060537
2.2986160537400466
0.6591023460325177
0.6591023460325177
0.6466338508509017
0.6154626128968618
0.6341653556692858
0.7820190389163366
0.5936427463290338
1.16390614206102
0.6857477923124393
0.9484103060337397
0.4487570651405597
0.5905256225336297
0.5936427463290338
1.5045442267612184
0.7396120109290065
0.7942015594378238
0.7467939067445487
0.6154626128968618
0.8433790839106351
1.0322193093208063
0.678565896496897
0.31062565745564974
0.8783894912850033
0.5936427463290338
0.3961650759859649
0.6154626128968618
0.8533820574461688
0.7657756782210203
0.7901407192639947
0.8185666004807982
0.700111583943524
0.6893387402202106
0.6310482318738817
0.7252482192979218
0.9884222001758746
0.2826622326842449
0.7820190389163366
0.7576539978733622
0.9033969251238377
0.6893387402202106
0.7820190389163366
1.2539532652229846
0.5255956390893809
1.2610773651806295
0.9784192266403406
0.6029941177152458
0.6715708412141338
0.8633850309817027
0.888392464820537
0.7288391672056931
0.9033969251238377
1.606848158473121
0.923402872194905
0.6279311080784777
0.9534117928015063
0.6154626128968618
0.36158448388070175
0.8185666004807982
0.6653365936233258
0.5603579656320441
0.7108844276668373
0.8104449201331401
0.7360210630212354
0.2910512601156663
0.7467939067445487
0.7820190389163366
0.6185797366922657
0.6061112415106499
0.6528680984417098
0.6528680984417098
0.9984251737114082
0.7216572713901508
0.44657094608675163
0.6965206360357528
0.3961650759859649
1.1459488466873542
0.7901407192639947
0.6929296881279816
0.2910512601156663
0.6029941177152458
0.7216572713901508
0.8023232397854819
0.7467939067445487
0.5012239224319556
1.098062725690913
0.8433790839106351
0.8348099611761144
0.703702531851295
0.848380570678402
0.6715708412141338
