528.0
566.0
569.0
523.0
596.0
538.0
598.0
637.0
526.0
584.0
544.0
583.0
585.0
507.0
520.0
497.0
618.0
566.0
548.0
551.0
592.0
621.0
514.0
564.0
518.0
670.0
547.0
608.0
666.0
609.0
514.0
516.0
520.0
557.0
586.0
596.0
668.0
686.0
514.0
582.0
572.0
539.0
552.0
522.0
545.0
569.0
553.0
551.0
552.0
520.0
584.0
503.0
575.0
566.0
575.0
519.0
658.0
578.0
512.0
541.0
567.0
497.0
622.0
566.0
563.0
530.0
555.0
576.0
645.0
504.0
528.0
632.0
520.0
513.0
521.0
554.0
609.0
535.0
509.0
553.0
552.0
574.0
526.0
579.0
686.0
545.0
542.0
558.0
558.0
509.0
578.0
580.0
746.0
549.0
539.0
535.0
554.0
606.0
554.0
517.0
978.0
522.0
573.0
637.0
660.0
652.0
617.0
538.0
580.0
722.0
503.0
549.0
568.0
556.0
552.0
675.0
572.0
540.0
570.0
520.0
554.0
544.0
517.0
690.0
537.0
566.0
569.0
534.0
638.0
598.0
525.0
590.0
514.0
582.0
634.0
571.0
619.0
519.0
545.0
521.0
585.0
575.0
609.0
628.0
592.0
517.0
646.0
524.0
665.0
525.0
591.0
538.0
562.0
548.0
555.0
556.0
522.0
685.0
570.0
684.0
527.0
641.0
584.0
564.0
580.0
674.0
500.0
586.0
570.0
539.0
514.0
532.0
534.0
552.0
523.0
596.0
581.0
599.0
601.0
541.0
549.0
529.0
540.0
541.0
513.0
622.0
554.0
544.0
594.0
520.0
634.0
722.0
598.0
525.0
584.0
631.0
549.0
620.0
583.0
541.0
535.0
613.0
562.0
476.0
523.0
638.0
713.0
554.0
530.0
502.0
532.0
532.0
742.0
518.0
637.0
530.0
478.0
487.0
533.0
530.0
525.0
565.0
657.0
560.0
640.0
500.0
539.0
586.0
520.0
503.0
718.0
603.0
528.0
517.0
592.0
524.0
505.0
512.0
588.0
510.0
578.0
556.0
541.0
544.0
562.0
570.0
532.0
557.0
528.0
500.0
544.0
502.0
680.0
546.0
542.0
551.0
544.0
599.0
541.0
615.0
509.0
513.0
561.0
515.0
509.0
553.0
596.0
525.0
581.0
576.0
526.0
523.0
525.0
585.0
513.0
712.0
512.0
513.0
669.0
634.0
552.0
592.0
522.0
557.0
610.0
657.0
582.0
535.0
601.0
502.0
544.0
630.0
546.0
515.0
574.0
574.0
537.0
503.0
545.0
503.0
550.0
587.0
540.0
748.0
590.0
555.0
541.0
562.0
512.0
522.0
636.0
461.0
466.0
644.0
558.0
510.0
618.0
586.0
660.0
566.0
544.0
513.0
538.0
639.0
537.0
561.0
559.0
518.0
517.0
579.0
536.0
528.0
577.0
524.0
519.0
584.0
542.0
516.0
632.0
536.0
621.0
562.0
474.0
512.0
520.0
643.0
522.0
541.0
569.0
508.0
524.0
520.0
597.0
533.0
605.0
681.0
577.0
608.0
572.0
506.0
525.0
524.0
641.0
548.0
533.0
611.0
503.0
867.0
546.0
560.0
500.0
536.0
553.0
514.0
540.0
559.0
622.0
546.0
541.0
529.0
509.0
530.0
746.0
522.0
548.0
522.0
509.0
518.0
596.0
542.0
554.0
513.0
698.0
674.0
550.0
538.0
594.0
539.0
573.0
607.0
534.0
574.0
497.0
502.0
653.0
686.0
577.0
497.0
552.0
621.0
570.0
521.0
526.0
525.0
555.0
550.0
507.0
484.0
497.0
607.0
556.0
561.0
653.0
552.0
586.0
500.0
561.0
536.0
529.0
501.0
533.0
612.0
570.0
534.0
557.0
601.0
523.0
781.0
544.0
501.0
556.0
672.0
629.0
795.0
539.0
537.0
597.0
553.0
567.0
586.0
509.0
569.0
550.0
522.0
532.0
603.0
534.0
569.0
565.0
533.0
522.0
514.0
470.0
602.0
489.0
538.0
566.0
520.0
533.0
524.0
520.0
547.0
504.0
602.0
548.0
592.0
565.0
516.0
565.0
618.0
554.0
542.0
513.0
702.0
546.0
649.0
522.0
697.0
538.0
539.0
541.0
539.0
574.0
577.0
534.0
506.0
506.0
622.0
590.0
654.0
560.0
693.0
568.0
577.0
613.0
593.0
504.0
512.0
546.0
581.0
501.0
556.0
628.0
567.0
606.0
542.0
576.0
528.0
497.0
533.0
517.0
557.0
532.0
555.0
520.0
550.0
523.0
577.0
524.0
459.0
541.0
568.0
636.0
650.0
540.0
522.0
533.0
544.0
580.0
507.0
521.0
532.0
593.0
536.0
592.0
521.0
598.0
517.0
536.0
592.0
562.0
525.0
532.0
525.0
584.0
460.0
518.0
553.0
565.0
525.0
494.0
524.0
630.0
650.0
563.0
477.0
610.0
521.0
557.0
710.0
593.0
626.0
500.0
500.0
531.0
477.0
495.0
533.0
521.0
541.0
634.0
462.0
605.0
522.0
523.0
557.0
554.0
533.0
545.0
576.0
529.0
544.0
669.0
531.0
528.0
557.0
531.0
507.0
569.0
505.0
557.0
608.0
572.0
556.0
517.0
515.0
545.0
581.0
589.0
532.0
549.0
581.0
508.0
544.0
570.0
523.0
629.0
521.0
582.0
508.0
673.0
583.0
649.0
536.0
596.0
521.0
592.0
657.0
514.0
614.0
508.0
672.0
507.0
519.0
517.0
554.0
528.0
519.0
517.0
517.0
580.0
540.0
509.0
514.0
586.0
557.0
603.0
529.0
522.0
704.0
528.0
550.0
522.0
659.0
524.0
508.0
552.0
578.0
592.0
579.0
677.0
559.0
514.0
505.0
549.0
541.0
554.0
529.0
551.0
567.0
552.0
545.0
559.0
596.0
497.0
521.0
539.0
549.0
490.0
568.0
618.0
640.0
538.0
533.0
550.0
636.0
502.0
