0.7245930914550903
0.6498487959120685
1.303640830722429
0.849851616935227
0.6566585125112586
0.6260147878149024
0.7480301560161678
0.7011560268940127
0.7789717124876855
0.7167807366013977
1.2110961264583304
0.6668730874100441
1.0732567579320993
0.8349761519993388
2.5218959084886
0.8303091153733677
0.615800212916117
0.8256420787473967
1.6102912088843206
0.86020875979237
0.7519363334430141
0.7558425108698603
0.7363116237356291
0.79763985899157
0.6738127849060889
1.24194436121303
0.6021807797177363
0.6816251397597815
0.8303091153733677
0.79763985899157
0.6430390793128782
0.6362293627136879
0.7480301560161678
0.7558425108698603
0.5715890285964328
0.8349761519993388
0.6668730874100441
0.6933436720403201
1.350585189086178
0.8023068956175411
0.7929728223655989
0.43553464630744526
0.4990685019313959
0.6816251397597815
1.0795188577087187
0.7324054463087829
2.2564977276829574
1.0294220594957628
0.660063370810854
0.8964587597923701
0.6396342210132829
0.7245930914550903
0.953423045506656
1.4040669060973066
0.8964587597923701
0.5630912178857557
1.6944780506827715
0.6532536542116636
0.6702779457096394
0.8964587597923701
0.5630912178857557
0.7402178011624754
0.7167807366013977
0.720686914028244
0.7743046758617144
0.6855313171866275
0.6972498494671664
0.7836387491136567
0.6855313171866275
0.6777189623329352
0.6634682291104491
0.7649706026097722
0.6226099295153072
0.6430390793128782
0.8116409688694833
0.6777189623329352
0.6532536542116636
0.6816251397597815
0.6777189623329352
0.8653873312209414
0.4425939635989953
0.8209750421214256
1.0168978599425238
0.4567125981820954
0.6777189623329352
0.6430390793128782
0.6464439376124733
0.760303565983801
0.8116409688694833
0.6430390793128782
0.6089904963169266
1.866206285321717
0.5857520464475611
0.6894374946134738
0.720686914028244
0.6362293627136879
0.40743391913109495
0.7324054463087829
0.421416011724345
1.2573684785903798
0.8757444740780843
1.8037596545439185
0.5919662048189508
0.9327087597923701
0.7363116237356291
0.5829194428773353
1.7725363391550195
0.9327087597923701
0.6226099295153072
0.9948516169352274
0.660063370810854
0.7324054463087829
0.6566585125112586
0.8116409688694833
0.5919662048189508
0.9016373312209414
0.7441239785893216
1.24194436121303
0.9896730455066559
1.4397213841047258
0.8757444740780843
0.7558425108698603
0.9844944740780845
0.8069739322435122
0.7883057857396278
0.760303565983801
0.720686914028244
0.6260147878149024
0.660063370810854
0.8116409688694833
0.9378873312209416
0.9327087597923701
1.0419462590490018
0.6226099295153072
0.6498487959120685
0.6362293627136879
0.6226099295153072
0.7011560268940127
0.9171730455066558
0.6226099295153072
0.7480301560161678
0.6362293627136879
1.0000301883637988
1.0231599597191434
0.7836387491136567
1.421894145101016
0.9430659026495131
0.8396431886253101
0.6532536542116636
0.8809230455066558
0.7128745591745514
0.8209750421214256
0.7402178011624754
1.2342323025243551
0.6294196461144976
1.8349829699328177
0.9948516169352274
0.4990685019313959
0.6362293627136879
0.7789717124876855
0.6634682291104491
1.4397213841047258
0.8116409688694833
1.3594988085880326
0.6498487959120685
0.7519363334430141
0.79763985899157
0.849851616935227
0.5432629928941761
1.8505946276272673
0.6498487959120685
0.9430659026495131
0.7929728223655989
0.6021807797177363
0.7558425108698603
0.720686914028244
2.006711204571763
0.6855313171866275
0.6226099295153072
0.4331815405435952
0.9378873312209416
0.705062204320859
0.5772542357368841
1.2110961264583304
0.9741373312209416
0.720686914028244
0.6294196461144976
0.7929728223655989
0.8303091153733677
0.7743046758617144
0.7789717124876855
0.5919662048189508
1.4040669060973066
0.8069739322435122
1.2033840677696555
0.6226099295153072
1.0983051570385773
2.037934519960663
1.6944780506827715
0.6021807797177363
0.5262673714728221
1.4664622426102902
0.7089683817477053
0.8396431886253101
0.8757444740780843
1.2188081851470052
0.6668730874100441
0.4094104173684628
1.0231599597191434
1.142139855474914
0.9275301883637986
2.4282259623219025
0.6702779457096394
0.6226099295153072
0.5574260107453044
0.8163080054954543
2.3501676738496546
0.8023068956175411
1.2342323025243551
1.0795188577087187
1.3773260475917424
0.9948516169352274
0.8349761519993388
0.7836387491136567
0.45200638665439546
2.2096627545996084
0.8757444740780843
0.7324054463087829
0.6777189623329352
0.6498487959120685
0.7480301560161678
0.8396431886253101
2.0535461776551123
1.1956720090809807
0.6226099295153072
0.7128745591745514
0.7789717124876855
1.092043057261958
0.615800212916117
1.6944780506827715
0.6226099295153072
1.725701366071671
0.7649706026097722
0.5517608036048531
1.06699465815548
0.6855313171866275
0.660063370810854
0.6055856380173315
2.91218735084984
0.42376911748819507
0.6566585125112586
0.7929728223655989
0.6816251397597815
1.2727925959677295
0.6498487959120685
0.7363116237356291
0.5919662048189508
0.6260147878149024
0.8069739322435122
0.7649706026097722
0.5919662048189508
0.5800868393071097
0.8023068956175411
0.5857520464475611
0.7245930914550903
0.6226099295153072
0.7929728223655989
0.6933436720403201
0.8757444740780843
0.5829194428773353
0.40743391913109495
0.6260147878149024
0.7883057857396278
0.7324054463087829
0.7324054463087829
0.7167807366013977
0.7245930914550903
0.9948516169352274
0.595371063118546
0.6294196461144976
0.705062204320859
1.0294220594957628
0.7929728223655989
1.0419462590490018
0.7480301560161678
0.6362293627136879
0.9327087597923701
0.7558425108698603
0.8116409688694833
0.7883057857396278
0.849851616935227
1.1956720090809807
0.6668730874100441
1.0419462590490018
0.7284992688819365
0.8349761519993388
0.8023068956175411
0.6668730874100441
0.9068159026495128
0.8023068956175411
0.9016373312209414
0.8396431886253101
0.6532536542116636
0.705062204320859
0.8209750421214256
0.6498487959120685
0.6972498494671664
0.7696376392357434
0.760303565983801
0.7011560268940127
0.7284992688819365
0.9327087597923701
0.8705659026495128
0.9119944740780843
1.303640830722429
0.7883057857396278
0.8757444740780843
0.760303565983801
0.7480301560161678
0.7245930914550903
0.6738127849060889
0.5715890285964328
0.6123953546165218
0.7519363334430141
0.9741373312209416
0.8912801883637986
0.9482444740780845
0.9741373312209416
0.6396342210132829
0.720686914028244
0.7245930914550903
0.5885846500177867
0.40743391913109495
0.8964587597923701
0.7696376392357434
0.6226099295153072
0.7441239785893216
1.3773260475917424
1.1546640550281528
1.0356841592723824
0.7128745591745514
0.6566585125112586
0.6226099295153072
0.7649706026097722
0.8912801883637986
1.725701366071671
0.6294196461144976
0.6362293627136879
0.8256420787473967
0.6777189623329352
0.5829194428773353
0.6294196461144976
1.913041258405066
0.6933436720403201
0.5347651821834992
0.705062204320859
1.326777006788454
0.5715890285964328
0.7441239785893216
0.705062204320859
0.7743046758617144
0.7558425108698603
1.129615655921675
0.8705659026495128
0.6464439376124733
0.7441239785893216
0.6972498494671664
3.5420699637156834
0.8256420787473967
0.6855313171866275
1.430807764602871
0.6566585125112586
0.7743046758617144
0.6566585125112586
0.6396342210132829
0.79763985899157
0.6021807797177363
0.6498487959120685
0.660063370810854
0.6972498494671664
0.7883057857396278
0.6816251397597815
0.9948516169352274
1.7725363391550195
1.0482083588256212
0.7480301560161678
1.6102912088843206
0.7167807366013977
0.4054574208937272
0.6532536542116636
0.6396342210132829
1.1233535561450554
0.4567125981820954
2.2877210430718566
0.6855313171866275
0.9171730455066558
0.5347651821834992
0.4378877520712952
0.720686914028244
0.6430390793128782
0.7929728223655989
0.7167807366013977
0.6226099295153072
0.7743046758617144
1.319064948099779
0.6702779457096394
0.4590657039459455
0.6294196461144976
0.6816251397597815
1.6302083196007209
0.45200638665439546
0.6566585125112586
0.4849498673482958
0.6294196461144976
0.6894374946134738
0.5574260107453044
1.9598762314884148
0.6498487959120685
0.615800212916117
0.7089683817477053
0.6430390793128782
0.7089683817477053
1.430807764602871
0.8705659026495128
0.6816251397597815
0.6972498494671664
0.6855313171866275
0.7011560268940127
0.6532536542116636
0.7167807366013977
0.6396342210132829
0.6430390793128782
0.7480301560161678
0.8116409688694833
1.129615655921675
0.7480301560161678
0.5574260107453044
0.6532536542116636
0.5885846500177867
0.6933436720403201
1.6003326535261206
0.9586016169352274
0.5347651821834992
0.9430659026495131
0.5857520464475611
0.5987759214181412
0.9586016169352274
0.8653873312209414
0.7558425108698603
0.5829194428773353
0.6668730874100441
0.5885846500177867
0.48259676158444575
0.6668730874100441
0.9430659026495131
0.6855313171866275
1.0795188577087187
0.6226099295153072
0.6668730874100441
0.7245930914550903
1.475375862112145
0.615800212916117
1.0419462590490018
0.4755374442928957
0.760303565983801
1.1879599503923057
1.1358777556982946
0.953423045506656
0.6089904963169266
0.8209750421214256
0.6933436720403201
0.8912801883637986
1.129615655921675
0.7324054463087829
0.9016373312209414
0.6260147878149024
0.7128745591745514
0.7929728223655989
0.7558425108698603
1.0000301883637988
0.8303091153733677
0.5489282000346275
0.9119944740780843
0.7167807366013977
1.0482083588256212
0.760303565983801
0.8209750421214256
0.6972498494671664
2.037934519960663
0.8964587597923701
0.503774713459096
0.6816251397597815
0.6123953546165218
0.56025861431553
0.6972498494671664
0.7284992688819365
0.8349761519993388
1.0983051570385773
1.6600839856753213
0.760303565983801
0.79763985899157
0.6634682291104491
0.6972498494671664
0.8757444740780843
0.8912801883637986
0.4614188097097955
1.303640830722429
0.8550301883637985
0.7929728223655989
0.615800212916117
0.8705659026495128
1.725701366071671
0.705062204320859
1.0356841592723824
0.6532536542116636
1.6302083196007209
0.7558425108698603
1.2110961264583304
0.6566585125112586
0.7284992688819365
0.501421607695246
0.6430390793128782
0.6226099295153072
1.395153286595452
0.7441239785893216
0.4331815405435952
0.5375977857537247
0.8303091153733677
0.8757444740780843
0.9482444740780845
0.615800212916117
0.6816251397597815
0.8349761519993388
0.5987759214181412
0.7743046758617144
0.6816251397597815
0.6933436720403201
1.4397213841047258
0.6566585125112586
1.142139855474914
0.6362293627136879
0.6668730874100441
0.7011560268940127
0.79763985899157
0.5715890285964328
0.8809230455066558
0.6464439376124733
0.6021807797177363
0.7011560268940127
0.7011560268940127
0.615800212916117
0.6816251397597815
1.0732567579320993
0.7402178011624754
1.1233535561450554
0.7743046758617144
0.8116409688694833
0.7011560268940127
0.6396342210132829
0.6702779457096394
0.5517608036048531
0.5919662048189508
0.7284992688819365
0.79763985899157
0.7011560268940127
0.6123953546165218
0.7011560268940127
0.9223516169352272
0.9275301883637986
0.6123953546165218
0.8209750421214256
0.7089683817477053
0.5857520464475611
0.5489282000346275
0.6362293627136879
0.7441239785893216
0.7480301560161678
0.8069739322435122
0.7128745591745514
0.7324054463087829
0.7836387491136567
0.56025861431553
0.5715890285964328
0.5744216321666584
0.8964587597923701
0.705062204320859
1.1108293565918164
6.7104827654191395
0.4153399120805662
1.3684124280898875
0.5857520464475611
0.7789717124876855
0.5987759214181412
0.6498487959120685
1.249656419901705
0.7245930914550903
1.6700425410335216
0.5885846500177867
0.7324054463087829
0.760303565983801
0.6226099295153072
0.7284992688819365
2.13160446612736
0.7167807366013977
0.6396342210132829
0.5489282000346275
0.5772542357368841
0.6566585125112586
0.7836387491136567
0.9016373312209414
0.6816251397597815
0.8209750421214256
0.6777189623329352
0.9378873312209416
0.9171730455066558
0.7363116237356291
0.6192050712157121
0.42376911748819507
