618.0
645.0
623.0
596.0
545.0
578.0
589.0
613.0
617.0
616.0
577.0
612.0
674.0
654.0
628.0
500.0
590.0
584.0
570.0
635.0
651.0
641.0
708.0
585.0
480.0
641.0
634.0
492.0
596.0
617.0
596.0
674.0
612.0
595.0
613.0
629.0
633.0
612.0
618.0
650.0
632.0
620.0
635.0
628.0
575.0
612.0
584.0
623.0
580.0
682.0
615.0
650.0
707.0
672.0
587.0
673.0
622.0
646.0
608.0
594.0
588.0
621.0
641.0
657.0
610.0
746.0
813.0
673.0
597.0
705.0
668.0
580.0
601.0
528.0
610.0
610.0
600.0
598.0
690.0
609.0
604.0
608.0
846.0
659.0
653.0
610.0
637.0
592.0
614.0
620.0
635.0
638.0
613.0
562.0
516.0
610.0
613.0
612.0
626.0
610.0
685.0
596.0
602.0
583.0
589.0
619.0
535.0
523.0
597.0
642.0
699.0
732.0
637.0
597.0
633.0
614.0
697.0
604.0
652.0
605.0
680.0
645.0
536.0
643.0
645.0
614.0
601.0
627.0
610.0
617.0
720.0
628.0
728.0
602.0
608.0
641.0
715.0
594.0
571.0
617.0
606.0
689.0
626.0
614.0
742.0
776.0
609.0
763.0
641.0
692.0
589.0
557.0
498.0
608.0
605.0
602.0
626.0
587.0
582.0
589.0
522.0
595.0
643.0
594.0
615.0
573.0
688.0
619.0
610.0
611.0
643.0
620.0
586.0
685.0
598.0
686.0
613.0
598.0
550.0
572.0
686.0
657.0
642.0
490.0
612.0
610.0
730.0
644.0
616.0
614.0
640.0
641.0
611.0
749.0
585.0
647.0
602.0
591.0
594.0
606.0
637.0
726.0
593.0
592.0
596.0
635.0
596.0
665.0
635.0
556.0
638.0
630.0
702.0
645.0
624.0
608.0
602.0
648.0
634.0
614.0
654.0
606.0
596.0
701.0
600.0
626.0
618.0
607.0
629.0
594.0
694.0
595.0
615.0
600.0
648.0
612.0
607.0
649.0
716.0
542.0
565.0
581.0
656.0
616.0
589.0
819.0
549.0
553.0
601.0
714.0
597.0
694.0
601.0
597.0
644.0
594.0
580.0
784.0
616.0
599.0
613.0
578.0
628.0
578.0
763.0
614.0
579.0
586.0
602.0
578.0
578.0
591.0
744.0
762.0
604.0
594.0
602.0
612.0
645.0
666.0
614.0
608.0
660.0
648.0
682.0
648.0
602.0
624.0
630.0
586.0
617.0
593.0
612.0
703.0
622.0
580.0
595.0
484.0
605.0
629.0
593.0
612.0
611.0
655.0
614.0
617.0
648.0
612.0
674.0
603.0
621.0
513.0
746.0
617.0
626.0
610.0
610.0
628.0
647.0
672.0
588.0
599.0
616.0
642.0
690.0
628.0
758.0
640.0
603.0
682.0
618.0
590.0
664.0
609.0
631.0
626.0
612.0
624.0
687.0
754.0
646.0
625.0
652.0
599.0
691.0
625.0
643.0
658.0
621.0
585.0
644.0
556.0
651.0
592.0
597.0
640.0
699.0
742.0
595.0
699.0
634.0
701.0
640.0
593.0
599.0
608.0
496.0
630.0
645.0
605.0
666.0
677.0
613.0
604.0
601.0
612.0
782.0
616.0
588.0
597.0
569.0
558.0
719.0
636.0
494.0
581.0
557.0
693.0
638.0
616.0
620.0
591.0
616.0
630.0
642.0
680.0
599.0
566.0
614.0
657.0
569.0
602.0
605.0
581.0
536.0
630.0
577.0
585.0
583.0
610.0
938.0
664.0
657.0
604.0
597.0
611.0
596.0
540.0
632.0
691.0
634.0
656.0
594.0
669.0
603.0
618.0
632.0
637.0
601.0
497.0
652.0
752.0
610.0
765.0
738.0
605.0
599.0
593.0
614.0
665.0
687.0
605.0
684.0
576.0
734.0
613.0
613.0
618.0
595.0
596.0
602.0
737.0
649.0
690.0
624.0
658.0
607.0
608.0
590.0
581.0
619.0
601.0
686.0
654.0
588.0
681.0
712.0
592.0
581.0
622.0
633.0
628.0
626.0
662.0
642.0
656.0
694.0
675.0
574.0
658.0
662.0
597.0
613.0
618.0
654.0
578.0
620.0
700.0
663.0
597.0
586.0
624.0
623.0
640.0
624.0
786.0
580.0
494.0
584.0
746.0
625.0
604.0
601.0
604.0
638.0
638.0
598.0
645.0
587.0
589.0
596.0
617.0
565.0
620.0
574.0
487.0
629.0
703.0
537.0
506.0
603.0
601.0
580.0
967.0
645.0
465.0
693.0
577.0
757.0
653.0
650.0
588.0
506.0
588.0
604.0
578.0
653.0
583.0
604.0
641.0
593.0
644.0
736.0
662.0
577.0
580.0
630.0
686.0
616.0
509.0
580.0
637.0
818.0
567.0
587.0
526.0
702.0
637.0
633.0
580.0
562.0
625.0
600.0
512.0
730.0
573.0
513.0
672.0
703.0
893.0
621.0
522.0
676.0
635.0
606.0
602.0
609.0
569.0
576.0
759.0
668.0
626.0
601.0
625.0
594.0
654.0
621.0
649.0
623.0
591.0
582.0
655.0
645.0
548.0
599.0
648.0
615.0
635.0
684.0
677.0
588.0
631.0
628.0
627.0
649.0
600.0
650.0
567.0
603.0
610.0
669.0
624.0
612.0
667.0
642.0
610.0
597.0
634.0
516.0
699.0
626.0
602.0
566.0
626.0
616.0
678.0
606.0
672.0
629.0
573.0
667.0
641.0
620.0
491.0
596.0
665.0
596.0
612.0
709.0
649.0
654.0
645.0
707.0
605.0
676.0
661.0
592.0
641.0
727.0
600.0
578.0
595.0
503.0
681.0
619.0
637.0
574.0
507.0
614.0
599.0
578.0
631.0
592.0
570.0
584.0
605.0
472.0
