0.7043722600160915
0.7326411675791168
0.6973050331253353
0.7008386465707134
0.8563282529135884
1.4844310409201378
0.7616648421559149
0.9056971992006443
0.8120492655208675
0.6361953747612907
0.6604666590325751
2.210120333400241
0.6761033524530663
0.9600030401164059
0.9797506186312284
0.7326411675791168
0.8204466694150263
0.6452971063630223
0.4971565432886011
1.3580282353089155
0.9106340938293498
1.3066179352670284
0.7467756213606292
0.6513649274308434
1.2431196131193774
0.6867041927892009
0.654398837964754
1.2219535057368274
1.374881942723745
0.9550661454877003
1.3277840426495788
0.6240597326256485
0.7397083944698729
0.7658635441029943
0.7291075541337385
0.6726023011682172
0.79525445773255
1.0276148476466795
0.5851369067207236
0.7658635441029943
0.8204466694150263
0.9846875132599339
0.9056971992006443
0.7538428482513856
0.8859496206858221
0.439185100649507
0.7114394869068479
0.8288440733091851
0.693771419679957
0.7910557557854706
0.693771419679957
0.7784596499442324
1.5999817758086137
0.3797993295999793
0.5877857256183613
0.5906867167526325
0.7149731003522259
0.79525445773255
1.2290088748643442
0.6028223588882747
3.12105674150646
0.7397083944698729
0.9007603045719386
0.7255739406883603
0.7008386465707134
0.654398837964754
0.7149731003522259
0.6604666590325751
0.5824880878230858
0.7994531596796294
0.7326411675791168
0.8810127260571164
0.6119240904900064
1.476004187212723
0.6695683906343066
0.9155709884580555
0.7185067137976041
1.5365784370902507
1.5012847483349674
0.9205078830867611
0.9748137240025226
0.7361747810244947
0.7574661402088355
0.6452971063630223
0.861265147542294
0.7114394869068479
1.0882930583248902
1.015479205511037
0.9056971992006443
0.9797506186312284
0.6028223588882747
0.7616648421559149
0.7326411675791168
0.7326411675791168
0.8810127260571164
0.5136187964845031
0.7043722600160915
0.5692439933348968
0.4267626486554154
1.4507236260904786
0.7826583518913118
0.7008386465707134
0.5612975366419833
0.6028223588882747
0.8330427752562645
1.7399596066357408
0.7255739406883603
0.6028223588882747
0.3679160029952155
0.8711389367997052
0.6604666590325751
0.5906867167526325
0.5997884483543642
0.8330427752562645
0.6361953747612907
0.5877857256183613
0.5771904500278101
0.7043722600160915
0.7538428482513856
0.7467756213606292
0.6513649274308434
0.6270936431595591
0.6392292852952012
0.41205407324148113
0.5586487177443457
0.6726023011682172
0.6270936431595591
0.654398837964754
0.7043722600160915
0.6270936431595591
0.861265147542294
0.7658635441029943
1.5728089163578867
0.6665344801003961
0.7616648421559149
0.7079058734614697
0.9600030401164059
0.4640300046376901
0.6761033524530663
1.3664550890163305
0.7467756213606292
0.6604666590325751
1.015479205511037
0.7079058734614697
0.6149580010239168
0.8078505635737881
0.8036518616267089
1.5275208172733414
0.5906867167526325
0.6331614642273802
0.5851369067207236
0.7043722600160915
0.7538428482513856
0.5136187964845031
1.1246999847318166
0.9451923562302891
1.082225237257069
1.2148981366093106
0.6513649274308434
1.2713410896294446
0.6483310168969328
1.4507236260904786
0.48059327396314555
0.9106340938293498
0.7658635441029943
0.8662020421709996
0.8204466694150263
0.9994981971460507
0.6240597326256485
0.693771419679957
1.1186321636639955
0.7658635441029943
0.4103564551550863
1.0882930583248902
0.6726023011682172
0.9846875132599339
0.8760758314284107
0.8711389367997052
0.7043722600160915
1.313673304394545
0.6483310168969328
0.8859496206858221
0.7043722600160915
0.9205078830867611
0.6604666590325751
0.6831705793438227
0.5937206272865431
0.6761033524530663
0.5692439933348968
1.14290344793528
0.7326411675791168
0.6088901799560958
0.6635005695664856
0.5877857256183613
0.6695683906343066
0.7326411675791168
0.6761033524530663
0.9451923562302891
1.2713410896294446
0.7291075541337385
0.6513649274308434
0.7043722600160915
0.6301275536934696
0.6796369658984446
2.121965197131898
1.0943608793927113
0.6867041927892009
1.2854518278844782
0.79525445773255
0.7658635441029943
0.9550661454877003
0.9896244078886396
0.6361953747612907
0.5718928122325346
0.7185067137976041
0.5612975366419833
1.1796212909717265
0.3967755104639276
0.7868570538383912
0.4103564551550863
0.5109699775868654
0.5012973606199649
0.5533510799490701
0.8563282529135884
0.7910557557854706
0.6301275536934696
0.7149731003522259
1.2219535057368274
0.7185067137976041
0.6726023011682172
0.6240597326256485
0.7291075541337385
0.7255739406883603
0.8288440733091851
0.7742609479971531
1.161106911138743
0.8078505635737881
0.7574661402088355
1.076157416189248
0.693771419679957
0.7700622460500737
0.621025822091738
0.6867041927892009
0.7616648421559149
0.7432420079152512
0.6635005695664856
0.79525445773255
1.076157416189248
1.0458183108501427
0.9353185669728779
0.7114394869068479
0.8563282529135884
0.6574327484986645
0.6361953747612907
0.8246453713621057
0.6483310168969328
0.5877857256183613
0.9451923562302891
0.6301275536934696
0.8204466694150263
0.7043722600160915
0.7432420079152512
0.6695683906343066
0.6331614642273802
0.9797506186312284
0.9550661454877003
0.5906867167526325
0.9451923562302891
0.8908865153145277
0.9155709884580555
0.6483310168969328
1.5456360569071597
0.7079058734614697
1.2995625661395116
0.7826583518913118
1.6815003541607951
0.9451923562302891
0.6270936431595591
0.6240597326256485
0.6635005695664856
0.8711389367997052
0.6665344801003961
0.8078505635737881
0.7616648421559149
0.9994981971460507
0.6392292852952012
1.4170162112608193
0.6761033524530663
0.9007603045719386
0.654398837964754
0.6574327484986645
0.7008386465707134
0.6240597326256485
0.8662020421709996
1.2431196131193774
0.7432420079152512
0.8859496206858221
0.8330427752562645
0.8513913582848828
0.6831705793438227
0.5056723397915897
0.6513649274308434
0.6028223588882747
0.5851369067207236
1.0458183108501427
0.7397083944698729
1.0044350917747562
1.3277840426495788
0.5967545378204536
0.6331614642273802
0.9501292508589947
0.6361953747612907
0.8204466694150263
0.7291075541337385
1.082225237257069
1.1796212909717265
1.695882038501569
0.5242140720750542
0.6831705793438227
0.6574327484986645
0.7185067137976041
1.015479205511037
1.2925071970119948
1.148971269003101
1.076157416189248
0.6726023011682172
0.6452971063630223
0.7008386465707134
0.6635005695664856
0.654398837964754
0.6973050331253353
1.0336826687145004
0.6361953747612907
0.5083211586892274
0.8036518616267089
0.7616648421559149
0.6361953747612907
0.7616648421559149
0.6831705793438227
0.6867041927892009
0.5798392689254481
0.9402554616015836
0.7868570538383912
0.9056971992006443
0.6270936431595591
0.6867041927892009
0.9353185669728779
0.6604666590325751
0.439185100649507
0.690237806234579
0.5824880878230858
0.7538428482513856
0.6726023011682172
0.6483310168969328
0.6361953747612907
0.9007603045719386
0.8464544636561772
0.7326411675791168
0.41205407324148113
2.166042765266069
0.6726023011682172
0.6119240904900064
0.621025822091738
1.1246999847318166
0.9155709884580555
0.6270936431595591
0.7616648421559149
0.5851369067207236
0.6604666590325751
0.8078505635737881
0.6058562694221853
0.7467756213606292
0.7574661402088355
0.8711389367997052
0.7149731003522259
0.8330427752562645
1.3664550890163305
0.6695683906343066
0.79525445773255
0.9402554616015836
0.837241477203344
0.9945613025173451
0.5771904500278101
0.7043722600160915
0.9748137240025226
0.9353185669728779
0.8563282529135884
0.6604666590325751
0.7326411675791168
0.7538428482513856
0.6119240904900064
0.6761033524530663
0.6361953747612907
0.7574661402088355
0.6240597326256485
0.7079058734614697
0.8036518616267089
0.7538428482513856
0.6726023011682172
0.6574327484986645
0.5851369067207236
0.8415175690274717
0.8662020421709996
0.6973050331253353
1.1186321636639955
0.439185100649507
1.0276148476466795
0.8246453713621057
0.7538428482513856
1.0336826687145004
0.6088901799560958
0.6867041927892009
0.654398837964754
1.3066179352670284
0.6331614642273802
0.8078505635737881
0.5997884483543642
0.6761033524530663
0.79525445773255
1.4001625038459897
0.6149580010239168
0.6119240904900064
0.9649399347451115
0.8810127260571164
0.7255739406883603
0.6119240904900064
0.8810127260571164
0.7008386465707134
1.1307678057996378
0.6452971063630223
0.7291075541337385
0.6635005695664856
0.7574661402088355
0.690237806234579
0.5109699775868654
0.6149580010239168
0.690237806234579
1.14290344793528
1.0579539529857847
0.8810127260571164
0.8859496206858221
0.7008386465707134
0.6513649274308434
0.9994981971460507
0.6831705793438227
1.1866766600992433
0.837241477203344
0.7616648421559149
0.7574661402088355
0.7868570538383912
0.6867041927892009
2.5627408784736163
1.2078427674817935
0.7432420079152512
0.7784596499442324
1.015479205511037
0.5586487177443457
1.2431196131193774
0.7616648421559149
0.7432420079152512
0.9797506186312284
0.6331614642273802
0.566595174437259
0.9748137240025226
0.5798392689254481
0.7616648421559149
0.7503092348060073
0.6270936431595591
0.6635005695664856
1.2007873983542767
1.2290088748643442
0.6483310168969328
0.6331614642273802
0.8563282529135884
0.7149731003522259
0.8078505635737881
0.6867041927892009
0.6574327484986645
0.79525445773255
0.8415175690274717
0.8078505635737881
1.0943608793927113
0.9501292508589947
0.6270936431595591
2.0485025835749444
0.7291075541337385
0.9698768293738171
0.6301275536934696
1.1125643425961744
0.7432420079152512
0.8078505635737881
0.6361953747612907
0.5559998988467079
0.79525445773255
0.6149580010239168
1.2148981366093106
1.257230351374411
0.7432420079152512
0.6058562694221853
0.6973050331253353
2.0044250154407726
0.6240597326256485
1.1866766600992433
0.6761033524530663
1.1671747322065642
1.7840371747699129
0.6604666590325751
0.6513649274308434
0.6604666590325751
0.8563282529135884
0.8711389367997052
0.654398837964754
1.3580282353089155
0.6513649274308434
0.7255739406883603
0.7467756213606292
0.4578187786406444
0.654398837964754
0.690237806234579
0.6392292852952012
0.8662020421709996
0.6831705793438227
0.7149731003522259
3.032901605238117
0.6058562694221853
0.9155709884580555
0.837241477203344
0.6695683906343066
0.6331614642273802
0.9353185669728779
0.9600030401164059
0.6973050331253353
0.7326411675791168
0.8246453713621057
1.009411384443216
0.5559998988467079
0.6028223588882747
0.654398837964754
1.0044350917747562
1.0336826687145004
0.5771904500278101
0.5242140720750542
0.5851369067207236
0.5136187964845031
0.47852286529746363
0.6513649274308434
0.9254447777154666
0.5427558043585189
0.7043722600160915
0.7361747810244947
0.7503092348060073
0.7220403272429823
0.8036518616267089
0.6149580010239168
0.45988918730632633
0.5692439933348968
1.1004287004605324
1.7840371747699129
0.8908865153145277
0.6331614642273802
0.6422631958291117
0.6301275536934696
0.7868570538383912
1.1246999847318166
1.257230351374411
0.8513913582848828
0.7868570538383912
0.7467756213606292
0.8464544636561772
0.7043722600160915
0.7538428482513856
0.8288440733091851
0.8330427752562645
1.0458183108501427
0.861265147542294
0.7185067137976041
0.6665344801003961
0.6361953747612907
0.6422631958291117
0.7503092348060073
0.8204466694150263
0.693771419679957
1.009411384443216
0.6392292852952012
1.076157416189248
0.5906867167526325
0.7043722600160915
0.621025822091738
0.7910557557854706
0.8330427752562645
0.6301275536934696
0.654398837964754
0.8415175690274717
0.9205078830867611
0.7784596499442324
0.7503092348060073
0.566595174437259
0.7220403272429823
0.6867041927892009
0.6831705793438227
0.8036518616267089
0.6422631958291117
1.009411384443216
0.413751691327876
0.7700622460500737
0.7700622460500737
0.7538428482513856
1.4170162112608193
0.4052636008959018
0.8662020421709996
1.0943608793927113
0.5745416311301724
0.9846875132599339
0.5162676153821409
0.621025822091738
0.690237806234579
0.7467756213606292
0.5877857256183613
1.015479205511037
0.45574836997496243
0.8204466694150263
0.6796369658984446
0.7994531596796294
0.654398837964754
0.6452971063630223
0.5771904500278101
0.6270936431595591
0.6331614642273802
1.076157416189248
0.7467756213606292
0.9896244078886396
0.6726023011682172
0.7616648421559149
0.621025822091738
0.8563282529135884
0.7538428482513856
0.9846875132599339
1.0458183108501427
0.6513649274308434
0.8662020421709996
0.4086588370686915
0.6119240904900064
0.6331614642273802
1.0458183108501427
0.6422631958291117
1.3418947809046124
0.7291075541337385
0.7008386465707134
2.4011231286483192
0.693771419679957
0.690237806234579
0.9945613025173451
0.8288440733091851
1.1368356268674589
1.1368356268674589
0.5162676153821409
0.8036518616267089
0.8078505635737881
1.4928578946275528
1.5546936767240687
0.6973050331253353
0.5745416311301724
0.8120492655208675
0.6513649274308434
0.8330427752562645
1.076157416189248
0.6867041927892009
0.7008386465707134
0.8958234099432331
0.439185100649507
0.6973050331253353
0.7432420079152512
0.7149731003522259
0.6331614642273802
0.6028223588882747
0.7008386465707134
0.8288440733091851
1.0640217740536058
0.6301275536934696
0.9994981971460507
1.3418947809046124
1.19373202922676
0.5771904500278101
0.6483310168969328
0.6574327484986645
0.7114394869068479
0.6028223588882747
0.49508613462291906
0.6867041927892009
1.4928578946275528
0.5997884483543642
0.7868570538383912
1.257230351374411
1.0579539529857847
0.6574327484986645
0.7868570538383912
0.8246453713621057
0.8662020421709996
0.6867041927892009
1.0518861319179638
0.6119240904900064
0.9994981971460507
0.6635005695664856
0.6513649274308434
0.6270936431595591
1.076157416189248
0.5745416311301724
0.7291075541337385
0.7008386465707134
0.6831705793438227
0.7185067137976041
0.6796369658984446
0.42055142265836964
0.6270936431595591
0.7467756213606292
0.6604666590325751
1.1796212909717265
0.7185067137976041
0.6240597326256485
0.5586487177443457
0.6331614642273802
0.7432420079152512
0.690237806234579
0.8246453713621057
0.6028223588882747
0.9649399347451115
0.8078505635737881
