811.0
733.0
757.0
775.0
947.0
797.0
735.0
872.0
823.0
754.0
824.0
853.0
890.0
726.0
839.0
727.0
844.0
830.0
759.0
831.0
935.0
765.0
770.0
788.0
837.0
818.0
951.0
599.0
718.0
754.0
771.0
756.0
746.0
782.0
761.0
778.0
739.0
800.0
823.0
792.0
765.0
756.0
656.0
751.0
974.0
765.0
891.0
793.0
729.0
682.0
760.0
784.0
782.0
750.0
810.0
850.0
793.0
959.0
732.0
849.0
845.0
839.0
715.0
772.0
808.0
843.0
852.0
763.0
753.0
869.0
737.0
810.0
869.0
795.0
790.0
779.0
785.0
778.0
774.0
784.0
761.0
832.0
747.0
826.0
770.0
839.0
746.0
729.0
744.0
886.0
750.0
729.0
809.0
860.0
773.0
787.0
776.0
731.0
782.0
772.0
822.0
849.0
797.0
814.0
725.0
779.0
770.0
782.0
728.0
766.0
801.0
795.0
676.0
613.0
924.0
727.0
759.0
779.0
630.0
717.0
798.0
759.0
724.0
777.0
795.0
759.0
721.0
741.0
818.0
876.0
764.0
797.0
740.0
825.0
676.0
762.0
1053.0
753.0
727.0
881.0
731.0
957.0
744.0
901.0
730.0
818.0
769.0
774.0
737.0
781.0
774.0
755.0
819.0
771.0
740.0
759.0
773.0
806.0
766.0
901.0
809.0
751.0
888.0
760.0
736.0
770.0
817.0
909.0
771.0
853.0
755.0
762.0
794.0
642.0
685.0
788.0
765.0
773.0
861.0
784.0
855.0
784.0
648.0
754.0
780.0
813.0
811.0
905.0
942.0
726.0
791.0
794.0
733.0
704.0
779.0
861.0
738.0
891.0
758.0
733.0
785.0
731.0
823.0
808.0
740.0
749.0
768.0
733.0
794.0
769.0
822.0
764.0
770.0
761.0
745.0
746.0
784.0
722.0
797.0
784.0
784.0
790.0
791.0
973.0
736.0
777.0
795.0
803.0
769.0
795.0
1035.0
756.0
782.0
789.0
731.0
820.0
779.0
757.0
868.0
745.0
793.0
738.0
781.0
793.0
770.0
763.0
800.0
774.0
868.0
772.0
794.0
781.0
841.0
722.0
925.0
777.0
833.0
784.0
793.0
797.0
806.0
742.0
806.0
772.0
760.0
634.0
824.0
747.0
893.0
811.0
893.0
787.0
661.0
781.0
678.0
762.0
800.0
810.0
850.0
741.0
785.0
739.0
730.0
821.0
762.0
755.0
876.0
736.0
753.0
756.0
773.0
669.0
755.0
602.0
820.0
757.0
805.0
715.0
865.0
733.0
744.0
986.0
733.0
823.0
843.0
753.0
861.0
815.0
890.0
749.0
758.0
767.0
784.0
811.0
837.0
749.0
799.0
793.0
841.0
773.0
649.0
735.0
705.0
772.0
898.0
763.0
823.0
723.0
788.0
757.0
752.0
831.0
821.0
732.0
670.0
713.0
770.0
805.0
835.0
843.0
746.0
638.0
841.0
809.0
746.0
795.0
820.0
797.0
765.0
840.0
834.0
770.0
758.0
833.0
950.0
822.0
812.0
839.0
796.0
741.0
946.0
815.0
754.0
601.0
730.0
914.0
806.0
617.0
839.0
836.0
784.0
921.0
822.0
890.0
738.0
829.0
827.0
749.0
805.0
808.0
806.0
662.0
800.0
742.0
744.0
751.0
720.0
659.0
753.0
758.0
802.0
628.0
760.0
790.0
721.0
773.0
724.0
736.0
965.0
726.0
729.0
971.0
752.0
821.0
750.0
813.0
736.0
748.0
746.0
857.0
892.0
749.0
885.0
836.0
761.0
747.0
786.0
797.0
770.0
736.0
769.0
766.0
791.0
739.0
765.0
737.0
863.0
722.0
930.0
842.0
747.0
857.0
779.0
722.0
760.0
772.0
752.0
846.0
721.0
759.0
782.0
704.0
782.0
969.0
797.0
812.0
766.0
764.0
854.0
895.0
787.0
786.0
781.0
794.0
761.0
795.0
788.0
795.0
786.0
649.0
754.0
782.0
649.0
678.0
798.0
753.0
634.0
811.0
693.0
763.0
653.0
757.0
911.0
773.0
838.0
783.0
824.0
802.0
762.0
837.0
726.0
861.0
792.0
803.0
880.0
636.0
778.0
885.0
866.0
819.0
725.0
805.0
760.0
765.0
770.0
674.0
797.0
722.0
756.0
869.0
801.0
779.0
749.0
777.0
806.0
780.0
800.0
672.0
762.0
769.0
803.0
835.0
841.0
802.0
769.0
731.0
830.0
758.0
848.0
728.0
738.0
837.0
810.0
786.0
640.0
771.0
800.0
827.0
848.0
790.0
745.0
800.0
610.0
733.0
756.0
806.0
782.0
852.0
741.0
796.0
810.0
736.0
597.0
712.0
798.0
838.0
732.0
837.0
725.0
747.0
778.0
848.0
782.0
776.0
851.0
630.0
862.0
700.0
818.0
747.0
602.0
790.0
757.0
732.0
781.0
742.0
788.0
788.0
788.0
793.0
763.0
739.0
843.0
698.0
780.0
786.0
797.0
841.0
744.0
786.0
879.0
834.0
757.0
685.0
757.0
801.0
778.0
748.0
716.0
788.0
784.0
730.0
770.0
823.0
955.0
733.0
810.0
715.0
876.0
804.0
864.0
858.0
806.0
744.0
1061.0
777.0
713.0
825.0
638.0
790.0
981.0
710.0
898.0
749.0
738.0
819.0
791.0
759.0
912.0
759.0
751.0
619.0
714.0
815.0
785.0
791.0
739.0
741.0
722.0
816.0
770.0
741.0
769.0
864.0
720.0
838.0
751.0
765.0
818.0
615.0
743.0
749.0
628.0
730.0
814.0
779.0
730.0
778.0
805.0
926.0
818.0
823.0
855.0
714.0
772.0
900.0
715.0
786.0
664.0
844.0
742.0
758.0
672.0
763.0
845.0
737.0
623.0
744.0
739.0
742.0
780.0
902.0
755.0
730.0
811.0
745.0
773.0
820.0
797.0
722.0
786.0
738.0
821.0
732.0
820.0
749.0
733.0
822.0
742.0
742.0
660.0
790.0
839.0
729.0
747.0
733.0
