676.0
753.0
685.0
806.0
729.0
752.0
705.0
629.0
712.0
699.0
698.0
702.0
726.0
693.0
720.0
665.0
756.0
712.0
704.0
694.0
755.0
726.0
720.0
676.0
622.0
710.0
680.0
662.0
757.0
722.0
749.0
663.0
669.0
686.0
729.0
668.0
688.0
691.0
733.0
695.0
680.0
651.0
688.0
710.0
730.0
711.0
685.0
727.0
680.0
646.0
694.0
653.0
726.0
726.0
736.0
690.0
707.0
597.0
793.0
691.0
745.0
665.0
726.0
698.0
715.0
711.0
585.0
689.0
736.0
681.0
752.0
636.0
726.0
737.0
708.0
692.0
750.0
698.0
876.0
692.0
727.0
669.0
640.0
711.0
743.0
728.0
781.0
746.0
718.0
650.0
712.0
685.0
751.0
687.0
727.0
719.0
724.0
667.0
693.0
784.0
849.0
666.0
676.0
817.0
738.0
712.0
697.0
650.0
674.0
702.0
697.0
682.0
707.0
693.0
701.0
686.0
866.0
677.0
708.0
803.0
680.0
724.0
795.0
776.0
685.0
813.0
645.0
662.0
711.0
710.0
733.0
715.0
734.0
588.0
724.0
891.0
707.0
610.0
683.0
877.0
758.0
773.0
707.0
742.0
712.0
654.0
717.0
771.0
743.0
693.0
685.0
762.0
685.0
691.0
753.0
694.0
662.0
733.0
749.0
709.0
709.0
697.0
672.0
780.0
731.0
772.0
831.0
774.0
757.0
682.0
698.0
788.0
754.0
729.0
759.0
680.0
699.0
748.0
670.0
701.0
675.0
593.0
898.0
724.0
580.0
843.0
608.0
656.0
702.0
574.0
859.0
717.0
714.0
714.0
693.0
693.0
721.0
731.0
683.0
717.0
674.0
682.0
708.0
713.0
719.0
692.0
772.0
660.0
678.0
685.0
681.0
692.0
789.0
720.0
733.0
690.0
731.0
713.0
744.0
680.0
646.0
723.0
688.0
669.0
815.0
725.0
794.0
724.0
617.0
683.0
669.0
672.0
745.0
686.0
697.0
596.0
597.0
689.0
656.0
628.0
758.0
767.0
732.0
821.0
682.0
685.0
694.0
730.0
690.0
653.0
680.0
658.0
765.0
688.0
683.0
713.0
720.0
669.0
772.0
695.0
701.0
718.0
818.0
680.0
706.0
707.0
736.0
685.0
644.0
803.0
734.0
724.0
674.0
697.0
779.0
675.0
700.0
868.0
699.0
795.0
699.0
672.0
752.0
605.0
797.0
778.0
689.0
677.0
709.0
715.0
711.0
685.0
675.0
752.0
678.0
604.0
678.0
631.0
693.0
722.0
711.0
729.0
603.0
640.0
791.0
732.0
709.0
654.0
594.0
720.0
688.0
794.0
669.0
728.0
668.0
701.0
694.0
721.0
697.0
587.0
672.0
683.0
598.0
703.0
672.0
676.0
697.0
723.0
734.0
711.0
697.0
706.0
777.0
740.0
682.0
666.0
886.0
613.0
688.0
729.0
713.0
695.0
722.0
685.0
668.0
693.0
749.0
769.0
662.0
728.0
743.0
616.0
706.0
674.0
709.0
685.0
689.0
722.0
749.0
807.0
875.0
744.0
696.0
789.0
693.0
754.0
682.0
690.0
720.0
732.0
676.0
774.0
843.0
609.0
776.0
698.0
725.0
815.0
712.0
689.0
602.0
719.0
674.0
621.0
727.0
668.0
763.0
680.0
720.0
763.0
797.0
729.0
731.0
715.0
702.0
714.0
709.0
711.0
697.0
712.0
673.0
701.0
611.0
837.0
760.0
794.0
708.0
680.0
674.0
691.0
677.0
777.0
705.0
678.0
720.0
675.0
865.0
766.0
628.0
694.0
775.0
567.0
688.0
689.0
613.0
675.0
810.0
800.0
720.0
713.0
699.0
689.0
720.0
605.0
733.0
685.0
716.0
734.0
685.0
672.0
734.0
763.0
702.0
792.0
697.0
636.0
668.0
680.0
690.0
716.0
706.0
689.0
814.0
674.0
677.0
642.0
858.0
688.0
794.0
684.0
712.0
718.0
715.0
809.0
741.0
689.0
825.0
725.0
810.0
795.0
683.0
722.0
609.0
682.0
723.0
595.0
716.0
670.0
734.0
727.0
709.0
662.0
666.0
680.0
666.0
654.0
690.0
764.0
757.0
736.0
885.0
662.0
768.0
700.0
685.0
696.0
706.0
680.0
868.0
731.0
742.0
738.0
679.0
672.0
695.0
682.0
685.0
685.0
665.0
703.0
681.0
773.0
694.0
753.0
844.0
870.0
699.0
786.0
726.0
697.0
715.0
762.0
740.0
734.0
853.0
657.0
733.0
674.0
740.0
770.0
855.0
784.0
759.0
709.0
722.0
680.0
673.0
762.0
714.0
743.0
678.0
666.0
746.0
869.0
705.0
702.0
662.0
730.0
702.0
709.0
649.0
696.0
676.0
773.0
766.0
663.0
680.0
709.0
811.0
657.0
694.0
598.0
731.0
580.0
723.0
760.0
689.0
682.0
702.0
581.0
699.0
669.0
713.0
697.0
698.0
743.0
732.0
672.0
859.0
789.0
709.0
680.0
722.0
705.0
717.0
791.0
729.0
663.0
647.0
697.0
795.0
678.0
734.0
729.0
686.0
693.0
738.0
664.0
695.0
594.0
714.0
598.0
801.0
767.0
747.0
791.0
731.0
726.0
815.0
740.0
699.0
744.0
720.0
726.0
685.0
751.0
747.0
686.0
588.0
720.0
758.0
667.0
750.0
748.0
708.0
827.0
703.0
686.0
712.0
857.0
701.0
676.0
852.0
702.0
775.0
669.0
683.0
728.0
692.0
695.0
724.0
761.0
695.0
610.0
752.0
676.0
813.0
709.0
722.0
737.0
584.0
814.0
751.0
765.0
705.0
786.0
637.0
685.0
713.0
681.0
787.0
721.0
714.0
727.0
684.0
690.0
689.0
696.0
731.0
648.0
709.0
734.0
737.0
709.0
685.0
757.0
706.0
713.0
691.0
646.0
691.0
681.0
712.0
741.0
639.0
763.0
695.0
675.0
625.0
703.0
765.0
661.0
670.0
696.0
702.0
691.0
955.0
700.0
692.0
680.0
659.0
734.0
680.0
694.0
660.0
662.0
762.0
632.0
789.0
712.0
721.0
722.0
657.0
670.0
750.0
813.0
763.0
663.0
679.0
728.0
677.0
677.0
693.0
773.0
715.0
641.0
705.0
717.0
675.0
687.0
707.0
701.0
680.0
768.0
684.0
705.0
857.0
712.0
690.0
680.0
737.0
705.0
767.0
695.0
674.0
665.0
734.0
811.0
720.0
584.0
692.0
664.0
845.0
738.0
757.0
680.0
714.0
691.0
670.0
708.0
669.0
667.0
710.0
725.0
680.0
571.0
665.0
700.0
685.0
698.0
688.0
