686.0
725.0
658.0
657.0
718.0
645.0
672.0
626.0
706.0
669.0
731.0
664.0
656.0
687.0
663.0
659.0
672.0
660.0
687.0
639.0
663.0
648.0
647.0
656.0
660.0
635.0
658.0
641.0
650.0
606.0
736.0
668.0
650.0
626.0
666.0
694.0
682.0
690.0
677.0
727.0
682.0
625.0
664.0
696.0
638.0
603.0
737.0
615.0
648.0
782.0
739.0
652.0
676.0
680.0
817.0
699.0
653.0
667.0
641.0
696.0
634.0
653.0
853.0
667.0
661.0
670.0
637.0
663.0
643.0
614.0
668.0
650.0
652.0
631.0
735.0
654.0
682.0
737.0
626.0
633.0
653.0
628.0
687.0
648.0
660.0
665.0
670.0
660.0
666.0
647.0
739.0
648.0
702.0
677.0
664.0
655.0
688.0
613.0
654.0
642.0
630.0
633.0
773.0
661.0
689.0
690.0
761.0
744.0
664.0
685.0
834.0
741.0
640.0
642.0
665.0
649.0
702.0
721.0
643.0
641.0
656.0
658.0
660.0
640.0
648.0
659.0
634.0
586.0
670.0
665.0
646.0
678.0
640.0
634.0
740.0
676.0
644.0
690.0
720.0
672.0
689.0
808.0
689.0
634.0
705.0
646.0
772.0
793.0
644.0
672.0
663.0
715.0
644.0
635.0
658.0
707.0
741.0
742.0
795.0
649.0
646.0
758.0
683.0
644.0
646.0
589.0
646.0
665.0
651.0
641.0
643.0
629.0
667.0
704.0
746.0
651.0
642.0
638.0
695.0
693.0
660.0
682.0
653.0
642.0
701.0
684.0
651.0
727.0
806.0
674.0
668.0
658.0
651.0
662.0
660.0
702.0
702.0
644.0
696.0
666.0
650.0
661.0
639.0
665.0
709.0
663.0
651.0
656.0
801.0
653.0
708.0
689.0
630.0
666.0
601.0
699.0
618.0
637.0
654.0
640.0
644.0
642.0
657.0
627.0
803.0
649.0
661.0
621.0
636.0
644.0
746.0
715.0
640.0
792.0
675.0
591.0
593.0
631.0
755.0
630.0
621.0
701.0
664.0
656.0
650.0
617.0
717.0
656.0
631.0
648.0
651.0
644.0
694.0
661.0
668.0
685.0
682.0
687.0
646.0
664.0
673.0
656.0
686.0
696.0
619.0
670.0
679.0
668.0
611.0
677.0
706.0
590.0
638.0
637.0
675.0
720.0
697.0
717.0
604.0
676.0
639.0
666.0
660.0
682.0
662.0
705.0
703.0
630.0
646.0
678.0
701.0
809.0
661.0
647.0
727.0
670.0
658.0
676.0
621.0
652.0
646.0
739.0
680.0
664.0
765.0
650.0
677.0
702.0
688.0
667.0
637.0
704.0
653.0
873.0
677.0
708.0
651.0
644.0
629.0
662.0
646.0
634.0
664.0
678.0
685.0
746.0
731.0
665.0
642.0
673.0
686.0
776.0
651.0
640.0
676.0
691.0
785.0
639.0
669.0
766.0
658.0
599.0
648.0
649.0
676.0
636.0
725.0
705.0
655.0
693.0
673.0
675.0
748.0
934.0
653.0
754.0
664.0
747.0
656.0
674.0
637.0
629.0
643.0
636.0
727.0
661.0
635.0
938.0
658.0
662.0
714.0
616.0
770.0
626.0
714.0
637.0
666.0
633.0
599.0
714.0
632.0
676.0
662.0
682.0
643.0
706.0
681.0
664.0
660.0
830.0
801.0
756.0
750.0
708.0
704.0
661.0
662.0
716.0
658.0
642.0
682.0
666.0
637.0
668.0
642.0
644.0
827.0
663.0
641.0
704.0
635.0
642.0
633.0
685.0
701.0
674.0
629.0
657.0
658.0
750.0
618.0
668.0
682.0
651.0
660.0
798.0
671.0
634.0
668.0
669.0
654.0
598.0
812.0
668.0
667.0
642.0
702.0
680.0
636.0
642.0
653.0
704.0
648.0
690.0
679.0
668.0
621.0
647.0
676.0
640.0
632.0
651.0
661.0
657.0
642.0
669.0
764.0
707.0
685.0
616.0
634.0
664.0
761.0
620.0
687.0
645.0
676.0
638.0
690.0
645.0
701.0
734.0
627.0
667.0
624.0
721.0
658.0
649.0
644.0
672.0
644.0
701.0
678.0
637.0
654.0
614.0
612.0
677.0
672.0
785.0
643.0
663.0
664.0
632.0
657.0
624.0
663.0
896.0
640.0
684.0
651.0
661.0
634.0
692.0
648.0
632.0
682.0
678.0
653.0
722.0
637.0
669.0
648.0
674.0
685.0
730.0
664.0
654.0
636.0
632.0
642.0
733.0
635.0
782.0
653.0
744.0
812.0
796.0
720.0
648.0
675.0
651.0
654.0
661.0
697.0
647.0
613.0
642.0
725.0
714.0
740.0
663.0
628.0
634.0
669.0
693.0
619.0
650.0
628.0
729.0
716.0
654.0
690.0
687.0
705.0
641.0
643.0
648.0
653.0
728.0
736.0
828.0
661.0
679.0
692.0
650.0
640.0
704.0
662.0
666.0
654.0
705.0
589.0
640.0
624.0
729.0
848.0
681.0
648.0
640.0
669.0
738.0
643.0
683.0
610.0
685.0
611.0
667.0
658.0
692.0
698.0
638.0
690.0
621.0
804.0
877.0
736.0
650.0
656.0
662.0
693.0
656.0
637.0
644.0
644.0
645.0
647.0
629.0
628.0
650.0
785.0
645.0
689.0
630.0
706.0
689.0
640.0
659.0
688.0
684.0
640.0
701.0
663.0
727.0
598.0
692.0
684.0
672.0
656.0
681.0
644.0
669.0
677.0
687.0
737.0
665.0
854.0
664.0
642.0
646.0
589.0
745.0
790.0
654.0
661.0
676.0
727.0
667.0
682.0
597.0
665.0
695.0
675.0
663.0
653.0
640.0
638.0
641.0
730.0
690.0
670.0
690.0
613.0
719.0
666.0
633.0
709.0
695.0
665.0
654.0
642.0
654.0
680.0
667.0
683.0
658.0
673.0
755.0
665.0
674.0
616.0
637.0
627.0
655.0
650.0
713.0
625.0
694.0
637.0
628.0
653.0
662.0
673.0
690.0
738.0
708.0
626.0
608.0
645.0
650.0
650.0
720.0
638.0
758.0
650.0
680.0
649.0
712.0
749.0
827.0
665.0
663.0
655.0
662.0
648.0
653.0
714.0
724.0
660.0
660.0
627.0
654.0
654.0
592.0
635.0
665.0
781.0
677.0
687.0
678.0
672.0
635.0
664.0
745.0
774.0
