0.5830433636483097
0.6907116857891272
0.8102464332213327
0.7184560156860345
0.8583057817879209
0.9605402246243897
0.8631740885896576
1.1576413514989954
0.5700408899315503
0.5882443531350134
0.9361986906157067
0.8583057817879209
0.5336339635246238
0.9459353042191798
1.0043549858400191
0.6216126674036998
0.6307341424579297
0.4642091617526957
0.6941797270262406
0.9215937702104968
0.6941797270262406
0.29515507840263483
0.7462003455829417
0.6611390593053629
0.6872436445520138
1.1761928220872304
0.5912077505562666
0.8729107021931308
0.5008629147793301
0.5804428689049578
0.6185721757189564
0.9508036110209164
0.8308996748716274
0.7531364280571685
0.8102464332213327
0.6803075620777871
1.3414969164251096
0.633774634142673
0.8143770815513917
0.5942482422410099
0.5492369319847352
0.797854488231156
0.3633160661067788
0.7606786532606256
0.8350303232016865
0.704583850737581
0.8534374749861844
0.7323281806344881
0.8534374749861844
0.6580985676206195
0.7648093015906845
0.9361986906157067
1.0958031162048774
0.6672200426748495
0.633774634142673
0.9556719178226529
0.8875156225983405
0.7288601393973747
0.6428961091969029
0.8143770815513917
0.9751451450295996
0.9215937702104968
0.8308996748716274
0.8485691681844477
0.3667264472908826
0.8185077298814507
0.7080518919746943
0.9605402246243897
0.6520175842511329
0.5972887339257531
0.6611390593053629
0.9702768382278628
0.9021205430035505
0.6976477682633541
0.7813318949109203
0.6428961091969029
0.93133038381397
1.0215972338519361
0.6768395208406736
1.4477784897538033
0.8826473157966039
0.6672200426748495
1.1452737044401717
1.1967346213431422
0.6216126674036998
0.6216126674036998
0.9994866790382826
0.801985136561215
0.8777790089948674
0.8143770815513917
0.704583850737581
0.6580985676206195
2.029983060171292
0.7323281806344881
87.02064441073647
0.7854625432409791
0.7689399499207434
0.4703181205904682
0.7115199332118077
0.38718873439550555
0.8350303232016865
1.3736452870113942
0.6246531590884431
0.7531364280571685
0.7323281806344881
0.5830433636483097
0.8143770815513917
0.6033697172952399
2.7059901636389063
0.5414354477546796
0.6307341424579297
0.8350303232016865
0.7648093015906845
0.6094507006647265
0.6702605343595929
0.5284329740379201
0.6733714796035603
1.0958031162048774
0.8875156225983405
0.7772012465808614
2.4072893504787976
0.8437008613827112
0.7496683868200552
1.2932428180644537
1.0043549858400191
0.8680423953913943
0.5596389109581427
0.7427323043458283
0.6307341424579297
0.6907116857891272
0.6368151258274164
0.8680423953913943
0.7392642631087148
0.7689399499207434
0.8485691681844477
0.6611390593053629
0.8061157848912739
0.8923839294000773
0.6702605343595929
1.1576413514989954
2.2343573007545245
0.7184560156860345
0.5232319845512163
0.6398556175121596
0.9605402246243897
1.2587756049496994
0.4662454813652865
0.6003292256104964
0.42144644988828894
0.9264620770122334
0.4988265951667394
1.1019869397342892
0.5362344582679757
0.8185077298814507
0.7219240569231479
0.6672200426748495
0.7357962218716014
0.6941797270262406
0.3006152309752692
0.7392642631087148
0.7357962218716014
0.8485691681844477
0.7689399499207434
0.6768395208406736
0.8680423953913943
0.8185077298814507
0.5830433636483097
9.14966273497746
0.6246531590884431
0.6803075620777871
0.7253920981602613
1.9513775830238957
0.6428961091969029
0.35479011314651926
0.9800134518313359
0.8437008613827112
0.9605402246243897
0.5726413846749021
0.7392642631087148
0.7115199332118077
0.6520175842511329
0.7357962218716014
0.9556719178226529
0.7219240569231479
0.6941797270262406
0.5804428689049578
0.6216126674036998
0.8308996748716274
1.1638251750284068
0.6580985676206195
0.7253920981602613
0.3156306505500135
0.5972887339257531
0.7323281806344881
0.333376146411075
0.9021205430035505
0.9702768382278628
0.6611390593053629
0.7854625432409791
0.8729107021931308
0.5972887339257531
0.8308996748716274
0.6550580759358762
0.7392642631087148
0.9215937702104968
0.9410669974174433
0.6580985676206195
0.6368151258274164
0.6641795509901062
0.7253920981602613
1.3139231459333063
0.5648399004448464
0.5972887339257531
0.5804428689049578
0.6459366008816462
0.704583850737581
1.0043549858400191
0.5972887339257531
0.5942482422410099
1.4065933771191317
0.6459366008816462
0.41788216505243986
0.6641795509901062
5.63841632862697
0.8729107021931308
0.6520175842511329
0.6094507006647265
0.5726413846749021
0.6185721757189564
0.801985136561215
0.7115199332118077
0.9118571566070235
0.7648093015906845
0.9508036110209164
0.6611390593053629
0.8226383782115096
1.3489342194305913
0.5544379214714389
0.5726413846749021
1.5136746699692782
0.8061157848912739
0.6459366008816462
0.633774634142673
0.42144644988828894
0.8583057817879209
0.7689399499207434
0.7730705982508024
0.6368151258274164
2.3601260641903594
0.6033697172952399
1.320816588556257
0.5648399004448464
0.7323281806344881
0.7772012465808614
0.7080518919746943
0.7288601393973747
1.0958031162048774
0.7184560156860345
0.7648093015906845
0.6276936507731864
0.9946183722365458
0.8729107021931308
0.7288601393973747
0.6246531590884431
0.3701368284749864
0.6520175842511329
0.9702768382278628
0.8143770815513917
0.5544379214714389
0.6368151258274164
0.7392642631087148
1.2312018344578965
0.6428961091969029
0.8143770815513917
0.6064102089799832
0.5674403951881984
0.5830433636483097
0.6550580759358762
0.6702605343595929
0.7496683868200552
0.6672200426748495
0.5362344582679757
0.93133038381397
1.5054376474423439
0.7854625432409791
1.0648839985578185
0.6185721757189564
0.44384596562678774
0.704583850737581
0.8350303232016865
0.8350303232016865
0.6837756033149005
0.6307341424579297
0.5700408899315503
0.6398556175121596
0.42144644988828894
0.8350303232016865
1.6550011630684962
0.6976477682633541
0.6307341424579297
0.5830433636483097
0.8226383782115096
0.6520175842511329
1.2656690475726506
0.6803075620777871
0.4866086774911946
0.3115355361205378
0.8308996748716274
0.5622394057014946
0.6398556175121596
1.052516351498995
0.5804428689049578
0.7288601393973747
0.8485691681844477
1.0958031162048774
0.6246531590884431
0.6216126674036998
0.801985136561215
0.7288601393973747
0.9654085314261263
0.5466364372413833
0.27604454439841475
0.575241879418254
0.6611390593053629
1.1898411787201915
0.9215937702104968
0.6155316840342131
0.5942482422410099
0.6216126674036998
0.6580985676206195
0.6185721757189564
0.6307341424579297
0.6094507006647265
0.5544379214714389
0.7080518919746943
0.5596389109581427
0.27740958254157333
0.7689399499207434
0.38718873439550555
3.0675753585169323
0.6941797270262406
0.7854625432409791
0.6768395208406736
0.714987974448921
0.5972887339257531
0.797854488231156
0.6611390593053629
0.43977332640160616
0.6307341424579297
0.7648093015906845
0.8437008613827112
0.6672200426748495
1.3346034738021588
0.41788216505243986
0.8143770815513917
1.3346034738021588
0.6459366008816462
0.9556719178226529
0.7606786532606256
0.4076510215001284
0.5674403951881984
0.9556719178226529
0.6368151258274164
0.6246531590884431
0.6246531590884431
0.9897500654348093
0.6276936507731864
0.6976477682633541
0.8350303232016865
0.3974198779478169
0.7288601393973747
0.27331446811209764
1.414830399646066
0.5700408899315503
0.7813318949109203
0.6837756033149005
0.8972522362018138
0.7937238399010971
0.8875156225983405
0.6428961091969029
0.7184560156860345
0.6155316840342131
0.6837756033149005
0.6428961091969029
0.9508036110209164
0.8143770815513917
0.6641795509901062
0.49068131671637616
0.5804428689049578
0.6216126674036998
0.5492369319847352
0.8350303232016865
1.077251645616642
0.7219240569231479
0.9069888498052872
0.6185721757189564
0.6276936507731864
0.8680423953913943
0.6428961091969029
0.6672200426748495
0.6872436445520138
1.0401487044401714
0.6803075620777871
0.7011158095004675
0.7462003455829417
0.6803075620777871
0.575241879418254
0.551837426728087
3.350555076247561
0.714987974448921
1.1267222338519365
0.6428961091969029
0.6611390593053629
0.6941797270262406
0.8437008613827112
0.6124911923494698
0.7566044692942819
0.7392642631087148
0.7496683868200552
0.8143770815513917
1.210521506589044
0.6550580759358762
0.7462003455829417
1.3139231459333063
0.633774634142673
1.13908988091076
0.633774634142673
0.7184560156860345
0.6428961091969029
0.7462003455829417
0.7496683868200552
0.9069888498052872
0.6459366008816462
0.6550580759358762
0.8534374749861844
0.6672200426748495
0.5972887339257531
0.6837756033149005
0.7427323043458283
0.5942482422410099
0.801985136561215
1.1452737044401717
0.6641795509901062
0.5622394057014946
0.6428961091969029
0.5804428689049578
0.4127665932762841
0.8485691681844477
0.5804428689049578
0.6246531590884431
0.5804428689049578
0.5622394057014946
0.7895931915710381
0.5648399004448464
0.6520175842511329
0.8308996748716274
1.2380952770808473
0.8143770815513917
0.7606786532606256
0.3462641601862597
0.35649530373857125
0.9702768382278628
0.714987974448921
0.6803075620777871
0.5466364372413833
0.9118571566070235
0.6803075620777871
0.7427323043458283
0.9800134518313359
0.5674403951881984
1.1019869397342892
0.6580985676206195
0.4988265951667394
0.5674403951881984
0.5942482422410099
1.3346034738021588
0.4764270794282406
0.7253920981602613
1.13908988091076
0.7772012465808614
0.6520175842511329
0.8534374749861844
0.714987974448921
0.8583057817879209
1.5054376474423439
0.7496683868200552
0.6976477682633541
0.4076510215001284
0.5700408899315503
0.7648093015906845
1.0958031162048774
0.6580985676206195
0.7115199332118077
0.5648399004448464
0.6733714796035603
0.32655095569528214
0.7080518919746943
0.288329887686842
0.6580985676206195
1.1452737044401717
0.6307341424579297
1.4395414672268692
0.6459366008816462
0.6064102089799832
0.7606786532606256
1.0043549858400191
0.8631740885896576
0.6550580759358762
1.0401487044401714
2.470173732196715
0.34967454137036363
0.5726413846749021
1.1019869397342892
1.327710031179208
0.7184560156860345
0.7462003455829417
0.5700408899315503
0.5830433636483097
0.4255190891134706
0.6672200426748495
0.5414354477546796
0.7357962218716014
0.6941797270262406
0.8729107021931308
0.9654085314261263
0.5648399004448464
0.5804428689049578
0.714987974448921
0.7813318949109203
0.8534374749861844
0.9264620770122334
0.7219240569231479
0.6837756033149005
0.4988265951667394
0.6276936507731864
0.6837756033149005
0.6641795509901062
0.93133038381397
0.704583850737581
0.7689399499207434
0.7772012465808614
0.797854488231156
0.8777790089948674
0.5284329740379201
0.6155316840342131
0.6246531590884431
0.7115199332118077
0.6368151258274164
0.5882443531350134
0.9848817586330727
0.7772012465808614
0.7427323043458283
1.6644241322561713
0.6094507006647265
1.2932428180644537
0.633774634142673
0.9459353042191798
0.8485691681844477
0.6641795509901062
0.6580985676206195
0.7566044692942819
0.6733714796035603
0.7648093015906845
0.48457235787860375
1.052516351498995
0.7813318949109203
0.8143770815513917
0.8437008613827112
0.7288601393973747
0.8391609715317454
0.9410669974174433
1.4724895573346066
1.0463325279695832
0.801985136561215
0.6276936507731864
0.8308996748716274
0.633774634142673
0.5856438583916616
0.9751451450295996
0.797854488231156
0.9118571566070235
0.6489770925663895
0.2869648495436834
0.7648093015906845
0.8875156225983405
0.4581002029149233
2.281520587042963
0.27331446811209764
0.8308996748716274
0.507629016091105
0.7357962218716014
1.3414969164251096
0.5284329740379201
0.6307341424579297
0.7392642631087148
0.8485691681844477
0.6641795509901062
0.6580985676206195
0.8875156225983405
0.6033697172952399
0.8729107021931308
0.6702605343595929
0.6672200426748495
0.6803075620777871
2.6588268773504677
1.1576413514989954
0.3101704979773792
0.3718420190670384
0.8826473157966039
0.5362344582679757
0.5466364372413833
0.714987974448921
0.6641795509901062
0.5648399004448464
0.6398556175121596
0.9702768382278628
0.5232319845512163
0.5726413846749021
0.575241879418254
0.6702605343595929
0.9021205430035505
0.5648399004448464
0.8391609715317454
0.6768395208406736
1.1267222338519365
