886.0
951.0
925.0
870.0
835.0
811.0
860.0
805.0
883.0
681.0
909.0
838.0
877.0
758.0
890.0
1025.0
907.0
814.0
871.0
886.0
811.0
781.0
941.0
877.0
692.0
784.0
836.0
865.0
810.0
880.0
893.0
954.0
796.0
587.0
903.0
827.0
880.0
804.0
849.0
958.0
836.0
898.0
846.0
755.0
797.0
948.0
868.0
920.0
954.0
813.0
837.0
586.0
795.0
628.0
830.0
875.0
925.0
914.0
874.0
756.0
784.0
876.0
622.0
850.0
827.0
902.0
813.0
875.0
812.0
897.0
861.0
877.0
882.0
920.0
793.0
830.0
905.0
792.0
809.0
789.0
904.0
818.0
858.0
814.0
780.0
786.0
837.0
848.0
850.0
867.0
783.0
699.0
810.0
791.0
867.0
804.0
947.0
828.0
809.0
826.0
804.0
808.0
779.0
810.0
587.0
846.0
950.0
985.0
826.0
624.0
1199.0
859.0
806.0
928.0
837.0
845.0
892.0
739.0
808.0
800.0
782.0
893.0
832.0
816.0
798.0
582.0
594.0
814.0
1008.0
856.0
856.0
937.0
818.0
829.0
762.0
793.0
802.0
836.0
945.0
852.0
844.0
815.0
784.0
610.0
837.0
816.0
815.0
852.0
1024.0
802.0
813.0
699.0
596.0
790.0
870.0
878.0
818.0
850.0
866.0
798.0
868.0
894.0
866.0
794.0
594.0
877.0
797.0
913.0
930.0
813.0
789.0
881.0
941.0
879.0
708.0
825.0
808.0
910.0
788.0
627.0
969.0
790.0
923.0
790.0
654.0
795.0
794.0
997.0
834.0
805.0
838.0
788.0
829.0
925.0
794.0
717.0
986.0
836.0
835.0
879.0
598.0
830.0
806.0
827.0
824.0
823.0
805.0
824.0
802.0
892.0
806.0
697.0
817.0
796.0
913.0
653.0
961.0
843.0
859.0
861.0
858.0
911.0
793.0
882.0
875.0
779.0
797.0
792.0
981.0
834.0
834.0
845.0
790.0
873.0
805.0
826.0
808.0
808.0
774.0
778.0
816.0
917.0
933.0
833.0
621.0
772.0
853.0
590.0
633.0
787.0
814.0
582.0
858.0
855.0
840.0
952.0
887.0
848.0
979.0
851.0
818.0
618.0
807.0
823.0
863.0
920.0
848.0
878.0
822.0
861.0
617.0
797.0
897.0
841.0
838.0
792.0
868.0
801.0
826.0
810.0
948.0
780.0
820.0
765.0
825.0
879.0
889.0
815.0
800.0
841.0
921.0
838.0
870.0
840.0
938.0
862.0
600.0
821.0
901.0
868.0
626.0
759.0
859.0
889.0
684.0
819.0
829.0
622.0
829.0
816.0
588.0
819.0
817.0
914.0
981.0
908.0
933.0
803.0
846.0
884.0
898.0
812.0
946.0
880.0
906.0
804.0
983.0
884.0
1029.0
894.0
666.0
633.0
804.0
783.0
879.0
800.0
806.0
921.0
840.0
705.0
898.0
589.0
797.0
698.0
827.0
870.0
801.0
795.0
808.0
893.0
859.0
1010.0
923.0
957.0
818.0
781.0
938.0
812.0
649.0
820.0
836.0
924.0
826.0
776.0
815.0
839.0
940.0
849.0
873.0
860.0
630.0
806.0
842.0
808.0
845.0
889.0
951.0
884.0
926.0
832.0
1029.0
703.0
897.0
760.0
717.0
729.0
805.0
814.0
833.0
892.0
822.0
891.0
826.0
803.0
866.0
726.0
828.0
758.0
805.0
878.0
806.0
782.0
731.0
854.0
725.0
809.0
845.0
811.0
844.0
881.0
873.0
898.0
907.0
828.0
979.0
842.0
791.0
821.0
814.0
783.0
939.0
794.0
822.0
830.0
854.0
848.0
811.0
701.0
782.0
839.0
907.0
693.0
772.0
872.0
853.0
813.0
838.0
793.0
1001.0
724.0
962.0
830.0
789.0
700.0
792.0
779.0
858.0
806.0
850.0
819.0
836.0
842.0
845.0
917.0
930.0
879.0
788.0
885.0
804.0
604.0
921.0
958.0
817.0
788.0
846.0
868.0
880.0
829.0
803.0
887.0
809.0
822.0
824.0
886.0
798.0
938.0
785.0
889.0
875.0
836.0
830.0
785.0
957.0
804.0
781.0
840.0
960.0
792.0
836.0
790.0
845.0
791.0
794.0
810.0
816.0
860.0
776.0
898.0
823.0
829.0
746.0
786.0
829.0
911.0
785.0
849.0
813.0
778.0
855.0
618.0
827.0
789.0
838.0
879.0
827.0
840.0
857.0
827.0
850.0
805.0
872.0
924.0
732.0
610.0
866.0
711.0
853.0
837.0
1003.0
650.0
806.0
805.0
800.0
873.0
793.0
859.0
993.0
909.0
802.0
875.0
893.0
789.0
818.0
814.0
941.0
852.0
874.0
832.0
826.0
870.0
870.0
752.0
714.0
892.0
821.0
816.0
849.0
823.0
818.0
866.0
846.0
803.0
1078.0
812.0
889.0
1038.0
947.0
821.0
884.0
597.0
846.0
634.0
813.0
827.0
821.0
822.0
814.0
736.0
868.0
901.0
836.0
807.0
849.0
852.0
920.0
1026.0
821.0
834.0
796.0
640.0
1056.0
693.0
792.0
826.0
662.0
805.0
814.0
843.0
787.0
818.0
845.0
827.0
798.0
858.0
795.0
842.0
963.0
798.0
806.0
809.0
833.0
844.0
800.0
682.0
814.0
796.0
934.0
615.0
886.0
846.0
937.0
804.0
791.0
756.0
957.0
865.0
852.0
792.0
930.0
889.0
812.0
853.0
809.0
784.0
657.0
910.0
971.0
815.0
672.0
874.0
827.0
726.0
802.0
779.0
803.0
852.0
760.0
908.0
838.0
825.0
865.0
801.0
849.0
803.0
790.0
919.0
598.0
780.0
685.0
925.0
924.0
894.0
808.0
820.0
906.0
828.0
843.0
695.0
806.0
837.0
869.0
829.0
852.0
885.0
783.0
742.0
795.0
827.0
813.0
978.0
869.0
882.0
818.0
938.0
882.0
879.0
661.0
880.0
981.0
925.0
656.0
834.0
1139.0
905.0
722.0
818.0
831.0
831.0
1043.0
781.0
782.0
642.0
844.0
769.0
654.0
810.0
813.0
824.0
935.0
765.0
816.0
987.0
804.0
802.0
790.0
809.0
909.0
853.0
848.0
998.0
618.0
785.0
801.0
805.0
800.0
824.0
826.0
814.0
908.0
902.0
780.0
941.0
791.0
864.0
