604.0
610.0
595.0
587.0
616.0
567.0
584.0
634.0
759.0
725.0
557.0
657.0
570.0
676.0
533.0
593.0
629.0
458.0
678.0
484.0
502.0
577.0
573.0
613.0
637.0
696.0
608.0
553.0
569.0
599.0
612.0
569.0
710.0
549.0
587.0
625.0
597.0
617.0
713.0
597.0
578.0
656.0
586.0
731.0
720.0
609.0
610.0
571.0
472.0
653.0
642.0
557.0
772.0
566.0
601.0
581.0
588.0
569.0
452.0
595.0
625.0
629.0
581.0
605.0
699.0
633.0
742.0
592.0
593.0
768.0
600.0
603.0
633.0
610.0
656.0
698.0
589.0
579.0
618.0
593.0
581.0
484.0
588.0
503.0
562.0
592.0
630.0
589.0
574.0
602.0
737.0
634.0
600.0
466.0
653.0
582.0
589.0
628.0
597.0
576.0
557.0
581.0
638.0
616.0
744.0
581.0
689.0
570.0
588.0
606.0
586.0
790.0
569.0
648.0
557.0
587.0
578.0
589.0
569.0
598.0
580.0
651.0
674.0
574.0
759.0
624.0
720.0
603.0
581.0
593.0
603.0
658.0
628.0
644.0
588.0
599.0
568.0
555.0
677.0
620.0
628.0
581.0
685.0
586.0
602.0
584.0
570.0
455.0
573.0
565.0
722.0
528.0
635.0
617.0
580.0
548.0
561.0
633.0
610.0
622.0
750.0
629.0
598.0
685.0
566.0
583.0
550.0
604.0
739.0
602.0
454.0
600.0
662.0
564.0
449.0
553.0
556.0
672.0
623.0
686.0
650.0
595.0
690.0
598.0
535.0
645.0
596.0
706.0
585.0
578.0
634.0
609.0
609.0
677.0
516.0
587.0
590.0
579.0
600.0
584.0
577.0
662.0
693.0
618.0
616.0
585.0
574.0
598.0
621.0
580.0
584.0
695.0
663.0
697.0
710.0
586.0
594.0
606.0
608.0
576.0
602.0
646.0
606.0
602.0
578.0
613.0
586.0
650.0
655.0
446.0
618.0
573.0
572.0
538.0
603.0
498.0
606.0
576.0
616.0
582.0
549.0
659.0
641.0
586.0
584.0
616.0
571.0
600.0
712.0
685.0
620.0
659.0
584.0
567.0
564.0
652.0
574.0
794.0
619.0
696.0
603.0
605.0
564.0
583.0
703.0
658.0
640.0
682.0
588.0
620.0
478.0
577.0
771.0
575.0
606.0
526.0
662.0
497.0
605.0
599.0
642.0
580.0
475.0
584.0
609.0
629.0
760.0
565.0
593.0
580.0
547.0
598.0
600.0
587.0
509.0
616.0
540.0
554.0
565.0
621.0
637.0
658.0
585.0
569.0
725.0
589.0
541.0
587.0
573.0
602.0
609.0
534.0
780.0
512.0
587.0
566.0
592.0
601.0
576.0
584.0
580.0
556.0
585.0
665.0
568.0
676.0
570.0
613.0
632.0
830.0
493.0
573.0
590.0
557.0
635.0
728.0
589.0
580.0
586.0
575.0
597.0
544.0
584.0
630.0
621.0
509.0
642.0
554.0
458.0
608.0
629.0
605.0
665.0
610.0
602.0
600.0
612.0
572.0
638.0
595.0
650.0
581.0
721.0
616.0
657.0
618.0
569.0
693.0
586.0
571.0
517.0
578.0
667.0
589.0
576.0
538.0
581.0
621.0
906.0
672.0
848.0
605.0
565.0
605.0
564.0
488.0
582.0
540.0
700.0
688.0
553.0
582.0
596.0
564.0
586.0
581.0
550.0
593.0
646.0
799.0
634.0
651.0
476.0
604.0
602.0
579.0
568.0
636.0
605.0
634.0
565.0
609.0
670.0
593.0
618.0
584.0
578.0
581.0
578.0
628.0
566.0
613.0
621.0
588.0
720.0
584.0
756.0
568.0
608.0
672.0
597.0
592.0
613.0
554.0
710.0
599.0
635.0
601.0
588.0
664.0
583.0
652.0
585.0
567.0
677.0
597.0
608.0
586.0
581.0
476.0
619.0
584.0
574.0
656.0
651.0
483.0
635.0
779.0
644.0
595.0
589.0
666.0
556.0
599.0
561.0
586.0
677.0
600.0
585.0
675.0
638.0
584.0
505.0
561.0
679.0
653.0
650.0
569.0
594.0
578.0
534.0
594.0
589.0
614.0
648.0
573.0
610.0
574.0
793.0
602.0
455.0
580.0
569.0
653.0
865.0
573.0
602.0
568.0
646.0
576.0
673.0
631.0
592.0
597.0
585.0
566.0
722.0
688.0
565.0
646.0
686.0
718.0
575.0
554.0
569.0
610.0
597.0
573.0
566.0
552.0
580.0
698.0
602.0
588.0
564.0
601.0
461.0
654.0
600.0
558.0
598.0
646.0
610.0
579.0
612.0
608.0
586.0
561.0
633.0
777.0
594.0
508.0
627.0
589.0
586.0
586.0
571.0
550.0
624.0
603.0
608.0
553.0
627.0
556.0
562.0
590.0
630.0
682.0
563.0
611.0
572.0
641.0
592.0
570.0
614.0
610.0
597.0
590.0
646.0
544.0
627.0
609.0
633.0
677.0
624.0
609.0
619.0
513.0
557.0
576.0
632.0
622.0
596.0
617.0
590.0
582.0
599.0
604.0
617.0
629.0
621.0
668.0
673.0
592.0
597.0
598.0
632.0
578.0
589.0
590.0
586.0
592.0
557.0
446.0
717.0
569.0
617.0
605.0
597.0
621.0
563.0
629.0
615.0
646.0
589.0
598.0
655.0
610.0
628.0
605.0
673.0
555.0
451.0
683.0
586.0
585.0
516.0
629.0
494.0
619.0
781.0
611.0
