0.591499847247453
0.7266530329328945
0.6765082288443084
1.0879434278808038
1.568467955547628
0.9450910844146401
0.7123259460504413
0.6423873018662509
0.6836717722855351
0.5882068215261618
0.6389948048916645
0.7123259460504413
0.6254248169933182
0.7902019503807317
1.033450987276052
0.6559572897645971
0.6050698351457992
0.6661347806883567
0.7857941935673144
0.6356023079170778
0.7637554095002286
0.6944170874473748
0.7813864367538972
0.6254248169933182
1.1121622903718043
0.6559572897645971
1.106107574749054
0.7725709231270629
1.2698178169226388
0.7857941935673144
0.6559572897645971
1.1182170059945542
0.7373983480947343
0.7553072066978007
1.3950609461874368
0.6836717722855351
0.8078329776344003
0.9076776748181989
0.48957613915121334
0.8078329776344003
0.6593497867391835
0.934401538815657
0.6016773381712126
0.6836717722855351
0.591499847247453
1.179103210181066
0.9076776748181989
0.6322098109424913
0.8166484912612346
0.8210562480746518
0.7123259460504413
1.033450987276052
0.5882068215261618
0.579737536531197
0.6389948048916645
0.6908353157267616
0.6661347806883567
0.7725709231270629
0.7230712612122812
0.9023329020187073
0.6220323200187318
0.649172295815424
1.0879434278808038
0.934401538815657
1.3000560191698298
1.0818887122580534
0.6118548290949721
0.799017464007566
0.7481436632565742
0.6979988591679881
1.201781861866459
1.4116160642976734
0.9931940396100644
0.7481436632565742
1.3378537719788184
0.649172295815424
0.7637554095002286
0.7553072066978007
0.7857941935673144
0.9504358572141316
0.6944170874473748
0.9183672204171821
0.8862985836202326
0.7553072066978007
0.7230712612122812
0.5825606315295185
0.6559572897645971
0.6457797988408376
0.649172295815424
0.6695272776629432
0.598284841196626
0.8166484912612346
0.6288173139679049
0.7087441743298281
0.7637554095002286
0.6944170874473748
0.7373983480947343
0.6254248169933182
0.7123259460504413
0.5013416679704635
0.7481436632565742
1.0516151341443025
0.6661347806883567
0.9450910844146401
0.6836717722855351
0.6836717722855351
0.5656220615395892
1.3000560191698298
2.0583904329725966
0.6152473260695587
0.48957613915121334
1.2093414124282567
0.7481436632565742
0.649172295815424
2.0881972733057528
0.591499847247453
1.1363811528628047
0.6525647927900106
0.9076776748181989
0.8435404012242997
0.6908353157267616
0.6800900005649217
0.5853837265278402
0.7087441743298281
0.6627422837137701
0.6423873018662509
0.9076776748181989
1.386783387132319
1.0395057028988022
0.7015806308886015
0.7087441743298281
0.5853837265278402
0.6389948048916645
0.799017464007566
0.5740913465345538
0.6695272776629432
1.172709446599306
0.7517254349771875
0.8210562480746518
0.7725709231270629
0.9931940396100644
1.1303264372400548
1.2546987157990435
0.6389948048916645
0.7194894894916679
0.7087441743298281
0.7857941935673144
1.142435868485555
1.386783387132319
0.8916433564197241
0.6695272776629432
0.7409801198153476
0.6695272776629432
0.6800900005649217
1.4281711824079095
0.7409801198153476
0.971814948412098
0.5317449215597303
0.8342795185149035
1.0697792810125528
0.5599758715429459
0.8542299468232829
0.7946097071941488
0.47781061033196326
2.118004113638909
0.7159077177710546
0.48722303338736334
0.7681631663136457
0.9290567660161652
1.5298012888809613
0.9290567660161652
0.9825044940110813
0.5373911115563735
1.148490584108305
1.849742550640504
0.649172295815424
0.6559572897645971
0.6765082288443084
0.8916433564197241
0.7015806308886015
0.7194894894916679
0.7409801198153476
0.7769786799404801
0.7409801198153476
0.7266530329328945
0.6288173139679049
0.6800900005649217
0.8595747196227745
0.7230712612122812
0.6356023079170778
0.799017464007566
0.6729264571236951
0.7159077177710546
0.7373983480947343
1.106107574749054
0.8034252208209832
0.6559572897645971
0.6423873018662509
0.8969881292192157
0.5515065865479812
0.6423873018662509
0.6765082288443084
0.934401538815657
2.1776177943052217
0.5373911115563735
0.598284841196626
0.5769144415328754
0.8756090380212493
0.7593476526868114
0.6944170874473748
0.6254248169933182
0.5627989665412675
0.7553072066978007
0.5260987315630871
1.172709446599306
0.6118548290949721
0.5260987315630871
0.48957613915121334
0.6288173139679049
0.7725709231270629
1.100052859126304
0.7517254349771875
0.6559572897645971
0.9023329020187073
1.1303264372400548
0.5948923442220396
0.8210562480746518
0.8386872753283207
0.9237119932166737
0.6944170874473748
0.7902019503807317
0.5571527765446244
0.6016773381712126
0.6525647927900106
0.7593476526868114
0.7409801198153476
0.6322098109424913
0.6254248169933182
0.6979988591679881
0.7338165763741209
0.9237119932166737
0.9023329020187073
0.7769786799404801
1.6748012888809614
0.5543296815463028
0.649172295815424
0.6220323200187318
0.7902019503807317
0.6559572897645971
0.7517254349771875
0.8969881292192157
0.6765082288443084
0.7409801198153476
1.201781861866459
0.9611254028131149
0.7593476526868114
0.8386872753283207
1.7454186094744577
0.6593497867391835
0.6254248169933182
0.7051624026092147
0.7553072066978007
0.5543296815463028
0.8078329776344003
0.649172295815424
1.403338505242555
0.6872535440061482
0.6908353157267616
0.9076776748181989
0.7902019503807317
0.7445618915359609
0.6525647927900106
0.6457797988408376
0.8386872753283207
0.7902019503807317
1.7305151893078796
0.8034252208209832
0.8649194924222662
0.598284841196626
0.8756090380212493
0.8254640048880691
0.8435404012242997
0.6695272776629432
0.7159077177710546
0.6525647927900106
0.6118548290949721
0.7481436632565742
0.9183672204171821
0.6118548290949721
0.8298717617014862
0.7159077177710546
0.7445618915359609
1.142435868485555
1.0637245653898029
0.7481436632565742
0.6152473260695587
0.7159077177710546
0.6836717722855351
0.8078329776344003
1.1606000153538054
0.8595747196227745
0.799017464007566
0.7266530329328945
0.6836717722855351
0.7194894894916679
0.8595747196227745
1.3378537719788184
0.8034252208209832
0.6254248169933182
0.6944170874473748
0.6322098109424913
1.1121622903718043
1.0092321247850515
0.799017464007566
0.6423873018662509
0.7373983480947343
1.1303264372400548
0.6765082288443084
0.7266530329328945
0.5882068215261618
0.6872535440061482
0.6016773381712126
0.6559572897645971
0.5769144415328754
0.7409801198153476
0.8254640048880691
0.6908353157267616
0.7409801198153476
0.6525647927900106
0.9290567660161652
0.8034252208209832
0.6322098109424913
0.6836717722855351
0.9076776748181989
0.7553072066978007
0.7553072066978007
0.6593497867391835
0.7481436632565742
0.5882068215261618
0.9450910844146401
0.4754575045681132
0.6979988591679881
0.6220323200187318
0.6800900005649217
0.5948923442220396
0.7481436632565742
0.7481436632565742
0.6356023079170778
0.6016773381712126
0.8254640048880691
2.4607827774702042
0.7409801198153476
0.8078329776344003
0.5853837265278402
0.6695272776629432
0.7266530329328945
0.6593497867391835
0.8078329776344003
0.6627422837137701
0.799017464007566
0.7087441743298281
0.8122407344478175
1.0697792810125528
0.9397463116151485
0.5769144415328754
1.3619507099669645
0.7338165763741209
0.7230712612122812
0.6872535440061482
0.6908353157267616
0.7409801198153476
1.9689699119731283
0.8809538108207409
0.9611254028131149
0.7813864367538972
0.9985388124095559
1.148490584108305
0.4801637160958133
0.6765082288443084
0.649172295815424
0.6836717722855351
0.6836717722855351
1.0092321247850515
1.0152868404078017
0.7769786799404801
0.9985388124095559
0.7373983480947343
0.8034252208209832
0.6220323200187318
0.9825044940110813
0.6389948048916645
0.7123259460504413
0.8435404012242997
0.4848699276235134
0.5853837265278402
0.6118548290949721
0.6559572897645971
0.8969881292192157
0.6593497867391835
0.6016773381712126
0.7159077177710546
0.8649194924222662
1.033450987276052
0.7338165763741209
0.6627422837137701
0.8862985836202326
0.799017464007566
0.6322098109424913
0.6800900005649217
0.6593497867391835
0.7123259460504413
0.6836717722855351
0.7159077177710546
0.6908353157267616
0.47781061033196326
0.6836717722855351
1.0038835852090475
0.7123259460504413
0.6220323200187318
0.9076776748181989
0.9771597212115897
0.8809538108207409
0.8298717617014862
0.6254248169933182
0.6908353157267616
0.7445618915359609
0.7159077177710546
0.9290567660161652
0.6389948048916645
0.7015806308886015
0.5260987315630871
0.649172295815424
0.6765082288443084
0.6559572897645971
1.0092321247850515
1.1363811528628047
0.9237119932166737
0.6389948048916645
0.6423873018662509
0.6944170874473748
0.6627422837137701
0.4848699276235134
0.8862985836202326
0.6944170874473748
0.7769786799404801
0.7051624026092147
0.7123259460504413
0.6695272776629432
0.7338165763741209
1.0395057028988022
0.7087441743298281
1.1606000153538054
0.5853837265278402
0.7051624026092147
0.7015806308886015
0.6118548290949721
0.6765082288443084
0.6016773381712126
0.7553072066978007
0.6872535440061482
0.6118548290949721
0.6559572897645971
0.6254248169933182
0.799017464007566
0.7015806308886015
0.7159077177710546
0.591499847247453
0.7681631663136457
1.568467955547628
0.7338165763741209
0.6254248169933182
0.9023329020187073
0.7338165763741209
0.9825044940110813
1.6071346222142946
0.6457797988408376
0.5627989665412675
0.7409801198153476
0.7266530329328945
0.7769786799404801
1.1242717216173046
0.7681631663136457
0.7517254349771875
0.7681631663136457
0.6423873018662509
0.8702642652217578
1.3619507099669645
0.9076776748181989
0.6389948048916645
0.6016773381712126
0.6220323200187318
0.6765082288443084
0.7087441743298281
0.6872535440061482
0.6765082288443084
0.5656220615395892
0.6254248169933182
0.5853837265278402
0.7373983480947343
0.540214206554695
0.6423873018662509
1.330294221417021
0.8435404012242997
0.6800900005649217
0.6836717722855351
0.6389948048916645
0.971814948412098
0.799017464007566
1.1121622903718043
0.6389948048916645
1.0516151341443025
0.5769144415328754
0.7015806308886015
0.8210562480746518
1.864645970807082
0.6695272776629432
0.8435404012242997
0.7338165763741209
0.7902019503807317
0.7087441743298281
0.5825606315295185
0.5148063515698008
0.6979988591679881
0.5712682515362323
0.9023329020187073
0.9130224476176906
0.7637554095002286
0.6288173139679049
0.8595747196227745
0.6457797988408376
0.7409801198153476
0.7409801198153476
0.7553072066978007
0.6389948048916645
0.7857941935673144
0.7087441743298281
0.7015806308886015
0.5740913465345538
0.7902019503807317
0.5373911115563735
0.971814948412098
1.5109467729590909
0.7445618915359609
0.7553072066978007
0.5684451565379107
0.9878492668105728
0.7902019503807317
0.7769786799404801
0.6356023079170778
0.799017464007566
0.799017464007566
7.552647770796552
0.7087441743298281
0.8969881292192157
3.2357606261322633
1.0818887122580534
0.6908353157267616
0.8078329776344003
0.7373983480947343
1.3378537719788184
0.5882068215261618
0.649172295815424
0.7593476526868114
1.0758339966353032
0.7902019503807317
0.6389948048916645
0.799017464007566
0.6118548290949721
1.0152868404078017
0.6389948048916645
0.6695272776629432
0.7051624026092147
0.6050698351457992
0.6356023079170778
1.7752254498076139
0.6695272776629432
0.6593497867391835
0.6800900005649217
1.330294221417021
1.5201346222142944
0.7946097071941488
0.6559572897645971
0.6908353157267616
0.7123259460504413
0.9664701756126065
0.8488851740237914
0.7725709231270629
0.5853837265278402
0.9878492668105728
1.0758339966353032
0.7725709231270629
0.6220323200187318
0.6944170874473748
0.6389948048916645
0.7593476526868114
0.8756090380212493
1.2244605135518525
0.6322098109424913
0.6627422837137701
0.6872535440061482
0.6152473260695587
0.7813864367538972
0.6050698351457992
0.7409801198153476
1.0576698497670527
0.7266530329328945
0.6559572897645971
0.8254640048880691
0.6908353157267616
1.0038835852090475
0.6423873018662509
0.7517254349771875
0.9130224476176906
1.0818887122580534
0.6152473260695587
0.47781061033196326
0.8166484912612346
0.5882068215261618
33.55658954912572
0.7445618915359609
1.292496468608032
0.7725709231270629
0.7481436632565742
0.6525647927900106
1.3076155697316276
0.8166484912612346
1.0637245653898029
0.8166484912612346
0.5148063515698008
0.6800900005649217
0.7373983480947343
0.649172295815424
0.7373983480947343
0.7857941935673144
0.9504358572141316
0.8435404012242997
0.6800900005649217
0.7946097071941488
0.8916433564197241
0.5260987315630871
0.6836717722855351
0.7769786799404801
0.6254248169933182
0.649172295815424
0.9504358572141316
0.7159077177710546
0.6016773381712126
0.7087441743298281
0.6872535440061482
0.7159077177710546
0.7681631663136457
1.4778365367386181
0.4848699276235134
0.9290567660161652
0.6661347806883567
1.100052859126304
0.6800900005649217
0.649172295815424
0.7338165763741209
0.7373983480947343
0.6593497867391835
0.7637554095002286
0.6254248169933182
0.5882068215261618
0.6593497867391835
0.6559572897645971
1.179103210181066
0.6559572897645971
0.6525647927900106
1.386783387132319
0.7087441743298281
0.5853837265278402
0.5373911115563735
1.9987767523062847
0.6661347806883567
1.292496468608032
0.6084623321203856
0.6559572897645971
1.6168012888809613
0.8034252208209832
0.799017464007566
0.7087441743298281
2.624720399302563
0.5317449215597303
0.6423873018662509
0.6016773381712126
1.3000560191698298
0.8969881292192157
1.5781346222142947
0.6800900005649217
0.7266530329328945
0.6559572897645971
0.6593497867391835
0.6593497867391835
1.0092321247850515
0.971814948412098
2.3415554161375804
0.8488851740237914
0.6559572897645971
0.7946097071941488
2.7588511808017655
0.8435404012242997
0.6695272776629432
0.6593497867391835
0.8078329776344003
0.6525647927900106
1.1121622903718043
0.6389948048916645
0.5627989665412675
0.6979988591679881
0.8756090380212493
0.7725709231270629
0.6944170874473748
3.1910503656325293
0.6389948048916645
0.6765082288443084
0.7445618915359609
0.7481436632565742
0.8034252208209832
0.7857941935673144
1.6361346222142947
0.6559572897645971
0.7087441743298281
0.7553072066978007
