0.8783903933765804
0.7180334515240376
0.9652800072971895
0.5289750692936858
1.531309515894034
0.38145301787632596
1.0446238613233663
0.942414319423345
0.8875366685261182
2.6903892682196306
3.3854612631369796
0.8264417987412999
0.8692441182270426
1.7943679597461821
1.0335471408755559
2.522385272880858
0.5814576181117742
1.5407430548732823
1.4025197321271567
0.7769488154909604
0.9241217691242696
1.0064382454701097
1.724366295021694
0.7883702731641157
0.9972919703205719
0.8418052927784294
2.3123802787073937
1.7383666279665917
0.9469874569981139
1.4392606670332293
0.9469874569981139
0.8418052927784294
0.942414319423345
0.8509515679279671
1.2191458265399766
0.9378411818485761
0.7845631206063972
3.3344045836849205
0.8783903933765804
0.4311325582958768
0.34691840700421034
0.8783903933765804
1.0280087806516507
1.878369957415568
1.5973442887487734
1.0169320602038403
1.1221609044580387
0.7114087961479054
0.8074060359527079
1.329986024233551
5.7426593844801
1.2745659253867636
1.4980461628829453
1.0944691033385128
1.1498527055775647
0.9698531448719584
0.49181961458113715
0.4011870812318207
1.0064382454701097
0.7769488154909604
0.7511567284046994
1.343841048945248
0.9835725575962652
0.8150203410681446
1.7943679597461821
0.9698531448719584
3.8214236147228986
0.7579130527023683
1.5127425368453744
0.4978883202096632
0.8418052927784294
0.6545098846141691
0.855524705502736
0.9515605945728828
1.4172161060895858
1.1845082647607346
1.4025197321271567
0.7246581069001701
2.396382276376779
0.508438419756173
0.9104023563999628
0.6083802994239051
1.212218314184128
0.6054972003495136
0.8226346461835815
0.988145695171034
1.0778540226667972
1.0446238613233663
1.3731269842022986
0.9104023563999628
1.1110841840102281
1.3951715451459423
0.4412470676767535
0.8226346461835815
1.2330008512516732
2.5643862717155503
3.0263972588971733
0.7579130527023683
4.693348317894738
0.9195486315495006
1.1609294260253746
0.7312827622763024
1.0889307431146076
0.36665247035970505
1.1443143453536593
0.9607068697224206
0.6199126957214711
1.0889307431146076
0.4695676939432084
0.8302489512990183
1.6256449056865188
1.490697975901731
0.9789994200214962
1.0390855010994613
1.1276992646819437
0.7579130527023683
1.0280087806516507
0.8112131885104262
0.9286949066990385
0.9835725575962652
1.138775985129754
0.8783903933765804
0.8112131885104262
1.3584306102398698
0.8600978430775049
1.1166225442341335
0.8738172558018115
0.8738172558018115
1.4760016019393016
0.8829635309513493
1.260710900675067
0.988145695171034
1.0446238613233663
0.7959845782795526
0.9561337321476517
0.7769488154909604
1.3878233581647277
1.5690436718110277
1.1609294260253746
0.7511567284046994
0.7655273578178052
0.896682943675656
0.8264417987412999
1.0224704204277455
0.7883702731641157
1.1553910658014697
1.0667773022189868
0.7345950899643685
0.7511567284046994
0.855524705502736
0.8646709806522737
0.5632028185228738
0.37980851259670145
3.194401254235945
0.6458605873909947
0.8829635309513493
0.4634989883146824
0.9241217691242696
0.39296455483369797
0.6112633984982966
1.4098679191083714
1.1110841840102281
1.0944691033385128
1.0280087806516507
1.100007463562418
1.0446238613233663
2.620387603495141
2.4803842740461652
0.396253565392947
0.8875366685261182
0.942414319423345
1.653945522624264
1.001865107895341
0.41763213402806626
1.0667773022189868
1.3161309995218544
0.35678543868195767
1.072315662442892
0.9469874569981139
0.8875366685261182
2.1723769492584175
0.7617202052600868
0.8600978430775049
1.3951715451459423
1.1110841840102281
1.0667773022189868
1.3230585118777025
0.8264417987412999
0.8600978430775049
1.1055458237863232
0.9332680442738074
2.046373952754339
0.9835725575962652
0.5540754187284237
1.329986024233551
1.0667773022189868
0.8302489512990183
0.901256081250425
1.0944691033385128
1.4539570409956584
0.8600978430775049
1.0169320602038403
1.072315662442892
1.4319124800520149
0.8112131885104262
0.8378632564144552
0.8875366685261182
0.9744262824467274
0.7959845782795526
0.517565819550623
0.855524705502736
0.8829635309513493
1.2537833883192187
0.8264417987412999
0.6573929836885607
0.7213457792121039
0.5632028185228738
1.5596101328317793
1.0064382454701097
0.9744262824467274
0.905829218825194
1.3731269842022986
1.3878233581647277
0.36500796508008043
0.855524705502736
0.9744262824467274
1.5218759769147854
0.8783903933765804
1.2814934377426124
4.136285313090507
3.4339015244243036
1.2953484624543088
0.3682969756393295
1.072315662442892
0.8509515679279671
0.7579130527023683
1.3584306102398698
0.8692441182270426
0.36665247035970505
1.1553910658014697
0.4554073808099809
1.1553910658014697
2.0323736198094413
0.773141662933242
1.4172161060895858
1.446608854014444
1.5127425368453744
0.7478444007166333
0.5654846684714865
0.43315546017205214
0.8074060359527079
3.138399922456354
0.7579130527023683
0.992718832745803
0.9149754939747318
0.8738172558018115
1.0833923828907024
1.1166225442341335
0.8692441182270426
0.3946090601133224
0.9835725575962652
1.0833923828907024
0.39954257595219617
0.992718832745803
0.7769488154909604
0.9744262824467274
0.8783903933765804
0.9149754939747318
0.8875366685261182
0.6372112901678202
0.4796822033240851
0.9698531448719584
1.100007463562418
1.0390855010994613
2.3403809445971886
0.9835725575962652
8.670416866433866
0.901256081250425
0.35678543868195767
0.8302489512990183
0.9698531448719584
1.2052908018282797
0.8646709806522737
0.9515605945728828
1.3731269842022986
1.0833923828907024
0.942414319423345
0.780755968048679
0.6948471577075745
0.9241217691242696
0.4796822033240851
1.5973442887487734
1.0667773022189868
0.9789994200214962
1.4319124800520149
0.8783903933765804
1.0612389419950818
1.0280087806516507
0.896682943675656
0.6602760827629522
0.6689253799861267
0.8226346461835815
4.208945705021494
0.9332680442738074
0.7883702731641157
0.8600978430775049
1.3878233581647277
1.0557005817711766
1.1609294260253746
1.0667773022189868
2.8023919317788115
1.2884209500984607
1.0446238613233663
0.8340561038567368
0.8875366685261182
0.9378411818485761
0.7478444007166333
0.901256081250425
1.3022759748101573
1.1110841840102281
1.878369957415568
0.8921098061008871
2.9003942623930947
1.0889307431146076
1.2953484624543088
1.4319124800520149
1.4613052279768728
1.1221609044580387
2.3403809445971886
0.905829218825194
0.8074060359527079
0.7511567284046994
2.662388602329835
1.9343712891951579
1.8923702903604651
0.8509515679279671
0.6429774883166032
1.3584306102398698
0.8509515679279671
1.3230585118777025
0.8418052927784294
1.0833923828907024
0.8418052927784294
0.9835725575962652
1.1166225442341335
0.7769488154909604
1.2399283636075218
0.8150203410681446
0.7959845782795526
0.9561337321476517
4.136285313090507
1.0113936999799353
1.343841048945248
0.7478444007166333
1.3731269842022986
0.9241217691242696
4.16050544373417
2.50838493993596
1.329986024233551
0.8509515679279671
1.1221609044580387
0.855524705502736
0.8378632564144552
0.9789994200214962
1.1276992646819437
3.096398923621661
1.2745659253867636
0.8829635309513493
0.9789994200214962
0.6372112901678202
1.260710900675067
1.0944691033385128
2.662388602329835
0.9469874569981139
0.773141662933242
1.0113936999799353
1.4025197321271567
2.186377282203315
1.1664677862492798
0.7379074176524347
0.8112131885104262
0.7883702731641157
0.9835725575962652
1.7103659620767964
1.0501622215472715
1.6162113667072704
0.8509515679279671
1.0390855010994613
0.7379074176524347
2.9563955941726854
0.7883702731641157
0.896682943675656
0.34198489116533665
1.7943679597461821
0.905829218825194
0.4695676939432084
0.9607068697224206
0.8738172558018115
0.6314450920190372
0.9104023563999628
1.3584306102398698
1.2399283636075218
0.8509515679279671
1.4025197321271567
1.0557005817711766
0.5791757681631616
0.901256081250425
0.39296455483369797
0.46552189019085766
0.41105411290956806
1.138775985129754
0.7579130527023683
0.9149754939747318
1.490697975901731
0.6981594853956407
0.6915348300195083
1.7103659620767964
1.2884209500984607
0.9835725575962652
0.8509515679279671
0.8829635309513493
1.6350784446657671
0.7511567284046994
1.138775985129754
0.8509515679279671
0.5335387691909108
1.3161309995218544
0.9972919703205719
3.918304137297548
1.0335471408755559
0.9561337321476517
0.780755968048679
0.901256081250425
0.799791730837271
0.942414319423345
1.100007463562418
1.1914357771165829
1.2468558759633699
0.9469874569981139
0.8074060359527079
0.942414319423345
0.9698531448719584
0.4554073808099809
0.4412470676767535
1.4319124800520149
0.7883702731641157
0.7114087961479054
1.2745659253867636
0.9698531448719584
1.2953484624543088
1.2745659253867636
1.1332376249058491
1.6728126005827613
0.5152839696020105
1.001865107895341
1.1110841840102281
1.3878233581647277
0.8302489512990183
1.6823652961870013
1.0557005817711766
0.8783903933765804
0.7445320730285669
0.896682943675656
1.9623719550849534
1.2468558759633699
0.8150203410681446
1.072315662442892
0.9607068697224206
2.2983799457624956
1.172006146473185
0.8074060359527079
0.9286949066990385
0.8600978430775049
0.8509515679279671
0.5130021196533979
2.21437794809311
0.8112131885104262
4.112065182446845
1.0778540226667972
0.6602760827629522
1.0501622215472715
1.1609294260253746
0.8509515679279671
0.9972919703205719
1.0280087806516507
0.8738172558018115
0.41269861818919257
1.1443143453536593
1.212218314184128
0.9561337321476517
1.1332376249058491
0.7959845782795526
0.9104023563999628
1.6823652961870013
0.8738172558018115
2.7323902670543236
1.1845082647607346
1.0501622215472715
1.3731269842022986
0.6429774883166032
2.2983799457624956
0.901256081250425
0.855524705502736
1.2468558759633699
0.7617202052600868
0.8264417987412999
1.1110841840102281
0.8112131885104262
1.2330008512516732
0.8264417987412999
1.0224704204277455
0.5381024690881359
0.942414319423345
1.2814934377426124
0.9104023563999628
0.9241217691242696
0.8875366685261182
0.9378411818485761
0.8302489512990183
1.7803676268012845
0.9652800072971895
0.6948471577075745
0.8509515679279671
1.6823652961870013
0.8035988833949893
1.6067778277280218
3.110399256566559
1.138775985129754
0.8509515679279671
1.0390855010994613
0.9744262824467274
0.8340561038567368
1.100007463562418
1.906370623305363
0.7445320730285669
1.2884209500984607
0.7921774257218341
1.8923702903604651
0.942414319423345
1.100007463562418
1.0113936999799353
2.92839492828289
0.9104023563999628
1.0667773022189868
0.6545098846141691
0.896682943675656
1.0501622215472715
1.490697975901731
1.177580752404886
0.8600978430775049
0.7213457792121039
0.7693345103755237
1.001865107895341
0.36994148091895407
2.1723769492584175
0.9698531448719584
0.46147608643850696
1.4686534149580872
1.100007463562418
1.177580752404886
0.8112131885104262
1.1276992646819437
0.901256081250425
0.741219745340501
2.536385605825755
1.5218759769147854
0.942414319423345
0.896682943675656
1.0557005817711766
0.8875366685261182
0.8226346461835815
0.905829218825194
2.6063872705502438
1.2399283636075218
1.1055458237863232
1.1983632894724312
2.914394595337992
0.8692441182270426
1.1553910658014697
2.620387603495141
0.39296455483369797
1.1221609044580387
0.40283158651144524
0.988145695171034
0.9286949066990385
0.988145695171034
0.6487436864653862
1.177580752404886
0.855524705502736
0.9104023563999628
0.8378632564144552
1.172006146473185
1.9343712891951579
1.2330008512516732
1.0501622215472715
0.9104023563999628
0.901256081250425
0.5883031679576117
0.5586391186256487
1.1055458237863232
1.0390855010994613
0.9332680442738074
1.138775985129754
0.39954257595219617
0.901256081250425
0.8829635309513493
1.2399283636075218
0.8692441182270426
1.072315662442892
1.6728126005827613
1.0169320602038403
1.1609294260253746
0.37980851259670145
0.9972919703205719
0.7655273578178052
1.0280087806516507
1.0944691033385128
0.8378632564144552
1.1055458237863232
1.4172161060895858
0.9332680442738074
0.576893918214549
1.329986024233551
0.9469874569981139
1.5784772107902763
0.896682943675656
0.8340561038567368
1.2676384130309153
0.9195486315495006
0.9607068697224206
1.0501622215472715
1.1221609044580387
0.6749731915791776
0.8226346461835815
1.1498527055775647
1.490697975901731
0.9835725575962652
0.8600978430775049
0.8509515679279671
0.9698531448719584
0.855524705502736
0.8074060359527079
0.7921774257218341
1.1609294260253746
1.0224704204277455
1.8923702903604651
1.1110841840102281
1.0224704204277455
0.8738172558018115
1.3731269842022986
1.0501622215472715
0.8875366685261182
0.855524705502736
2.8303925976686064
1.072315662442892
