739.0
784.0
804.0
787.0
769.0
877.0
752.0
747.0
608.0
809.0
958.0
750.0
782.0
733.0
709.0
721.0
817.0
771.0
763.0
724.0
753.0
861.0
781.0
725.0
804.0
809.0
736.0
762.0
724.0
740.0
889.0
808.0
733.0
753.0
1036.0
792.0
764.0
812.0
789.0
753.0
874.0
752.0
817.0
818.0
831.0
747.0
760.0
750.0
759.0
763.0
662.0
634.0
771.0
720.0
1213.0
850.0
757.0
769.0
852.0
755.0
765.0
785.0
741.0
741.0
770.0
833.0
775.0
801.0
768.0
906.0
771.0
753.0
718.0
914.0
688.0
730.0
832.0
772.0
920.0
782.0
826.0
749.0
733.0
726.0
745.0
727.0
818.0
716.0
781.0
866.0
771.0
841.0
751.0
749.0
782.0
750.0
711.0
738.0
883.0
682.0
739.0
734.0
774.0
753.0
779.0
755.0
796.0
784.0
794.0
717.0
786.0
794.0
749.0
774.0
806.0
768.0
775.0
727.0
795.0
720.0
741.0
736.0
720.0
740.0
737.0
897.0
835.0
746.0
766.0
807.0
765.0
901.0
697.0
772.0
744.0
660.0
773.0
717.0
818.0
756.0
790.0
713.0
780.0
757.0
767.0
745.0
724.0
810.0
785.0
737.0
742.0
708.0
781.0
731.0
686.0
808.0
796.0
732.0
749.0
842.0
801.0
792.0
703.0
840.0
714.0
700.0
788.0
887.0
800.0
717.0
800.0
797.0
810.0
791.0
717.0
797.0
696.0
874.0
724.0
836.0
709.0
781.0
722.0
747.0
873.0
766.0
761.0
740.0
710.0
748.0
796.0
743.0
725.0
715.0
738.0
724.0
756.0
825.0
789.0
670.0
745.0
669.0
732.0
738.0
741.0
943.0
825.0
715.0
801.0
769.0
779.0
755.0
802.0
809.0
791.0
658.0
741.0
766.0
763.0
819.0
878.0
762.0
756.0
775.0
788.0
730.0
736.0
734.0
673.0
793.0
784.0
733.0
599.0
726.0
680.0
728.0
850.0
730.0
816.0
822.0
817.0
715.0
718.0
756.0
634.0
753.0
772.0
732.0
789.0
771.0
638.0
791.0
729.0
802.0
646.0
776.0
734.0
731.0
738.0
714.0
782.0
694.0
731.0
750.0
716.0
791.0
732.0
995.0
885.0
822.0
759.0
742.0
703.0
781.0
820.0
859.0
780.0
739.0
821.0
820.0
802.0
849.0
944.0
731.0
951.0
654.0
709.0
730.0
761.0
813.0
823.0
755.0
714.0
753.0
792.0
739.0
676.0
762.0
646.0
680.0
742.0
840.0
787.0
868.0
740.0
811.0
710.0
786.0
778.0
801.0
748.0
785.0
750.0
731.0
822.0
763.0
740.0
744.0
604.0
820.0
738.0
714.0
777.0
1000.0
721.0
1295.0
784.0
738.0
723.0
796.0
813.0
726.0
834.0
849.0
782.0
774.0
797.0
739.0
713.0
710.0
757.0
762.0
820.0
771.0
727.0
790.0
804.0
776.0
858.0
904.0
776.0
751.0
754.0
805.0
731.0
872.0
770.0
748.0
739.0
806.0
793.0
814.0
792.0
721.0
610.0
829.0
763.0
841.0
718.0
781.0
794.0
751.0
779.0
780.0
826.0
752.0
693.0
714.0
734.0
776.0
747.0
810.0
752.0
856.0
840.0
696.0
747.0
752.0
762.0
650.0
716.0
725.0
733.0
728.0
714.0
769.0
751.0
809.0
733.0
715.0
794.0
722.0
754.0
805.0
813.0
802.0
760.0
717.0
782.0
776.0
748.0
789.0
797.0
746.0
725.0
743.0
717.0
780.0
724.0
882.0
747.0
748.0
721.0
737.0
728.0
744.0
709.0
782.0
841.0
733.0
714.0
995.0
765.0
725.0
790.0
740.0
784.0
786.0
756.0
762.0
740.0
679.0
820.0
707.0
771.0
762.0
741.0
756.0
738.0
724.0
752.0
862.0
863.0
785.0
714.0
762.0
809.0
800.0
809.0
762.0
725.0
775.0
906.0
777.0
848.0
755.0
725.0
745.0
793.0
763.0
604.0
768.0
688.0
701.0
864.0
754.0
787.0
630.0
829.0
728.0
749.0
904.0
702.0
770.0
712.0
884.0
840.0
909.0
730.0
984.0
745.0
738.0
848.0
710.0
730.0
763.0
734.0
746.0
720.0
661.0
835.0
798.0
728.0
784.0
701.0
805.0
729.0
770.0
787.0
765.0
629.0
824.0
851.0
865.0
852.0
701.0
608.0
773.0
790.0
712.0
744.0
765.0
838.0
731.0
720.0
706.0
696.0
784.0
752.0
814.0
817.0
762.0
785.0
748.0
855.0
747.0
1229.0
698.0
824.0
725.0
761.0
738.0
718.0
694.0
714.0
785.0
789.0
772.0
689.0
749.0
770.0
726.0
785.0
730.0
730.0
760.0
740.0
721.0
750.0
727.0
773.0
739.0
736.0
733.0
826.0
714.0
730.0
848.0
833.0
730.0
864.0
804.0
732.0
729.0
802.0
826.0
714.0
756.0
684.0
829.0
716.0
744.0
826.0
789.0
773.0
794.0
747.0
691.0
