696.0
712.0
778.0
596.0
843.0
800.0
720.0
722.0
731.0
731.0
775.0
791.0
737.0
805.0
738.0
743.0
737.0
745.0
731.0
710.0
754.0
769.0
777.0
858.0
586.0
755.0
727.0
739.0
779.0
828.0
848.0
638.0
755.0
753.0
750.0
781.0
956.0
856.0
774.0
786.0
725.0
650.0
722.0
793.0
596.0
792.0
728.0
709.0
773.0
746.0
773.0
749.0
772.0
770.0
717.0
724.0
786.0
738.0
605.0
721.0
737.0
775.0
781.0
917.0
758.0
767.0
784.0
727.0
756.0
752.0
848.0
756.0
732.0
737.0
937.0
780.0
725.0
758.0
733.0
848.0
818.0
597.0
757.0
729.0
729.0
786.0
766.0
822.0
814.0
1004.0
818.0
713.0
715.0
746.0
740.0
795.0
892.0
725.0
728.0
846.0
759.0
741.0
755.0
760.0
710.0
737.0
752.0
748.0
733.0
730.0
794.0
752.0
703.0
886.0
849.0
794.0
779.0
725.0
827.0
751.0
841.0
778.0
708.0
741.0
773.0
732.0
758.0
756.0
720.0
720.0
785.0
868.0
798.0
770.0
793.0
769.0
822.0
775.0
806.0
821.0
776.0
727.0
744.0
721.0
766.0
776.0
712.0
711.0
837.0
806.0
736.0
714.0
709.0
756.0
761.0
748.0
763.0
715.0
833.0
746.0
757.0
837.0
745.0
859.0
900.0
753.0
714.0
850.0
790.0
867.0
782.0
751.0
730.0
730.0
765.0
883.0
773.0
697.0
737.0
778.0
740.0
709.0
710.0
655.0
900.0
757.0
670.0
731.0
727.0
739.0
749.0
716.0
715.0
814.0
757.0
725.0
606.0
741.0
764.0
745.0
786.0
727.0
749.0
795.0
747.0
690.0
677.0
741.0
717.0
733.0
763.0
791.0
822.0
756.0
767.0
769.0
754.0
774.0
753.0
718.0
802.0
709.0
611.0
752.0
748.0
727.0
749.0
767.0
746.0
828.0
773.0
840.0
761.0
771.0
853.0
751.0
665.0
777.0
713.0
829.0
717.0
665.0
776.0
603.0
762.0
866.0
848.0
720.0
665.0
772.0
1110.0
770.0
782.0
730.0
785.0
741.0
739.0
955.0
762.0
751.0
777.0
726.0
736.0
753.0
726.0
774.0
783.0
750.0
873.0
700.0
734.0
732.0
720.0
707.0
711.0
806.0
792.0
719.0
738.0
767.0
745.0
722.0
876.0
714.0
604.0
756.0
829.0
761.0
772.0
772.0
650.0
721.0
757.0
734.0
622.0
656.0
794.0
833.0
839.0
742.0
737.0
905.0
599.0
736.0
723.0
784.0
1031.0
762.0
758.0
743.0
762.0
730.0
626.0
707.0
769.0
749.0
746.0
735.0
727.0
827.0
717.0
762.0
845.0
722.0
712.0
747.0
766.0
696.0
662.0
769.0
752.0
944.0
842.0
829.0
855.0
930.0
767.0
757.0
762.0
721.0
730.0
582.0
789.0
642.0
840.0
722.0
760.0
729.0
797.0
882.0
741.0
779.0
857.0
726.0
765.0
769.0
900.0
757.0
738.0
757.0
740.0
715.0
828.0
757.0
838.0
750.0
757.0
730.0
579.0
911.0
752.0
742.0
725.0
778.0
686.0
730.0
762.0
656.0
753.0
732.0
725.0
754.0
851.0
774.0
775.0
773.0
718.0
778.0
733.0
800.0
742.0
757.0
720.0
754.0
706.0
726.0
767.0
735.0
824.0
871.0
749.0
817.0
936.0
831.0
741.0
663.0
758.0
765.0
727.0
726.0
830.0
755.0
753.0
882.0
736.0
587.0
736.0
932.0
764.0
814.0
727.0
832.0
751.0
950.0
746.0
785.0
601.0
910.0
722.0
784.0
770.0
846.0
777.0
759.0
732.0
721.0
824.0
741.0
722.0
773.0
873.0
762.0
731.0
843.0
781.0
762.0
723.0
837.0
700.0
746.0
728.0
793.0
762.0
703.0
814.0
773.0
731.0
871.0
735.0
733.0
737.0
740.0
789.0
824.0
805.0
798.0
753.0
873.0
759.0
749.0
717.0
753.0
734.0
712.0
732.0
729.0
756.0
817.0
736.0
920.0
744.0
743.0
772.0
763.0
722.0
759.0
868.0
744.0
733.0
753.0
706.0
722.0
738.0
770.0
710.0
745.0
694.0
729.0
707.0
705.0
745.0
698.0
763.0
748.0
758.0
770.0
730.0
743.0
789.0
720.0
620.0
898.0
741.0
813.0
877.0
759.0
722.0
721.0
792.0
731.0
788.0
741.0
647.0
701.0
726.0
749.0
749.0
593.0
588.0
772.0
712.0
745.0
709.0
718.0
714.0
766.0
693.0
839.0
782.0
783.0
929.0
839.0
586.0
818.0
838.0
736.0
774.0
937.0
722.0
779.0
771.0
847.0
777.0
765.0
752.0
706.0
583.0
706.0
716.0
716.0
770.0
830.0
712.0
734.0
818.0
758.0
762.0
726.0
725.0
861.0
695.0
769.0
788.0
733.0
744.0
709.0
759.0
760.0
775.0
738.0
701.0
739.0
760.0
877.0
791.0
594.0
633.0
876.0
697.0
813.0
697.0
736.0
854.0
617.0
767.0
709.0
784.0
770.0
728.0
769.0
855.0
764.0
887.0
795.0
782.0
711.0
712.0
771.0
734.0
801.0
720.0
734.0
789.0
705.0
740.0
754.0
710.0
746.0
711.0
714.0
763.0
753.0
734.0
765.0
727.0
741.0
753.0
738.0
730.0
734.0
845.0
717.0
720.0
763.0
725.0
930.0
759.0
641.0
721.0
753.0
714.0
745.0
721.0
722.0
741.0
754.0
753.0
682.0
741.0
755.0
753.0
669.0
733.0
750.0
720.0
755.0
586.0
794.0
727.0
709.0
724.0
730.0
706.0
734.0
743.0
701.0
738.0
723.0
800.0
781.0
722.0
740.0
774.0
822.0
590.0
805.0
605.0
753.0
725.0
718.0
820.0
647.0
596.0
602.0
740.0
716.0
721.0
876.0
741.0
715.0
812.0
753.0
758.0
790.0
871.0
734.0
765.0
717.0
795.0
750.0
778.0
745.0
785.0
699.0
769.0
717.0
746.0
787.0
981.0
706.0
845.0
738.0
835.0
820.0
695.0
