806.0
730.0
932.0
786.0
986.0
771.0
609.0
828.0
871.0
841.0
861.0
849.0
816.0
838.0
839.0
736.0
845.0
775.0
803.0
878.0
810.0
826.0
824.0
778.0
817.0
817.0
848.0
813.0
590.0
631.0
924.0
802.0
781.0
614.0
795.0
770.0
879.0
914.0
764.0
730.0
836.0
653.0
813.0
844.0
911.0
665.0
850.0
901.0
894.0
844.0
802.0
807.0
678.0
828.0
833.0
778.0
792.0
598.0
752.0
794.0
770.0
807.0
876.0
793.0
769.0
816.0
838.0
786.0
865.0
660.0
911.0
922.0
787.0
827.0
769.0
779.0
779.0
833.0
808.0
818.0
855.0
695.0
1078.0
859.0
840.0
903.0
786.0
625.0
813.0
742.0
766.0
839.0
815.0
776.0
786.0
759.0
786.0
832.0
840.0
692.0
789.0
712.0
810.0
794.0
827.0
815.0
827.0
912.0
860.0
853.0
786.0
800.0
904.0
837.0
853.0
789.0
837.0
846.0
782.0
601.0
838.0
797.0
854.0
969.0
811.0
779.0
821.0
772.0
861.0
854.0
837.0
689.0
742.0
770.0
839.0
806.0
821.0
796.0
858.0
830.0
781.0
892.0
788.0
997.0
829.0
853.0
772.0
689.0
767.0
774.0
904.0
824.0
871.0
920.0
871.0
813.0
775.0
786.0
788.0
806.0
802.0
780.0
815.0
824.0
795.0
811.0
855.0
878.0
834.0
805.0
1007.0
703.0
818.0
813.0
673.0
886.0
808.0
817.0
1044.0
829.0
927.0
827.0
824.0
827.0
857.0
772.0
749.0
881.0
858.0
775.0
793.0
782.0
785.0
746.0
882.0
975.0
796.0
830.0
698.0
641.0
795.0
828.0
789.0
770.0
782.0
842.0
778.0
774.0
777.0
782.0
920.0
802.0
803.0
849.0
848.0
806.0
886.0
825.0
809.0
821.0
800.0
874.0
713.0
794.0
794.0
649.0
812.0
826.0
816.0
815.0
907.0
781.0
746.0
950.0
881.0
765.0
795.0
933.0
823.0
825.0
772.0
770.0
837.0
809.0
849.0
772.0
877.0
829.0
803.0
814.0
844.0
835.0
803.0
660.0
772.0
925.0
830.0
850.0
843.0
794.0
870.0
670.0
808.0
908.0
771.0
656.0
826.0
848.0
681.0
644.0
682.0
796.0
777.0
856.0
769.0
748.0
821.0
1000.0
921.0
925.0
861.0
895.0
821.0
690.0
788.0
840.0
820.0
744.0
799.0
894.0
915.0
842.0
844.0
797.0
865.0
838.0
804.0
800.0
849.0
811.0
790.0
886.0
809.0
606.0
905.0
792.0
780.0
868.0
890.0
685.0
780.0
800.0
793.0
879.0
861.0
1026.0
785.0
786.0
850.0
688.0
1006.0
868.0
701.0
898.0
828.0
810.0
781.0
641.0
822.0
784.0
858.0
1007.0
822.0
951.0
780.0
798.0
763.0
816.0
849.0
898.0
784.0
798.0
825.0
802.0
913.0
863.0
794.0
850.0
661.0
858.0
794.0
830.0
762.0
769.0
817.0
819.0
801.0
634.0
845.0
777.0
825.0
789.0
695.0
715.0
866.0
739.0
723.0
741.0
806.0
841.0
621.0
813.0
815.0
769.0
859.0
847.0
802.0
817.0
813.0
855.0
845.0
843.0
777.0
913.0
848.0
763.0
890.0
825.0
791.0
1114.0
818.0
795.0
684.0
805.0
829.0
785.0
775.0
774.0
893.0
626.0
801.0
776.0
797.0
1047.0
851.0
797.0
596.0
834.0
834.0
787.0
849.0
938.0
899.0
820.0
770.0
764.0
765.0
756.0
838.0
765.0
798.0
795.0
816.0
779.0
814.0
810.0
758.0
791.0
856.0
901.0
981.0
780.0
598.0
852.0
775.0
622.0
854.0
787.0
850.0
982.0
767.0
1044.0
786.0
929.0
842.0
615.0
841.0
958.0
610.0
790.0
592.0
784.0
790.0
802.0
904.0
876.0
757.0
899.0
768.0
784.0
843.0
827.0
809.0
889.0
685.0
798.0
784.0
880.0
835.0
833.0
852.0
931.0
837.0
865.0
762.0
790.0
833.0
753.0
821.0
981.0
821.0
827.0
727.0
778.0
817.0
946.0
775.0
752.0
709.0
760.0
754.0
756.0
826.0
783.0
830.0
794.0
735.0
667.0
772.0
803.0
798.0
805.0
781.0
825.0
794.0
641.0
766.0
800.0
783.0
910.0
921.0
932.0
1076.0
648.0
808.0
808.0
960.0
1006.0
787.0
853.0
765.0
822.0
806.0
849.0
870.0
833.0
826.0
790.0
803.0
805.0
698.0
817.0
928.0
790.0
904.0
776.0
872.0
733.0
971.0
750.0
617.0
630.0
837.0
897.0
998.0
820.0
765.0
727.0
847.0
886.0
766.0
889.0
888.0
805.0
797.0
740.0
715.0
778.0
825.0
840.0
848.0
910.0
784.0
842.0
801.0
823.0
814.0
845.0
924.0
798.0
597.0
621.0
787.0
742.0
800.0
613.0
878.0
770.0
610.0
743.0
805.0
632.0
822.0
823.0
855.0
793.0
846.0
840.0
881.0
904.0
738.0
759.0
826.0
800.0
789.0
858.0
879.0
808.0
823.0
866.0
850.0
976.0
795.0
778.0
708.0
773.0
808.0
589.0
790.0
838.0
720.0
1010.0
822.0
882.0
806.0
878.0
869.0
849.0
606.0
813.0
919.0
807.0
875.0
776.0
1065.0
720.0
773.0
594.0
930.0
792.0
850.0
773.0
811.0
786.0
827.0
933.0
769.0
777.0
819.0
788.0
866.0
772.0
824.0
779.0
611.0
769.0
970.0
822.0
782.0
805.0
