0.3686288834437442
0.7119507231674628
0.6553517454677198
0.3955139983288591
0.6615174346172797
1.1728079494329426
0.6430203671685994
1.9243114842244886
0.9470808692578917
1.1425887615062449
0.8702114033909966
2.2454431339684797
0.777947015897457
0.790625407857256
0.8894287698577202
1.5950338411836518
0.6491860563181596
1.472735043625762
0.7188554850722246
0.694688818405558
0.7188554850722246
0.7084983422150817
0.5877312288856353
1.2838536226212125
0.5967776985468988
0.7326650088817483
0.9422765276412106
0.8606027201576346
0.6276061442946992
0.7395697707865103
0.9422765276412106
1.0579750353114907
0.6399375225938195
0.6276061442946992
0.8244344530833867
0.9470808692578917
0.6646002791920599
1.0156681722141139
0.8702114033909966
0.8328867143899192
0.913450477941125
0.9566895524912536
0.6060262322712389
0.7084983422150817
0.6877840565007961
0.612191921420799
0.8702114033909966
0.49096663167322696
1.2279732239501162
0.756831675548415
1.6135376915686903
0.7292126279293675
1.186062924946794
0.7015935803103199
1.3048087721228736
0.559672387514692
0.7395697707865103
0.913450477941125
1.0942380608235285
0.8990374530910822
0.698141199357939
0.6877840565007961
0.6522689008929397
0.6183576105703591
0.4229039103783358
0.8942331114744012
0.691236437453177
0.37030920312406385
0.8606027201576346
0.698141199357939
0.7188554850722246
0.6877840565007961
0.8702114033909966
0.8990374530910822
1.207018074448455
0.6461032117433796
0.7990776691637885
0.7050459612627008
0.7084983422150817
0.6430203671685994
0.4696970312685735
0.6461032117433796
0.6214404551451392
0.7154031041198436
0.6774269136436533
0.7326650088817483
0.39047303928790006
0.8509940369242727
0.8075299304703212
0.503728391916019
0.9759069189579773
1.0821503856528492
0.9470808692578917
0.7821731465507232
0.698141199357939
0.5967776985468988
1.0337996849701325
1.3048087721228736
0.5545707799927023
0.9230591611744869
0.6676831237668399
0.694688818405558
1.1486325990915847
0.6739745326912722
0.7050459612627008
0.8033037998170548
0.694688818405558
0.7652686239376578
4.977508362910266
0.7652686239376578
0.8033037998170548
0.7292126279293675
0.7464745326912722
0.9566895524912536
0.6306889888694793
0.9662982357246156
0.698141199357939
0.7119507231674628
0.698141199357939
0.8702114033909966
0.6676831237668399
0.7533792945960341
0.43779263066159324
0.6029433876964589
0.4803318314709002
0.5698756025586715
0.7084983422150817
0.6399375225938195
0.6399375225938195
0.5826296213636457
0.698141199357939
0.8557983785409536
0.9566895524912536
0.30329946491010235
0.7119507231674628
0.698141199357939
0.8798200866243583
2.6687530359037397
0.7990776691637885
1.100281898408868
0.609109076846019
0.6430203671685994
0.8894287698577202
0.6646002791920599
0.7430221517388912
1.690761193501587
0.3585469653618261
0.6060262322712389
0.6430203671685994
1.2908386724550993
0.31163720450032045
0.9422765276412106
0.8942331114744012
0.5673247987976766
0.7223078660246056
0.828660583736653
0.47182399130903885
0.5724264063196662
0.7119507231674628
0.9230591611744869
0.6843316755484151
1.394063387872722
0.7119507231674628
3.1212567241793625
0.7863992772039895
0.7694947545909241
0.8942331114744012
0.6337718334442595
0.8509940369242727
0.7084983422150817
0.8159821917768538
0.5967776985468988
0.4399195907020586
1.0579750353114907
0.6739745326912722
0.7326650088817483
0.5494691724707127
1.1546764366769242
0.8509940369242727
0.7223078660246056
0.9518852108745727
0.756831675548415
0.43353871058066257
0.9422765276412106
1.93890837739467
0.6843316755484151
1.2628984731195512
0.8244344530833867
0.6152747659955791
1.004732968658063
0.7361173898341294
0.5851804251246404
0.5967776985468988
0.5877312288856353
1.1607202742622638
0.6306889888694793
0.7694947545909241
0.6646002791920599
0.9759069189579773
0.5877312288856353
0.8159821917768538
0.8509940369242727
0.43779263066159324
0.7610424932843916
0.6646002791920599
2.7709312880950097
0.8033037998170548
0.44842743086392
1.179077875112907
1.0458873601408119
0.5906120093973386
0.6461032117433796
0.41903847385333465
0.3820714408863016
0.7188554850722246
0.6276061442946992
0.7395697707865103
1.088194223238189
0.5724264063196662
0.694688818405558
0.6337718334442595
0.5188595273387745
0.5851804251246404
1.0217120097994534
0.6584345900424997
0.6245232997199193
0.6430203671685994
0.29635134858492057
0.9470808692578917
0.6183576105703591
0.6399375225938195
0.9951242854247011
0.7326650088817483
0.544367564948723
0.6808792945960341
0.6553517454677198
0.7292126279293675
0.8244344530833867
0.8371128450431856
0.2824551159345571
0.828660583736653
0.698141199357939
1.2140031242823421
0.7610424932843916
0.7326650088817483
0.756831675548415
0.7499269136436532
0.609109076846019
0.3171956975604659
0.7948515385105223
0.67076596834162
2.902303326626642
0.6183576105703591
0.8117560611235876
0.694688818405558
0.7652686239376578
0.5239611348607641
0.7361173898341294
0.6029433876964589
0.47820487143043483
0.6276061442946992
0.6461032117433796
0.6553517454677198
0.6306889888694793
0.6399375225938195
0.7119507231674628
0.6306889888694793
0.5775280138416561
0.38039112120598195
0.7395697707865103
0.8990374530910822
0.67076596834162
0.3585469653618261
0.5673247987976766
0.9086461363244441
1.2698835229534384
0.6276061442946992
1.0761065480675094
1.004732968658063
0.756831675548415
0.3719895228043836
1.5042037059269782
0.828660583736653
0.7533792945960341
0.7821731465507232
0.6522689008929397
0.3102475812352841
0.6306889888694793
0.7821731465507232
1.1546764366769242
0.8033037998170548
0.5520199762317076
0.6276061442946992
0.9903199438080201
0.7050459612627008
0.6306889888694793
0.6584345900424997
0.8942331114744012
0.7863992772039895
0.3635879244027852
0.5967776985468988
0.698141199357939
0.6276061442946992
1.1728079494329426
0.5214103310997693
0.5967776985468988
0.7533792945960341
0.9614938941079346
0.7499269136436532
0.8159821917768538
0.3144164510303932
0.8509940369242727
0.7694947545909241
0.7050459612627008
0.31302682776535684
0.38375176056662125
0.8606027201576346
0.6183576105703591
0.5967776985468988
0.8461896953075917
0.67076596834162
0.67076596834162
0.4505543909043853
1.558026140413575
0.7821731465507232
0.47182399130903885
0.9759069189579773
0.6843316755484151
1.441266381324546
0.7652686239376578
0.7533792945960341
0.3635879244027852
0.5392659574267333
0.7533792945960341
0.33838312919798996
0.7154031041198436
0.694688818405558
2.1286679886070283
0.32414381388564767
1.4333992157492421
2.055683522756121
0.6461032117433796
0.8033037998170548
0.8509940369242727
1.2628984731195512
0.6183576105703591
0.6306889888694793
0.4696970312685735
0.7863992772039895
0.790625407857256
0.9230591611744869
0.8117560611235876
0.6739745326912722
0.39887463768949843
1.1728079494329426
0.7326650088817483
0.6584345900424997
0.3820714408863016
0.790625407857256
1.0821503856528492
0.7863992772039895
0.6843316755484151
1.558026140413575
0.2991305951149933
0.9759069189579773
0.5545707799927023
0.67076596834162
0.9855156021913392
0.6430203671685994
1.441266381324546
0.6461032117433796
0.5545707799927023
1.1365449239209053
0.7533792945960341
0.9278635027911679
0.6808792945960341
1.2349582737840032
1.6412934671462478
1.1728079494329426
0.3719895228043836
0.7257602469769865
0.6676831237668399
0.7533792945960341
0.790625407857256
1.457000712475154
1.6597973175312861
0.9230591611744869
0.5749772100806612
0.6646002791920599
0.7990776691637885
0.6029433876964589
1.3048087721228736
0.8117560611235876
0.8990374530910822
0.67076596834162
0.7326650088817483
0.8461896953075917
0.44417351078298933
0.4505543909043853
0.7464745326912722
0.6399375225938195
0.7015935803103199
0.6152747659955791
0.6337718334442595
0.7361173898341294
0.6214404551451392
0.8990374530910822
0.2921824787898115
0.6276061442946992
0.7694947545909241
1.3397340212923086
0.7464745326912722
0.30329946491010235
1.2209881741162292
0.37535016216502287
0.7737208852441906
0.6676831237668399
0.6553517454677198
0.777947015897457
0.756831675548415
0.5826296213636457
0.698141199357939
0.5494691724707127
0.777947015897457
0.9759069189579773
1.0458873601408119
0.6646002791920599
0.6461032117433796
1.3625947255715056
0.6676831237668399
0.9326678444078489
1.8367301252034007
0.5724264063196662
0.9374721860245299
0.7652686239376578
1.3187788717906477
0.27689662287441164
0.6646002791920599
0.6808792945960341
0.6774269136436533
0.756831675548415
0.35182568664054736
0.5749772100806612
0.6060262322712389
0.5622231912756869
0.7610424932843916
0.7188554850722246
0.7361173898341294
0.6491860563181596
1.0579750353114907
0.6491860563181596
0.7652686239376578
0.777947015897457
0.7292126279293675
0.47395095134950416
0.6214404551451392
1.3187788717906477
0.6152747659955791
0.8371128450431856
0.6843316755484151
0.8750157450076775
0.9326678444078489
0.9759069189579773
0.828660583736653
0.7084983422150817
0.7084983422150817
0.7948515385105223
0.6214404551451392
0.6430203671685994
1.1244572487502262
0.9855156021913392
0.5826296213636457
0.4505543909043853
0.8798200866243583
0.8202083224301202
0.5290627423827539
0.3324815534758658
0.6676831237668399
0.2852343624646298
0.7223078660246056
0.5545707799927023
2.98988468564773
0.7499269136436532
0.7257602469769865
0.7326650088817483
0.6306889888694793
0.30885795797024773
0.7863992772039895
0.8557983785409536
1.088194223238189
0.35014536696022763
0.694688818405558
0.2824551159345571
0.6522689008929397
0.9470808692578917
0.7948515385105223
0.694688818405558
0.6461032117433796
0.6808792945960341
0.7863992772039895
0.9855156021913392
0.5967776985468988
0.6183576105703591
0.7015935803103199
0.694688818405558
0.9518852108745727
0.4055959164107772
0.7863992772039895
0.3955139983288591
0.6553517454677198
0.6646002791920599
0.5800788176026509
0.6430203671685994
1.1063257359942076
0.9230591611744869
0.6584345900424997
0.5545707799927023
0.442046550742524
0.6584345900424997
0.7395697707865103
0.8990374530910822
0.7533792945960341
0.7821731465507232
0.6461032117433796
0.6646002791920599
0.5724264063196662
0.7257602469769865
1.2489283734517773
0.67076596834162
0.5775280138416561
0.7257602469769865
0.42715783045926653
0.8202083224301202
0.7257602469769865
0.6774269136436533
0.6214404551451392
0.7119507231674628
0.33526080000593844
0.6553517454677198
0.6808792945960341
0.3400634488783096
1.0519311977261514
0.5622231912756869
0.6430203671685994
0.9470808692578917
0.8750157450076775
0.7015935803103199
0.5775280138416561
0.6399375225938195
0.8846244282410393
0.7652686239376578
0.698141199357939
0.8557983785409536
1.1365449239209053
0.6183576105703591
0.44417351078298933
0.5877312288856353
1.2209881741162292
0.6877840565007961
0.7084983422150817
0.9614938941079346
1.9826990569052143
0.6553517454677198
0.6399375225938195
0.5724264063196662
0.5826296213636457
1.4884693747763702
0.6399375225938195
0.7326650088817483
0.6276061442946992
1.2140031242823421
0.7257602469769865
0.7257602469769865
0.8894287698577202
0.6843316755484151
0.6461032117433796
0.67076596834162
1.2838536226212125
0.5494691724707127
0.5936948539721187
0.6774269136436533
0.8328867143899192
1.207018074448455
0.7361173898341294
0.6152747659955791
0.7533792945960341
0.3955139983288591
1.200033024614568
0.698141199357939
0.544367564948723
0.7464745326912722
0.7257602469769865
0.6183576105703591
0.6491860563181596
0.6461032117433796
0.7188554850722246
0.7015935803103199
1.1123695735795474
0.913450477941125
0.6774269136436533
1.2838536226212125
0.7119507231674628
1.1728079494329426
0.7050459612627008
0.7084983422150817
0.7395697707865103
0.7257602469769865
0.6739745326912722
0.8702114033909966
0.6337718334442595
0.67076596834162
0.6245232997199193
0.698141199357939
0.8894287698577202
0.3719895228043836
0.5998605431216788
1.0761065480675094
0.6491860563181596
0.5571215837536972
0.7223078660246056
0.9422765276412106
0.5494691724707127
0.49309359171369227
1.425532050173938
0.6060262322712389
0.7464745326912722
0.5877312288856353
0.8202083224301202
0.8798200866243583
1.0942380608235285
0.306078711440175
0.7652686239376578
0.6646002791920599
0.6676831237668399
0.9326678444078489
0.8159821917768538
0.6276061442946992
0.7015935803103199
1.5487742152210557
0.49309359171369227
0.6584345900424997
1.1486325990915847
0.3955139983288591
0.698141199357939
0.5967776985468988
0.5998605431216788
0.9326678444078489
0.777947015897457
0.67076596834162
0.5998605431216788
0.5851804251246404
0.7863992772039895
0.9711025773412966
0.7499269136436532
0.8117560611235876
0.3046890881751387
0.5877312288856353
0.8942331114744012
0.7948515385105223
0.9855156021913392
0.7257602469769865
0.7533792945960341
0.67076596834162
0.6399375225938195
0.6843316755484151
0.8461896953075917
0.6029433876964589
0.8159821917768538
0.6739745326912722
0.5800788176026509
0.5851804251246404
0.7084983422150817
0.2824551159345571
0.6430203671685994
0.5967776985468988
0.5998605431216788
0.5826296213636457
0.8413853536909107
0.7257602469769865
0.8461896953075917
0.544367564948723
0.6276061442946992
0.9518852108745727
0.6430203671685994
0.7154031041198436
0.698141199357939
0.4314117505401972
0.67076596834162
0.7499269136436532
0.7257602469769865
0.7948515385105223
0.3585469653618261
0.7154031041198436
0.5545707799927023
4.115312720022612
1.5395222900285364
0.6774269136436533
0.6461032117433796
0.7361173898341294
0.5749772100806612
1.0458873601408119
0.6461032117433796
0.8894287698577202
0.6368546780190394
0.6553517454677198
0.2921824787898115
0.38375176056662125
0.6843316755484151
0.7863992772039895
0.7084983422150817
0.6877840565007961
1.2489283734517773
0.43353871058066257
0.7084983422150817
0.6430203671685994
0.8894287698577202
0.3102475812352841
0.8942331114744012
0.6808792945960341
0.6774269136436533
0.8461896953075917
0.5016014318755537
0.9038417947077632
0.8654070617743156
0.7652686239376578
0.6676831237668399
0.6584345900424997
0.6584345900424997
0.6461032117433796
0.6214404551451392
0.8033037998170548
0.7257602469769865
0.6276061442946992
0.9662982357246156
1.0458873601408119
0.7610424932843916
0.42715783045926653
0.5647739950366818
0.5967776985468988
0.8202083224301202
0.43353871058066257
0.6646002791920599
0.8942331114744012
0.9230591611744869
0.694688818405558
0.7292126279293675
0.40391559673045746
0.7050459612627008
0.7464745326912722
0.8702114033909966
0.6461032117433796
0.9086461363244441
0.7292126279293675
0.5800788176026509
0.5998605431216788
0.6337718334442595
0.6368546780190394
0.5967776985468988
0.8509940369242727
0.7326650088817483
0.5749772100806612
0.544367564948723
0.9326678444078489
0.9038417947077632
0.7464745326912722
0.777947015897457
0.6214404551451392
2.2016524544579354
0.4845857515518309
0.698141199357939
0.8328867143899192
0.6152747659955791
0.7948515385105223
1.8659239115437634
0.6276061442946992
0.6584345900424997
0.8461896953075917
0.8461896953075917
0.6843316755484151
0.8075299304703212
0.7361173898341294
0.6584345900424997
0.8702114033909966
0.6029433876964589
0.6461032117433796
0.8509940369242727
0.6337718334442595
0.6491860563181596
1.40979771902333
0.5967776985468988
0.7395697707865103
0.3451044079192686
0.6152747659955791
0.8702114033909966
0.6522689008929397
0.6676831237668399
0.6183576105703591
