0.6890644525826647
0.4012434434884769
0.9021503698487259
0.5993898818515686
0.29989651103186943
0.7513838301299045
0.6952963903373887
0.5492740889719276
1.9044325019275041
0.5911662834161058
0.6432490735073704
0.6828325148279407
0.6706610682922465
1.0568697624643595
0.5623432420410807
0.7879088967386254
0.645990272985858
0.7879088967386254
0.6185782782009819
0.8406597927959734
0.6350254750719075
0.6268018766364447
0.6679198688137589
0.5911662834161058
1.0568697624643595
0.6432490735073704
0.5645214342192729
0.6487314724643455
0.3796719660602963
0.9856788591325731
0.6432490735073704
0.29745564613562786
0.36816717809859995
0.49093550054677065
0.5732342029320415
0.5911662834161058
0.9505089689077955
1.1285145855312009
0.7615334487099515
0.7544997990072665
0.5841251638230025
0.6766005770732167
0.30111694347999013
0.3072191057205938
0.3638528826129639
8.351166891522796
0.8218201870612063
0.5209575906554292
0.6021310813300562
0.6076134802870314
1.3687075656030343
0.6268018766364447
0.829356029355113
0.8368918716490199
0.810516423620346
0.43803094523223707
0.6542138714213207
0.6322842755934199
0.7046442969694747
0.9373202600735037
0.7420359234978184
0.7046442969694747
0.5274921671900058
0.6797165459505787
0.6213194776794694
1.6260495312718348
0.645990272985858
0.6350254750719075
0.6295430761149323
0.7420359234978184
0.7202241413562844
0.6350254750719075
0.7233401102336465
0.7046442969694747
1.0568697624643595
0.6651786693352711
0.5427395124373511
0.7171081724789224
0.7577655275629982
0.866980479623948
0.7803730544447187
0.7139922036015605
1.1285145855312009
0.7108762347241986
0.6185782782009819
0.4141863299453852
1.0238029210488944
0.6021310813300562
0.6130958792440067
0.5732342029320415
0.8218201870612063
0.765301369856905
0.7108762347241986
0.7326880168657325
1.2991818350803612
1.0032638042449622
0.6890644525826647
1.391144204109037
0.6828325148279407
0.6624374698567836
0.7015283280921127
0.5645214342192729
0.5579868576846964
0.7046442969694747
0.6651786693352711
0.6766005770732167
0.5057102454080841
0.659696270378296
0.9197353149611147
0.5623432420410807
0.5754123951102338
1.0458474819925376
0.6240606771579571
1.6260495312718348
1.139536866003023
0.7171081724789224
0.29745564613562786
0.6021310813300562
0.36097668562253976
0.7264560791110085
0.6797165459505787
0.829356029355113
0.6569550708998083
0.6295430761149323
0.8180522659142528
1.61714063296675
0.6021310813300562
0.8713767159020452
0.6432490735073704
0.6048722808085439
0.6213194776794694
1.292464582684195
0.4690439604166188
0.7295720479883705
0.6185782782009819
0.6185782782009819
0.8449992982334618
0.6651786693352711
0.9900750954106705
0.7690692910038585
0.6569550708998083
0.7841409755916722
0.7077602658468367
0.7326880168657325
1.510806276141051
1.5725961414413263
0.7233401102336465
0.34084330668957113
0.6158370787224943
0.6828325148279407
0.8625842433458507
0.7233401102336465
0.6295430761149323
0.5939074828945934
0.7482678612525424
0.31698256530555974
0.6679198688137589
0.6766005770732167
0.5819469716448104
0.659696270378296
1.7487834735772056
0.5732342029320415
0.6952963903373887
1.0076600405230594
0.5710560107538494
0.829356029355113
0.6679198688137589
0.6890644525826647
0.5841251638230025
0.6240606771579571
0.7108762347241986
0.6734846081958548
0.5993898818515686
0.6268018766364447
0.2901330514469035
0.8331239505020666
0.6268018766364447
1.029314061284805
0.7728372121508119
0.7992126601794858
0.6890644525826647
0.3035578083762316
0.963697677742087
0.5819469716448104
0.8625842433458507
0.5666996263974651
0.7202241413562844
0.5710560107538494
0.42343658514546917
0.659696270378296
0.8449992982334618
0.4170625269358093
0.6859484837053027
0.5819469716448104
0.3782338675650842
0.6185782782009819
0.8218201870612063
0.7728372121508119
0.8449992982334618
0.47451684544915673
0.7202241413562844
0.5383831280809668
0.44167953525392906
0.7108762347241986
0.8757729521801424
0.7389199546204565
0.7233401102336465
0.9812826228544759
0.7326880168657325
0.48363832050338673
0.6797165459505787
0.6890644525826647
0.5645214342192729
0.6487314724643455
0.7202241413562844
0.7803730544447187
0.6624374698567836
0.8801691884582397
0.7451518923751804
0.9900750954106705
0.6048722808085439
0.34803379916563143
1.1285145855312009
0.6377666745503952
0.7728372121508119
0.9197353149611147
0.6240606771579571
0.6651786693352711
0.6048722808085439
0.7690692910038585
0.6706610682922465
0.8801691884582397
0.659696270378296
0.7358039857430945
0.9988675679668649
0.7139922036015605
0.7139922036015605
0.32308472754616335
0.6921804214600267
0.7015283280921127
0.6268018766364447
0.8142843447672995
0.6569550708998083
0.4891112055359247
0.3883005570315685
0.6797165459505787
1.0623809027002706
0.7389199546204565
0.7295720479883705
0.6514726719428332
1.1849885443455372
1.034825201520716
0.6828325148279407
0.7046442969694747
0.7264560791110085
0.44715242028646696
0.6185782782009819
0.7451518923751804
0.9197353149611147
0.7046442969694747
1.0076600405230594
0.6130958792440067
1.1560702867107555
0.3954910495076287
0.6766005770732167
0.765301369856905
1.0076600405230594
0.8180522659142528
0.7803730544447187
0.5558086655065042
0.7108762347241986
0.8977541335706287
0.5841251638230025
1.4360174811210422
0.6797165459505787
0.5601650498628885
0.7046442969694747
0.3724814735842361
0.6240606771579571
0.7046442969694747
0.7202241413562844
0.6706610682922465
0.7992126601794858
0.5710560107538494
0.659696270378296
0.810516423620346
1.139536866003023
0.6432490735073704
0.6921804214600267
0.7264560791110085
2.4562790569876536
0.9812826228544759
0.6021310813300562
1.0678920429361813
1.2185748063263677
0.7544997990072665
0.5666996263974651
0.6679198688137589
0.6651786693352711
0.9109428424049203
0.7046442969694747
0.5536304733283121
0.6487314724643455
0.6268018766364447
0.8625842433458507
0.7482678612525424
0.866980479623948
0.849395534511559
0.8029805813264391
1.3537498065990323
0.6295430761149323
0.8218201870612063
0.7420359234978184
0.8757729521801424
0.6797165459505787
0.7015283280921127
0.6766005770732167
0.849395534511559
0.6706610682922465
0.9724901502982815
0.659696270378296
0.9021503698487259
0.6569550708998083
1.0899366038798248
0.5863033560011947
0.6797165459505787
0.6432490735073704
1.946882236932131
0.5274921671900058
0.6734846081958548
0.7766051332977651
0.7077602658468367
0.7389199546204565
0.7233401102336465
0.7879088967386254
0.6158370787224943
0.6213194776794694
0.6734846081958548
0.6569550708998083
0.7544997990072665
0.8067485024733926
0.7077602658468367
0.7046442969694747
0.6021310813300562
0.849395534511559
0.645990272985858
0.8142843447672995
0.9856788591325731
0.7803730544447187
0.5710560107538494
0.5579868576846964
0.3883005570315685
0.6048722808085439
0.7451518923751804
0.6624374698567836
0.6240606771579571
0.7690692910038585
0.41562442844059727
0.5100666297644684
0.963697677742087
0.7139922036015605
0.7544997990072665
0.8029805813264391
1.9893319719367577
3.571113002701021
1.2320093111187
0.7544997990072665
1.3687075656030343
0.7420359234978184
0.28403088920629976
0.5732342029320415
0.6952963903373887
0.5645214342192729
0.6828325148279407
0.645990272985858
0.7389199546204565
1.5993228363565806
0.6569550708998083
0.7451518923751804
0.9680939140201842
0.7841409755916722
0.659696270378296
0.5797687794666182
9.253804470603516
1.2790300778918626
0.5993898818515686
0.7046442969694747
0.8368918716490199
0.6487314724643455
0.7513838301299045
0.6542138714213207
0.8625842433458507
0.7954447390325323
0.6766005770732167
0.6624374698567836
0.6706610682922465
0.5841251638230025
0.645990272985858
1.6705940227972584
0.9021503698487259
0.6240606771579571
0.866980479623948
0.5037055656226925
0.7544997990072665
1.3058990874765273
0.7728372121508119
0.6076134802870314
0.5754123951102338
0.7544997990072665
0.5775905872884259
0.5362049359027745
0.5601650498628885
0.9812826228544759
0.6651786693352711
0.6651786693352711
0.659696270378296
0.7728372121508119
0.659696270378296
0.6432490735073704
0.6432490735073704
0.31820299775368044
0.8625842433458507
0.6890644525826647
1.0458474819925376
0.6240606771579571
0.6797165459505787
0.369605276593812
0.6268018766364447
0.7803730544447187
0.6890644525826647
0.7451518923751804
0.5579868576846964
0.645990272985858
0.6828325148279407
1.7487834735772056
0.7202241413562844
0.8029805813264391
0.7451518923751804
0.6952963903373887
1.4883696376350486
0.6921804214600267
0.6706610682922465
0.7264560791110085
0.3710433750890241
0.5623432420410807
0.6487314724643455
0.8368918716490199
0.4289094701780071
1.4285386016190413
0.6542138714213207
0.6984123592147506
0.6432490735073704
0.866980479623948
0.8218201870612063
0.5939074828945934
0.6185782782009819
1.4285386016190413
0.765301369856905
1.4135808426150396
0.6130958792440067
0.765301369856905
0.7015283280921127
0.6130958792440067
0.9373202600735037
0.42526088015631514
0.6651786693352711
0.8029805813264391
1.0513586222284486
0.6240606771579571
0.6542138714213207
0.7233401102336465
0.30111694347999013
0.8368918716490199
0.6679198688137589
0.6797165459505787
0.6350254750719075
0.6542138714213207
0.6432490735073704
0.6322842755934199
1.2655955730995305
0.9285277875173092
0.6797165459505787
0.8406597927959734
0.34803379916563143
0.7803730544447187
0.5274921671900058
1.4958485171370495
0.810516423620346
0.6766005770732167
0.6984123592147506
0.6651786693352711
1.0127806405770725
0.7841409755916722
0.6984123592147506
0.7577655275629982
1.5191427516108178
0.5993898818515686
0.40555773897411296
0.5797687794666182
0.7295720479883705
0.7389199546204565
0.829356029355113
1.1505591464748446
0.7233401102336465
0.7420359234978184
0.6890644525826647
0.32308472754616335
0.9505089689077955
1.4285386016190413
0.7544997990072665
0.6322842755934199
0.7728372121508119
0.645990272985858
1.0182917808129832
0.3638528826129639
1.1615814269466662
0.5939074828945934
0.4398552402430831
0.7992126601794858
0.3883005570315685
0.5558086655065042
0.7544997990072665
1.5725961414413263
0.7803730544447187
0.5939074828945934
0.8368918716490199
0.7108762347241986
0.7077602658468367
1.1560702867107555
0.5579868576846964
0.9900750954106705
0.6766005770732167
1.0678920429361813
0.7577655275629982
0.6185782782009819
1.0182917808129832
0.7544997990072665
1.5033273966390501
0.6890644525826647
0.3035578083762316
0.6797165459505787
0.8067485024733926
0.5884815481793868
0.6952963903373887
0.6679198688137589
0.7690692910038585
0.924131551239212
0.5383831280809668
0.963697677742087
1.2118575539302017
0.28281045675817906
0.7728372121508119
0.5318485515463902
1.0238029210488944
0.7077602658468367
1.0954477441157355
0.6890644525826647
0.8218201870612063
1.178271291949371
0.36097668562253976
0.6240606771579571
0.941716496351601
0.8180522659142528
0.7077602658468367
0.8625842433458507
1.2454438159110324
0.9549052051858926
0.610354679765519
0.6240606771579571
0.6268018766364447
0.6569550708998083
1.2790300778918626
0.6706610682922465
0.7295720479883705
0.9988675679668649
0.6797165459505787
2.626077997006161
0.7046442969694747
1.5547783448311567
0.8331239505020666
1.225292058722534
0.6766005770732167
0.6130958792440067
0.7233401102336465
0.6921804214600267
0.9285277875173092
0.8029805813264391
0.6048722808085439
1.2320093111187
0.9373202600735037
0.6432490735073704
0.6651786693352711
0.7728372121508119
0.6350254750719075
0.7108762347241986
0.6350254750719075
0.7233401102336465
0.610354679765519
0.6828325148279407
0.6797165459505787
0.7544997990072665
1.1615814269466662
0.9021503698487259
0.6569550708998083
0.7171081724789224
0.3782338675650842
0.7841409755916722
0.9109428424049203
0.6076134802870314
0.6350254750719075
0.866980479623948
0.5884815481793868
0.7451518923751804
1.0076600405230594
1.2118575539302017
0.30111694347999013
0.9768863865763786
1.0458474819925376
0.6797165459505787
0.8713767159020452
0.7451518923751804
0.9373202600735037
0.6734846081958548
0.6377666745503952
0.4398552402430831
0.6797165459505787
0.8029805813264391
1.0182917808129832
1.0182917808129832
0.7513838301299045
1.0403363417566267
0.7420359234978184
1.1174923050593792
0.8977541335706287
0.3710433750890241
0.7451518923751804
0.4362066502213911
0.29623521368750716
0.5911662834161058
0.7108762347241986
0.5449177046155432
1.0182917808129832
0.8142843447672995
0.32186429509804265
0.8331239505020666
1.5191427516108178
0.610354679765519
0.8180522659142528
0.5688778185756572
0.6766005770732167
0.5797687794666182
0.4170625269358093
0.7295720479883705
1.450975240125044
0.45627389534069696
1.3761864451050354
0.924131551239212
1.2051403015340356
0.5470958967937354
0.6542138714213207
0.6295430761149323
0.4945840905684626
0.6487314724643455
0.8218201870612063
0.7202241413562844
1.0238029210488944
0.7389199546204565
0.6706610682922465
0.7420359234978184
0.5797687794666182
0.3767957690698722
1.4958485171370495
0.6706610682922465
1.4360174811210422
0.7577655275629982
0.5819469716448104
0.7451518923751804
0.6921804214600267
0.7728372121508119
0.9373202600735037
0.6952963903373887
0.791676817885579
0.9988675679668649
0.7389199546204565
0.659696270378296
0.645990272985858
0.6158370787224943
0.7202241413562844
0.45627389534069696
0.8537917707896563
0.8218201870612063
0.6952963903373887
0.7046442969694747
0.9461127326296982
0.645990272985858
0.6377666745503952
0.7954447390325323
0.9988675679668649
0.5911662834161058
0.30843953816871456
0.9021503698487259
0.924131551239212
0.6651786693352711
0.32308472754616335
0.5166012062990449
0.7139922036015605
0.40268154198368894
0.7358039857430945
1.1849885443455372
0.5318485515463902
0.9021503698487259
0.7202241413562844
0.7513838301299045
0.8757729521801424
0.5383831280809668
0.5688778185756572
0.7202241413562844
0.8406597927959734
0.336529011203935
1.4360174811210422
0.5797687794666182
0.6569550708998083
0.765301369856905
0.5993898818515686
0.645990272985858
0.9593014414639898
0.7389199546204565
0.6890644525826647
0.7389199546204565
0.7295720479883705
0.9593014414639898
1.1615814269466662
2.5128787036604896
0.4927597955576166
0.6797165459505787
1.0568697624643595
0.7420359234978184
0.7108762347241986
0.5296703593681981
0.3652909811081759
0.6268018766364447
0.6268018766364447
1.2051403015340356
0.7295720479883705
0.5863033560011947
1.3058990874765273
0.6952963903373887
0.8977541335706287
0.6651786693352711
0.6240606771579571
0.6432490735073704
0.5911662834161058
0.8581880070677536
0.7577655275629982
0.8331239505020666
0.3710433750890241
0.6432490735073704
0.5841251638230025
0.5732342029320415
0.5449177046155432
0.7841409755916722
0.6213194776794694
0.5841251638230025
0.6624374698567836
0.34084330668957113
0.6952963903373887
0.6487314724643455
1.0734031831720923
0.34228140518478317
0.7202241413562844
0.7015283280921127
0.6890644525826647
0.6130958792440067
0.963697677742087
0.7420359234978184
0.9856788591325731
0.5558086655065042
0.7544997990072665
1.0182917808129832
0.5939074828945934
0.3911767540219926
0.6952963903373887
