644.0
556.0
525.0
640.0
618.0
570.0
652.0
570.0
596.0
555.0
648.0
622.0
705.0
489.0
608.0
466.0
566.0
539.0
539.0
564.0
544.0
699.0
665.0
805.0
648.0
583.0
648.0
661.0
535.0
568.0
589.0
468.0
745.0
642.0
558.0
696.0
554.0
549.0
586.0
570.0
580.0
552.0
572.0
781.0
744.0
544.0
585.0
567.0
556.0
619.0
539.0
590.0
558.0
583.0
553.0
587.0
658.0
565.0
546.0
537.0
804.0
638.0
532.0
577.0
616.0
581.0
557.0
614.0
523.0
580.0
576.0
596.0
564.0
592.0
614.0
522.0
533.0
577.0
630.0
633.0
618.0
560.0
601.0
747.0
595.0
585.0
555.0
588.0
548.0
708.0
561.0
560.0
608.0
730.0
555.0
552.0
605.0
587.0
652.0
565.0
632.0
538.0
616.0
562.0
554.0
612.0
703.0
585.0
553.0
560.0
593.0
618.0
564.0
590.0
589.0
574.0
515.0
482.0
453.0
582.0
737.0
567.0
641.0
694.0
626.0
578.0
560.0
551.0
552.0
603.0
520.0
618.0
528.0
576.0
585.0
652.0
530.0
618.0
564.0
669.0
637.0
658.0
588.0
555.0
569.0
573.0
602.0
534.0
569.0
634.0
546.0
548.0
561.0
586.0
539.0
576.0
639.0
593.0
610.0
656.0
587.0
578.0
550.0
576.0
734.0
679.0
669.0
698.0
544.0
648.0
672.0
584.0
525.0
606.0
588.0
616.0
577.0
596.0
521.0
595.0
530.0
522.0
740.0
552.0
550.0
557.0
572.0
453.0
528.0
585.0
541.0
591.0
596.0
574.0
610.0
681.0
489.0
622.0
564.0
574.0
536.0
555.0
561.0
641.0
509.0
638.0
595.0
641.0
523.0
516.0
637.0
568.0
544.0
544.0
558.0
682.0
510.0
550.0
552.0
558.0
696.0
547.0
644.0
523.0
580.0
594.0
582.0
570.0
580.0
448.0
569.0
530.0
580.0
584.0
489.0
554.0
598.0
557.0
605.0
617.0
568.0
592.0
590.0
648.0
574.0
553.0
533.0
588.0
581.0
522.0
569.0
591.0
609.0
552.0
571.0
550.0
669.0
588.0
617.0
570.0
560.0
624.0
637.0
550.0
530.0
582.0
572.0
568.0
537.0
526.0
592.0
664.0
603.0
599.0
550.0
521.0
782.0
565.0
637.0
545.0
560.0
570.0
458.0
682.0
669.0
532.0
961.0
621.0
580.0
648.0
528.0
551.0
566.0
626.0
537.0
552.0
566.0
608.0
653.0
542.0
599.0
676.0
562.0
551.0
522.0
677.0
613.0
534.0
580.0
576.0
609.0
572.0
622.0
667.0
569.0
547.0
634.0
571.0
562.0
600.0
545.0
594.0
816.0
628.0
645.0
562.0
574.0
601.0
755.0
546.0
535.0
571.0
644.0
542.0
593.0
568.0
586.0
558.0
572.0
561.0
569.0
565.0
565.0
556.0
532.0
533.0
564.0
534.0
535.0
688.0
618.0
572.0
645.0
539.0
593.0
549.0
570.0
592.0
762.0
560.0
554.0
580.0
602.0
609.0
586.0
482.0
652.0
576.0
550.0
554.0
586.0
611.0
544.0
560.0
600.0
578.0
557.0
655.0
565.0
525.0
563.0
622.0
558.0
678.0
606.0
590.0
622.0
592.0
602.0
625.0
548.0
661.0
595.0
631.0
603.0
577.0
637.0
594.0
612.0
522.0
568.0
629.0
574.0
575.0
563.0
552.0
557.0
530.0
583.0
602.0
565.0
574.0
616.0
564.0
556.0
587.0
668.0
566.0
622.0
559.0
565.0
552.0
582.0
541.0
625.0
557.0
552.0
715.0
452.0
586.0
608.0
570.0
530.0
654.0
582.0
565.0
570.0
596.0
683.0
569.0
650.0
564.0
577.0
546.0
562.0
557.0
534.0
544.0
532.0
545.0
586.0
560.0
592.0
632.0
562.0
641.0
666.0
568.0
685.0
621.0
568.0
609.0
593.0
592.0
619.0
561.0
542.0
677.0
683.0
461.0
570.0
566.0
560.0
516.0
525.0
687.0
561.0
697.0
608.0
529.0
656.0
621.0
590.0
749.0
480.0
627.0
780.0
644.0
586.0
714.0
577.0
547.0
506.0
539.0
557.0
478.0
541.0
581.0
634.0
583.0
639.0
699.0
462.0
587.0
562.0
597.0
640.0
667.0
551.0
542.0
606.0
541.0
539.0
629.0
520.0
540.0
587.0
576.0
598.0
556.0
531.0
589.0
558.0
609.0
537.0
554.0
562.0
556.0
764.0
518.0
590.0
603.0
535.0
563.0
541.0
550.0
587.0
608.0
653.0
586.0
568.0
522.0
555.0
556.0
550.0
616.0
522.0
552.0
588.0
650.0
520.0
507.0
518.0
594.0
561.0
569.0
458.0
586.0
633.0
565.0
637.0
503.0
757.0
740.0
598.0
466.0
558.0
638.0
596.0
564.0
695.0
485.0
672.0
579.0
585.0
618.0
576.0
633.0
601.0
645.0
521.0
530.0
616.0
522.0
550.0
557.0
545.0
630.0
530.0
546.0
555.0
596.0
634.0
730.0
537.0
567.0
550.0
448.0
564.0
658.0
600.0
573.0
553.0
708.0
674.0
556.0
566.0
554.0
558.0
718.0
629.0
565.0
568.0
604.0
546.0
549.0
555.0
573.0
506.0
555.0
520.0
563.0
546.0
545.0
550.0
589.0
571.0
576.0
523.0
503.0
552.0
549.0
579.0
558.0
638.0
628.0
