718.0
714.0
707.0
718.0
708.0
737.0
694.0
748.0
726.0
773.0
740.0
744.0
800.0
713.0
724.0
742.0
754.0
750.0
674.0
713.0
688.0
688.0
742.0
861.0
751.0
725.0
697.0
881.0
733.0
731.0
661.0
711.0
747.0
740.0
706.0
718.0
826.0
739.0
875.0
851.0
755.0
650.0
855.0
747.0
925.0
727.0
714.0
859.0
769.0
693.0
737.0
745.0
654.0
884.0
726.0
879.0
646.0
681.0
780.0
746.0
1040.0
795.0
736.0
718.0
687.0
707.0
574.0
735.0
706.0
710.0
727.0
820.0
766.0
666.0
691.0
827.0
778.0
756.0
707.0
595.0
720.0
743.0
693.0
769.0
790.0
670.0
633.0
832.0
769.0
610.0
734.0
717.0
714.0
785.0
717.0
690.0
746.0
800.0
737.0
826.0
742.0
709.0
781.0
717.0
742.0
801.0
701.0
721.0
781.0
729.0
704.0
651.0
899.0
804.0
718.0
709.0
723.0
790.0
802.0
693.0
731.0
718.0
589.0
776.0
678.0
742.0
747.0
757.0
703.0
693.0
816.0
695.0
792.0
722.0
668.0
711.0
732.0
741.0
763.0
754.0
935.0
548.0
739.0
857.0
799.0
703.0
872.0
733.0
856.0
902.0
785.0
699.0
722.0
734.0
760.0
736.0
705.0
881.0
891.0
709.0
689.0
738.0
724.0
628.0
726.0
795.0
682.0
849.0
730.0
826.0
711.0
707.0
850.0
854.0
791.0
731.0
553.0
737.0
716.0
726.0
733.0
740.0
748.0
760.0
696.0
724.0
661.0
702.0
722.0
709.0
757.0
755.0
706.0
782.0
738.0
712.0
672.0
672.0
717.0
842.0
838.0
726.0
696.0
674.0
702.0
736.0
750.0
789.0
680.0
805.0
809.0
562.0
784.0
805.0
693.0
755.0
692.0
749.0
742.0
750.0
805.0
811.0
794.0
725.0
718.0
714.0
810.0
888.0
646.0
715.0
711.0
794.0
781.0
729.0
738.0
787.0
818.0
845.0
717.0
690.0
789.0
746.0
838.0
685.0
755.0
700.0
714.0
687.0
698.0
694.0
677.0
755.0
862.0
789.0
724.0
725.0
749.0
763.0
813.0
845.0
725.0
769.0
764.0
764.0
910.0
723.0
836.0
758.0
683.0
584.0
726.0
718.0
698.0
772.0
552.0
742.0
720.0
720.0
612.0
713.0
778.0
741.0
752.0
717.0
708.0
722.0
693.0
756.0
868.0
709.0
706.0
592.0
710.0
690.0
781.0
714.0
761.0
734.0
588.0
777.0
775.0
821.0
738.0
586.0
749.0
755.0
610.0
778.0
756.0
690.0
741.0
865.0
701.0
702.0
773.0
734.0
695.0
593.0
714.0
743.0
745.0
657.0
731.0
701.0
767.0
845.0
716.0
753.0
929.0
703.0
660.0
814.0
725.0
822.0
565.0
691.0
789.0
717.0
737.0
702.0
918.0
704.0
934.0
723.0
740.0
651.0
729.0
705.0
681.0
620.0
858.0
744.0
789.0
722.0
777.0
712.0
753.0
717.0
695.0
706.0
700.0
736.0
733.0
703.0
724.0
686.0
734.0
748.0
581.0
780.0
690.0
710.0
725.0
756.0
621.0
721.0
723.0
698.0
746.0
730.0
688.0
725.0
725.0
835.0
853.0
741.0
605.0
745.0
721.0
744.0
840.0
948.0
695.0
724.0
721.0
780.0
704.0
756.0
549.0
727.0
694.0
714.0
750.0
669.0
719.0
759.0
713.0
739.0
790.0
597.0
647.0
752.0
760.0
567.0
598.0
835.0
796.0
842.0
795.0
602.0
719.0
802.0
810.0
827.0
690.0
751.0
721.0
733.0
600.0
730.0
720.0
659.0
823.0
814.0
702.0
735.0
736.0
717.0
722.0
718.0
728.0
772.0
862.0
738.0
564.0
699.0
790.0
597.0
762.0
808.0
745.0
552.0
730.0
704.0
716.0
745.0
721.0
739.0
702.0
703.0
681.0
790.0
558.0
801.0
578.0
750.0
721.0
713.0
685.0
682.0
568.0
709.0
685.0
753.0
661.0
562.0
718.0
816.0
809.0
720.0
737.0
720.0
713.0
964.0
729.0
720.0
702.0
726.0
699.0
845.0
785.0
676.0
718.0
748.0
898.0
840.0
804.0
748.0
721.0
775.0
698.0
747.0
710.0
848.0
694.0
758.0
703.0
697.0
744.0
766.0
721.0
621.0
942.0
746.0
722.0
856.0
819.0
693.0
690.0
699.0
747.0
700.0
683.0
697.0
690.0
828.0
726.0
852.0
713.0
711.0
724.0
781.0
557.0
698.0
732.0
713.0
786.0
701.0
699.0
739.0
754.0
690.0
722.0
813.0
656.0
738.0
730.0
604.0
760.0
660.0
727.0
742.0
715.0
716.0
710.0
677.0
685.0
773.0
736.0
781.0
749.0
722.0
716.0
706.0
719.0
797.0
680.0
730.0
825.0
830.0
714.0
761.0
736.0
730.0
700.0
740.0
729.0
712.0
713.0
751.0
727.0
695.0
709.0
837.0
736.0
712.0
677.0
749.0
794.0
742.0
709.0
784.0
723.0
752.0
549.0
756.0
693.0
804.0
729.0
626.0
786.0
766.0
734.0
782.0
701.0
689.0
599.0
705.0
713.0
752.0
687.0
723.0
687.0
722.0
723.0
933.0
796.0
686.0
814.0
691.0
699.0
696.0
762.0
753.0
700.0
793.0
732.0
693.0
733.0
689.0
686.0
718.0
808.0
708.0
731.0
698.0
848.0
717.0
772.0
695.0
748.0
695.0
797.0
701.0
832.0
696.0
571.0
778.0
782.0
751.0
584.0
707.0
706.0
704.0
715.0
726.0
707.0
714.0
550.0
751.0
691.0
699.0
720.0
758.0
771.0
645.0
693.0
710.0
633.0
689.0
782.0
777.0
588.0
666.0
723.0
829.0
681.0
736.0
714.0
776.0
836.0
688.0
670.0
697.0
793.0
762.0
749.0
709.0
578.0
710.0
709.0
769.0
659.0
879.0
