691.0
622.0
706.0
728.0
610.0
672.0
665.0
702.0
624.0
834.0
665.0
631.0
639.0
666.0
683.0
881.0
650.0
659.0
702.0
658.0
637.0
1170.0
613.0
628.0
722.0
618.0
669.0
594.0
632.0
633.0
605.0
628.0
705.0
667.0
603.0
791.0
646.0
659.0
810.0
653.0
683.0
552.0
642.0
500.0
620.0
619.0
630.0
691.0
730.0
502.0
660.0
718.0
703.0
477.0
655.0
681.0
843.0
657.0
632.0
676.0
698.0
660.0
669.0
619.0
744.0
637.0
665.0
618.0
728.0
647.0
706.0
627.0
660.0
659.0
619.0
699.0
666.0
591.0
708.0
641.0
742.0
678.0
628.0
614.0
532.0
602.0
626.0
672.0
754.0
651.0
699.0
710.0
721.0
743.0
629.0
672.0
695.0
616.0
614.0
756.0
626.0
678.0
720.0
810.0
612.0
544.0
787.0
651.0
772.0
637.0
623.0
632.0
620.0
617.0
637.0
672.0
617.0
637.0
662.0
658.0
594.0
766.0
634.0
605.0
645.0
662.0
586.0
652.0
719.0
612.0
610.0
638.0
691.0
596.0
669.0
645.0
601.0
610.0
626.0
610.0
670.0
674.0
649.0
749.0
609.0
629.0
733.0
620.0
677.0
761.0
618.0
808.0
608.0
697.0
642.0
714.0
625.0
622.0
594.0
632.0
581.0
606.0
703.0
650.0
615.0
836.0
653.0
674.0
672.0
656.0
646.0
683.0
668.0
658.0
517.0
615.0
700.0
631.0
663.0
623.0
692.0
654.0
722.0
598.0
738.0
679.0
808.0
638.0
630.0
629.0
610.0
661.0
722.0
675.0
648.0
609.0
622.0
592.0
663.0
610.0
604.0
654.0
627.0
634.0
713.0
651.0
626.0
592.0
640.0
837.0
672.0
649.0
636.0
746.0
669.0
677.0
608.0
627.0
856.0
633.0
644.0
538.0
602.0
585.0
645.0
636.0
661.0
600.0
741.0
674.0
509.0
713.0
725.0
782.0
706.0
705.0
601.0
797.0
682.0
676.0
641.0
649.0
466.0
677.0
673.0
652.0
524.0
643.0
627.0
675.0
631.0
656.0
651.0
643.0
684.0
496.0
485.0
776.0
657.0
622.0
734.0
662.0
644.0
625.0
518.0
629.0
687.0
665.0
656.0
468.0
765.0
682.0
694.0
594.0
661.0
496.0
702.0
752.0
622.0
532.0
630.0
705.0
712.0
637.0
645.0
613.0
633.0
640.0
585.0
663.0
805.0
919.0
695.0
711.0
700.0
686.0
626.0
635.0
618.0
772.0
663.0
467.0
624.0
678.0
685.0
600.0
658.0
616.0
642.0
596.0
633.0
794.0
997.0
646.0
648.0
474.0
640.0
616.0
615.0
623.0
699.0
552.0
557.0
632.0
654.0
702.0
645.0
660.0
606.0
604.0
705.0
688.0
634.0
640.0
599.0
618.0
674.0
627.0
620.0
730.0
642.0
643.0
634.0
644.0
729.0
664.0
505.0
750.0
832.0
757.0
640.0
672.0
616.0
646.0
639.0
629.0
877.0
640.0
669.0
692.0
664.0
625.0
664.0
660.0
467.0
680.0
606.0
834.0
645.0
698.0
685.0
634.0
624.0
717.0
740.0
781.0
643.0
619.0
662.0
634.0
625.0
678.0
616.0
698.0
648.0
683.0
648.0
713.0
617.0
639.0
605.0
661.0
592.0
705.0
653.0
616.0
661.0
616.0
609.0
620.0
598.0
663.0
620.0
746.0
601.0
644.0
698.0
590.0
648.0
685.0
705.0
641.0
692.0
682.0
700.0
701.0
680.0
553.0
613.0
674.0
475.0
564.0
653.0
660.0
638.0
559.0
702.0
649.0
592.0
629.0
654.0
662.0
752.0
652.0
747.0
701.0
748.0
634.0
613.0
604.0
688.0
694.0
645.0
628.0
682.0
678.0
706.0
621.0
641.0
650.0
651.0
628.0
766.0
698.0
698.0
625.0
633.0
663.0
724.0
640.0
700.0
632.0
635.0
503.0
643.0
788.0
618.0
679.0
645.0
682.0
645.0
650.0
709.0
618.0
682.0
759.0
772.0
607.0
665.0
705.0
653.0
653.0
616.0
855.0
623.0
636.0
662.0
640.0
645.0
645.0
641.0
647.0
896.0
627.0
789.0
678.0
630.0
656.0
622.0
633.0
670.0
485.0
647.0
702.0
490.0
600.0
678.0
599.0
624.0
733.0
616.0
683.0
734.0
634.0
611.0
577.0
599.0
650.0
545.0
646.0
586.0
778.0
688.0
678.0
644.0
617.0
644.0
612.0
518.0
629.0
574.0
669.0
604.0
651.0
627.0
647.0
665.0
626.0
626.0
677.0
599.0
618.0
701.0
717.0
688.0
649.0
606.0
711.0
636.0
644.0
648.0
636.0
727.0
621.0
630.0
597.0
557.0
610.0
593.0
665.0
608.0
728.0
698.0
678.0
581.0
703.0
706.0
808.0
677.0
498.0
670.0
596.0
636.0
628.0
650.0
602.0
481.0
681.0
594.0
612.0
616.0
689.0
610.0
628.0
650.0
634.0
626.0
692.0
718.0
726.0
593.0
697.0
633.0
637.0
782.0
601.0
632.0
602.0
675.0
867.0
646.0
648.0
734.0
612.0
668.0
752.0
574.0
598.0
603.0
621.0
619.0
676.0
618.0
653.0
720.0
701.0
650.0
630.0
628.0
605.0
679.0
619.0
661.0
708.0
654.0
625.0
573.0
527.0
640.0
729.0
642.0
716.0
658.0
504.0
649.0
904.0
737.0
622.0
656.0
589.0
530.0
709.0
602.0
743.0
624.0
637.0
652.0
672.0
632.0
583.0
598.0
676.0
746.0
712.0
474.0
649.0
719.0
628.0
621.0
660.0
672.0
683.0
666.0
846.0
656.0
689.0
621.0
653.0
648.0
635.0
678.0
667.0
601.0
757.0
647.0
606.0
626.0
746.0
615.0
508.0
680.0
617.0
616.0
608.0
658.0
808.0
835.0
614.0
584.0
561.0
677.0
732.0
690.0
640.0
637.0
691.0
616.0
607.0
797.0
673.0
638.0
713.0
722.0
646.0
614.0
603.0
631.0
721.0
632.0
569.0
621.0
649.0
673.0
618.0
929.0
605.0
670.0
648.0
669.0
597.0
616.0
639.0
614.0
630.0
764.0
617.0
701.0
666.0
645.0
542.0
473.0
626.0
652.0
644.0
724.0
616.0
672.0
635.0
646.0
720.0
873.0
664.0
722.0
666.0
660.0
661.0
625.0
560.0
602.0
670.0
612.0
634.0
630.0
653.0
616.0
747.0
608.0
645.0
622.0
600.0
497.0
606.0
667.0
661.0
645.0
616.0
745.0
669.0
604.0
676.0
674.0
477.0
616.0
622.0
578.0
642.0
595.0
712.0
613.0
634.0
602.0
584.0
659.0
624.0
634.0
658.0
773.0
635.0
673.0
884.0
627.0
618.0
602.0
620.0
657.0
617.0
648.0
687.0
634.0
714.0
510.0
615.0
708.0
701.0
669.0
