0.7341003441327172
0.8404697687559664
0.6843370305232497
0.6950005977252786
0.6581433336576279
1.1079305913175077
0.7764667246159357
0.7636661157879295
1.015749371003295
0.6772279857218972
0.6807825081225736
0.767932985397265
0.8553063674759004
1.1017851766298936
0.9100298220751314
0.6673918673819681
0.6843370305232497
0.5995692867368071
0.7764667246159357
1.1017851766298936
0.7269912993313647
0.6180663541854873
0.31343147917186326
0.5743309033139855
0.7518729561360985
0.8503315079668795
0.7092186873279835
0.8602812269849214
0.6673918673819681
0.5612066835886421
0.6119006650359272
0.5533321517534362
1.3611575544841588
0.9697281361833833
0.5934035975872468
1.1964754011089684
0.5480824638632988
0.8234022903186249
0.8901303840390474
1.6763527844271293
0.6303977324846074
0.7341003441327172
0.7056641649273072
0.6772279857218972
0.6365634216341677
0.5743309033139855
0.8951052435480684
0.7764667246159357
1.3238460363634912
0.9796778552014253
0.7554274785367747
0.6211491987602674
0.5638315275337108
0.7721998550066003
0.8652560864939425
0.7518729561360985
1.8644149212658614
0.8276691599279603
0.7056641649273072
0.767932985397265
0.8404697687559664
1.0280402003785234
0.6807825081225736
0.5664563714787795
0.7092186873279835
0.6950005977252786
0.5848302790942601
1.1823231083029104
0.6704747119567481
0.5638315275337108
0.5585818396435734
0.7269912993313647
0.8602812269849214
0.40858895770464493
0.8553063674759004
0.4752615980830977
0.8752058055119846
0.9448538386382782
0.702109642526631
0.5113346486323376
0.5507073078083675
0.8602812269849214
0.6088178204611472
0.6985551201259548
0.7269912993313647
0.5903207530124669
0.6149835096107071
1.533810411545773
0.6643090228071881
0.7056641649273072
0.7892673334439417
0.6673918673819681
0.9299292601112154
1.3853938657233518
0.7127732097286598
0.5795805912041229
0.6673918673819681
0.7127732097286598
1.288465304348346
0.7518729561360985
0.602652131311587
0.29051204466326164
0.8702309460029635
0.6211491987602674
1.0280402003785234
0.7234367769306885
0.7518729561360985
0.7447639113347461
1.7320781785435957
0.7056641649273072
0.6985551201259548
0.5690812154238482
0.5795805912041229
0.6704747119567481
0.9100298220751314
1.274313011542288
0.6458119553585077
1.1079305913175077
0.6612261782324079
0.767932985397265
0.6303977324846074
0.9796778552014253
0.6673918673819681
0.7092186873279835
0.673673463321221
0.6519776445080678
0.5690812154238482
0.7234367769306885
0.673673463321221
5.855138691406937
0.9249544006021944
0.836202899146631
0.6550604890828479
0.6950005977252786
1.1079305913175077
0.6458119553585077
0.3673044414436508
0.6612261782324079
0.767932985397265
0.6581433336576279
0.5903207530124669
0.7376548665333935
0.5717060593689168
0.6273148879098275
0.8801806650210053
0.31629640848543844
0.6211491987602674
0.8702309460029635
0.2847821860361113
0.5113346486323376
0.6273148879098275
0.6242320433350473
0.6985551201259548
0.6914460753246022
1.1893992547059395
0.7198822545300122
0.4577908112744765
0.363864065088568
1.3450744755725785
0.6427291107837276
0.5638315275337108
0.5874551230393289
0.8752058055119846
0.5848302790942601
0.6772279857218972
0.6581433336576279
1.0894943472546652
0.5612066835886421
0.7234367769306885
0.6643090228071881
0.6807825081225736
0.9946024337284881
0.8702309460029635
0.7092186873279835
0.7127732097286598
1.1202214206927361
0.7234367769306885
0.6581433336576279
0.6519776445080678
0.7056641649273072
0.5244588683576807
0.6643090228071881
0.7483184337354222
0.9349041196202365
0.8702309460029635
0.8106016814906187
0.6519776445080678
0.6119006650359272
0.7376548665333935
0.6180663541854873
1.4257877177886735
0.8602812269849214
0.6458119553585077
0.34150161878052954
0.34838237149069523
0.6211491987602674
0.596486442162027
0.6458119553585077
0.6704747119567481
0.7092186873279835
0.6704747119567481
1.0045521527465302
0.7554274785367747
0.8404697687559664
0.9050549625661104
0.29624190329041206
1.1693847381936493
0.7518729561360985
0.8801806650210053
0.6950005977252786
0.7554274785367747
0.6914460753246022
0.8404697687559664
0.3621438769110266
0.8319360295372955
0.7412093889340697
0.6985551201259548
0.2804847920657485
1.046476444441366
0.8901303840390474
0.4468715695190884
0.8752058055119846
0.6985551201259548
0.673673463321221
0.7554274785367747
0.7234367769306885
0.9697281361833833
0.6273148879098275
0.3810659468639822
0.7764667246159357
0.9697281361833833
0.46652620467878714
0.6843370305232497
0.37934575868644077
0.2819172567225361
0.5612066835886421
0.6673918673819681
0.8602812269849214
0.7198822545300122
1.2460084259301718
0.47307774973202005
0.673673463321221
0.6119006650359272
0.8801806650210053
0.486180839838486
0.6088178204611472
0.6985551201259548
0.6088178204611472
0.5769557472590542
0.716327732129336
0.6488947999332878
0.8901303840390474
0.6303977324846074
0.6488947999332878
0.9000801030570893
0.6057349758863672
0.7807335942252711
0.7518729561360985
0.7554274785367747
1.3096937435574332
0.716327732129336
0.767932985397265
0.6843370305232497
0.6303977324846074
0.6396462662089476
0.602652131311587
0.8901303840390474
0.7892673334439417
0.6612261782324079
0.6149835096107071
0.836202899146631
0.7554274785367747
0.5612066835886421
0.7269912993313647
0.2890795800064741
0.332053519710102
0.6550604890828479
0.6550604890828479
0.7850004638346064
0.9100298220751314
0.5664563714787795
0.4017082049944793
0.42721693435938957
0.7518729561360985
0.6211491987602674
0.332053519710102
0.6914460753246022
0.7518729561360985
0.7935342030532773
0.5349582441379555
0.3397814306029881
0.6211491987602674
0.6581433336576279
0.6673918673819681
0.9100298220751314
2.040863911562216
0.6807825081225736
1.1823231083029104
0.6303977324846074
0.6550604890828479
0.5113346486323376
0.7636661157879295
0.6807825081225736
0.767932985397265
0.6643090228071881
0.6612261782324079
0.6772279857218972
0.5822054351491915
0.5934035975872468
0.6303977324846074
1.0403310297537518
0.7341003441327172
0.6950005977252786
0.44032002446585544
0.6303977324846074
0.6704747119567481
0.7269912993313647
0.9896275742194673
0.9697281361833833
0.9896275742194673
0.6396462662089476
0.7056641649273072
0.7850004638346064
0.6581433336576279
0.6985551201259548
0.8020679422719479
0.6807825081225736
0.9448538386382782
0.2804847920657485
0.7892673334439417
0.6550604890828479
0.8801806650210053
0.6057349758863672
0.6643090228071881
0.6550604890828479
0.6519776445080678
0.33491844902367723
0.9697281361833833
0.31486394382865085
0.8063348118812834
0.6458119553585077
0.8503315079668795
0.8503315079668795
0.6303977324846074
0.9349041196202365
0.6950005977252786
0.6807825081225736
0.6334805770593874
0.6211491987602674
0.8652560864939425
0.6985551201259548
0.7978010726626127
0.8602812269849214
0.6057349758863672
1.267236865139259
0.4381361761147778
0.9548035576563202
0.7447639113347461
0.5638315275337108
0.5903207530124669
0.8319360295372955
0.6704747119567481
0.7376548665333935
0.6643090228071881
0.6673918673819681
0.6273148879098275
0.7376548665333935
0.6488947999332878
0.6303977324846074
0.6673918673819681
0.6673918673819681
0.9349041196202365
0.7269912993313647
0.9597784171653413
0.9747029956924042
0.6673918673819681
0.2804847920657485
0.8752058055119846
1.409630176962545
0.8148685510999542
0.6772279857218972
0.6581433336576279
1.0894943472546652
0.7056641649273072
0.8503315079668795
0.8234022903186249
0.6519776445080678
0.6273148879098275
0.9000801030570893
0.332053519710102
1.2955414507513752
0.6057349758863672
0.596486442162027
0.8801806650210053
0.6612261782324079
1.281389157945317
0.5822054351491915
0.7305458217320411
0.3501025596682367
0.7850004638346064
0.8234022903186249
0.6950005977252786
0.9846527147104462
0.7092186873279835
0.6088178204611472
0.6843370305232497
0.7554274785367747
0.7198822545300122
0.6458119553585077
1.009603956315681
1.1079305913175077
0.6180663541854873
0.8020679422719479
0.5375830880830241
0.7807335942252711
0.7056641649273072
1.238932279527143
0.8319360295372955
0.6458119553585077
0.7593992461785941
0.7593992461785941
0.7518729561360985
0.5903207530124669
0.6581433336576279
0.7892673334439417
0.5743309033139855
0.5995692867368071
0.702109642526631
0.7198822545300122
1.1509484941308068
0.9249544006021944
0.6303977324846074
0.5113346486323376
0.7341003441327172
0.6458119553585077
0.6704747119567481
0.8553063674759004
0.5638315275337108
0.716327732129336
0.6211491987602674
0.7518729561360985
0.5822054351491915
0.6242320433350473
0.9199795410931734
1.0218947856909093
0.7269912993313647
0.5585818396435734
0.9548035576563202
0.6985551201259548
0.41030914588218637
0.9946024337284881
0.8234022903186249
0.8602812269849214
0.7305458217320411
0.7269912993313647
0.8503315079668795
0.9448538386382782
0.5848302790942601
1.3096937435574332
0.6242320433350473
0.9249544006021944
0.5874551230393289
1.369236324897223
0.6673918673819681
0.7092186873279835
0.6396462662089476
0.7892673334439417
0.702109642526631
0.8276691599279603
0.6303977324846074
0.5995692867368071
0.44032002446585544
0.5822054351491915
0.7234367769306885
0.6643090228071881
0.6843370305232497
0.9796778552014253
0.6704747119567481
1.1202214206927361
1.466181569853995
0.3776255705088994
1.1964754011089684
0.6334805770593874
0.8020679422719479
0.7269912993313647
0.9448538386382782
0.8319360295372955
0.6843370305232497
0.7234367769306885
0.3913870759292307
0.7269912993313647
0.836202899146631
0.6396462662089476
0.6365634216341677
0.7483184337354222
1.4742603402670595
0.6673918673819681
0.7807335942252711
0.7198822545300122
0.7554274785367747
0.7636661157879295
0.6458119553585077
0.6643090228071881
0.7341003441327172
0.34150161878052954
0.7518729561360985
0.5060849607422002
1.1448030794431927
0.6673918673819681
0.6180663541854873
0.5690812154238482
0.8901303840390474
0.6704747119567481
0.8602812269849214
0.8063348118812834
0.7056641649273072
0.673673463321221
0.8020679422719479
1.4500240290278665
0.5402079320280928
0.8319360295372955
0.8404697687559664
0.602652131311587
0.37246500597627513
0.6119006650359272
0.767932985397265
0.6772279857218972
0.673673463321221
0.7127732097286598
0.6643090228071881
1.2177038403180558
1.1079305913175077
0.9000801030570893
0.6807825081225736
0.6673918673819681
0.5717060593689168
0.9697281361833833
0.7935342030532773
0.7092186873279835
1.210627693915027
0.3604236887334852
0.5612066835886421
0.5533321517534362
0.8602812269849214
0.6519776445080678
1.1893992547059395
0.8148685510999542
0.6950005977252786
0.673673463321221
0.4189100867698935
0.6519776445080678
1.8497108387411652
0.7376548665333935
0.6550604890828479
0.5743309033139855
0.6985551201259548
0.8553063674759004
1.210627693915027
0.7092186873279835
1.482339110680124
0.7412093889340697
0.5585818396435734
0.6149835096107071
0.5795805912041229
0.7127732097286598
0.7198822545300122
0.6519776445080678
0.6488947999332878
0.7518729561360985
0.9000801030570893
1.4500240290278665
0.6550604890828479
0.8801806650210053
1.524307586687016
1.4015514065494805
0.6149835096107071
1.466181569853995
0.6914460753246022
0.5903207530124669
0.9150046815841524
0.602652131311587
0.28621465069289886
0.7892673334439417
0.7341003441327172
0.7554274785367747
0.6581433336576279
0.7593992461785941
0.602652131311587
0.6581433336576279
1.4257877177886735
0.7198822545300122
0.6149835096107071
0.673673463321221
0.9349041196202365
0.5690812154238482
0.6673918673819681
0.6704747119567481
0.7593992461785941
0.7376548665333935
0.7056641649273072
0.6242320433350473
0.6273148879098275
0.7269912993313647
0.9398789791292572
0.32632366108295163
0.6057349758863672
0.6180663541854873
0.4381361761147778
1.1693847381936493
0.6088178204611472
0.8020679422719479
0.6303977324846074
0.6843370305232497
0.7269912993313647
0.9398789791292572
0.9548035576563202
0.6704747119567481
0.9796778552014253
0.41030914588218637
0.7305458217320411
0.673673463321221
0.596486442162027
2.1437924892350897
0.7518729561360985
0.6242320433350473
0.30340422657435007
0.7269912993313647
1.533810411545773
0.40858895770464493
0.6772279857218972
0.6581433336576279
0.7892673334439417
0.9150046815841524
0.8191354207092896
0.3569833123784023
0.6057349758863672
0.7269912993313647
0.9150046815841524
0.7127732097286598
0.6211491987602674
0.9000801030570893
0.6180663541854873
1.302617597154404
1.009603956315681
1.533810411545773
0.8752058055119846
0.7850004638346064
0.7850004638346064
1.5623188861220443
0.7518729561360985
0.7092186873279835
1.4419452586148023
0.6550604890828479
0.6149835096107071
0.5743309033139855
0.4154697104148106
0.7092186873279835
0.7341003441327172
0.8063348118812834
0.7412093889340697
1.0710581031918227
0.7092186873279835
0.31199901451507567
1.281389157945317
1.1017851766298936
0.5270837123027494
0.6914460753246022
0.8553063674759004
0.9100298220751314
0.6914460753246022
0.6458119553585077
1.820302673691773
1.281389157945317
0.9946024337284881
0.6519776445080678
0.9498286981472993
0.7305458217320411
0.7269912993313647
0.6950005977252786
0.6396462662089476
0.836202899146631
0.6396462662089476
0.8020679422719479
0.9498286981472993
0.35354293602331954
0.7234367769306885
0.6396462662089476
0.5903207530124669
0.7483184337354222
1.274313011542288
0.6772279857218972
1.1964754011089684
0.8553063674759004
0.9199795410931734
0.48399699148740827
0.8602812269849214
0.6950005977252786
0.4512392662212436
0.7234367769306885
0.8503315079668795
0.6119006650359272
1.1632393235060352
0.9299292601112154
0.7234367769306885
1.5813245358395585
0.7127732097286598
0.6088178204611472
0.5717060593689168
0.5934035975872468
0.5717060593689168
0.7518729561360985
0.4051485813495621
0.6704747119567481
0.5428327759731615
0.6704747119567481
0.5402079320280928
0.5822054351491915
0.5533321517534362
0.673673463321221
0.7978010726626127
0.6303977324846074
0.5934035975872468
0.7269912993313647
1.0280402003785234
0.6643090228071881
0.8602812269849214
2.099680241661001
0.596486442162027
1.369236324897223
0.2933769739768369
0.5848302790942601
0.7376548665333935
0.5769557472590542
0.6550604890828479
0.32059380245580127
0.5690812154238482
0.6365634216341677
0.5585818396435734
0.6211491987602674
0.6950005977252786
0.6427291107837276
0.6581433336576279
0.32632366108295163
0.7593992461785941
1.231856133124114
1.224779986721085
0.5822054351491915
1.3238460363634912
0.7483184337354222
0.6985551201259548
0.3913870759292307
0.7850004638346064
0.9150046815841524
0.6180663541854873
1.1017851766298936
0.6704747119567481
0.6365634216341677
0.8652560864939425
0.6088178204611472
0.6612261782324079
0.8234022903186249
0.8652560864939425
0.4468715695190884
0.6427291107837276
0.6303977324846074
0.479629294785253
0.6458119553585077
0.6149835096107071
0.9597784171653413
0.6458119553585077
0.5612066835886421
0.8234022903186249
0.8602812269849214
0.5822054351491915
0.5795805912041229
0.6807825081225736
0.6273148879098275
0.7593992461785941
1.083348932567051
0.7092186873279835
0.6985551201259548
0.6057349758863672
0.6914460753246022
1.3611575544841588
0.7269912993313647
0.7764667246159357
1.1325122500679643
1.0280402003785234
0.6488947999332878
0.6843370305232497
1.009603956315681
0.6643090228071881
0.687891552923926
1.0280402003785234
0.7412093889340697
0.6950005977252786
1.1448030794431927
0.7092186873279835
0.6550604890828479
0.6273148879098275
0.6704747119567481
1.552816061263287
0.5995692867368071
0.7234367769306885
0.8148685510999542
0.47089390138094245
0.6550604890828479
0.6519776445080678
0.6704747119567481
0.5903207530124669
0.602652131311587
0.6458119553585077
0.6334805770593874
0.6334805770593874
0.6396462662089476
0.6149835096107071
0.8553063674759004
0.7593992461785941
