814.0
791.0
916.0
894.0
757.0
800.0
789.0
798.0
789.0
735.0
835.0
778.0
855.0
752.0
910.0
874.0
795.0
785.0
856.0
749.0
826.0
778.0
914.0
755.0
781.0
778.0
796.0
778.0
786.0
1005.0
847.0
764.0
688.0
810.0
770.0
780.0
759.0
753.0
798.0
790.0
801.0
754.0
764.0
761.0
804.0
769.0
929.0
722.0
795.0
806.0
819.0
838.0
754.0
789.0
868.0
738.0
811.0
749.0
797.0
809.0
753.0
774.0
812.0
849.0
772.0
725.0
800.0
791.0
876.0
829.0
821.0
712.0
598.0
856.0
759.0
776.0
829.0
764.0
700.0
605.0
776.0
651.0
748.0
791.0
818.0
846.0
710.0
1007.0
702.0
807.0
834.0
769.0
689.0
692.0
992.0
788.0
859.0
884.0
791.0
760.0
701.0
816.0
891.0
943.0
870.0
750.0
868.0
797.0
757.0
829.0
776.0
782.0
794.0
753.0
804.0
788.0
971.0
746.0
773.0
784.0
762.0
808.0
794.0
750.0
812.0
853.0
865.0
808.0
773.0
668.0
755.0
828.0
921.0
853.0
784.0
843.0
829.0
862.0
822.0
849.0
936.0
780.0
790.0
630.0
834.0
872.0
773.0
778.0
756.0
721.0
919.0
813.0
859.0
897.0
849.0
604.0
838.0
771.0
728.0
762.0
873.0
815.0
883.0
853.0
807.0
796.0
812.0
785.0
779.0
775.0
800.0
764.0
929.0
746.0
837.0
962.0
771.0
782.0
777.0
798.0
813.0
624.0
774.0
758.0
785.0
842.0
911.0
798.0
734.0
592.0
667.0
874.0
781.0
808.0
817.0
1003.0
772.0
821.0
762.0
795.0
859.0
939.0
603.0
800.0
822.0
794.0
847.0
907.0
901.0
806.0
714.0
864.0
776.0
812.0
794.0
889.0
807.0
763.0
869.0
916.0
858.0
838.0
765.0
749.0
813.0
839.0
730.0
760.0
601.0
772.0
764.0
766.0
700.0
991.0
763.0
785.0
734.0
800.0
798.0
757.0
756.0
706.0
692.0
750.0
843.0
827.0
827.0
791.0
829.0
795.0
694.0
854.0
659.0
829.0
780.0
757.0
792.0
853.0
754.0
777.0
766.0
853.0
781.0
794.0
788.0
749.0
801.0
837.0
805.0
856.0
785.0
871.0
828.0
778.0
809.0
790.0
804.0
737.0
643.0
758.0
775.0
839.0
820.0
611.0
773.0
765.0
798.0
812.0
823.0
776.0
898.0
887.0
773.0
861.0
758.0
1005.0
758.0
862.0
769.0
908.0
816.0
882.0
897.0
777.0
839.0
823.0
741.0
826.0
818.0
865.0
791.0
740.0
734.0
777.0
770.0
812.0
833.0
756.0
683.0
992.0
812.0
600.0
759.0
765.0
985.0
856.0
784.0
794.0
868.0
808.0
776.0
706.0
770.0
829.0
788.0
772.0
594.0
855.0
763.0
774.0
755.0
695.0
797.0
826.0
850.0
762.0
771.0
783.0
777.0
753.0
738.0
906.0
766.0
621.0
635.0
797.0
821.0
883.0
973.0
638.0
794.0
778.0
856.0
788.0
733.0
789.0
759.0
792.0
844.0
803.0
696.0
802.0
802.0
854.0
875.0
780.0
807.0
772.0
805.0
834.0
866.0
800.0
852.0
760.0
795.0
842.0
816.0
842.0
730.0
777.0
710.0
935.0
760.0
785.0
745.0
902.0
746.0
762.0
823.0
821.0
791.0
749.0
759.0
809.0
802.0
773.0
750.0
805.0
729.0
943.0
771.0
871.0
834.0
770.0
722.0
927.0
866.0
778.0
776.0
791.0
647.0
797.0
858.0
780.0
864.0
864.0
792.0
756.0
785.0
962.0
761.0
825.0
926.0
791.0
773.0
790.0
634.0
813.0
731.0
1099.0
747.0
673.0
900.0
747.0
993.0
833.0
771.0
784.0
1085.0
1001.0
885.0
824.0
745.0
655.0
769.0
786.0
634.0
859.0
792.0
705.0
762.0
648.0
801.0
769.0
807.0
764.0
836.0
774.0
761.0
752.0
796.0
826.0
755.0
772.0
784.0
779.0
765.0
797.0
785.0
596.0
786.0
785.0
809.0
781.0
681.0
798.0
622.0
761.0
994.0
986.0
835.0
745.0
743.0
657.0
793.0
809.0
781.0
770.0
762.0
594.0
787.0
751.0
861.0
770.0
777.0
662.0
752.0
973.0
899.0
760.0
845.0
713.0
894.0
725.0
806.0
684.0
736.0
917.0
778.0
853.0
850.0
805.0
789.0
751.0
800.0
847.0
778.0
858.0
733.0
902.0
781.0
770.0
824.0
791.0
801.0
828.0
797.0
758.0
701.0
805.0
881.0
818.0
803.0
767.0
835.0
707.0
771.0
824.0
766.0
887.0
766.0
780.0
797.0
987.0
813.0
778.0
780.0
852.0
590.0
801.0
759.0
778.0
817.0
750.0
780.0
890.0
827.0
750.0
749.0
762.0
797.0
762.0
962.0
797.0
745.0
686.0
794.0
830.0
916.0
791.0
801.0
810.0
792.0
825.0
770.0
851.0
638.0
843.0
652.0
738.0
859.0
794.0
771.0
609.0
838.0
871.0
820.0
784.0
804.0
776.0
765.0
775.0
762.0
823.0
678.0
783.0
918.0
774.0
842.0
762.0
885.0
755.0
763.0
773.0
703.0
796.0
878.0
790.0
781.0
823.0
816.0
783.0
800.0
829.0
907.0
756.0
806.0
800.0
812.0
826.0
766.0
754.0
753.0
749.0
884.0
823.0
644.0
668.0
791.0
822.0
900.0
634.0
745.0
777.0
770.0
715.0
741.0
916.0
850.0
749.0
803.0
937.0
777.0
809.0
759.0
763.0
802.0
901.0
926.0
766.0
879.0
708.0
804.0
779.0
744.0
782.0
864.0
784.0
826.0
868.0
777.0
732.0
733.0
791.0
813.0
788.0
779.0
800.0
859.0
804.0
798.0
700.0
865.0
875.0
788.0
589.0
752.0
760.0
912.0
778.0
789.0
750.0
765.0
893.0
742.0
854.0
628.0
776.0
647.0
725.0
745.0
861.0
782.0
804.0
779.0
798.0
883.0
630.0
