0.8237833551637126
0.5241687450454161
0.647016872268059
0.937768768677863
0.7165679720491096
0.677067545063627
0.41916889461263745
0.8101969254383492
1.0273165198316943
0.643716244324574
0.8373697848890761
0.7417046074035075
1.0977734886054946
0.8056681155298947
1.0401268777905668
0.49634593239539687
0.6338143604941187
1.3390698386192625
0.647016872268059
1.104178667584931
0.7603800164453498
2.5905607424853905
0.9024855801852049
0.5909061972288127
0.8571214806946444
0.9932137791663256
0.5772119490819977
1.2029625132359576
0.8672023916925469
1.1233942045232401
0.5666033082746813
0.7417046074035075
0.5942068251722977
0.607409336946238
0.8192545452552582
0.7784952560791679
1.231616687000864
1.0401268777905668
0.5851684296874848
0.7417046074035075
0.8192545452552582
0.587820589889314
0.7129770241413385
0.46671720610813394
0.5851684296874848
0.7452955553112787
0.677067545063627
2.0385472601366232
0.7201589199568807
0.7309317636801942
0.7649088263538044
0.9276878576799606
0.8873642136883515
0.8571214806946444
0.7603800164453498
1.2745979476482234
0.5772119490819977
1.168230457379295
0.7201589199568807
0.9125664911831073
1.606838048029801
0.7417046074035075
0.6206118487201784
0.7309317636801942
0.702204180418025
0.6569187560985142
0.6338143604941187
1.6625026922658739
0.6986132325102539
0.7452955553112787
0.6602193840419993
0.8621619361935957
0.6536181281550293
0.8823237581894001
0.7560683990345921
0.643716244324574
0.8974451246862537
1.0977734886054946
0.4986250651867247
0.6635200119854844
0.6734765971558558
0.7920816858045313
0.8373697848890761
0.6806584929713982
0.6569187560985142
1.0913683096260582
1.003294690164228
0.647016872268059
0.7201589199568807
0.6206118487201784
2.083305110056794
0.5400817062563906
0.8470405696967421
0.7739664461707134
0.8823237581894001
0.7165679720491096
0.8011393056214403
0.6986132325102539
0.5909061972288127
0.7739664461707134
0.6602193840419993
1.3032521214131298
0.6914313366947116
1.0657475937083125
0.6635200119854844
0.6734765971558558
0.6986132325102539
2.322013642964369
0.6842494408791693
1.0849631306466216
0.6842494408791693
0.5427338664582196
0.6842494408791693
0.7093860762335672
1.6625026922658739
0.587820589889314
0.6140105928332082
0.9125664911831073
0.6305137325506336
0.6569187560985142
0.5745597888801687
1.0209113408522577
0.7417046074035075
0.7273408157724229
0.6842494408791693
0.7649088263538044
0.6503175002115441
0.5639511480728522
0.7345227115879653
0.6842494408791693
0.702204180418025
0.6635200119854844
0.9176069466820583
0.7417046074035075
0.5825162694856558
0.6569187560985142
0.9226474021810095
1.0209113408522577
0.6635200119854844
0.647016872268059
0.5427338664582196
0.6914313366947116
0.6107099648897231
0.6536181281550293
0.8722428471914979
1.0337216988111306
0.7649088263538044
0.8192545452552582
0.8621619361935957
0.8470405696967421
3.202251358061051
0.5745597888801687
3.851231758985528
0.6338143604941187
0.6140105928332082
0.6602193840419993
0.7694376362622589
0.7966104957129858
0.5719076286783396
0.8192545452552582
1.2960885779719031
0.647016872268059
1.0209113408522577
0.9024855801852049
0.6338143604941187
0.6305137325506336
0.5942068251722977
0.9176069466820583
0.647016872268059
0.8011393056214403
0.4507632765688386
0.6842494408791693
0.6503175002115441
0.6701212678724546
0.6503175002115441
0.6536181281550293
0.6701212678724546
0.6371149884376037
0.647016872268059
0.7129770241413385
0.7165679720491096
0.6338143604941187
0.6536181281550293
0.5851684296874848
0.6635200119854844
0.8192545452552582
0.7488865032190498
1.2101260566771843
1.472114048393833
0.5639511480728522
0.6338143604941187
0.4099453806841444
0.6668206399289696
1.1886354263535046
0.8328409749806216
0.7201589199568807
0.5719076286783396
3.3919991106165104
0.5533425072655359
2.709915008939178
0.6635200119854844
0.7830240659876223
0.9176069466820583
0.5374295460545616
0.5427338664582196
0.6668206399289696
0.6569187560985142
1.3798807482941318
0.7966104957129858
0.8328409749806216
1.28176149108945
0.9528901351747164
0.7309317636801942
0.702204180418025
0.9831328681684234
0.7165679720491096
0.7165679720491096
0.705795128325796
0.6173112207766933
0.8056681155298947
0.7201589199568807
0.411790083469843
0.7417046074035075
1.2745979476482234
0.6569187560985142
0.6635200119854844
1.1297993835026767
0.7920816858045313
0.6914313366947116
0.6701212678724546
0.6734765971558558
0.8722428471914979
0.7237498678646518
0.5506903470637069
0.9831328681684234
0.6206118487201784
0.7417046074035075
0.8011393056214403
1.7998387272290486
1.0401268777905668
0.7237498678646518
0.6107099648897231
0.6041087090027529
0.9680115016715698
0.6338143604941187
0.7165679720491096
1.8296772938424959
0.5056036236326126
0.6206118487201784
0.6635200119854844
0.8101969254383492
0.5666033082746813
0.8772833026904491
0.6914313366947116
0.6734765971558558
0.647016872268059
0.8237833551637126
90.13308632241774
0.705795128325796
0.8672023916925469
0.8722428471914979
0.7417046074035075
0.4007218667556513
0.9982542346652767
0.5506903470637069
0.8192545452552582
1.8893544270693894
0.8101969254383492
0.6206118487201784
0.9276878576799606
0.677067545063627
0.6986132325102539
0.702204180418025
0.6635200119854844
0.5909061972288127
0.48267113564742936
0.7739664461707134
0.8192545452552582
0.9780924126694722
1.2387802304420905
0.7830240659876223
0.8470405696967421
0.7603800164453498
0.521516584843587
0.5851684296874848
0.8192545452552582
0.6371149884376037
0.6842494408791693
0.6371149884376037
0.5909061972288127
0.607409336946238
2.2324979431240286
0.6404156163810889
0.8722428471914979
0.6668206399289696
0.8147257353468037
0.6107099648897231
2.142982243283688
0.6635200119854844
1.0337216988111306
1.003294690164228
0.6986132325102539
0.6239124766636633
0.5798641092838268
0.7524774511268211
0.7201589199568807
0.6734765971558558
0.5851684296874848
0.6107099648897231
0.4484841437775106
0.7201589199568807
0.6569187560985142
3.008300675073647
1.0913683096260582
0.9125664911831073
0.6371149884376037
0.6734765971558558
0.7603800164453498
0.9982542346652767
0.6914313366947116
1.1105838465643674
0.5480381868618778
0.7966104957129858
0.7201589199568807
1.0209113408522577
0.7452955553112787
0.7417046074035075
1.9937894102164533
0.9125664911831073
0.6842494408791693
0.6371149884376037
0.6734765971558558
0.7603800164453498
0.5082557838344416
0.6173112207766933
1.0209113408522577
0.8470405696967421
0.7649088263538044
0.6206118487201784
0.40810067789844573
0.7966104957129858
0.7345227115879653
2.9337042585400295
0.6878403887869403
0.7784952560791679
1.231616687000864
0.647016872268059
0.9982542346652767
0.8571214806946444
0.6569187560985142
0.6404156163810889
1.2459437738833172
0.7603800164453498
0.8924046691873027
0.6140105928332082
0.8328409749806216
0.6734765971558558
0.9125664911831073
0.5942068251722977
0.5851684296874848
0.705795128325796
0.49406679960406896
0.6668206399289696
0.6041087090027529
0.6734765971558558
0.6371149884376037
1.1105838465643674
0.677067545063627
0.6635200119854844
0.7560683990345921
0.7488865032190498
1.1169890255438037
0.9327283131789118
0.647016872268059
0.6404156163810889
1.3175792082955828
0.6914313366947116
0.8621619361935957
0.7875528758960768
0.7603800164453498
0.7875528758960768
0.6878403887869403
0.647016872268059
1.0465320567700032
0.6701212678724546
0.8571214806946444
0.7309317636801942
0.7417046074035075
0.8571214806946444
0.8873642136883515
1.28176149108945
0.6503175002115441
0.7694376362622589
1.0337216988111306
1.3631110573669134
2.3966100594979856
0.6878403887869403
0.8873642136883515
0.7165679720491096
0.8722428471914979
0.6338143604941187
0.7452955553112787
0.7237498678646518
0.8420001141977911
0.677067545063627
1.072152772687749
0.8571214806946444
0.643716244324574
0.7920816858045313
0.5692554684765103
0.4712754716907898
0.705795128325796
0.5719076286783396
0.7649088263538044
0.439367612612199
0.6914313366947116
0.7417046074035075
0.7417046074035075
0.8420001141977911
0.7129770241413385
0.6140105928332082
0.7273408157724229
0.7165679720491096
0.647016872268059
0.9932137791663256
1.4553443574666145
0.6569187560985142
1.0785579516671853
0.5612989878710232
0.6503175002115441
0.8283121650721671
0.7165679720491096
0.6371149884376037
0.677067545063627
0.8283121650721671
0.6173112207766933
1.008335145663179
0.7201589199568807
0.9176069466820583
0.7309317636801942
0.6701212678724546
0.8722428471914979
0.7345227115879653
0.9125664911831073
0.8237833551637126
0.6602193840419993
1.3882655937577413
0.6734765971558558
0.6140105928332082
0.8283121650721671
0.5666033082746813
0.8147257353468037
0.7237498678646518
0.6206118487201784
0.8147257353468037
0.6008080810592678
0.9125664911831073
0.587820589889314
0.7830240659876223
0.9932137791663256
0.5975074531157827
0.6734765971558558
0.4803920028561014
0.6371149884376037
0.7524774511268211
0.7739664461707134
1.2387802304420905
0.5851684296874848
0.7966104957129858
1.1233942045232401
0.7273408157724229
0.6842494408791693
0.705795128325796
1.3966504392213503
0.8974451246862537
0.607409336946238
0.7649088263538044
0.7237498678646518
0.6503175002115441
0.9982542346652767
0.6701212678724546
0.6503175002115441
0.8873642136883515
0.5719076286783396
0.6734765971558558
1.8595158604559425
0.9680115016715698
1.1169890255438037
0.677067545063627
0.7739664461707134
0.5612989878710232
0.937768768677863
1.2101260566771843
0.6842494408791693
1.0657475937083125
0.643716244324574
0.6602193840419993
0.702204180418025
0.643716244324574
0.6914313366947116
1.606838048029801
0.702204180418025
0.6371149884376037
0.6371149884376037
0.9176069466820583
0.7784952560791679
0.9881733236673744
0.7452955553112787
0.7524774511268211
0.6842494408791693
0.6701212678724546
0.705795128325796
3.187332074754328
0.9176069466820583
1.3104156648543563
0.9125664911831073
0.7345227115879653
0.5745597888801687
0.8192545452552582
0.647016872268059
0.6041087090027529
0.7452955553112787
0.8722428471914979
0.643716244324574
1.4134201301485687
1.3104156648543563
0.41547948904124027
0.907526035684156
0.411790083469843
0.6206118487201784
0.9780924126694722
0.8283121650721671
0.6602193840419993
0.7694376362622589
0.6305137325506336
0.7649088263538044
0.8373697848890761
1.710323027388708
0.7129770241413385
0.7966104957129858
0.8772833026904491
0.9579305906736676
0.6878403887869403
1.003294690164228
0.6914313366947116
0.7739664461707134
0.8571214806946444
0.7345227115879653
0.6206118487201784
0.6173112207766933
0.8328409749806216
0.6338143604941187
0.46443807331680603
0.6734765971558558
0.907526035684156
0.6140105928332082
0.7830240659876223
0.702204180418025
0.8722428471914979
0.937768768677863
0.8328409749806216
0.8722428471914979
0.643716244324574
0.8192545452552582
0.7165679720491096
0.8520810251956933
0.7603800164453498
0.702204180418025
0.6734765971558558
0.7129770241413385
0.5719076286783396
0.7201589199568807
0.643716244324574
0.6950222846024827
0.6107099648897231
0.702204180418025
0.6206118487201784
0.6602193840419993
0.7966104957129858
1.7401615940021549
0.8011393056214403
0.7129770241413385
0.6734765971558558
0.7309317636801942
1.1426097414615495
0.6701212678724546
0.7560683990345921
0.7237498678646518
1.4888837393210514
0.8470405696967421
0.6206118487201784
0.4712754716907898
0.6668206399289696
1.0209113408522577
0.7920816858045313
0.6842494408791693
1.0401268777905668
0.6914313366947116
1.003294690164228
0.6371149884376037
0.9780924126694722
0.677067545063627
0.7920816858045313
0.6239124766636633
1.4301898210757873
0.647016872268059
0.6842494408791693
0.7309317636801942
1.1233942045232401
0.6914313366947116
0.8772833026904491
0.6950222846024827
0.8571214806946444
0.7417046074035075
0.6305137325506336
1.3966504392213503
2.322013642964369
0.5772119490819977
0.6668206399289696
1.168230457379295
0.8571214806946444
0.907526035684156
0.9579305906736676
1.4888837393210514
0.6635200119854844
0.5719076286783396
0.7237498678646518
0.7273408157724229
0.6338143604941187
1.0593424147288761
0.5851684296874848
0.7093860762335672
0.7920816858045313
0.702204180418025
0.5798641092838268
1.6954037440819845
0.7165679720491096
0.7345227115879653
1.2459437738833172
0.6140105928332082
0.5374295460545616
0.5109079440362707
0.6338143604941187
0.702204180418025
0.702204180418025
0.702204180418025
0.6701212678724546
0.5082557838344416
0.7129770241413385
0.6536181281550293
1.2531073173245435
0.7417046074035075
0.7830240659876223
0.6569187560985142
0.7875528758960768
0.7603800164453498
0.7739664461707134
0.44620501098618276
1.1169890255438037
1.0209113408522577
0.8192545452552582
0.5798641092838268
0.6206118487201784
0.5909061972288127
0.702204180418025
0.5909061972288127
0.7784952560791679
0.9881733236673744
0.6503175002115441
0.8101969254383492
3.261928491287945
0.5942068251722977
0.5719076286783396
0.6668206399289696
0.7694376362622589
1.0657475937083125
0.9932137791663256
0.9579305906736676
0.6734765971558558
0.6206118487201784
0.8722428471914979
1.606838048029801
0.6950222846024827
0.7603800164453498
1.3798807482941318
0.7739664461707134
0.6914313366947116
0.8823237581894001
0.7739664461707134
0.6305137325506336
0.5533425072655359
0.6371149884376037
0.6701212678724546
0.8672023916925469
0.9276878576799606
0.5942068251722977
0.5533425072655359
0.7452955553112787
0.5480381868618778
0.7694376362622589
0.702204180418025
0.8823237581894001
0.5009041979780527
0.6668206399289696
0.7129770241413385
0.643716244324574
1.3319062951780358
0.4044112723270485
0.6842494408791693
0.6305137325506336
0.7830240659876223
0.8101969254383492
0.643716244324574
0.7417046074035075
1.28176149108945
0.6635200119854844
0.4211345502815757
0.9730519571705211
3.440339389392196
