0.9235344009561628
1.1692794333975425
1.4728445982239735
1.6178450144212513
0.9818191251837113
1.5052374725619608
1.0417631879101779
0.9818191251837113
1.1085574117368928
1.0721241987405028
1.2775333466279708
1.1969146102445285
1.3361651549068376
0.7960622889590272
0.8943920388423887
1.6463696045851857
0.9623908837745284
0.3683526099479854
0.9089632198992759
0.9283914613084586
1.1207018160690227
2.5530276442153417
1.0660519965744377
1.2702043705931123
0.9526767630699371
0.9332485216607542
1.7445151464002744
1.2482174424885373
1.1895856342096702
0.8205574345900952
1.029618783578048
0.9429626423653457
0.9526767630699371
1.1267740182350878
1.1267740182350878
1.0539075922423078
0.8458214353194318
1.1146296139029575
0.7203395635988289
1.8621169642642843
0.39930333577092547
0.5509911010623233
1.489041035392967
0.9915332458883025
1.7298149191672734
0.9332485216607542
2.700029916545354
0.8943920388423887
0.9623908837745284
0.7519561049522124
1.9944190093612952
1.0660519965744377
1.965018554895293
0.8328050074056292
1.0964130074047627
1.0235465814119828
1.7004144647012707
0.8287224831337845
1.001247366592894
1.432353505301489
1.4728445982239735
1.0660519965744377
0.9575338234222327
0.8506784956717275
0.9332485216607542
0.7133136655202993
0.5560164969392279
1.6368614078638744
1.0660519965744377
0.9283914613084586
0.8164749103182506
0.8328050074056292
0.93810558201305
1.1692794333975425
1.1389184225672178
0.82463995886194
0.7878972404153379
1.3999606309635015
0.7674846190561146
0.9818191251837113
2.8323319616423657
0.6992618693632401
1.0174743792459178
1.4404517238859857
2.8911328705743697
0.9186773406038673
0.8328050074056292
0.6992618693632401
0.9915332458883025
1.1207018160690227
2.420725599118331
1.1969146102445285
1.1753516355636078
0.5886815701391085
0.8287224831337845
0.9429626423653457
1.1822566581748117
0.7960622889590272
0.8943920388423887
1.1146296139029575
0.5459657051854186
0.9721050044791198
0.8409700559493185
0.9041061595469801
0.7797321918716487
0.5384276113700617
1.497139253977464
1.367567756625514
1.0903408052386978
1.715114691934272
1.0235465814119828
3.2292380969333987
1.321507202837121
0.46483999368926204
0.8652496767286145
0.8992490991946844
0.7838147161434932
1.6463696045851857
1.1207018160690227
1.0599797944083726
0.9769620648314156
3.48353739781058
1.2262305143839622
0.5057625381701811
0.9769620648314156
1.029618783578048
1.1146296139029575
1.1632072312314776
1.4647463796394766
0.9429626423653457
1.2775333466279708
0.874963797433206
1.2262305143839622
1.5512876373720708
1.0356909857441126
0.9138202802515716
0.6284918118192266
0.9138202802515716
0.9623908837745284
1.0781964009065677
1.0903408052386978
0.7838147161434932
1.9356181004292905
1.4566481610549797
1.3513713194565202
0.6713687236910403
1.2628753945582538
1.2921912986976873
1.367567756625514
0.540940309308514
1.0721241987405028
0.5133006319855382
0.9235344009561628
1.432353505301489
1.1207018160690227
1.2335594904188205
1.2848623226628293
0.681697124166916
0.9721050044791198
1.2702043705931123
0.9575338234222327
1.0721241987405028
1.1632072312314776
1.0174743792459178
3.0381351429043826
1.0660519965744377
1.3068492507674043
0.6713687236910403
1.0660519965744377
0.93810558201305
1.0417631879101779
0.363194155644162
1.0842686030726327
1.1969146102445285
1.5227630472081362
0.4584054106747249
0.8652496767286145
0.3528772470365153
0.9332485216607542
1.3837641937945078
0.9041061595469801
1.4566481610549797
1.0964130074047627
1.4485499424704829
1.1632072312314776
1.1207018160690227
0.9866761855360071
1.0599797944083726
1.4647463796394766
0.9089632198992759
0.76340209478427
0.8992490991946844
0.9769620648314156
2.626528780380348
0.3786695185556321
1.0356909857441126
0.9963903062405983
1.1389184225672178
1.3288361788719794
0.6621808140042231
0.9138202802515716
1.3918624123790047
0.8798208577855018
1.2921912986976873
1.2995202747325458
1.1146296139029575
0.9041061595469801
1.001247366592894
0.6560555408796782
2.1561215089243086
2.641229007613349
2.9646340067393764
1.1692794333975425
1.5052374725619608
0.7133136655202993
1.497139253977464
1.1692794333975425
0.9721050044791198
3.12633650630239
1.1449906247332828
1.4485499424704829
0.7484431559129475
1.367567756625514
1.6178450144212513
0.7838147161434932
1.0235465814119828
0.8652496767286145
1.2775333466279708
0.8798208577855018
1.3594695380410171
0.5811434763237514
0.9089632198992759
1.1207018160690227
1.5052374725619608
0.8943920388423887
0.8042273375027166
1.3068492507674043
0.8992490991946844
1.1895856342096702
1.2262305143839622
1.2408884664536788
0.9429626423653457
0.8701067370809102
0.3907059119312199
1.0781964009065677
0.8368875316774738
0.8798208577855018
0.8123923860464058
1.029618783578048
1.0174743792459178
0.3786695185556321
0.9283914613084586
1.1822566581748117
1.3837641937945078
0.5610418928161326
0.9623908837745284
0.7098007164810345
0.9089632198992759
0.7449302068736826
0.7960622889590272
1.4404517238859857
2.935233552273374
0.9866761855360071
0.8123923860464058
1.5703040308146936
1.1692794333975425
1.029618783578048
0.9186773406038673
0.7203395635988289
0.9963903062405983
0.8287224831337845
1.0721241987405028
1.1822566581748117
1.1267740182350878
0.36663312518004426
0.8409700559493185
0.8555355560240231
0.7449302068736826
0.9818191251837113
1.0235465814119828
1.0174743792459178
1.3141782268022626
1.1024852095708277
0.36147467087622087
1.1895856342096702
0.5208387258008952
0.7484431559129475
0.889534978490093
0.9332485216607542
0.9478197027176415
0.7919797646871826
2.5530276442153417
0.9672479441268241
0.8652496767286145
0.6039907193210473
1.0781964009065677
0.9429626423653457
0.9332485216607542
1.9209178731962893
0.8846779181377972
0.8652496767286145
1.3068492507674043
0.7133136655202993
1.3141782268022626
1.3918624123790047
1.2335594904188205
1.1207018160690227
0.9186773406038673
0.93810558201305
0.8798208577855018
0.737904308795153
0.681697124166916
2.597128325914346
1.3999606309635015
0.6131786290078647
0.8458214353194318
0.8083098617745612
0.8164749103182506
1.9356181004292905
0.874963797433206
0.7878972404153379
0.7238525126380938
0.3528772470365153
1.0417631879101779
0.9769620648314156
1.0539075922423078
1.3594695380410171
0.8409700559493185
0.8409700559493185
1.4566481610549797
0.7715671433279594
1.3999606309635015
0.7168266145595642
0.8458214353194318
0.93810558201305
0.5208387258008952
0.8846779181377972
0.35459673180445644
1.3756659752100109
0.8555355560240231
0.8798208577855018
0.9041061595469801
0.7343913597558883
0.586168872200656
1.4161570681324953
0.737904308795153
3.1116362790693883
0.9818191251837113
1.2848623226628293
0.9769620648314156
0.9186773406038673
0.8409700559493185
2.28842355402132
1.9944190093612952
2.817631734409364
1.0660519965744377
3.9287726919282266
0.9283914613084586
1.0599797944083726
0.600928082758775
1.715114691934272
0.9332485216607542
1.1449906247332828
0.7203395635988289
0.9186773406038673
1.3434941309416961
1.4728445982239735
0.7554690539914771
0.9721050044791198
1.029618783578048
0.7960622889590272
1.1571350290654128
1.0539075922423078
1.3837641937945078
1.047835390076243
0.93810558201305
1.1146296139029575
0.8992490991946844
1.4647463796394766
0.9769620648314156
1.1328462204011525
0.9526767630699371
0.9575338234222327
0.7960622889590272
1.1389184225672178
1.2775333466279708
0.7133136655202993
1.1449906247332828
0.8652496767286145
1.3361651549068376
0.7343913597558883
2.420725599118331
0.8943920388423887
0.9915332458883025
1.0114021770798527
1.0660519965744377
0.7449302068736826
0.8042273375027166
0.8992490991946844
0.7519561049522124
0.9963903062405983
1.432353505301489
0.8123923860464058
2.7147301437783553
0.8409700559493185
1.1146296139029575
1.2775333466279708
1.0356909857441126
1.0061044269451898
1.0539075922423078
1.1389184225672178
3.829831515457639
0.7960622889590272
0.8287224831337845
0.9235344009561628
0.9623908837745284
0.8992490991946844
2.0679201455263017
2.0385196910602987
0.9575338234222327
0.9526767630699371
0.8992490991946844
0.9963903062405983
3.6072138683988153
1.7739156008662766
0.7414172578344179
0.9623908837745284
0.9818191251837113
1.7592153736332756
1.0842686030726327
1.8915174187302868
0.9138202802515716
1.0660519965744377
0.36147467087622087
1.1510628268993475
1.2115725623142455
0.7960622889590272
1.1692794333975425
0.8328050074056292
0.8846779181377972
2.4942267352833367
0.9429626423653457
1.0356909857441126
0.5836561742622037
1.001247366592894
0.8652496767286145
1.0903408052386978
1.1692794333975425
0.3649136404121031
0.874963797433206
0.9138202802515716
1.0174743792459178
0.9818191251837113
0.7919797646871826
0.7919797646871826
0.8328050074056292
3.7061550448694036
1.0356909857441126
1.8768171914972853
0.9138202802515716
1.0781964009065677
0.93810558201305
1.0721241987405028
1.0660519965744377
1.047835390076243
1.6083368176999397
0.6781841751276511
0.9818191251837113
1.0721241987405028
1.906217645963288
2.0238194638272975
0.9186773406038673
1.0599797944083726
0.8368875316774738
0.9041061595469801
0.6254291752569542
2.0826203727593025
0.9332485216607542
0.9089632198992759
0.7593195705124254
1.0417631879101779
1.424255286716992
1.0964130074047627
0.7715671433279594
0.8992490991946844
0.6591181774419507
0.48199888172802763
0.9138202802515716
0.7168266145595642
0.9526767630699371
0.8328050074056292
1.1632072312314776
1.001247366592894
2.0238194638272975
1.6463696045851857
1.0903408052386978
1.1389184225672178
1.4728445982239735
0.8943920388423887
1.5052374725619608
0.9429626423653457
3.7556256331046973
0.7878972404153379
1.001247366592894
0.8458214353194318
1.4404517238859857
2.450126053584333
0.9623908837745284
0.8943920388423887
0.9186773406038673
1.001247366592894
0.7484431559129475
4.868713868398815
1.3361651549068376
0.9526767630699371
1.0235465814119828
0.7797321918716487
0.3735110642518087
0.9283914613084586
1.2408884664536788
0.7715671433279594
1.1692794333975425
1.6748941947491203
1.0356909857441126
1.2995202747325458
1.3068492507674043
1.0964130074047627
0.5610418928161326
1.4566481610549797
1.2555464185233958
0.76340209478427
0.9186773406038673
1.8621169642642843
0.9575338234222327
1.1146296139029575
1.047835390076243
1.8180162825652804
1.979718782128294
0.8555355560240231
0.9089632198992759
1.1449906247332828
0.3649136404121031
0.8287224831337845
0.7593195705124254
1.0903408052386978
2.097320599992304
1.1207018160690227
0.6683060871287679
0.8328050074056292
0.9138202802515716
1.9944190093612952
0.9672479441268241
1.6273532111425628
0.7484431559129475
0.5886815701391085
1.2482174424885373
1.0781964009065677
0.392425396699161
0.7919797646871826
0.7756496675998039
1.3513713194565202
0.5434530072469663
1.047835390076243
1.0356909857441126
0.46483999368926204
1.6558778013064972
0.43481193962142217
0.8506784956717275
0.874963797433206
0.7919797646871826
0.6560555408796782
0.9866761855360071
1.2189015383491038
1.1328462204011525
1.0599797944083726
1.4728445982239735
1.2775333466279708
0.9332485216607542
0.7960622889590272
0.4841437427328733
1.3361651549068376
0.9041061595469801
1.3361651549068376
2.1120208272253054
1.1389184225672178
0.7554690539914771
0.8652496767286145
1.3141782268022626
2.817631734409364
0.874963797433206
1.204243586279387
0.9769620648314156
0.8798208577855018
0.7027748184025048
1.3361651549068376
0.9915332458883025
0.6957489203239752
1.0417631879101779
0.9089632198992759
0.874963797433206
1.1389184225672178
0.8943920388423887
0.9429626423653457
1.0721241987405028
1.0721241987405028
0.9235344009561628
1.8180162825652804
1.8327165097982818
1.0417631879101779
0.6852100732061807
0.9235344009561628
0.7484431559129475
0.7756496675998039
0.8701067370809102
0.6781841751276511
1.029618783578048
1.2555464185233958
0.6957489203239752
0.889534978490093
0.8992490991946844
0.8001448132308719
0.7674846190561146
0.8555355560240231
0.9818191251837113
1.3068492507674043
1.1632072312314776
0.8652496767286145
0.9963903062405983
0.6713687236910403
1.8327165097982818
1.1969146102445285
0.9041061595469801
1.1510628268993475
0.9041061595469801
0.7593195705124254
0.8328050074056292
0.6992618693632401
1.1510628268993475
1.1328462204011525
1.1207018160690227
0.9866761855360071
