0.8743499733255391
1.0420833861221328
0.8048533370875742
0.8996584295398032
0.5458174274429993
0.9806454894254487
0.9300285769969204
0.8895350470540975
1.0236740464650733
1.164812317169196
1.548607453341441
1.0604927257791923
1.054356279226839
0.9148435032683617
0.9553370332111846
1.170948763721549
1.0008922543968601
2.1322361792270055
0.46100183173555187
1.2960453610618161
1.2365318714554474
1.0114011533603668
0.5300240002129524
0.8844733558112446
2.91127383254204
0.9401519594826259
0.8177455189986627
0.8743499733255391
0.9148435032683617
1.0114011533603668
1.4781057672906297
0.4348542907519453
0.9047201207826561
0.9958305631540072
1.4213362398075056
1.097311405093311
0.8996584295398032
0.9603987244540374
1.229092685254651
1.0420833861221328
0.8642265908398332
0.4562477333748961
1.3807865773195596
0.7432171032106661
5.111848632498583
2.8535673397038894
1.3807865773195596
0.9705221069397431
0.6012060868806668
0.9806454894254487
0.8541032083541276
1.2737278024594278
1.0236740464650733
1.6646741583443163
1.548607453341441
0.38496868999117256
1.37267664482197
0.3568604012211191
0.8048533370875742
1.413226307309916
0.7919611551764858
0.8048533370875742
1.1034478516456643
2.6948744843989747
1.1402665309597833
0.9097818120255089
0.6382991101364808
1.616313031259785
1.0114011533603668
0.9502753419683315
1.0008922543968601
1.645329707510504
1.054356279226839
1.5679519041752537
1.1218571913027238
0.6349270171132249
0.8177455189986627
1.0059539456397129
1.9879699471316286
1.1918967542506707
2.29092903453192
0.4348542907519453
0.9603987244540374
0.7833663672357603
1.1770852102739024
0.9755837981825959
2.1322361792270055
0.42772314321096166
0.9452136507254787
0.5616108546730463
1.616313031259785
0.8263403069393884
0.9401519594826259
0.8996584295398032
1.164812317169196
1.1341300844074302
0.8591648995969805
1.3564567798267917
1.9302634542934782
0.8306377009097512
0.8541032083541276
0.8743499733255391
0.9603987244540374
1.0114011533603668
0.8996584295398032
1.364566712324381
0.9705221069397431
1.048219832674486
1.170948763721549
1.494325632285808
0.8895350470540975
0.9958305631540072
2.319782280950996
2.016823193550704
1.0359469395697798
0.9047201207826561
0.8895350470540975
0.5352884759563014
0.8996584295398032
0.8794116645683918
0.8692882820826863
0.9553370332111846
0.8220429129690254
0.9502753419683315
2.521755005884523
1.1770852102739024
0.9199051945112146
0.8945967382969504
1.0008922543968601
0.8134481250282999
2.9834069485897285
1.1157207447503708
2.9545537021706534
2.3919153969986837
1.0666291723315455
2.3053556577414573
2.4496218898368345
1.1402665309597833
0.41120309284322254
1.1918967542506707
1.3564567798267917
1.4213362398075056
1.6550019329274102
0.935090268239773
1.3483468473292028
0.834935094880114
0.7575820034135834
1.0008922543968601
1.281166988660224
0.9806454894254487
0.7539032531471337
2.1322361792270055
0.7747715792950345
2.2187959184842314
0.9705221069397431
0.8996584295398032
0.6969104534859731
0.834935094880114
1.437556104802684
0.9401519594826259
0.4728870776371913
0.9300285769969204
0.7396550532318436
0.8945967382969504
0.9958305631540072
0.8005559431172115
0.9755837981825959
0.9199051945112146
1.0008922543968601
2.161089425646081
2.161089425646081
0.9148435032683617
1.3406804782665926
1.221653499053855
1.097311405093311
0.9148435032683617
0.9553370332111846
0.9148435032683617
0.3793470322371618
0.8177455189986627
0.4800182251781749
4.188415456131746
1.097311405093311
0.7833663672357603
1.1279936378550772
0.9553370332111846
1.3483468473292028
0.9249668857540674
1.1218571913027238
0.7833663672357603
1.3109237334634083
0.787663761206123
1.3483468473292028
1.0059539456397129
1.1918967542506707
1.1341300844074302
1.3970064423147377
1.1464029775121365
1.3564567798267917
1.3109237334634083
1.37267664482197
1.2588494300578355
1.7282907293599508
0.7325309532741984
0.9300285769969204
1.28860617486102
0.8591648995969805
0.9047201207826561
0.682662253570683
1.7282907293599508
1.1770852102739024
1.413226307309916
0.9148435032683617
0.8895350470540975
1.085038511988605
1.0175375999127203
0.9603987244540374
2.4063420202082217
1.4781057672906297
1.097311405093311
0.40370754917120827
0.9958305631540072
1.0236740464650733
1.9879699471316286
0.4728870776371913
0.8591648995969805
1.1218571913027238
0.9603987244540374
1.097311405093311
1.1095842981980177
1.0789020654362516
0.7360930032530211
1.0114011533603668
0.834935094880114
0.7467791531894886
1.3564567798267917
1.0175375999127203
1.1095842981980177
0.9249668857540674
1.1034478516456643
1.453775969797862
0.7182827533589083
1.3888965098171486
1.1034478516456643
1.281166988660224
0.9300285769969204
0.5142305729829053
0.8005559431172115
1.57762412959216
1.413226307309916
0.48477232353883054
1.170948763721549
0.7325309532741984
0.4491165858339125
1.2514102438570394
0.8692882820826863
1.048219832674486
1.5024355647833976
1.2514102438570394
0.682662253570683
1.085038511988605
0.6551595752527597
0.8392324888504767
1.6850108597313374
0.7467791531894886
0.9148435032683617
0.9047201207826561
0.8392324888504767
0.7325309532741984
0.6551595752527597
1.3183629196642046
0.935090268239773
1.1464029775121365
1.085038511988605
0.9806454894254487
1.6994374829408754
0.935090268239773
1.3258021058650007
0.8895350470540975
2.9545537021706534
0.7575820034135834
0.3662298308111369
2.1466628024365426
1.158675870616843
3.8696226291890423
0.8692882820826863
1.1095842981980177
0.3793470322371618
1.37267664482197
1.4294461723050946
0.935090268239773
0.9148435032683617
1.7427173525694881
1.5292630025076286
0.8591648995969805
0.9502753419683315
1.7282907293599508
0.8996584295398032
1.5292630025076286
0.6146944589736901
0.4562477333748961
0.9553370332111846
0.5115983351112309
0.8005559431172115
1.5105454972809866
1.1157207447503708
1.2960453610618161
0.7325309532741984
1.229092685254651
0.787663761206123
1.2365318714554474
1.405116374812327
1.1525394240644897
1.0298104930174263
0.9603987244540374
1.085038511988605
1.3332412920657966
1.085038511988605
1.645329707510504
0.9047201207826561
0.9249668857540674
3.943190204637359
1.158675870616843
1.1218571913027238
1.0666291723315455
1.0666291723315455
1.6743463837612225
0.7396550532318436
1.214214312853059
0.5642430925447208
0.8490415171112747
1.0420833861221328
1.1993359404514667
0.8794116645683918
0.9097818120255089
0.9502753419683315
0.6416712031597365
0.9401519594826259
0.7360930032530211
1.0114011533603668
0.8692882820826863
0.9502753419683315
1.8869835846648653
1.0420833861221328
1.9158368310839402
0.9401519594826259
1.3109237334634083
0.37372537448315113
1.5679519041752537
0.5853009955181168
0.7396550532318436
0.8005559431172115
1.0604927257791923
0.8692882820826863
0.37747314631915835
0.9148435032683617
1.0911749585409583
0.7396550532318436
1.645329707510504
0.8945967382969504
1.0420833861221328
1.7427173525694881
3.697964953142972
1.5195907770907224
1.3258021058650007
1.1095842981980177
1.3483468473292028
1.4294461723050946
0.8895350470540975
1.097311405093311
0.9958305631540072
0.9705221069397431
1.486215699788219
1.1034478516456643
1.3406804782665926
0.7919611551764858
0.9958305631540072
0.38684257590917615
0.38309480407316904
0.7004725034647956
1.1918967542506707
1.1402665309597833
0.8996584295398032
0.9958305631540072
1.2662886162586318
1.1844575680498743
0.8895350470540975
0.7747715792950345
0.39621200549919394
0.4149508646792296
1.048219832674486
0.9705221069397431
0.9907688719111544
1.453775969797862
0.9907688719111544
1.8581303382457894
1.0420833861221328
0.9958305631540072
2.0023965703411664
0.8541032083541276
1.0114011533603668
1.281166988660224
0.9755837981825959
1.4456660373002728
1.486215699788219
1.9158368310839402
4.041280305235114
0.4966575694404699
1.0114011533603668
0.9806454894254487
2.29092903453192
0.7575820034135834
1.221653499053855
1.1918967542506707
2.334208904160533
1.28860617486102
0.3887164618271797
1.3970064423147377
2.319782280950996
0.8263403069393884
1.1279936378550772
0.8220429129690254
1.048219832674486
1.1034478516456643
1.221653499053855
0.9199051945112146
1.494325632285808
0.7790689732653974
1.085038511988605
1.1464029775121365
0.9047201207826561
1.1918967542506707
0.8743499733255391
0.8743499733255391
0.9148435032683617
1.221653499053855
0.9502753419683315
1.2514102438570394
0.935090268239773
0.8692882820826863
0.3793470322371618
1.2365318714554474
1.1844575680498743
0.8490415171112747
1.57762412959216
0.9097818120255089
1.0008922543968601
1.5679519041752537
0.9148435032683617
0.3662298308111369
0.834935094880114
0.935090268239773
1.5582796787583475
0.843979825868422
1.0114011533603668
0.36248205897512975
0.787663761206123
1.0789020654362516
0.8220429129690254
0.3662298308111369
1.6259852566766912
0.7147207033800859
1.4618859022954513
0.7790689732653974
1.1770852102739024
1.1464029775121365
1.1218571913027238
1.1157207447503708
0.9097818120255089
1.364566712324381
0.9907688719111544
0.834935094880114
1.2737278024594278
1.0236740464650733
0.9907688719111544
0.46575593009620764
1.2737278024594278
0.6969104534859731
1.0175375999127203
1.0727656188838985
1.0604927257791923
1.28860617486102
0.42296904485030595
0.8220429129690254
0.9958305631540072
0.8591648995969805
0.4372313399322732
1.6259852566766912
1.3183629196642046
0.7503412031683111
1.37267664482197
1.1402665309597833
1.37267664482197
1.0666291723315455
1.3807865773195596
1.214214312853059
0.41869863651523676
0.5668753304163954
0.5405529516996503
1.4294461723050946
0.9401519594826259
0.5774042819030933
1.3109237334634083
0.809150731057937
0.7503412031683111
1.2662886162586318
1.5872963550090662
2.4640485130463716
0.9199051945112146
1.1157207447503708
0.8220429129690254
1.0604927257791923
0.9603987244540374
0.8134481250282999
0.5668753304163954
1.9591167007125536
0.8392324888504767
1.0236740464650733
0.5668753304163954
1.3332412920657966
1.214214312853059
0.8642265908398332
0.7747715792950345
1.5105454972809866
1.0236740464650733
0.8005559431172115
0.9148435032683617
1.3034845472626122
0.3606081730571262
3.3296459056186327
1.3807865773195596
0.8794116645683918
0.8177455189986627
1.0604927257791923
0.7962585491468486
0.8541032083541276
0.8996584295398032
2.031249816760242
0.7004725034647956
1.9446900775030156
0.9047201207826561
1.1525394240644897
1.37267664482197
0.9958305631540072
2.4063420202082217
0.935090268239773
0.9806454894254487
1.0175375999127203
0.8048533370875742
16.483757947030817
0.8743499733255391
1.221653499053855
0.8392324888504767
0.7539032531471337
2.680447861189437
0.7618793973839462
0.9148435032683617
0.8642265908398332
0.9755837981825959
0.8996584295398032
1.0359469395697798
0.7503412031683111
1.1341300844074302
1.7715705989885637
1.5292630025076286
2.161089425646081
0.6652758543225271
1.206775126652263
1.0114011533603668
1.0604927257791923
0.8591648995969805
0.7360930032530211
0.8048533370875742
3.379172126200268
0.7919611551764858
0.9199051945112146
0.46575593009620764
1.405116374812327
0.9502753419683315
1.170948763721549
1.0420833861221328
0.9857071806683014
1.0236740464650733
0.9199051945112146
0.8541032083541276
1.170948763721549
0.9958305631540072
0.5510819031863483
1.0604927257791923
0.9806454894254487
0.9755837981825959
1.2737278024594278
1.1157207447503708
1.097311405093311
1.0727656188838985
1.0008922543968601
0.46337888091587975
0.5853009955181168
0.7833663672357603
0.7396550532318436
1.048219832674486
1.1993359404514667
0.9958305631540072
0.8541032083541276
3.142099803894643
1.170948763721549
0.4776411759978469
1.6646741583443163
1.048219832674486
1.5024355647833976
1.1279936378550772
0.8541032083541276
0.4823952743585027
1.1157207447503708
0.935090268239773
1.6994374829408754
0.39059034774518325
1.1918967542506707
0.9300285769969204
1.1525394240644897
0.8306377009097512
1.8292770918267145
0.8996584295398032
1.0175375999127203
0.8005559431172115
0.5721398061597442
0.5800365197747678
