717.0
733.0
740.0
732.0
749.0
605.0
688.0
774.0
723.0
812.0
756.0
722.0
789.0
736.0
739.0
742.0
762.0
698.0
745.0
740.0
729.0
699.0
772.0
750.0
756.0
630.0
778.0
821.0
811.0
709.0
853.0
786.0
743.0
857.0
756.0
752.0
780.0
723.0
768.0
754.0
827.0
773.0
729.0
776.0
753.0
891.0
708.0
733.0
769.0
732.0
742.0
732.0
825.0
773.0
727.0
796.0
803.0
759.0
777.0
665.0
726.0
724.0
737.0
876.0
723.0
705.0
786.0
763.0
741.0
791.0
628.0
592.0
856.0
791.0
728.0
776.0
889.0
867.0
913.0
634.0
811.0
760.0
800.0
733.0
720.0
729.0
786.0
786.0
715.0
724.0
791.0
725.0
760.0
791.0
708.0
757.0
787.0
785.0
789.0
716.0
596.0
694.0
739.0
725.0
838.0
729.0
721.0
805.0
731.0
796.0
749.0
744.0
779.0
819.0
737.0
741.0
769.0
733.0
748.0
817.0
733.0
786.0
873.0
729.0
850.0
638.0
720.0
875.0
850.0
840.0
729.0
874.0
818.0
732.0
731.0
646.0
873.0
764.0
832.0
698.0
772.0
889.0
771.0
768.0
750.0
753.0
744.0
743.0
837.0
725.0
723.0
866.0
744.0
770.0
736.0
849.0
743.0
706.0
728.0
732.0
1104.0
785.0
640.0
769.0
721.0
740.0
748.0
613.0
755.0
802.0
826.0
750.0
746.0
750.0
801.0
852.0
752.0
714.0
774.0
781.0
729.0
871.0
731.0
747.0
696.0
720.0
767.0
786.0
833.0
766.0
780.0
758.0
768.0
930.0
735.0
784.0
892.0
835.0
721.0
764.0
760.0
730.0
729.0
780.0
707.0
704.0
795.0
725.0
799.0
895.0
788.0
869.0
736.0
790.0
750.0
746.0
588.0
756.0
724.0
673.0
774.0
759.0
820.0
756.0
760.0
768.0
738.0
802.0
710.0
709.0
721.0
801.0
904.0
770.0
747.0
821.0
755.0
777.0
751.0
956.0
770.0
923.0
717.0
706.0
710.0
806.0
682.0
750.0
714.0
774.0
646.0
796.0
842.0
824.0
815.0
741.0
765.0
704.0
728.0
866.0
749.0
622.0
745.0
872.0
722.0
809.0
757.0
776.0
752.0
685.0
792.0
737.0
808.0
791.0
854.0
759.0
667.0
710.0
704.0
750.0
761.0
788.0
922.0
705.0
724.0
819.0
773.0
808.0
761.0
775.0
868.0
698.0
809.0
605.0
760.0
712.0
851.0
804.0
741.0
749.0
827.0
754.0
765.0
726.0
727.0
707.0
741.0
746.0
797.0
724.0
853.0
714.0
748.0
734.0
638.0
937.0
742.0
741.0
741.0
642.0
806.0
728.0
789.0
716.0
739.0
862.0
730.0
733.0
801.0
724.0
848.0
721.0
849.0
721.0
844.0
723.0
856.0
764.0
837.0
741.0
725.0
810.0
757.0
738.0
757.0
766.0
725.0
726.0
741.0
823.0
791.0
704.0
812.0
757.0
730.0
749.0
788.0
721.0
767.0
799.0
861.0
751.0
710.0
775.0
765.0
863.0
795.0
730.0
685.0
746.0
766.0
705.0
666.0
747.0
737.0
733.0
752.0
815.0
733.0
725.0
821.0
745.0
782.0
597.0
773.0
729.0
716.0
773.0
790.0
754.0
738.0
649.0
891.0
673.0
774.0
740.0
738.0
727.0
724.0
620.0
729.0
698.0
877.0
778.0
713.0
811.0
768.0
730.0
880.0
733.0
717.0
711.0
836.0
667.0
940.0
699.0
646.0
749.0
764.0
722.0
775.0
757.0
729.0
805.0
881.0
790.0
742.0
888.0
726.0
818.0
827.0
756.0
771.0
650.0
804.0
711.0
746.0
766.0
734.0
821.0
746.0
701.0
720.0
590.0
713.0
797.0
793.0
770.0
703.0
712.0
712.0
787.0
813.0
733.0
705.0
781.0
722.0
882.0
858.0
649.0
746.0
751.0
783.0
720.0
762.0
739.0
810.0
751.0
801.0
764.0
806.0
850.0
822.0
712.0
718.0
757.0
719.0
711.0
758.0
730.0
754.0
605.0
838.0
716.0
885.0
818.0
809.0
700.0
785.0
796.0
752.0
737.0
746.0
725.0
786.0
716.0
806.0
718.0
776.0
870.0
733.0
737.0
602.0
779.0
619.0
716.0
772.0
796.0
727.0
759.0
776.0
747.0
737.0
698.0
742.0
853.0
733.0
718.0
793.0
770.0
656.0
788.0
724.0
800.0
752.0
749.0
758.0
705.0
757.0
754.0
785.0
861.0
757.0
711.0
773.0
756.0
752.0
902.0
762.0
784.0
773.0
731.0
718.0
898.0
738.0
654.0
829.0
739.0
834.0
732.0
756.0
742.0
690.0
769.0
715.0
836.0
744.0
775.0
950.0
719.0
774.0
696.0
766.0
878.0
733.0
722.0
730.0
727.0
898.0
785.0
822.0
797.0
712.0
755.0
897.0
774.0
714.0
610.0
732.0
731.0
710.0
724.0
737.0
620.0
832.0
748.0
744.0
803.0
710.0
844.0
698.0
754.0
735.0
996.0
746.0
755.0
773.0
818.0
770.0
784.0
726.0
821.0
777.0
745.0
726.0
795.0
676.0
706.0
713.0
759.0
589.0
786.0
710.0
795.0
754.0
756.0
662.0
709.0
808.0
740.0
741.0
743.0
743.0
789.0
739.0
741.0
798.0
749.0
754.0
704.0
790.0
752.0
729.0
794.0
774.0
744.0
602.0
808.0
749.0
723.0
816.0
778.0
724.0
785.0
723.0
692.0
774.0
790.0
703.0
782.0
722.0
705.0
802.0
717.0
774.0
690.0
735.0
732.0
609.0
720.0
743.0
709.0
765.0
770.0
759.0
762.0
757.0
742.0
707.0
898.0
724.0
738.0
772.0
774.0
733.0
765.0
888.0
744.0
776.0
737.0
753.0
689.0
636.0
802.0
736.0
709.0
711.0
724.0
762.0
720.0
798.0
769.0
770.0
747.0
711.0
785.0
850.0
779.0
915.0
840.0
717.0
825.0
722.0
897.0
770.0
798.0
802.0
698.0
726.0
709.0
782.0
793.0
722.0
714.0
760.0
724.0
