757.0
896.0
763.0
771.0
745.0
629.0
758.0
804.0
861.0
762.0
828.0
653.0
747.0
965.0
781.0
840.0
783.0
744.0
757.0
861.0
763.0
769.0
855.0
786.0
787.0
741.0
798.0
905.0
764.0
806.0
743.0
758.0
762.0
828.0
838.0
825.0
844.0
613.0
851.0
741.0
714.0
869.0
872.0
793.0
735.0
765.0
861.0
769.0
774.0
759.0
751.0
783.0
917.0
731.0
775.0
811.0
748.0
901.0
778.0
765.0
778.0
791.0
708.0
845.0
776.0
767.0
795.0
751.0
770.0
746.0
801.0
751.0
814.0
608.0
790.0
906.0
744.0
820.0
774.0
877.0
903.0
767.0
813.0
748.0
829.0
989.0
779.0
749.0
789.0
864.0
808.0
771.0
673.0
818.0
747.0
774.0
819.0
749.0
800.0
736.0
904.0
772.0
756.0
794.0
759.0
852.0
794.0
827.0
777.0
726.0
727.0
730.0
714.0
1002.0
771.0
765.0
740.0
757.0
819.0
760.0
774.0
646.0
765.0
800.0
786.0
778.0
777.0
788.0
808.0
990.0
813.0
773.0
811.0
793.0
889.0
718.0
795.0
859.0
733.0
807.0
803.0
749.0
920.0
760.0
783.0
726.0
816.0
826.0
826.0
1110.0
794.0
866.0
750.0
823.0
829.0
780.0
751.0
775.0
795.0
781.0
754.0
744.0
826.0
836.0
760.0
621.0
803.0
796.0
855.0
893.0
790.0
754.0
752.0
780.0
757.0
758.0
752.0
761.0
739.0
753.0
856.0
742.0
618.0
910.0
748.0
837.0
788.0
742.0
812.0
749.0
868.0
742.0
736.0
798.0
791.0
732.0
731.0
881.0
813.0
613.0
725.0
808.0
772.0
897.0
634.0
884.0
741.0
607.0
740.0
807.0
769.0
847.0
752.0
916.0
627.0
967.0
651.0
837.0
806.0
777.0
813.0
916.0
763.0
730.0
789.0
763.0
834.0
789.0
796.0
785.0
742.0
900.0
741.0
768.0
856.0
774.0
769.0
749.0
746.0
758.0
914.0
600.0
749.0
909.0
923.0
764.0
653.0
746.0
788.0
781.0
774.0
790.0
776.0
862.0
875.0
802.0
851.0
822.0
725.0
748.0
763.0
788.0
800.0
829.0
745.0
794.0
727.0
811.0
778.0
802.0
867.0
774.0
777.0
821.0
731.0
692.0
809.0
808.0
675.0
748.0
756.0
793.0
818.0
783.0
796.0
784.0
850.0
762.0
657.0
855.0
752.0
863.0
738.0
789.0
731.0
854.0
763.0
800.0
767.0
751.0
842.0
767.0
762.0
761.0
797.0
786.0
818.0
628.0
777.0
800.0
833.0
776.0
760.0
909.0
738.0
764.0
766.0
797.0
752.0
810.0
784.0
824.0
861.0
796.0
798.0
801.0
839.0
768.0
752.0
762.0
874.0
739.0
794.0
887.0
762.0
818.0
758.0
925.0
759.0
763.0
663.0
777.0
734.0
796.0
977.0
753.0
882.0
737.0
818.0
773.0
829.0
780.0
789.0
772.0
790.0
764.0
675.0
763.0
968.0
627.0
672.0
700.0
754.0
788.0
640.0
897.0
785.0
780.0
746.0
736.0
742.0
829.0
861.0
891.0
815.0
757.0
959.0
748.0
744.0
929.0
790.0
744.0
810.0
809.0
616.0
720.0
738.0
786.0
840.0
732.0
790.0
828.0
861.0
734.0
738.0
914.0
750.0
726.0
805.0
849.0
815.0
805.0
739.0
729.0
786.0
738.0
788.0
799.0
760.0
776.0
796.0
737.0
750.0
776.0
754.0
738.0
1017.0
768.0
757.0
791.0
731.0
756.0
975.0
772.0
708.0
828.0
754.0
736.0
870.0
784.0
784.0
724.0
792.0
850.0
750.0
745.0
638.0
841.0
818.0
749.0
738.0
813.0
819.0
753.0
888.0
805.0
808.0
797.0
787.0
790.0
745.0
782.0
765.0
761.0
762.0
760.0
895.0
753.0
825.0
728.0
597.0
882.0
741.0
771.0
754.0
727.0
1034.0
840.0
855.0
763.0
759.0
765.0
772.0
747.0
747.0
621.0
790.0
778.0
805.0
796.0
761.0
751.0
758.0
820.0
757.0
753.0
747.0
786.0
796.0
774.0
869.0
778.0
784.0
730.0
793.0
748.0
774.0
718.0
791.0
881.0
810.0
785.0
747.0
762.0
753.0
759.0
771.0
907.0
693.0
844.0
770.0
749.0
625.0
901.0
696.0
772.0
917.0
597.0
746.0
772.0
802.0
792.0
758.0
781.0
805.0
778.0
730.0
631.0
746.0
790.0
765.0
752.0
774.0
742.0
821.0
901.0
801.0
722.0
750.0
831.0
740.0
687.0
785.0
752.0
811.0
763.0
742.0
793.0
636.0
726.0
740.0
781.0
748.0
785.0
754.0
765.0
784.0
746.0
775.0
736.0
718.0
790.0
781.0
749.0
754.0
691.0
781.0
892.0
771.0
753.0
786.0
793.0
755.0
736.0
801.0
806.0
858.0
825.0
783.0
803.0
909.0
730.0
774.0
863.0
803.0
841.0
738.0
770.0
749.0
760.0
747.0
743.0
758.0
784.0
762.0
843.0
751.0
799.0
745.0
749.0
777.0
892.0
793.0
794.0
758.0
893.0
760.0
767.0
819.0
653.0
806.0
765.0
778.0
731.0
745.0
781.0
899.0
804.0
887.0
669.0
790.0
730.0
790.0
818.0
763.0
730.0
778.0
743.0
752.0
729.0
783.0
738.0
746.0
739.0
854.0
751.0
725.0
761.0
816.0
748.0
816.0
755.0
708.0
926.0
846.0
747.0
785.0
662.0
722.0
730.0
618.0
804.0
717.0
737.0
727.0
769.0
824.0
807.0
748.0
751.0
738.0
775.0
743.0
817.0
795.0
813.0
765.0
752.0
730.0
741.0
798.0
796.0
824.0
875.0
787.0
745.0
781.0
779.0
791.0
763.0
613.0
772.0
791.0
770.0
735.0
765.0
751.0
937.0
774.0
750.0
813.0
998.0
826.0
786.0
626.0
781.0
744.0
869.0
794.0
832.0
794.0
911.0
779.0
763.0
752.0
870.0
750.0
778.0
887.0
764.0
762.0
758.0
833.0
852.0
761.0
745.0
777.0
746.0
754.0
765.0
748.0
737.0
744.0
780.0
750.0
805.0
804.0
798.0
727.0
814.0
766.0
922.0
953.0
773.0
746.0
683.0
761.0
827.0
791.0
782.0
814.0
784.0
754.0
749.0
824.0
644.0
790.0
862.0
812.0
894.0
772.0
866.0
786.0
786.0
854.0
751.0
752.0
781.0
737.0
758.0
720.0
744.0
614.0
795.0
778.0
859.0
776.0
760.0
746.0
610.0
731.0
800.0
951.0
811.0
860.0
757.0
750.0
742.0
777.0
804.0
903.0
743.0
746.0
784.0
814.0
754.0
745.0
769.0
659.0
742.0
743.0
642.0
786.0
792.0
777.0
793.0
744.0
833.0
789.0
