632.0
728.0
650.0
564.0
631.0
574.0
589.0
625.0
578.0
554.0
580.0
621.0
606.0
791.0
594.0
585.0
681.0
568.0
590.0
583.0
589.0
587.0
657.0
627.0
565.0
509.0
583.0
582.0
633.0
558.0
659.0
539.0
581.0
574.0
553.0
605.0
512.0
602.0
529.0
710.0
626.0
613.0
560.0
817.0
578.0
486.0
643.0
579.0
599.0
571.0
582.0
588.0
561.0
721.0
565.0
568.0
573.0
590.0
578.0
581.0
569.0
631.0
577.0
666.0
626.0
557.0
679.0
528.0
582.0
624.0
548.0
638.0
490.0
667.0
651.0
759.0
616.0
584.0
592.0
658.0
560.0
560.0
570.0
651.0
712.0
769.0
554.0
580.0
526.0
598.0
608.0
817.0
544.0
500.0
669.0
594.0
511.0
684.0
568.0
625.0
635.0
566.0
536.0
519.0
624.0
683.0
681.0
597.0
566.0
684.0
594.0
590.0
602.0
550.0
636.0
588.0
571.0
492.0
625.0
595.0
634.0
506.0
513.0
653.0
557.0
537.0
527.0
576.0
595.0
588.0
683.0
618.0
544.0
605.0
577.0
554.0
703.0
571.0
560.0
637.0
624.0
643.0
601.0
642.0
626.0
552.0
597.0
581.0
601.0
646.0
594.0
588.0
536.0
633.0
572.0
642.0
809.0
545.0
602.0
553.0
495.0
658.0
612.0
560.0
589.0
610.0
605.0
598.0
599.0
600.0
593.0
634.0
661.0
548.0
582.0
598.0
573.0
595.0
570.0
702.0
615.0
594.0
587.0
586.0
568.0
708.0
696.0
630.0
582.0
598.0
582.0
514.0
552.0
580.0
709.0
522.0
584.0
569.0
546.0
547.0
557.0
523.0
659.0
541.0
635.0
548.0
625.0
611.0
589.0
585.0
579.0
689.0
581.0
552.0
579.0
544.0
576.0
749.0
579.0
764.0
550.0
564.0
603.0
610.0
568.0
622.0
583.0
586.0
593.0
558.0
557.0
571.0
613.0
609.0
593.0
685.0
587.0
615.0
558.0
633.0
556.0
556.0
589.0
598.0
551.0
574.0
691.0
618.0
626.0
604.0
594.0
613.0
616.0
611.0
632.0
669.0
1242.0
582.0
576.0
535.0
602.0
577.0
600.0
532.0
553.0
576.0
782.0
526.0
568.0
650.0
561.0
587.0
573.0
556.0
596.0
530.0
645.0
640.0
578.0
555.0
562.0
506.0
594.0
692.0
620.0
610.0
672.0
546.0
466.0
557.0
570.0
622.0
575.0
599.0
587.0
565.0
521.0
546.0
553.0
581.0
677.0
546.0
600.0
562.0
593.0
577.0
577.0
517.0
552.0
682.0
571.0
544.0
594.0
634.0
627.0
658.0
682.0
569.0
542.0
564.0
625.0
642.0
531.0
584.0
622.0
647.0
668.0
575.0
641.0
719.0
616.0
625.0
593.0
555.0
546.0
549.0
558.0
579.0
528.0
734.0
597.0
723.0
579.0
526.0
617.0
697.0
573.0
626.0
553.0
552.0
578.0
574.0
585.0
554.0
648.0
602.0
548.0
592.0
568.0
624.0
612.0
570.0
666.0
598.0
550.0
593.0
584.0
590.0
570.0
625.0
571.0
514.0
587.0
548.0
597.0
613.0
579.0
562.0
597.0
589.0
572.0
633.0
573.0
699.0
665.0
571.0
494.0
623.0
508.0
560.0
608.0
576.0
556.0
559.0
566.0
626.0
573.0
638.0
592.0
598.0
587.0
525.0
778.0
608.0
579.0
633.0
579.0
693.0
635.0
613.0
583.0
641.0
673.0
577.0
601.0
508.0
589.0
584.0
603.0
550.0
608.0
638.0
590.0
582.0
601.0
600.0
647.0
560.0
513.0
626.0
646.0
541.0
759.0
578.0
594.0
620.0
537.0
630.0
598.0
587.0
558.0
649.0
558.0
695.0
594.0
650.0
537.0
562.0
552.0
640.0
587.0
550.0
573.0
617.0
603.0
549.0
556.0
613.0
615.0
634.0
620.0
770.0
653.0
581.0
600.0
621.0
576.0
576.0
557.0
652.0
591.0
577.0
598.0
626.0
554.0
569.0
597.0
587.0
561.0
629.0
589.0
624.0
566.0
567.0
564.0
546.0
634.0
578.0
666.0
537.0
588.0
589.0
729.0
637.0
685.0
570.0
520.0
639.0
689.0
715.0
597.0
585.0
633.0
589.0
581.0
619.0
531.0
534.0
688.0
632.0
596.0
594.0
604.0
577.0
727.0
615.0
654.0
526.0
564.0
560.0
684.0
634.0
538.0
558.0
597.0
552.0
634.0
693.0
541.0
645.0
756.0
717.0
593.0
597.0
586.0
557.0
593.0
546.0
606.0
606.0
530.0
614.0
749.0
858.0
558.0
545.0
469.0
559.0
620.0
637.0
551.0
573.0
580.0
719.0
688.0
606.0
564.0
581.0
470.0
594.0
489.0
598.0
571.0
540.0
598.0
566.0
538.0
570.0
726.0
548.0
574.0
622.0
628.0
550.0
571.0
586.0
696.0
578.0
587.0
545.0
567.0
646.0
652.0
701.0
712.0
556.0
597.0
552.0
644.0
540.0
542.0
605.0
497.0
619.0
588.0
605.0
692.0
644.0
601.0
673.0
566.0
593.0
551.0
642.0
597.0
580.0
579.0
620.0
573.0
621.0
603.0
604.0
552.0
536.0
586.0
687.0
672.0
551.0
603.0
667.0
566.0
568.0
564.0
603.0
638.0
581.0
601.0
622.0
604.0
596.0
514.0
548.0
556.0
546.0
552.0
619.0
578.0
593.0
587.0
644.0
703.0
593.0
800.0
549.0
547.0
851.0
565.0
610.0
657.0
620.0
618.0
579.0
577.0
534.0
550.0
585.0
546.0
589.0
628.0
535.0
690.0
683.0
637.0
578.0
656.0
571.0
521.0
670.0
553.0
569.0
661.0
600.0
586.0
690.0
545.0
565.0
560.0
533.0
820.0
570.0
546.0
552.0
628.0
563.0
544.0
602.0
556.0
564.0
577.0
661.0
641.0
613.0
578.0
630.0
728.0
674.0
602.0
601.0
605.0
606.0
593.0
622.0
621.0
597.0
585.0
534.0
576.0
583.0
751.0
585.0
658.0
