626.0
617.0
710.0
613.0
614.0
583.0
603.0
714.0
656.0
656.0
647.0
679.0
605.0
633.0
644.0
593.0
652.0
637.0
612.0
653.0
606.0
652.0
610.0
609.0
602.0
696.0
660.0
676.0
677.0
550.0
682.0
629.0
667.0
626.0
612.0
657.0
611.0
696.0
594.0
593.0
608.0
611.0
695.0
601.0
760.0
614.0
623.0
870.0
586.0
624.0
594.0
616.0
683.0
791.0
630.0
653.0
859.0
469.0
626.0
599.0
800.0
709.0
646.0
600.0
705.0
638.0
480.0
654.0
801.0
656.0
630.0
599.0
695.0
614.0
505.0
619.0
654.0
454.0
598.0
773.0
739.0
702.0
701.0
647.0
730.0
637.0
848.0
679.0
661.0
762.0
623.0
635.0
521.0
621.0
527.0
564.0
627.0
757.0
644.0
626.0
677.0
646.0
727.0
635.0
653.0
665.0
630.0
664.0
622.0
668.0
609.0
489.0
644.0
675.0
649.0
662.0
602.0
719.0
636.0
599.0
594.0
597.0
870.0
619.0
607.0
630.0
602.0
822.0
676.0
590.0
636.0
608.0
604.0
638.0
619.0
623.0
654.0
640.0
659.0
661.0
620.0
658.0
677.0
612.0
658.0
597.0
672.0
608.0
698.0
601.0
669.0
597.0
641.0
678.0
621.0
453.0
672.0
658.0
785.0
621.0
903.0
666.0
647.0
602.0
658.0
596.0
544.0
628.0
606.0
802.0
544.0
625.0
504.0
616.0
681.0
669.0
782.0
617.0
601.0
624.0
738.0
778.0
648.0
658.0
751.0
639.0
653.0
626.0
623.0
674.0
661.0
671.0
714.0
726.0
658.0
650.0
629.0
626.0
615.0
602.0
649.0
595.0
603.0
626.0
681.0
614.0
624.0
679.0
706.0
711.0
642.0
595.0
748.0
683.0
614.0
603.0
669.0
613.0
498.0
630.0
680.0
649.0
692.0
611.0
630.0
706.0
585.0
608.0
662.0
597.0
634.0
646.0
632.0
685.0
717.0
585.0
680.0
656.0
457.0
587.0
595.0
581.0
493.0
649.0
674.0
911.0
644.0
644.0
656.0
623.0
646.0
667.0
643.0
603.0
667.0
695.0
637.0
565.0
461.0
604.0
680.0
691.0
614.0
677.0
713.0
596.0
488.0
656.0
678.0
744.0
667.0
681.0
647.0
626.0
650.0
630.0
678.0
685.0
682.0
619.0
718.0
626.0
724.0
632.0
634.0
598.0
669.0
693.0
653.0
667.0
676.0
625.0
674.0
484.0
632.0
665.0
725.0
529.0
675.0
586.0
613.0
616.0
658.0
674.0
658.0
677.0
610.0
677.0
643.0
654.0
538.0
595.0
464.0
581.0
744.0
446.0
632.0
714.0
609.0
669.0
605.0
534.0
701.0
661.0
631.0
733.0
631.0
630.0
516.0
614.0
628.0
634.0
452.0
585.0
886.0
617.0
592.0
692.0
596.0
647.0
692.0
630.0
751.0
596.0
520.0
620.0
663.0
621.0
674.0
618.0
627.0
623.0
749.0
626.0
643.0
606.0
842.0
770.0
582.0
652.0
592.0
592.0
698.0
517.0
635.0
613.0
648.0
637.0
646.0
693.0
726.0
612.0
602.0
509.0
650.0
661.0
649.0
728.0
466.0
684.0
596.0
672.0
602.0
697.0
823.0
615.0
634.0
650.0
720.0
633.0
637.0
702.0
686.0
761.0
602.0
464.0
635.0
660.0
634.0
591.0
616.0
609.0
674.0
715.0
653.0
610.0
637.0
515.0
650.0
627.0
661.0
838.0
449.0
617.0
625.0
625.0
729.0
653.0
645.0
638.0
518.0
456.0
669.0
612.0
594.0
590.0
673.0
488.0
662.0
732.0
697.0
638.0
465.0
621.0
602.0
602.0
626.0
637.0
632.0
732.0
890.0
612.0
568.0
651.0
644.0
699.0
640.0
635.0
611.0
737.0
646.0
718.0
593.0
716.0
628.0
604.0
714.0
597.0
645.0
617.0
624.0
588.0
624.0
628.0
616.0
624.0
548.0
568.0
910.0
599.0
650.0
629.0
716.0
674.0
635.0
662.0
660.0
641.0
621.0
672.0
641.0
656.0
635.0
649.0
584.0
675.0
632.0
590.0
615.0
601.0
597.0
761.0
634.0
654.0
617.0
626.0
715.0
655.0
682.0
523.0
629.0
659.0
632.0
629.0
588.0
613.0
641.0
660.0
619.0
645.0
655.0
641.0
638.0
625.0
644.0
616.0
691.0
592.0
583.0
537.0
608.0
669.0
619.0
818.0
626.0
632.0
638.0
682.0
623.0
622.0
484.0
625.0
612.0
667.0
659.0
700.0
665.0
642.0
506.0
605.0
669.0
666.0
637.0
714.0
549.0
635.0
647.0
635.0
662.0
672.0
597.0
659.0
649.0
616.0
596.0
733.0
693.0
650.0
631.0
626.0
675.0
744.0
488.0
487.0
631.0
748.0
612.0
605.0
663.0
618.0
615.0
752.0
654.0
611.0
617.0
621.0
632.0
665.0
614.0
553.0
641.0
697.0
593.0
672.0
619.0
740.0
586.0
620.0
610.0
669.0
664.0
609.0
615.0
616.0
629.0
654.0
516.0
465.0
625.0
615.0
600.0
621.0
614.0
594.0
596.0
626.0
637.0
785.0
709.0
770.0
653.0
736.0
447.0
628.0
633.0
753.0
577.0
533.0
597.0
656.0
605.0
682.0
629.0
621.0
658.0
521.0
603.0
643.0
533.0
660.0
469.0
657.0
672.0
621.0
624.0
607.0
627.0
810.0
690.0
616.0
585.0
620.0
741.0
598.0
664.0
665.0
665.0
548.0
