1.2143613890808456
0.8149474793782384
0.8835045393172621
0.6862119876589958
0.5685190395729851
0.7095268391441443
0.6542631988335661
0.8497584802745565
1.1119457732507858
2.494678394549938
0.9172505983599677
0.5275071529530522
0.6604698408999867
0.6232299885014629
0.6895426807283026
0.7812400645485792
0.7980937719634088
1.5255803278540472
1.0573156758130375
0.8642210770071447
0.6542631988335661
0.6511598778003559
1.0815957191187036
0.789666918255994
0.46678281524495
0.6542631988335661
3.0456783945499377
0.8402280405004828
0.7643863571337495
0.6862119876589958
0.8642210770071447
0.7643863571337495
0.789666918255994
0.8023071988171163
0.7228496114213719
0.5984034202357801
0.7938803451097014
0.8449376146970271
0.6511598778003559
0.663573161933197
1.008847044333026
1.3206377159553198
0.716188225282758
0.8642210770071447
1.0148256000281228
1.0040261787554967
0.663573161933197
1.0148256000281228
0.48353163277046657
0.7601729302800421
0.6108167043686215
0.9751009852903204
0.7601729302800421
1.3828769988504601
0.8835045393172621
1.1058757624243694
0.7328416906292927
0.7561565421144412
0.9220714639374973
0.9461757918251442
0.789666918255994
0.8738628081622033
1.1605058598621174
0.6108167043686215
0.9413549262476146
0.768599783987457
0.6762199084510749
0.9799218508678498
0.9268923295150265
0.9558175229802028
0.8449376146970271
0.716188225282758
0.9220714639374973
0.719518918352065
0.8690419425846742
0.8191609062319459
0.7428337698372135
0.7980937719634088
0.6728892153817679
0.7261803044906788
0.8931462704723209
0.9895635820229086
0.8318011867930681
0.931713195092556
0.433285180193917
0.6895426807283026
0.6139200254018318
1.2781271852055303
0.8449376146970271
0.9027880016273796
1.221446477539144
0.7228496114213719
0.7770266376948718
1.4494908602365983
1.2710420967472318
0.9606383885577321
0.7428337698372135
0.3938209718241447
0.8594002114296152
0.9558175229802028
0.9413549262476146
0.7228496114213719
0.7461644629065204
0.5813352541417142
0.6015067412689905
0.7295109975599857
0.42281716924046914
1.3578968008306578
0.6604698408999867
0.7128575322134512
0.8191609062319459
0.8979671360498503
0.6263333095346731
0.8931462704723209
0.6573665198667763
0.6077133833354113
0.8149474793782384
0.6108167043686215
0.663573161933197
0.7395030767679066
0.6728892153817679
0.5984034202357801
0.7295109975599857
1.499451256276202
0.7728132108411644
0.716188225282758
0.663573161933197
1.0694556974658707
2.4801783945499385
0.854579345852086
0.8786836737397329
0.42909797581253784
1.1665758706885339
0.8594002114296152
0.8275877599393606
0.7938803451097014
1.1058757624243694
1.0269656216809555
0.39549961453871557
0.6201266674682525
0.7938803451097014
0.9509966574026735
1.827678394549938
0.7061961460748372
0.6294366305678835
0.6895426807283026
0.8149474793782384
0.663573161933197
1.3578968008306578
0.9895635820229086
1.0451756541602049
0.810734052524531
0.7095268391441443
0.8979671360498503
0.8275877599393606
0.6232299885014629
0.7528258490451343
0.542886610435527
0.6480565567671455
0.5608293108317477
0.6046100623022008
1.5901661753581613
1.0573156758130375
0.6795506015203818
1.0876657299451202
0.6728892153817679
0.719518918352065
0.7228496114213719
0.716188225282758
0.9076088672049091
0.8065206256708236
0.931713195092556
0.768599783987457
0.7128575322134512
0.8497584802745565
0.6139200254018318
0.6387465936675145
0.6542631988335661
0.6995347599362234
0.9751009852903204
0.6666764829664075
0.8191609062319459
0.9172505983599677
0.6728892153817679
0.6356432726343041
1.2568719198306353
1.1483658382092847
0.9172505983599677
0.6294366305678835
0.6828812945896887
1.987178394549938
0.6294366305678835
0.7361723836985997
0.7601729302800421
0.6077133833354113
0.9992053131779672
0.7361723836985997
0.7528258490451343
0.8149474793782384
0.6418499147007247
0.6480565567671455
0.6995347599362234
0.716188225282758
0.6604698408999867
0.854579345852086
0.5838984970554599
1.1483658382092847
0.7528258490451343
1.0815957191187036
0.9558175229802028
0.6139200254018318
0.6895426807283026
0.768599783987457
0.8979671360498503
0.6232299885014629
0.7601729302800421
0.6895426807283026
0.716188225282758
0.6418499147007247
0.8023071988171163
1.0573156758130375
0.6604698408999867
0.9027880016273796
0.9027880016273796
0.8402280405004828
0.7461644629065204
1.306467539038723
0.6511598778003559
1.4328373948900637
0.789666918255994
0.6015067412689905
0.6995347599362234
0.6995347599362234
0.9172505983599677
0.7428337698372135
1.020895610854539
0.7854534914022867
0.716188225282758
0.7061961460748372
1.491124523602935
0.8023071988171163
0.8149474793782384
0.789666918255994
0.8642210770071447
0.7854534914022867
0.49818684810529346
0.6728892153817679
0.9606383885577321
0.7128575322134512
0.47934442838908736
0.6263333095346731
0.6928733737976096
0.8449376146970271
0.7428337698372135
0.5095644525568314
0.663573161933197
0.8402280405004828
1.491124523602935
0.8065206256708236
0.7770266376948718
0.7395030767679066
1.221446477539144
2.2481783945499383
0.7228496114213719
0.9509966574026735
0.7812400645485792
0.9702801197127909
0.9124297327824386
0.6449532357339351
0.6762199084510749
0.7328416906292927
0.6387465936675145
0.5608293108317477
0.6928733737976096
0.6480565567671455
0.5762087683142226
0.5326336387805437
0.719518918352065
0.663573161933197
2.538178394549938
0.6928733737976096
0.7061961460748372
0.6604698408999867
0.6828812945896887
0.6666764829664075
0.7295109975599857
0.6356432726343041
0.6542631988335661
0.6356432726343041
0.6294366305678835
0.8883254048947916
1.0694556974658707
0.7128575322134512
0.6542631988335661
0.6895426807283026
0.7128575322134512
0.413964684398995
0.719518918352065
1.1789359467893543
0.5326336387805437
0.6108167043686215
0.7854534914022867
0.4584084064821917
1.0269656216809555
1.142295827382868
0.7261803044906788
2.958678394549938
1.7841783945499383
0.5813352541417142
0.6294366305678835
0.9992053131779672
1.726178394549938
0.6728892153817679
1.2639570082889333
0.9365340606700854
0.7128575322134512
0.6511598778003559
0.8402280405004828
0.6232299885014629
0.9606383885577321
0.6762199084510749
0.9799218508678498
0.6697798039996178
0.6795506015203818
1.0876657299451202
0.9509966574026735
0.6232299885014629
0.768599783987457
0.6387465936675145
0.9076088672049091
0.6573665198667763
0.6795506015203818
0.7601729302800421
1.4494908602365983
0.7128575322134512
0.3938209718241447
0.5890934571361492
1.221446477539144
0.6828812945896887
0.7128575322134512
0.433285180193917
0.6170233464350422
0.7328416906292927
0.6895426807283026
0.8402280405004828
0.7770266376948718
0.7561565421144412
1.020895610854539
1.1119457732507858
0.6604698408999867
0.8191609062319459
0.6108167043686215
1.0573156758130375
0.7528258490451343
1.033035632507372
0.41732196982813663
0.8738628081622033
3.0311783945499378
2.3496783945499384
0.7938803451097014
0.7770266376948718
0.6795506015203818
0.7328416906292927
0.5685190395729851
0.7061961460748372
0.9943844476004379
0.7061961460748372
0.9124297327824386
0.6170233464350422
0.810734052524531
0.768599783987457
0.789666918255994
0.8360146136467755
0.7601729302800421
1.0391056433337886
0.6263333095346731
1.6362989235753858
0.6480565567671455
0.5762087683142226
2.3496783945499384
1.306467539038723
1.0148256000281228
0.6294366305678835
0.6542631988335661
0.49399964372391436
0.6201266674682525
0.6795506015203818
0.6387465936675145
0.7128575322134512
1.9291783945499383
0.6762199084510749
0.789666918255994
0.8065206256708236
0.555702825004256
0.7854534914022867
0.9268923295150265
1.0269656216809555
0.6828812945896887
1.0694556974658707
0.9172505983599677
0.6895426807283026
0.5249439100393063
0.7361723836985997
0.6666764829664075
1.1240857949036187
0.6139200254018318
1.0633856866394544
0.9509966574026735
0.9268923295150265
0.4156433271135658
0.5377601246080354
0.7561565421144412
0.6573665198667763
1.0633856866394544
0.6697798039996178
0.7854534914022867
0.6928733737976096
0.5890934571361492
0.7854534914022867
0.5480130962630188
0.6046100623022008
0.7461644629065204
0.6542631988335661
0.719518918352065
0.6728892153817679
0.9992053131779672
0.6666764829664075
0.719518918352065
0.7395030767679066
0.8275877599393606
0.6418499147007247
0.6862119876589958
0.8275877599393606
0.7528258490451343
0.7461644629065204
0.6542631988335661
1.099805751597953
0.7812400645485792
0.7812400645485792
0.6201266674682525
0.5095644525568314
0.7061961460748372
0.8065206256708236
0.6077133833354113
0.6795506015203818
0.6418499147007247
0.9992053131779672
0.810734052524531
0.8449376146970271
1.466144325583133
0.9895635820229086
0.5608293108317477
1.1362258165564514
0.6077133833354113
1.3995304641969943
0.8594002114296152
0.8233743330856532
0.8642210770071447
0.6928733737976096
0.8642210770071447
0.6666764829664075
0.6542631988335661
1.4411641275633311
0.6170233464350422
0.7228496114213719
0.8738628081622033
0.6015067412689905
0.8065206256708236
0.7980937719634088
0.6077133833354113
0.7128575322134512
1.3206377159553198
0.8738628081622033
0.7770266376948718
0.716188225282758
0.6604698408999867
0.9461757918251442
0.7980937719634088
0.6995347599362234
0.8690419425846742
0.7770266376948718
0.7095268391441443
0.7295109975599857
0.5984034202357801
0.9220714639374973
0.9124297327824386
0.6356432726343041
1.142295827382868
0.6728892153817679
0.9124297327824386
2.436678394549938
0.6418499147007247
0.5505763391767645
1.2568719198306353
0.9172505983599677
0.6895426807283026
0.716188225282758
0.6728892153817679
0.49609324591460385
0.9654592541352617
3.3501783945499377
0.6895426807283026
0.8690419425846742
0.6762199084510749
0.6666764829664075
0.931713195092556
1.4411641275633311
1.3418929813302143
0.7328416906292927
0.7328416906292927
0.5070012096430856
0.6046100623022008
0.9124297327824386
0.6542631988335661
0.8275877599393606
0.8233743330856532
0.6015067412689905
0.6995347599362234
0.8738628081622033
0.8275877599393606
0.6542631988335661
1.1789359467893543
0.6542631988335661
0.7261803044906788
0.9220714639374973
1.0391056433337886
0.7428337698372135
0.6511598778003559
0.6325399516010938
0.6015067412689905
0.6387465936675145
0.6170233464350422
0.7728132108411644
0.6046100623022008
0.8642210770071447
0.6828812945896887
0.9268923295150265
2.407678394549938
0.5608293108317477
0.7295109975599857
1.2427017429140388
0.5403233675217811
0.6995347599362234
0.8065206256708236
0.6542631988335661
0.48143803057977697
0.7061961460748372
1.1119457732507858
0.6418499147007247
0.6828812945896887
0.6542631988335661
0.6542631988335661
0.854579345852086
0.6077133833354113
0.5480130962630188
1.033035632507372
0.9992053131779672
0.8275877599393606
1.6547520228622752
0.8642210770071447
0.8233743330856532
0.7494951559758274
1.3912037315237271
0.854579345852086
0.6015067412689905
0.8402280405004828
0.6480565567671455
0.48353163277046657
0.6828812945896887
0.7461644629065204
0.6418499147007247
0.9365340606700854
0.8191609062319459
0.6480565567671455
0.8979671360498503
0.6928733737976096
0.6795506015203818
0.5480130962630188
0.8191609062319459
0.6263333095346731
0.7261803044906788
0.6795506015203818
0.39214232910957386
0.6046100623022008
0.6762199084510749
0.9606383885577321
0.5953000992025699
0.9124297327824386
0.663573161933197
0.6762199084510749
0.7561565421144412
0.5002804502959831
0.6077133833354113
0.9268923295150265
0.6995347599362234
1.0694556974658707
1.1362258165564514
0.7728132108411644
0.6294366305678835
0.9172505983599677
0.6418499147007247
1.4078571968702618
0.8979671360498503
0.6294366305678835
0.7295109975599857
0.6480565567671455
0.6046100623022008
1.3828769988504601
0.7643863571337495
0.7128575322134512
0.5762087683142226
0.5044676546773622
0.7128575322134512
1.154435849035701
1.534806877497492
0.6828812945896887
1.0937357407715365
1.0391056433337886
1.3828769988504601
0.6762199084510749
0.6294366305678835
0.6795506015203818
1.1789359467893543
0.716188225282758
0.7528258490451343
0.6962040668669165
0.7643863571337495
0.6201266674682525
0.8191609062319459
0.9751009852903204
0.6511598778003559
0.7601729302800421
0.6895426807283026
0.6015067412689905
0.9124297327824386
0.8738628081622033
0.931713195092556
0.9076088672049091
1.0633856866394544
0.5787720112279684
1.0694556974658707
1.798678394549938
0.5890934571361492
1.0573156758130375
0.6795506015203818
0.9124297327824386
0.7461644629065204
0.6728892153817679
0.6895426807283026
0.7128575322134512
0.6728892153817679
1.334807892871916
0.6762199084510749
0.6995347599362234
46.6494194934551
0.6542631988335661
0.810734052524531
0.7461644629065204
0.7728132108411644
0.6170233464350422
0.6762199084510749
1.1180157840772023
1.697178394549938
0.768599783987457
0.789666918255994
1.0694556974658707
0.5921967781693597
0.7461644629065204
0.6232299885014629
0.7328416906292927
0.7261803044906788
1.2781271852055303
2.1466783945499377
0.5002804502959831
0.7528258490451343
0.6895426807283026
0.9992053131779672
0.6666764829664075
0.7461644629065204
0.6573665198667763
0.6862119876589958
1.1665758706885339
0.6995347599362234
0.7395030767679066
1.0876657299451202
0.46887641743563957
0.6170233464350422
0.7028654530055304
0.7643863571337495
0.8449376146970271
0.6387465936675145
0.7295109975599857
0.5762087683142226
0.6762199084510749
0.7770266376948718
0.4353787823846065
0.7461644629065204
0.6015067412689905
1.228531565997442
0.42281716924046914
1.2639570082889333
0.5813352541417142
0.8642210770071447
0.8360146136467755
0.9172505983599677
0.6201266674682525
0.6201266674682525
0.6795506015203818
0.7361723836985997
0.8318011867930681
1.142295827382868
1.534806877497492
0.9268923295150265
0.7728132108411644
0.5890934571361492
0.6046100623022008
0.9076088672049091
0.6795506015203818
0.6139200254018318
0.7428337698372135
0.6139200254018318
0.6728892153817679
0.6995347599362234
1.0512456649866213
0.7528258490451343
0.9558175229802028
0.716188225282758
0.7328416906292927
0.6697798039996178
0.6108167043686215
0.6728892153817679
0.6728892153817679
0.8786836737397329
0.6046100623022008
0.6356432726343041
1.0633856866394544
0.8979671360498503
0.8191609062319459
0.6356432726343041
0.8318011867930681
0.8979671360498503
0.39549961453871557
0.6480565567671455
0.6828812945896887
1.0694556974658707
1.2781271852055303
0.6762199084510749
0.9558175229802028
0.413964684398995
0.716188225282758
0.6862119876589958
0.7770266376948718
0.8642210770071447
