782.0
778.0
753.0
832.0
772.0
768.0
763.0
800.0
758.0
731.0
772.0
1024.0
652.0
830.0
812.0
808.0
764.0
816.0
783.0
761.0
745.0
766.0
776.0
756.0
878.0
744.0
676.0
781.0
814.0
763.0
744.0
818.0
727.0
730.0
753.0
754.0
719.0
737.0
845.0
835.0
838.0
720.0
731.0
884.0
730.0
702.0
717.0
792.0
763.0
737.0
742.0
827.0
743.0
722.0
675.0
599.0
756.0
682.0
732.0
634.0
899.0
572.0
907.0
820.0
756.0
779.0
766.0
718.0
756.0
824.0
753.0
772.0
760.0
762.0
769.0
762.0
691.0
714.0
737.0
765.0
818.0
801.0
741.0
994.0
886.0
866.0
754.0
636.0
850.0
779.0
705.0
787.0
750.0
773.0
775.0
750.0
782.0
746.0
795.0
825.0
825.0
642.0
662.0
894.0
754.0
750.0
752.0
792.0
777.0
739.0
808.0
762.0
910.0
862.0
678.0
817.0
730.0
588.0
762.0
720.0
781.0
722.0
838.0
817.0
784.0
793.0
766.0
647.0
568.0
629.0
659.0
794.0
637.0
801.0
648.0
608.0
748.0
840.0
784.0
786.0
737.0
770.0
863.0
789.0
845.0
753.0
853.0
759.0
742.0
788.0
931.0
804.0
735.0
785.0
920.0
769.0
887.0
674.0
740.0
816.0
810.0
730.0
759.0
775.0
802.0
717.0
750.0
759.0
779.0
748.0
852.0
774.0
757.0
736.0
776.0
718.0
759.0
822.0
740.0
850.0
791.0
694.0
744.0
866.0
761.0
832.0
745.0
790.0
791.0
866.0
836.0
837.0
735.0
696.0
733.0
789.0
565.0
786.0
841.0
799.0
837.0
762.0
756.0
740.0
861.0
686.0
753.0
803.0
732.0
757.0
849.0
745.0
602.0
851.0
715.0
594.0
976.0
774.0
721.0
814.0
981.0
913.0
657.0
724.0
651.0
744.0
712.0
857.0
755.0
739.0
789.0
789.0
753.0
588.0
761.0
744.0
740.0
594.0
743.0
760.0
792.0
766.0
806.0
772.0
753.0
753.0
787.0
773.0
834.0
832.0
781.0
748.0
766.0
600.0
748.0
787.0
730.0
746.0
733.0
781.0
742.0
766.0
789.0
764.0
768.0
836.0
725.0
779.0
769.0
820.0
805.0
846.0
804.0
808.0
759.0
779.0
733.0
567.0
765.0
597.0
770.0
715.0
753.0
777.0
751.0
802.0
589.0
716.0
882.0
756.0
745.0
734.0
744.0
577.0
803.0
740.0
757.0
806.0
715.0
747.0
793.0
754.0
715.0
766.0
807.0
753.0
774.0
734.0
740.0
790.0
569.0
729.0
804.0
742.0
1013.0
811.0
843.0
834.0
673.0
737.0
728.0
746.0
801.0
981.0
758.0
761.0
758.0
734.0
837.0
784.0
666.0
924.0
729.0
740.0
760.0
762.0
614.0
736.0
642.0
804.0
747.0
914.0
782.0
790.0
784.0
949.0
765.0
808.0
795.0
1043.0
833.0
843.0
762.0
746.0
798.0
753.0
785.0
744.0
735.0
790.0
773.0
750.0
780.0
737.0
622.0
760.0
750.0
841.0
778.0
814.0
877.0
656.0
748.0
876.0
757.0
758.0
758.0
817.0
798.0
736.0
813.0
1038.0
756.0
769.0
734.0
755.0
831.0
765.0
835.0
891.0
697.0
724.0
737.0
767.0
737.0
751.0
758.0
586.0
863.0
875.0
816.0
753.0
901.0
778.0
836.0
667.0
816.0
834.0
707.0
870.0
763.0
637.0
738.0
642.0
849.0
791.0
744.0
754.0
722.0
764.0
760.0
778.0
899.0
838.0
815.0
756.0
740.0
707.0
582.0
733.0
770.0
757.0
663.0
738.0
749.0
834.0
752.0
784.0
761.0
828.0
732.0
795.0
859.0
723.0
738.0
802.0
786.0
722.0
778.0
793.0
749.0
879.0
740.0
765.0
793.0
735.0
759.0
773.0
794.0
904.0
749.0
903.0
838.0
797.0
754.0
741.0
702.0
804.0
757.0
791.0
821.0
770.0
762.0
932.0
737.0
766.0
726.0
837.0
733.0
742.0
751.0
749.0
839.0
662.0
877.0
749.0
756.0
805.0
742.0
845.0
742.0
732.0
681.0
710.0
865.0
826.0
741.0
753.0
805.0
721.0
618.0
763.0
731.0
764.0
788.0
608.0
782.0
672.0
758.0
739.0
745.0
720.0
774.0
765.0
830.0
802.0
805.0
738.0
749.0
601.0
585.0
926.0
887.0
855.0
765.0
762.0
788.0
769.0
766.0
749.0
819.0
889.0
774.0
727.0
831.0
768.0
771.0
662.0
586.0
784.0
757.0
768.0
785.0
722.0
743.0
814.0
724.0
770.0
767.0
705.0
922.0
853.0
763.0
855.0
666.0
820.0
757.0
869.0
751.0
744.0
741.0
733.0
721.0
851.0
773.0
791.0
727.0
733.0
831.0
740.0
731.0
816.0
703.0
803.0
722.0
782.0
782.0
767.0
729.0
792.0
723.0
575.0
820.0
729.0
765.0
734.0
748.0
770.0
752.0
636.0
773.0
777.0
773.0
791.0
893.0
761.0
760.0
712.0
582.0
780.0
750.0
731.0
754.0
772.0
752.0
716.0
733.0
757.0
751.0
719.0
785.0
906.0
780.0
762.0
766.0
729.0
739.0
774.0
781.0
754.0
780.0
734.0
877.0
784.0
742.0
741.0
717.0
775.0
746.0
721.0
726.0
758.0
768.0
746.0
790.0
788.0
812.0
717.0
701.0
739.0
845.0
618.0
810.0
857.0
830.0
770.0
895.0
734.0
835.0
825.0
653.0
733.0
738.0
579.0
821.0
810.0
731.0
776.0
736.0
748.0
776.0
811.0
732.0
763.0
825.0
826.0
720.0
805.0
754.0
774.0
740.0
727.0
782.0
589.0
747.0
746.0
721.0
733.0
835.0
883.0
865.0
788.0
736.0
798.0
848.0
768.0
746.0
725.0
833.0
729.0
840.0
761.0
598.0
757.0
739.0
784.0
800.0
748.0
792.0
808.0
905.0
769.0
841.0
744.0
753.0
733.0
658.0
750.0
701.0
746.0
778.0
678.0
784.0
724.0
778.0
882.0
774.0
765.0
780.0
686.0
746.0
808.0
794.0
616.0
758.0
965.0
777.0
737.0
746.0
814.0
746.0
734.0
741.0
768.0
770.0
830.0
798.0
810.0
570.0
1034.0
818.0
763.0
848.0
745.0
770.0
782.0
750.0
729.0
717.0
846.0
717.0
758.0
723.0
757.0
788.0
737.0
731.0
741.0
821.0
