1097.0
909.0
968.0
845.0
755.0
868.0
1009.0
817.0
913.0
813.0
914.0
772.0
894.0
831.0
939.0
876.0
872.0
964.0
906.0
914.0
891.0
850.0
882.0
846.0
822.0
843.0
840.0
648.0
853.0
798.0
868.0
862.0
921.0
826.0
813.0
813.0
853.0
939.0
837.0
887.0
786.0
902.0
885.0
789.0
853.0
951.0
602.0
907.0
914.0
869.0
843.0
916.0
825.0
822.0
820.0
1065.0
813.0
679.0
874.0
937.0
1017.0
990.0
869.0
920.0
893.0
814.0
862.0
992.0
932.0
922.0
770.0
929.0
861.0
839.0
866.0
818.0
913.0
849.0
688.0
928.0
940.0
852.0
824.0
803.0
822.0
854.0
860.0
912.0
830.0
988.0
841.0
879.0
834.0
864.0
850.0
1000.0
918.0
821.0
875.0
823.0
811.0
902.0
597.0
921.0
878.0
801.0
884.0
916.0
846.0
887.0
814.0
800.0
859.0
907.0
801.0
726.0
882.0
1042.0
826.0
886.0
886.0
834.0
811.0
777.0
814.0
825.0
842.0
893.0
953.0
824.0
865.0
818.0
906.0
865.0
857.0
797.0
840.0
892.0
858.0
849.0
842.0
1208.0
845.0
871.0
845.0
1109.0
887.0
810.0
897.0
730.0
796.0
960.0
837.0
956.0
970.0
889.0
645.0
720.0
862.0
843.0
885.0
1075.0
797.0
878.0
874.0
824.0
888.0
847.0
840.0
878.0
928.0
907.0
1000.0
868.0
814.0
936.0
908.0
859.0
801.0
827.0
845.0
800.0
787.0
731.0
824.0
837.0
874.0
781.0
825.0
879.0
946.0
688.0
847.0
816.0
828.0
835.0
866.0
793.0
848.0
822.0
813.0
717.0
841.0
726.0
997.0
1075.0
873.0
938.0
930.0
613.0
815.0
1012.0
864.0
840.0
889.0
877.0
901.0
869.0
1103.0
835.0
778.0
959.0
932.0
978.0
835.0
831.0
801.0
840.0
941.0
965.0
860.0
868.0
954.0
615.0
928.0
822.0
1047.0
732.0
837.0
833.0
791.0
877.0
790.0
812.0
724.0
798.0
842.0
806.0
830.0
913.0
864.0
826.0
856.0
842.0
899.0
913.0
824.0
938.0
838.0
843.0
614.0
669.0
783.0
839.0
770.0
855.0
883.0
993.0
874.0
618.0
917.0
820.0
800.0
613.0
880.0
848.0
842.0
893.0
975.0
850.0
893.0
869.0
866.0
836.0
949.0
866.0
865.0
779.0
843.0
858.0
1028.0
852.0
803.0
829.0
920.0
762.0
904.0
938.0
825.0
836.0
871.0
951.0
640.0
859.0
882.0
812.0
850.0
636.0
1002.0
841.0
922.0
806.0
891.0
811.0
821.0
842.0
858.0
927.0
654.0
1095.0
866.0
900.0
810.0
876.0
956.0
824.0
1064.0
961.0
600.0
885.0
833.0
850.0
859.0
1021.0
823.0
834.0
917.0
859.0
865.0
882.0
912.0
799.0
838.0
796.0
840.0
815.0
843.0
906.0
830.0
930.0
1030.0
938.0
869.0
905.0
864.0
1002.0
859.0
807.0
908.0
812.0
794.0
710.0
874.0
836.0
875.0
661.0
816.0
877.0
822.0
990.0
801.0
842.0
837.0
793.0
996.0
789.0
904.0
1066.0
683.0
822.0
836.0
846.0
834.0
760.0
592.0
705.0
901.0
838.0
822.0
833.0
971.0
797.0
755.0
930.0
873.0
911.0
858.0
693.0
852.0
864.0
838.0
849.0
790.0
942.0
937.0
827.0
948.0
905.0
770.0
798.0
699.0
917.0
872.0
816.0
852.0
909.0
891.0
925.0
660.0
873.0
810.0
897.0
848.0
606.0
798.0
836.0
806.0
834.0
981.0
661.0
822.0
993.0
879.0
1016.0
812.0
817.0
835.0
848.0
905.0
822.0
818.0
919.0
842.0
954.0
953.0
1061.0
819.0
862.0
970.0
778.0
864.0
834.0
1008.0
966.0
833.0
893.0
861.0
618.0
949.0
1012.0
983.0
881.0
825.0
860.0
894.0
962.0
887.0
819.0
975.0
825.0
784.0
866.0
808.0
902.0
846.0
921.0
889.0
818.0
880.0
870.0
836.0
796.0
864.0
841.0
944.0
795.0
893.0
818.0
868.0
918.0
678.0
856.0
860.0
882.0
929.0
825.0
871.0
826.0
979.0
914.0
901.0
878.0
860.0
818.0
848.0
886.0
935.0
861.0
846.0
785.0
846.0
832.0
630.0
925.0
1094.0
1029.0
828.0
805.0
922.0
686.0
832.0
866.0
859.0
906.0
971.0
849.0
634.0
909.0
979.0
814.0
869.0
848.0
869.0
848.0
1062.0
834.0
834.0
863.0
1146.0
838.0
800.0
1110.0
896.0
823.0
913.0
1095.0
795.0
806.0
1108.0
800.0
837.0
834.0
897.0
837.0
869.0
881.0
832.0
858.0
810.0
832.0
821.0
893.0
930.0
984.0
824.0
731.0
795.0
825.0
867.0
854.0
825.0
898.0
837.0
948.0
830.0
831.0
853.0
837.0
957.0
888.0
905.0
862.0
834.0
803.0
841.0
894.0
835.0
954.0
828.0
898.0
881.0
817.0
1025.0
795.0
786.0
800.0
891.0
861.0
898.0
838.0
817.0
805.0
924.0
866.0
896.0
853.0
837.0
755.0
890.0
835.0
882.0
852.0
826.0
832.0
736.0
806.0
1046.0
615.0
844.0
850.0
1082.0
998.0
862.0
981.0
761.0
796.0
852.0
813.0
869.0
875.0
876.0
