0.7735478934050561
0.9716347003542586
0.6979282677673937
0.6361911527835137
0.7201867591657175
0.7897755827441783
1.321640855645208
0.7857186604093976
0.9819316088329852
0.7461549991304285
0.8429233443701758
0.7424452505640411
1.420528047648107
0.8944078867638089
0.6296692450673446
0.7938325050789588
1.4290488176582388
0.6459740143577671
0.6101035219188373
0.9201501579606255
0.8429233443701758
0.5970597064864993
0.5970597064864993
0.6830892735018446
0.7238965077321048
1.3291130902076247
0.46436601547684375
1.3779241975974486
0.7938325050789588
2.967125037481617
0.6756697763690701
0.7735478934050561
1.142431447466191
1.0687672138895488
0.9458924291574421
0.9922285173117119
0.9458924291574421
0.757320204065934
0.8480717986095391
0.7238965077321048
1.7694255669685621
0.701638016333781
0.7498647476968157
0.3731106158058886
0.9201501579606255
0.7090575134665557
0.6557568759320209
1.0503511554953877
0.826287883757203
0.7857186604093976
1.1796683989592907
0.7535744962632029
0.8384586507615446
0.7238965077321048
0.8344017284267641
0.9819316088329852
0.8222309614224226
0.727606256298492
1.1178767029406433
0.6720616452224435
0.7201867591657175
0.6361911527835137
0.7938325050789588
0.727606256298492
0.7654340487354951
1.093321958415096
0.41123062443960323
0.8686656155669923
0.6942185192010065
0.757320204065934
0.818174039087642
0.7387355019976538
0.818174039087642
0.7313160048648794
0.6557568759320209
1.2319740408962074
0.9252986121999888
0.62640829120926
0.8532202528489025
0.8019463497485199
0.5431453814938434
0.7424452505640411
0.5937987526284147
1.4972149777392925
0.5666588950073568
0.686799022068232
0.7776048157398366
0.7201867591657175
0.6068425680607528
0.7461549991304285
1.6305863859777436
0.6524959220739363
2.1686587238062467
0.7461549991304285
0.8532202528489025
0.826287883757203
1.1547088197289646
0.7127672620329428
0.51963186798033
0.5797219580704198
0.7201867591657175
0.6830892735018446
0.9098532494818988
0.6427130604996827
0.8100601944180809
0.5937987526284147
0.51963186798033
0.8222309614224226
0.7498647476968157
0.7461549991304285
0.8686656155669923
0.5431453814938434
0.6427130604996827
0.4379056064574415
1.0564898416267747
0.619886383493091
1.9690421453874045
0.818174039087642
0.4379056064574415
1.0076738800298017
0.8384586507615446
0.6942185192010065
0.7424452505640411
0.7164770105993301
0.7127672620329428
1.0025254257904386
1.505735747749424
0.6793795249354573
1.0503511554953877
0.8344017284267641
0.8384586507615446
0.6622787836481899
1.2768074482707077
0.619886383493091
0.9201501579606255
0.7938325050789588
0.619886383493091
0.5797219580704198
0.6557568759320209
0.8222309614224226
0.8141171167528615
0.6296692450673446
0.757320204065934
0.7776048157398366
1.1240153890720304
0.7535744962632029
1.044212469364001
1.0503511554953877
1.7540704455517282
0.7127672620329428
0.6101035219188373
0.8060032720833004
0.613364475776922
0.8583687070882656
0.6979282677673937
0.5692715076199695
0.757320204065934
0.6524959220739363
0.41123062443960323
0.6590178297901055
0.8635171613276291
0.5771093454578072
0.6492349682158517
0.47980125407149493
1.505735747749424
0.7938325050789588
0.9098532494818988
0.7424452505640411
0.8635171613276291
0.6720616452224435
0.686799022068232
0.41849157846507273
0.9510408833968054
0.6756697763690701
0.5666588950073568
0.7090575134665557
0.6942185192010065
0.8141171167528615
1.6790310864385731
1.2768074482707077
0.7424452505640411
0.6329301989254291
0.7776048157398366
0.7857186604093976
0.504056629005947
0.511794030142492
0.613364475776922
0.8222309614224226
0.7776048157398366
0.619886383493091
0.9613377918755319
0.8635171613276291
1.505735747749424
1.2842796828331244
0.7461549991304285
0.8738140698063557
0.5823345706830324
1.3141686210827914
0.7127672620329428
0.727606256298492
1.3949657376177118
0.6524959220739363
0.5300823184307804
0.6720616452224435
0.9613377918755319
1.1240153890720304
0.46436601547684375
0.8738140698063557
0.6459740143577671
0.6361911527835137
0.7776048157398366
1.2394462754586244
0.7978894274137394
0.8738140698063557
0.6590178297901055
0.8384586507615446
0.6942185192010065
0.8222309614224226
0.6361911527835137
1.4034865076278435
0.9870800630723485
0.8429233443701758
0.6459740143577671
0.7498647476968157
0.558821057169519
0.6296692450673446
0.757320204065934
0.9922285173117119
0.5666588950073568
1.1871406335217072
0.9870800630723485
0.5666588950073568
1.1547088197289646
0.6459740143577671
0.9870800630723485
0.7938325050789588
0.3821868083377254
0.6622787836481899
0.9458924291574421
1.0871832722837091
0.6942185192010065
0.9664862461148954
0.5875597959082577
0.6830892735018446
0.9355955206787154
0.6068425680607528
1.0503511554953877
0.6035816142026682
0.7053477649001684
0.619886383493091
0.7654340487354951
0.686799022068232
0.5937987526284147
0.7857186604093976
0.6590178297901055
0.7897755827441783
0.7127672620329428
0.6830892735018446
0.444520708712292
0.8384586507615446
0.6003206603445838
1.3779241975974486
0.6101035219188373
0.9407439749180787
0.7857186604093976
0.8892594325244456
0.5875597959082577
0.62640829120926
0.727606256298492
0.9047047952425356
0.8686656155669923
0.7238965077321048
2.1072382381389105
0.6979282677673937
0.6793795249354573
0.7461549991304285
0.9973769715510752
0.5353075436560054
1.3365853247700412
0.7816617380746171
2.813573823313277
0.686799022068232
0.878962524045719
0.47759621998654483
1.4546111276886338
0.8429233443701758
0.8635171613276291
0.5970597064864993
0.6166254296350066
0.7238965077321048
1.1301540752034174
0.6524959220739363
0.9664862461148954
0.6557568759320209
1.0135190387070667
0.6329301989254291
0.7735478934050561
0.7238965077321048
0.6459740143577671
0.7313160048648794
0.5509832193316812
0.4687760836467441
0.6459740143577671
0.6166254296350066
1.2319740408962074
0.9407439749180787
0.619886383493091
0.701638016333781
0.5905377987703302
0.6720616452224435
1.1178767029406433
0.5905377987703302
0.6166254296350066
0.9870800630723485
0.5797219580704198
0.7387355019976538
0.6394521066415982
0.6793795249354573
0.7816617380746171
0.6296692450673446
0.5483706067190687
0.9664862461148954
0.8141171167528615
0.878962524045719
0.5483706067190687
0.727606256298492
0.7897755827441783
0.6756697763690701
0.7735478934050561
0.701638016333781
0.6361911527835137
0.7313160048648794
1.321640855645208
0.7127672620329428
0.9458924291574421
0.727606256298492
0.6793795249354573
0.6492349682158517
0.5509832193316812
0.6296692450673446
0.5535958319442937
0.6035816142026682
0.9098532494818988
0.8019463497485199
0.7613771264007144
0.6830892735018446
0.9973769715510752
0.6756697763690701
0.7461549991304285
0.6557568759320209
0.6756697763690701
0.6793795249354573
0.8532202528489025
0.7613771264007144
0.6688006913643589
0.8841109782850822
0.5905377987703302
0.6296692450673446
0.9664862461148954
0.8303448060919836
1.5724527454247483
0.6231473373511754
0.6590178297901055
0.6655397375062745
0.8686656155669923
0.7090575134665557
0.8892594325244456
0.6329301989254291
0.6979282677673937
1.1240153890720304
0.7613771264007144
0.5875597959082577
0.6394521066415982
0.8635171613276291
0.3731106158058886
0.9510408833968054
0.8738140698063557
0.7857186604093976
0.7735478934050561
0.6329301989254291
0.5797219580704198
0.6942185192010065
0.7387355019976538
0.7461549991304285
0.7498647476968157
0.7238965077321048
0.6557568759320209
0.757320204065934
0.7816617380746171
0.6655397375062745
0.7424452505640411
1.601519565701246
0.47980125407149493
0.4709811177316943
0.6590178297901055
0.6590178297901055
0.6720616452224435
1.2917519173955412
0.7535744962632029
0.4423156746273419
1.0626285277581617
0.5744967328451946
0.6655397375062745
1.1055993306778695
0.4379056064574415
0.6101035219188373
0.37674109281862334
0.5091814175298794
0.6756697763690701
0.5905377987703302
0.5483706067190687
0.701638016333781
0.7127672620329428
0.6035816142026682
0.6830892735018446
0.7613771264007144
1.784780688385396
0.6329301989254291
0.6688006913643589
2.398985545058758
0.6101035219188373
1.099460644546483
0.6688006913643589
0.619886383493091
1.2543907445834577
0.558821057169519
0.5018515949209968
0.8583687070882656
0.878962524045719
1.3523618875670533
0.8532202528489025
1.1485701335975778
0.558821057169519
0.7776048157398366
0.7387355019976538
0.757320204065934
0.558821057169519
0.6622787836481899
1.044212469364001
0.613364475776922
0.7424452505640411
1.0380737832326141
0.8635171613276291
0.9561893376361688
0.62640829120926
0.7313160048648794
1.0025254257904386
0.6329301989254291
0.558821057169519
0.6688006913643589
0.6942185192010065
0.701638016333781
0.8060032720833004
0.9098532494818988
0.6524959220739363
0.6655397375062745
0.8583687070882656
0.6557568759320209
1.2543907445834577
0.9510408833968054
0.6068425680607528
0.6942185192010065
0.4974415267510965
0.7735478934050561
0.701638016333781
1.4460903576785022
0.8384586507615446
1.360882657577185
0.7694909710702755
0.686799022068232
0.4577509132219932
0.9098532494818988
1.1301540752034174
0.6720616452224435
0.7938325050789588
1.0626285277581617
0.7498647476968157
0.6590178297901055
0.6655397375062745
0.38944776236319484
0.8635171613276291
0.818174039087642
0.6166254296350066
0.7313160048648794
0.6035816142026682
0.9201501579606255
0.8944078867638089
0.7978894274137394
0.3985239548950317
0.619886383493091
0.5875597959082577
0.8222309614224226
0.7735478934050561
0.5937987526284147
0.8303448060919836
1.2020851026465407
0.613364475776922
0.826287883757203
0.686799022068232
0.878962524045719
0.48862139041129576
0.6329301989254291
2.1686587238062467
0.6296692450673446
0.4952364926661463
0.6492349682158517
0.9150017037212622
0.7613771264007144
0.701638016333781
0.7424452505640411
0.5875597959082577
0.7424452505640411
0.6361911527835137
0.4334955382875411
2.4143406664755918
0.8686656155669923
1.1485701335975778
0.7613771264007144
0.9870800630723485
0.9510408833968054
0.9767831545936221
0.6394521066415982
0.6720616452224435
0.5937987526284147
0.5905377987703302
0.5718841202325821
0.7238965077321048
1.8922665383032344
0.7090575134665557
0.5937987526284147
0.6524959220739363
0.8384586507615446
0.619886383493091
0.930447066439352
0.7238965077321048
1.480173437719029
0.8060032720833004
0.6905087706346191
0.8429233443701758
1.4886942077291605
0.7735478934050561
0.558821057169519
0.9047047952425356
0.727606256298492
1.0319350971012273
1.3864449676075803
1.3864449676075803
0.9047047952425356
0.8841109782850822
0.8384586507615446
0.8100601944180809
0.7735478934050561
1.0503511554953877
0.686799022068232
0.8429233443701758
0.6166254296350066
0.9252986121999888
0.7053477649001684
0.7127672620329428
0.5483706067190687
0.7313160048648794
0.6459740143577671
0.7978894274137394
2.0611728738884088
0.6035816142026682
0.6361911527835137
1.2693352137082912
0.584947183295645
0.37674109281862334
0.4908264244962459
0.6459740143577671
0.42908547011764075
0.6068425680607528
0.7897755827441783
0.6427130604996827
0.5718841202325821
0.6035816142026682
0.7238965077321048
0.7735478934050561
1.6208974458855778
0.701638016333781
0.8738140698063557
0.826287883757203
0.42030681697144007
0.7053477649001684
1.524008044963919
0.6720616452224435
0.686799022068232
0.6622787836481899
0.7350257534312666
0.9870800630723485
0.8583687070882656
0.9047047952425356
0.6720616452224435
0.504056629005947
0.5666588950073568
0.6942185192010065
0.6830892735018446
0.6166254296350066
0.7776048157398366
0.7313160048648794
1.1669861919917381
0.7461549991304285
1.3779241975974486
0.5937987526284147
0.7461549991304285
0.8686656155669923
0.9252986121999888
0.686799022068232
0.400339193401399
0.6557568759320209
0.6166254296350066
0.8141171167528615
0.6394521066415982
0.7897755827441783
0.701638016333781
0.584947183295645
0.5718841202325821
0.6905087706346191
0.6830892735018446
0.619886383493091
0.6035816142026682
0.7938325050789588
0.727606256298492
0.727606256298492
1.044212469364001
0.5666588950073568
0.4467257427972422
1.2020851026465407
0.7350257534312666
0.7857186604093976
0.8532202528489025
0.5937987526284147
