690.0
549.0
648.0
580.0
640.0
680.0
555.0
578.0
587.0
557.0
582.0
616.0
552.0
578.0
538.0
548.0
622.0
610.0
603.0
589.0
571.0
556.0
705.0
689.0
562.0
736.0
506.0
545.0
579.0
607.0
648.0
565.0
577.0
621.0
546.0
573.0
553.0
572.0
592.0
561.0
490.0
578.0
600.0
620.0
586.0
629.0
533.0
649.0
680.0
588.0
544.0
564.0
594.0
505.0
509.0
588.0
546.0
586.0
550.0
565.0
552.0
581.0
600.0
747.0
554.0
676.0
694.0
567.0
565.0
599.0
612.0
580.0
612.0
593.0
591.0
541.0
579.0
584.0
647.0
583.0
625.0
539.0
586.0
583.0
566.0
556.0
567.0
601.0
536.0
574.0
568.0
676.0
629.0
578.0
587.0
569.0
659.0
557.0
595.0
581.0
642.0
597.0
574.0
562.0
623.0
562.0
626.0
561.0
579.0
651.0
555.0
618.0
535.0
539.0
574.0
610.0
718.0
598.0
586.0
650.0
668.0
626.0
502.0
575.0
624.0
600.0
564.0
622.0
539.0
570.0
561.0
610.0
541.0
609.0
644.0
677.0
578.0
586.0
705.0
562.0
596.0
466.0
646.0
661.0
705.0
592.0
662.0
597.0
706.0
569.0
622.0
579.0
554.0
562.0
557.0
583.0
571.0
589.0
610.0
549.0
603.0
796.0
605.0
633.0
546.0
715.0
621.0
570.0
772.0
557.0
622.0
606.0
590.0
482.0
727.0
554.0
602.0
623.0
552.0
557.0
661.0
703.0
556.0
565.0
538.0
653.0
652.0
538.0
591.0
601.0
748.0
615.0
563.0
464.0
540.0
614.0
552.0
585.0
539.0
631.0
627.0
606.0
523.0
482.0
772.0
581.0
621.0
557.0
625.0
593.0
608.0
552.0
582.0
657.0
582.0
567.0
614.0
631.0
562.0
738.0
561.0
623.0
549.0
728.0
602.0
539.0
573.0
632.0
565.0
590.0
552.0
664.0
864.0
571.0
555.0
609.0
588.0
633.0
589.0
595.0
650.0
581.0
562.0
548.0
595.0
453.0
597.0
536.0
603.0
564.0
614.0
577.0
634.0
575.0
567.0
606.0
597.0
629.0
573.0
528.0
464.0
573.0
761.0
656.0
540.0
601.0
572.0
661.0
600.0
517.0
626.0
576.0
670.0
686.0
572.0
562.0
660.0
570.0
584.0
618.0
548.0
586.0
585.0
557.0
530.0
506.0
538.0
560.0
690.0
590.0
579.0
559.0
546.0
553.0
594.0
572.0
604.0
453.0
614.0
1183.0
567.0
677.0
546.0
541.0
581.0
594.0
581.0
584.0
614.0
600.0
569.0
581.0
577.0
694.0
572.0
574.0
567.0
590.0
565.0
557.0
561.0
585.0
501.0
650.0
612.0
539.0
609.0
509.0
649.0
560.0
530.0
560.0
621.0
653.0
616.0
612.0
582.0
538.0
562.0
677.0
523.0
627.0
648.0
529.0
506.0
613.0
549.0
738.0
605.0
587.0
587.0
603.0
590.0
629.0
558.0
580.0
570.0
622.0
570.0
571.0
576.0
682.0
551.0
523.0
569.0
516.0
580.0
558.0
617.0
642.0
653.0
554.0
592.0
562.0
580.0
660.0
603.0
544.0
622.0
541.0
557.0
631.0
480.0
789.0
578.0
541.0
582.0
530.0
650.0
558.0
558.0
706.0
573.0
629.0
764.0
594.0
614.0
632.0
540.0
598.0
562.0
592.0
648.0
583.0
564.0
620.0
589.0
552.0
553.0
557.0
563.0
646.0
546.0
608.0
588.0
538.0
689.0
556.0
589.0
761.0
668.0
629.0
581.0
466.0
535.0
753.0
581.0
549.0
566.0
744.0
630.0
593.0
587.0
562.0
589.0
501.0
565.0
558.0
682.0
557.0
461.0
578.0
594.0
626.0
534.0
629.0
641.0
546.0
657.0
569.0
677.0
530.0
581.0
584.0
561.0
557.0
481.0
564.0
619.0
601.0
535.0
566.0
588.0
605.0
549.0
547.0
701.0
623.0
567.0
590.0
650.0
577.0
595.0
566.0
560.0
722.0
680.0
556.0
589.0
488.0
593.0
563.0
645.0
604.0
596.0
523.0
602.0
606.0
760.0
605.0
530.0
640.0
587.0
618.0
458.0
564.0
609.0
626.0
574.0
629.0
656.0
610.0
589.0
766.0
619.0
631.0
550.0
513.0
568.0
570.0
518.0
558.0
640.0
579.0
553.0
638.0
629.0
678.0
552.0
608.0
622.0
650.0
544.0
560.0
654.0
541.0
541.0
585.0
643.0
539.0
592.0
671.0
516.0
745.0
573.0
642.0
728.0
602.0
547.0
561.0
586.0
824.0
687.0
597.0
596.0
706.0
596.0
560.0
586.0
523.0
634.0
569.0
474.0
539.0
582.0
590.0
565.0
602.0
460.0
554.0
561.0
693.0
538.0
581.0
581.0
567.0
545.0
696.0
715.0
646.0
582.0
602.0
493.0
715.0
677.0
581.0
540.0
600.0
538.0
537.0
597.0
526.0
575.0
574.0
606.0
564.0
585.0
576.0
745.0
562.0
604.0
609.0
542.0
584.0
616.0
552.0
578.0
528.0
601.0
581.0
585.0
498.0
606.0
566.0
582.0
585.0
584.0
609.0
642.0
680.0
597.0
722.0
598.0
544.0
600.0
642.0
598.0
562.0
557.0
645.0
584.0
589.0
583.0
540.0
688.0
540.0
546.0
573.0
