667.0
606.0
510.0
586.0
593.0
688.0
705.0
619.0
668.0
594.0
629.0
666.0
676.0
681.0
730.0
585.0
672.0
551.0
645.0
541.0
608.0
696.0
658.0
586.0
599.0
645.0
525.0
587.0
594.0
676.0
594.0
605.0
547.0
649.0
749.0
590.0
520.0
471.0
685.0
633.0
616.0
628.0
651.0
621.0
605.0
680.0
623.0
580.0
550.0
652.0
708.0
597.0
575.0
600.0
614.0
810.0
462.0
614.0
666.0
602.0
588.0
602.0
643.0
594.0
614.0
675.0
577.0
603.0
647.0
591.0
707.0
592.0
535.0
613.0
666.0
612.0
638.0
572.0
609.0
601.0
694.0
632.0
726.0
573.0
718.0
588.0
588.0
650.0
616.0
595.0
596.0
679.0
461.0
631.0
600.0
676.0
644.0
494.0
598.0
593.0
596.0
597.0
670.0
661.0
586.0
690.0
604.0
589.0
584.0
604.0
589.0
577.0
658.0
623.0
582.0
629.0
610.0
596.0
613.0
581.0
671.0
598.0
603.0
679.0
650.0
545.0
724.0
642.0
608.0
635.0
553.0
608.0
621.0
593.0
599.0
629.0
617.0
660.0
601.0
620.0
620.0
637.0
544.0
624.0
462.0
586.0
635.0
595.0
566.0
620.0
656.0
628.0
586.0
688.0
640.0
608.0
616.0
605.0
587.0
588.0
552.0
707.0
582.0
621.0
490.0
473.0
649.0
611.0
649.0
607.0
581.0
602.0
582.0
573.0
595.0
636.0
590.0
706.0
584.0
487.0
589.0
658.0
629.0
617.0
597.0
454.0
458.0
590.0
583.0
655.0
477.0
580.0
652.0
609.0
676.0
605.0
622.0
636.0
592.0
652.0
633.0
668.0
582.0
573.0
661.0
502.0
608.0
764.0
612.0
773.0
663.0
655.0
642.0
571.0
589.0
489.0
630.0
481.0
571.0
608.0
585.0
457.0
470.0
589.0
602.0
472.0
643.0
649.0
624.0
652.0
665.0
609.0
612.0
642.0
509.0
695.0
616.0
648.0
584.0
611.0
574.0
456.0
592.0
585.0
579.0
635.0
603.0
599.0
648.0
609.0
660.0
610.0
572.0
692.0
580.0
593.0
575.0
596.0
619.0
578.0
625.0
596.0
729.0
648.0
588.0
559.0
582.0
573.0
717.0
629.0
712.0
608.0
615.0
691.0
658.0
609.0
595.0
626.0
637.0
660.0
656.0
633.0
608.0
644.0
587.0
647.0
605.0
608.0
613.0
679.0
590.0
605.0
594.0
598.0
597.0
590.0
484.0
599.0
586.0
597.0
650.0
621.0
570.0
583.0
602.0
636.0
649.0
605.0
690.0
578.0
578.0
569.0
579.0
598.0
636.0
752.0
658.0
628.0
628.0
625.0
594.0
713.0
684.0
520.0
646.0
624.0
498.0
558.0
526.0
600.0
624.0
638.0
626.0
699.0
680.0
625.0
584.0
654.0
576.0
710.0
655.0
584.0
629.0
456.0
642.0
706.0
542.0
753.0
776.0
606.0
602.0
599.0
626.0
674.0
634.0
594.0
641.0
475.0
608.0
598.0
582.0
562.0
760.0
615.0
661.0
620.0
559.0
648.0
610.0
709.0
628.0
610.0
584.0
481.0
528.0
590.0
584.0
528.0
666.0
714.0
778.0
582.0
621.0
625.0
683.0
664.0
613.0
591.0
587.0
602.0
601.0
589.0
658.0
554.0
619.0
818.0
679.0
595.0
616.0
600.0
651.0
672.0
610.0
585.0
614.0
584.0
596.0
599.0
517.0
626.0
580.0
754.0
604.0
598.0
704.0
623.0
557.0
546.0
681.0
577.0
674.0
596.0
593.0
650.0
613.0
659.0
608.0
538.0
606.0
472.0
645.0
702.0
639.0
462.0
607.0
592.0
652.0
685.0
602.0
600.0
573.0
523.0
577.0
628.0
602.0
618.0
595.0
618.0
600.0
586.0
644.0
602.0
515.0
652.0
635.0
642.0
578.0
578.0
732.0
610.0
645.0
951.0
599.0
582.0
668.0
587.0
671.0
673.0
668.0
560.0
583.0
645.0
702.0
713.0
643.0
602.0
729.0
626.0
573.0
586.0
573.0
627.0
612.0
616.0
595.0
620.0
638.0
601.0
561.0
456.0
667.0
822.0
725.0
624.0
586.0
555.0
582.0
587.0
574.0
781.0
594.0
554.0
598.0
782.0
605.0
582.0
468.0
737.0
610.0
597.0
634.0
690.0
611.0
610.0
569.0
581.0
574.0
493.0
570.0
645.0
641.0
608.0
578.0
783.0
575.0
645.0
578.0
593.0
558.0
501.0
659.0
663.0
583.0
585.0
628.0
608.0
615.0
614.0
624.0
594.0
585.0
669.0
528.0
634.0
689.0
674.0
672.0
618.0
545.0
593.0
590.0
581.0
677.0
674.0
605.0
698.0
586.0
807.0
612.0
848.0
717.0
586.0
642.0
613.0
659.0
595.0
594.0
753.0
636.0
786.0
613.0
629.0
595.0
614.0
726.0
468.0
574.0
654.0
625.0
606.0
656.0
576.0
645.0
631.0
563.0
656.0
587.0
625.0
633.0
608.0
521.0
639.0
601.0
622.0
635.0
596.0
585.0
594.0
466.0
498.0
593.0
613.0
656.0
637.0
628.0
613.0
640.0
564.0
589.0
601.0
673.0
590.0
710.0
596.0
631.0
612.0
570.0
665.0
616.0
564.0
609.0
569.0
589.0
595.0
684.0
638.0
644.0
565.0
587.0
638.0
585.0
633.0
597.0
637.0
578.0
594.0
497.0
660.0
680.0
659.0
582.0
721.0
720.0
587.0
592.0
566.0
620.0
666.0
578.0
621.0
570.0
617.0
697.0
640.0
585.0
621.0
608.0
609.0
699.0
702.0
617.0
642.0
582.0
596.0
516.0
585.0
606.0
644.0
617.0
606.0
661.0
566.0
613.0
742.0
613.0
593.0
588.0
593.0
663.0
663.0
738.0
586.0
805.0
597.0
608.0
586.0
663.0
625.0
558.0
648.0
698.0
