0.8105239632151664
0.7309290772529237
0.49266582019494715
0.6326711037260253
0.9506275628922215
0.8548875988418919
0.7684529276974075
0.8750433807472243
0.9455886174158882
0.8599265443182249
0.3809844679769902
1.2045722431809152
0.6106636270905113
1.5768969931483447
0.4413723004999028
0.7452500649072447
0.6641103560624739
0.7130278426850224
0.6736451266356397
0.6546785803615393
0.9203938900342227
0.7273488303393434
0.8649654897945582
0.5333870530618198
0.7130278426850224
0.8901602171762238
0.5693154132327038
0.8315594809740458
0.7309290772529237
0.7130278426850224
0.6200954027914459
0.6358150289596701
0.9304717809868889
0.8021097561116146
1.3402174044712374
0.5776065732721386
0.6295271784923805
0.6106636270905113
0.6263832532587357
0.8231452738704941
0.8399736880775975
0.6703982065297636
0.7488303118208248
1.2117114621961953
0.7237685834257631
0.6808056204628002
0.8649654897945582
0.5112772929566604
0.6879661142899607
0.5637879732064138
0.6843858673763805
0.7452500649072447
0.9657443993212207
0.6295271784923805
0.9405496719395552
0.8021097561116146
0.8851212716998909
0.5886614533247183
0.6987068550307014
0.7936955490080628
0.6546785803615393
0.6483907298942496
0.5980879261559318
0.6515346551278944
0.6879661142899607
0.691546361203541
1.1335109194538397
0.7058673488578618
0.9808612357502202
0.6736451266356397
0.6483907298942496
0.6879661142899607
0.7600387205938557
0.6879661142899607
0.67722537354922
0.7452500649072447
0.9657443993212207
1.3802020372743389
0.7380895710800842
0.67722537354922
0.8498486533655588
0.40764338598206207
0.6546785803615393
0.7130278426850224
1.1762167591346522
0.7309290772529237
1.0603009085724466
0.6263832532587357
0.6358150289596701
0.9859001812265533
0.6452468046606048
0.6736451266356397
0.9657443993212207
0.7380895710800842
1.6246539494231886
0.7684529276974075
0.6578225055951842
0.8063168596633905
0.7642458241456317
0.8498486533655588
0.9455886174158882
0.6879661142899607
1.6437567319331263
1.0010170176555528
0.6879661142899607
0.6263832532587357
0.7768671348009594
0.9657443993212207
0.4648818303601315
0.7058673488578618
0.6736451266356397
0.5748428532589936
0.3720981619752996
0.6263832532587357
0.6106636270905113
0.6043757766232215
1.2902428713642766
0.6879661142899607
0.6808056204628002
0.691546361203541
1.0010170176555528
0.970783344797554
0.691546361203541
0.8105239632151664
0.638958954193315
0.6012318513895766
0.5980879261559318
0.7273488303393434
0.6200954027914459
0.6263832532587357
0.8901602171762238
0.5112772929566604
0.6609664308288291
0.3561028111722565
2.128134587438531
0.3649891171739471
0.7130278426850224
0.7416698179936644
0.67722537354922
0.9304717809868889
0.6106636270905113
0.9254328355105558
0.7309290772529237
0.7559908056479854
0.7309290772529237
0.6703982065297636
2.128134587438531
0.6138075523241562
0.6879661142899607
0.7130278426850224
0.6452468046606048
0.7166080895986027
0.8105239632151664
0.7979026525598387
0.6326711037260253
0.3880935127783427
1.3557543628557343
0.720188336512183
0.5858977333115734
0.9859001812265533
2.3363581262129585
0.6452468046606048
0.6641103560624739
0.5748428532589936
0.5554968131669791
0.6232393280250907
0.4606073703855444
0.8105239632151664
0.7022871019442818
0.5949440009222869
0.5776065732721386
0.9254328355105558
0.5416782131012545
1.157914256414304
1.0236959031317503
1.4453958357239511
0.64210287942696
2.3214850163005
0.6672542812961187
0.6609664308288291
0.6483907298942496
0.691546361203541
1.1091075824933754
0.6263832532587357
0.7979026525598387
0.6987068550307014
0.6987068550307014
1.0236959031317503
0.9556665083685545
0.8315594809740458
0.6987068550307014
0.6987068550307014
0.7768671348009594
0.5637879732064138
0.5389144930881096
0.6295271784923805
0.4798424402711861
0.6326711037260253
0.5980879261559318
0.7130278426850224
0.6138075523241562
0.6641103560624739
0.691546361203541
0.6515346551278944
0.970783344797554
0.7237685834257631
0.6515346551278944
0.8649654897945582
0.67722537354922
0.8448097078892256
1.0358975716119823
0.7979026525598387
0.9455886174158882
0.5416782131012545
0.9103159990815564
1.096905914013143
0.467019060347425
0.7345093241665039
0.8273523774222699
1.0297967373718664
1.011494234651518
1.006055963131886
0.720188336512183
0.6703982065297636
0.7058673488578618
0.7726600312491834
0.8021097561116146
0.6358150289596701
1.1396117536939558
1.006055963131886
0.5195684529960951
0.4648818303601315
0.40764338598206207
1.6437567319331263
0.7130278426850224
0.8273523774222699
0.8800823262235575
0.6075197018568664
0.49694028016953423
1.890164828839186
0.6609664308288291
0.8231452738704941
0.6987068550307014
0.5980879261559318
1.43724661091775
0.8063168596633905
0.6641103560624739
0.7345093241665039
0.5949440009222869
0.6515346551278944
0.7345093241665039
0.4221372306142611
0.6987068550307014
0.67722537354922
0.6075197018568664
0.3827617291773283
0.6358150289596701
1.5105896341735636
0.7726600312491834
1.0236959031317503
0.7309290772529237
1.7116875098896764
0.7166080895986027
0.9203938900342227
0.638958954193315
1.4453958357239511
0.7488303118208248
0.691546361203541
0.5278596130355299
0.6987068550307014
0.9657443993212207
0.6808056204628002
0.8231452738704941
0.8273523774222699
0.4094206471824002
0.6578225055951842
0.3703209007749615
0.7600387205938557
0.6736451266356397
0.6452468046606048
0.7309290772529237
0.6843858673763805
0.6736451266356397
0.9909391267028865
1.0358975716119823
0.7094475957714422
0.7416698179936644
0.4734307503093055
1.254546776287876
0.6452468046606048
0.638958954193315
0.616951477557801
0.6012318513895766
0.7416698179936644
0.6358150289596701
0.638958954193315
0.6043757766232215
0.67722537354922
0.7642458241456317
1.2402683382573156
0.6515346551278944
0.6483907298942496
0.6106636270905113
0.9909391267028865
0.6358150289596701
0.3561028111722565
0.7979026525598387
1.006055963131886
0.8498486533655588
0.5831340132984284
1.653308123188095
0.720188336512183
0.7130278426850224
0.8901602171762238
1.084704245532911
1.6342053406781574
0.7058673488578618
0.7094475957714422
0.5195684529960951
0.7166080895986027
0.7726600312491834
0.5858977333115734
0.7022871019442818
0.6515346551278944
0.5949440009222869
0.7309290772529237
0.6200954027914459
1.011494234651518
0.7768671348009594
0.6326711037260253
0.8273523774222699
0.7600387205938557
0.3952025575796952
0.6200954027914459
0.6672542812961187
0.8851212716998909
0.5306233330486748
0.4183069531840908
0.7058673488578618
0.7559908056479854
1.157914256414304
0.8851212716998909
0.6358150289596701
0.7309290772529237
0.7416698179936644
0.6609664308288291
1.1091075824933754
0.9959780721792195
0.6641103560624739
0.7345093241665039
0.8273523774222699
0.6483907298942496
0.4905285902076537
0.6138075523241562
1.2045722431809152
0.6483907298942496
0.67722537354922
0.970783344797554
1.2402683382573156
0.8448097078892256
0.5980879261559318
0.7237685834257631
0.7345093241665039
0.6138075523241562
1.183154586135075
0.6263832532587357
0.9254328355105558
1.771179949539513
0.5918000756886421
0.6609664308288291
0.43923507051260924
0.5918000756886421
0.8021097561116146
0.6641103560624739
0.5057498529303704
0.5554968131669791
0.8649654897945582
0.691546361203541
0.8700044352708912
0.9355107264632219
0.67722537354922
0.8548875988418919
0.8315594809740458
0.7559908056479854
0.6879661142899607
0.90023810812889
0.7452500649072447
0.8147310667669423
0.6106636270905113
0.9355107264632219
0.8063168596633905
0.8750433807472243
0.5195684529960951
0.6263832532587357
2.0091497081388585
0.7345093241665039
0.6879661142899607
0.7488303118208248
1.0480992400922144
0.6043757766232215
0.7058673488578618
0.5949440009222869
1.170115924894536
0.6879661142899607
0.6672542812961187
0.67722537354922
0.3845389903776664
0.9909391267028865
2.247119466738204
0.8498486533655588
0.67722537354922
1.1902938051503549
1.2831036523489963
0.6843858673763805
0.6578225055951842
0.7058673488578618
0.5980879261559318
0.7810742383527352
0.7810742383527352
0.7559908056479854
0.7810742383527352
1.1396117536939558
0.975822290273887
0.638958954193315
0.6987068550307014
1.3476051380495326
1.1396117536939558
0.8951991626525568
0.6609664308288291
1.4046497116929435
0.8649654897945582
0.6578225055951842
0.8750433807472243
0.8315594809740458
0.6703982065297636
0.7309290772529237
0.475567980296599
0.638958954193315
0.47129352032201205
0.6515346551278944
0.5886614533247183
0.8315594809740458
0.6703982065297636
0.8901602171762238
0.6578225055951842
0.67722537354922
0.9808612357502202
0.34899376637090396
1.4453958357239511
0.9052770536052233
0.40231160238104763
1.2474075572725958
0.7273488303393434
0.4948030501822408
0.7726600312491834
1.43724661091775
0.8498486533655588
0.8021097561116146
0.7894884454562868
0.6808056204628002
0.5278596130355299
0.9455886174158882
0.6736451266356397
1.786053059451972
0.638958954193315
0.8315594809740458
0.6043757766232215
0.720188336512183
0.4734307503093055
0.7600387205938557
0.8800823262235575
0.7452500649072447
0.8599265443182249
0.44778399046178335
1.5195886456185324
0.6515346551278944
0.8901602171762238
1.2117114621961953
0.6358150289596701
0.6641103560624739
0.7559908056479854
0.5949440009222869
0.7600387205938557
0.6879661142899607
0.5693154132327038
0.9506275628922215
0.9203938900342227
0.9607054538448877
0.8105239632151664
1.006055963131886
0.4040888635813858
0.638958954193315
0.5416782131012545
0.6515346551278944
0.6703982065297636
0.7166080895986027
0.5831340132984284
1.0297967373718664
0.616951477557801
2.0835152577011544
0.6609664308288291
1.3802020372743389
0.67722537354922
1.5195886456185324
1.325938966440677
0.9657443993212207
0.7273488303393434
0.44778399046178335
0.5112772929566604
1.2831036523489963
0.6358150289596701
0.4094206471824002
1.0297967373718664
0.8901602171762238
0.67722537354922
0.5499693731406893
0.8021097561116146
0.8448097078892256
0.5918000756886421
0.8231452738704941
0.8800823262235575
0.43068615056343523
1.6055511669132514
0.8273523774222699
0.8448097078892256
0.9556665083685545
0.8063168596633905
0.9405496719395552
0.8063168596633905
0.8105239632151664
0.6515346551278944
0.5980879261559318
0.6609664308288291
0.5980879261559318
0.6043757766232215
0.6200954027914459
0.9203938900342227
0.8498486533655588
0.6075197018568664
0.7237685834257631
0.9103159990815564
0.7559908056479854
0.6987068550307014
0.35254828877158023
0.67722537354922
0.7600387205938557
0.616951477557801
1.011494234651518
0.6578225055951842
0.6452468046606048
1.197433024165635
0.5499693731406893
0.6736451266356397
0.5720791332458488
0.5720791332458488
0.7452500649072447
1.151813422174188
0.9455886174158882
0.7237685834257631
0.7936955490080628
0.39697981878003324
0.7979026525598387
0.8105239632151664
1.151813422174188
0.6263832532587357
0.7768671348009594
1.2117114621961953
0.7380895710800842
0.638958954193315
0.6106636270905113
0.720188336512183
0.7058673488578618
0.4456467604744898
1.1335109194538397
0.7936955490080628
0.8273523774222699
1.1396117536939558
0.5444419331143994
0.9808612357502202
0.7810742383527352
0.6452468046606048
0.6578225055951842
0.6043757766232215
0.7559908056479854
0.6987068550307014
1.3557543628557343
0.8021097561116146
0.8599265443182249
0.6546785803615393
0.7273488303393434
0.6012318513895766
0.6578225055951842
0.6609664308288291
0.6736451266356397
0.8273523774222699
0.7309290772529237
0.6843858673763805
0.6879661142899607
0.67722537354922
0.6609664308288291
0.8649654897945582
0.9959780721792195
0.5333870530618198
0.49266582019494715
0.67722537354922
1.6819622969530013
0.7058673488578618
1.183154586135075
0.6483907298942496
0.7768671348009594
0.7166080895986027
0.67722537354922
0.6578225055951842
0.8315594809740458
0.5665516932195589
0.90023810812889
0.7768671348009594
0.6232393280250907
0.6736451266356397
0.6075197018568664
0.7166080895986027
0.7380895710800842
0.7810742383527352
0.720188336512183
1.486141959754959
0.6609664308288291
1.9199110486641038
1.1030067482532593
0.8273523774222699
0.7810742383527352
2.0835152577011544
2.7230589839368955
0.45633291041095736
0.6483907298942496
0.616951477557801
0.6843858673763805
0.720188336512183
0.6609664308288291
0.5858977333115734
0.6515346551278944
0.8800823262235575
0.6200954027914459
1.254546776287876
0.7894884454562868
0.6200954027914459
1.4942911845611606
0.8700044352708912
0.7488303118208248
0.3561028111722565
0.34899376637090396
1.9794034883139402
0.4413723004999028
0.6951266081171212
0.64210287942696
0.8231452738704941
0.7524105587344052
0.9959780721792195
0.8448097078892256
1.1274100852137234
0.7345093241665039
0.9556665083685545
0.9808612357502202
0.6138075523241562
0.6641103560624739
0.6263832532587357
0.9909391267028865
0.7768671348009594
0.7600387205938557
0.6515346551278944
1.145712587934072
0.6326711037260253
0.9304717809868889
0.5980879261559318
1.0725025770526788
0.5527330931538342
1.0175950688916342
0.8700044352708912
0.6641103560624739
0.9254328355105558
1.2973820903795568
0.9556665083685545
0.7237685834257631
0.6326711037260253
1.0297967373718664
0.7894884454562868
1.0908050797730273
0.561024253193269
0.6672542812961187
0.7894884454562868
0.6609664308288291
0.7022871019442818
0.7380895710800842
0.5858977333115734
0.638958954193315
0.6672542812961187
0.8498486533655588
0.9657443993212207
0.5858977333115734
0.6703982065297636
0.4648818303601315
0.9959780721792195
0.6672542812961187
0.6326711037260253
0.7894884454562868
0.5831340132984284
0.7058673488578618
1.183154586135075
0.5416782131012545
1.157914256414304
0.6358150289596701
0.7345093241665039
0.6232393280250907
1.4290973861115481
0.7273488303393434
0.5886614533247183
0.6043757766232215
0.475567980296599
0.363211855973609
0.7979026525598387
0.7130278426850224
0.4905285902076537
0.8063168596633905
0.8448097078892256
0.6879661142899607
0.6672542812961187
0.3507710275712421
0.6736451266356397
1.9199110486641038
0.8399736880775975
0.8448097078892256
0.6546785803615393
0.9304717809868889
0.785281341904511
1.151813422174188
0.9657443993212207
0.6263832532587357
0.7768671348009594
0.7452500649072447
0.8231452738704941
0.8851212716998909
1.2759644333337163
0.8851212716998909
0.6987068550307014
0.691546361203541
