0.8681310985939421
0.7179235566186397
0.8840290191988569
1.279682938911406
0.9900151565649564
1.1306483259825526
0.8734304054622472
1.3289259334743504
0.6523855965368693
0.6556465503949538
0.8522331779890271
0.7903850207415161
0.6165151040979394
0.7605620204958964
0.7332981861439706
0.9741172359600416
0.7179235566186397
0.7946454493480332
0.8031663065610674
1.0993144958782308
1.2726482254024138
0.9794165428283464
1.1619821560868746
1.2093358038214854
0.5873670554326208
0.6871742975679782
1.3686017196761162
0.7776037349219647
0.6589075042530383
0.6719513196853766
0.4656663691012913
0.7946454493480332
0.7486728156693013
2.2216464662873294
0.752516473050634
0.6034712886656014
0.894627632935467
1.5848815002496697
0.7063925844746417
0.7946454493480332
0.8681310985939421
0.7332981861439706
0.9105255535403818
0.9052262466720767
0.6871742975679782
0.7294545287626379
1.0679806657739088
2.689762660408046
0.7818641635284819
0.8999269398037719
0.8287288782001699
0.6165151040979394
0.6262979656721931
0.7818641635284819
0.894627632935467
0.7448291582879687
0.6948616123306436
0.6360808272464465
0.7818641635284819
0.7217672139999725
0.832989306806687
1.0491803677113158
0.6589075042530383
0.6794869828053127
0.6099931963817704
0.6794869828053127
1.3148565064563664
0.6756433254239801
0.6719513196853766
0.9105255535403818
0.7102362418559744
0.7776037349219647
0.7486728156693013
0.7179235566186397
0.5788635165044105
0.7605620204958964
1.0241133036278585
0.6833306401866455
0.6360808272464465
0.6589075042530383
0.8522331779890271
0.691017954949311
2.1631319420222397
0.832989306806687
0.6871742975679782
1.2163705173304775
0.7140798992373071
0.6794869828053127
0.4471268265275797
1.0805141978156378
0.8159475923806188
1.0930477298573664
0.56752546460013
0.9476207016185167
0.6426027349626158
0.7217672139999725
0.7818641635284819
0.7989058779545503
0.702548927093309
1.1619821560868746
0.7294545287626379
1.7974161653654304
0.7989058779545503
0.9582193153551266
0.45871404063614957
0.5873670554326208
0.6328198733883621
0.6002103348075168
0.9264234741452967
1.4560692183760644
0.7989058779545503
0.6654294119692075
0.6556465503949538
1.972959738160699
0.6262979656721931
0.752516473050634
0.8416345642524171
0.691017954949311
0.740985500906636
0.6393417811045311
0.8202080209871357
0.6002103348075168
0.9158248604086868
0.8287288782001699
0.7605620204958964
0.9211241672769919
0.9105255535403818
0.5873670554326208
0.6987052697119762
0.5845325424565507
0.6360808272464465
0.9529200084868216
0.6426027349626158
0.691017954949311
0.9105255535403818
0.7563601304319668
1.1306483259825526
1.0241133036278585
0.6262979656721931
0.5618564386479898
0.6987052697119762
0.6589075042530383
0.6034712886656014
0.6948616123306436
0.8031663065610674
0.8116871637741015
0.7448291582879687
1.168248922107739
0.5788635165044105
0.889328326067162
0.702548927093309
0.9688179290917366
0.48884079731843105
0.7256108713813052
0.9582193153551266
0.6262979656721931
0.5816980294804805
0.7448291582879687
0.7256108713813052
0.7903850207415161
0.7605620204958964
0.668690365827292
0.7448291582879687
0.7989058779545503
0.702548927093309
0.7179235566186397
0.6654294119692075
0.7903850207415161
0.46334892627957747
0.8116871637741015
0.7946454493480332
0.691017954949311
0.5873670554326208
0.8244684495936528
0.5816980294804805
0.7818641635284819
0.9105255535403818
0.7256108713813052
0.8681310985939421
0.9317227810136016
0.8416345642524171
1.0679806657739088
0.6621684581111228
0.5760290035283403
0.7989058779545503
0.6794869828053127
0.5476838737676393
0.6262979656721931
0.6034712886656014
0.6756433254239801
0.6833306401866455
1.036646835669587
0.7605620204958964
0.7256108713813052
0.8681310985939421
0.8734304054622472
0.6871742975679782
0.740985500906636
1.2585787983844299
0.9635186222234317
0.8840290191988569
0.9900151565649564
0.9317227810136016
0.619776057956024
0.6833306401866455
0.6262979656721931
0.7448291582879687
0.7605620204958964
0.6589075042530383
0.7989058779545503
0.7256108713813052
0.8244684495936528
0.9052262466720767
0.752516473050634
0.8840290191988569
0.6393417811045311
0.7102362418559744
0.752516473050634
0.8999269398037719
0.5788635165044105
0.5193387440069384
0.9529200084868216
1.0241133036278585
0.5816980294804805
1.671334955418145
0.6871742975679782
0.5936884270913476
1.1118480279199596
0.862831791725637
0.6794869828053127
0.6458636888207003
0.7294545287626379
0.6833306401866455
0.6426027349626158
1.2515440848754376
9.086882785777583
0.8522331779890271
0.6262979656721931
0.6067322425236858
0.6328198733883621
0.7818641635284819
0.9953144634332615
0.7256108713813052
0.846933871120722
0.5904274732332631
0.6523855965368693
0.7861245921349991
1.464815968246059
0.7140798992373071
0.6654294119692075
1.5752755607865059
0.6523855965368693
0.47493614038814724
0.619776057956024
1.0429136016904514
0.6719513196853766
0.8244684495936528
0.7563601304319668
0.6426027349626158
0.6654294119692075
0.7256108713813052
0.8734304054622472
0.8244684495936528
1.1055812618990952
0.6099931963817704
0.9476207016185167
1.1619821560868746
0.6393417811045311
0.6458636888207003
0.5420148478154992
0.9741172359600416
0.6871742975679782
0.6099931963817704
1.0554471337321802
0.9105255535403818
0.7179235566186397
0.4563965978144356
0.619776057956024
0.7690828777089306
0.6589075042530383
0.6621684581111228
0.8074267351675845
0.9264234741452967
0.6589075042530383
0.7989058779545503
0.6393417811045311
0.7448291582879687
0.6719513196853766
0.8244684495936528
0.6719513196853766
0.6426027349626158
0.857532484857332
2.689762660408046
0.8522331779890271
0.8074267351675845
0.894627632935467
0.6871742975679782
0.8999269398037719
0.6871742975679782
0.7217672139999725
0.5936884270913476
0.6794869828053127
0.7063925844746417
0.619776057956024
0.7903850207415161
0.7102362418559744
0.668690365827292
1.386095219416106
0.7294545287626379
0.6034712886656014
0.6360808272464465
0.5969493809494322
1.4035887191560956
0.6262979656721931
0.8372497354132042
1.1243815599616882
0.6589075042530383
0.8372497354132042
0.6589075042530383
0.6165151040979394
0.6523855965368693
0.846933871120722
0.7861245921349991
0.8287288782001699
0.6426027349626158
0.5703599775762002
0.8681310985939421
0.6067322425236858
0.5646909516240599
0.5760290035283403
0.6295589195302776
0.8116871637741015
0.7946454493480332
0.6099931963817704
0.8074267351675845
0.8116871637741015
1.3948419692861007
1.286717652420398
0.619776057956024
1.1055812618990952
0.7294545287626379
0.702548927093309
0.7776037349219647
1.661729015954981
1.724273010034068
0.6426027349626158
0.5969493809494322
0.6458636888207003
0.889328326067162
0.6794869828053127
0.6034712886656014
0.5816980294804805
0.7486728156693013
0.6262979656721931
0.6132541502398549
0.9529200084868216
0.702548927093309
0.7294545287626379
0.894627632935467
0.8116871637741015
1.0679806657739088
1.1557153900660102
0.9158248604086868
0.7563601304319668
0.740985500906636
0.4563965978144356
0.6987052697119762
0.7946454493480332
1.3686017196761162
0.7486728156693013
0.8074267351675845
0.668690365827292
0.6099931963817704
0.6589075042530383
1.0429136016904514
0.6393417811045311
0.9211241672769919
0.5306767959112189
0.894627632935467
0.7989058779545503
0.5476838737676393
0.7102362418559744
1.6136993186391615
0.9476207016185167
0.6719513196853766
0.5904274732332631
0.752516473050634
0.668690365827292
0.6393417811045311
0.6589075042530383
0.9847158496966515
0.6328198733883621
0.889328326067162
0.6719513196853766
0.6002103348075168
0.6871742975679782
1.0429136016904514
0.9317227810136016
0.6654294119692075
0.5845325424565507
0.6426027349626158
0.6719513196853766
0.7294545287626379
0.862831791725637
0.6262979656721931
0.6948616123306436
0.6034712886656014
0.6165151040979394
0.6794869828053127
0.6948616123306436
0.619776057956024
0.5873670554326208
1.300787079438382
0.702548927093309
0.8287288782001699
0.7989058779545503
0.9688179290917366
0.9105255535403818
0.6426027349626158
0.7448291582879687
0.6871742975679782
0.5193387440069384
0.6589075042530383
2.7043912914743187
0.6262979656721931
0.8287288782001699
0.6556465503949538
0.6328198733883621
0.6426027349626158
0.7690828777089306
0.7256108713813052
1.1243815599616882
1.0178465376069938
0.752516473050634
0.6948616123306436
0.6589075042530383
0.6067322425236858
0.7989058779545503
0.7818641635284819
0.6589075042530383
0.9582193153551266
0.6523855965368693
0.6426027349626158
0.5703599775762002
0.6262979656721931
0.6719513196853766
0.668690365827292
1.0059130771698714
0.7861245921349991
1.2726482254024138
0.9794165428283464
0.56752546460013
0.8244684495936528
0.7563601304319668
0.9847158496966515
0.668690365827292
0.5051661791265879
1.0742474317947732
2.411818670148871
0.6589075042530383
0.4656663691012913
0.9370220878819067
0.4818884688532892
0.7140798992373071
1.5176399240075222
0.6491246426787848
0.7294545287626379
1.0491803677113158
0.6132541502398549
0.5845325424565507
0.8159475923806188
1.2163705173304775
0.8840290191988569
0.8287288782001699
0.6393417811045311
0.7818641635284819
1.6329111975654893
0.6556465503949538
0.7448291582879687
0.7448291582879687
0.6328198733883621
1.1619821560868746
0.6393417811045311
0.5873670554326208
0.9476207016185167
0.894627632935467
1.1118480279199596
1.1055812618990952
0.846933871120722
0.7733433063154477
0.9105255535403818
0.9370220878819067
0.691017954949311
0.9476207016185167
0.7563601304319668
0.8244684495936528
0.8416345642524171
1.2374746578574536
0.740985500906636
0.6099931963817704
0.6987052697119762
0.7217672139999725
0.6621684581111228
0.8244684495936528
0.6458636888207003
0.6556465503949538
1.6329111975654893
0.702548927093309
0.6491246426787848
1.0742474317947732
0.7294545287626379
0.5760290035283403
0.7486728156693013
0.8244684495936528
2.133874679889695
0.6523855965368693
0.6833306401866455
0.6589075042530383
0.7179235566186397
0.9476207016185167
1.0930477298573664
0.6589075042530383
0.8681310985939421
0.8074267351675845
0.7989058779545503
0.5420148478154992
0.5731944905522702
0.5306767959112189
0.6328198733883621
0.752516473050634
0.8116871637741015
0.7179235566186397
0.5420148478154992
0.5533528997197795
0.6262979656721931
0.7733433063154477
0.8522331779890271
0.691017954949311
0.7605620204958964
0.7486728156693013
0.7605620204958964
0.6132541502398549
0.5533528997197795
0.6556465503949538
0.7448291582879687
0.7332981861439706
0.8840290191988569
0.862831791725637
0.7448291582879687
0.5448493607915693
0.7861245921349991
0.740985500906636
0.6067322425236858
0.6871742975679782
0.668690365827292
0.6328198733883621
0.8287288782001699
0.5760290035283403
0.6719513196853766
0.6360808272464465
0.5969493809494322
0.691017954949311
0.668690365827292
0.6523855965368693
0.6165151040979394
0.6948616123306436
0.9794165428283464
2.104617417757151
0.6458636888207003
0.7140798992373071
1.118114793940824
1.6329111975654893
1.2585787983844299
1.1619821560868746
0.7486728156693013
0.6426027349626158
0.6833306401866455
0.7140798992373071
0.846933871120722
0.6034712886656014
0.6719513196853766
1.4123354690260903
0.4540791549927216
2.6605053982755016
1.1619821560868746
0.7063925844746417
0.668690365827292
0.7217672139999725
0.6458636888207003
0.4656663691012913
0.8372497354132042
0.9476207016185167
0.7605620204958964
0.6034712886656014
0.6328198733883621
0.9582193153551266
0.5618564386479898
0.7448291582879687
0.668690365827292
1.0241133036278585
0.7179235566186397
0.6833306401866455
1.546457742397014
0.6871742975679782
0.9317227810136016
0.7733433063154477
0.6871742975679782
0.8287288782001699
0.691017954949311
0.889328326067162
2.3679327769500533
0.6393417811045311
0.6948616123306436
0.8031663065610674
1.5848815002496697
0.7294545287626379
0.832989306806687
0.6295589195302776
0.7294545287626379
1.136915092003417
0.7448291582879687
0.6948616123306436
0.5904274732332631
0.8116871637741015
0.7690828777089306
0.8159475923806188
0.4818884688532892
0.7818641635284819
0.7989058779545503
0.6719513196853766
0.6556465503949538
0.8416345642524171
0.6360808272464465
0.6987052697119762
0.5816980294804805
0.6360808272464465
1.4123354690260903
1.0006137703015663
1.9290738449618814
0.668690365827292
0.702548927093309
0.6523855965368693
0.7179235566186397
0.6262979656721931
2.8945634953358597
0.6987052697119762
0.7861245921349991
1.2726482254024138
0.9105255535403818
0.6360808272464465
1.0805141978156378
0.6948616123306436
0.7217672139999725
1.0742474317947732
0.619776057956024
1.8559306896305199
0.7563601304319668
0.6556465503949538
1.1431818580242814
0.846933871120722
0.9582193153551266
0.8159475923806188
0.7946454493480332
1.5944874397128337
0.7776037349219647
0.691017954949311
1.0993144958782308
1.2304399443484615
0.7648224491024135
0.7861245921349991
0.7946454493480332
0.9741172359600416
0.7102362418559744
1.0303800696487226
0.8416345642524171
1.3218912199653583
0.6794869828053127
0.6262979656721931
0.6034712886656014
0.6556465503949538
0.8999269398037719
1.0178465376069938
0.9741172359600416
0.7861245921349991
1.0930477298573664
1.4210822188960852
0.6295589195302776
0.9052262466720767
0.5816980294804805
0.691017954949311
0.6328198733883621
0.6262979656721931
0.6067322425236858
0.7776037349219647
0.8840290191988569
2.309418252684964
0.6523855965368693
0.6295589195302776
0.9688179290917366
0.668690365827292
0.6262979656721931
0.7217672139999725
0.6393417811045311
0.7256108713813052
