603.0
656.0
642.0
644.0
562.0
655.0
776.0
566.0
558.0
616.0
678.0
611.0
642.0
517.0
645.0
621.0
585.0
600.0
601.0
496.0
482.0
558.0
659.0
581.0
472.0
594.0
673.0
592.0
552.0
651.0
573.0
636.0
592.0
569.0
637.0
558.0
490.0
663.0
625.0
628.0
594.0
494.0
579.0
634.0
697.0
640.0
711.0
722.0
629.0
623.0
621.0
595.0
583.0
617.0
636.0
550.0
554.0
620.0
563.0
595.0
598.0
564.0
580.0
749.0
577.0
642.0
646.0
595.0
644.0
631.0
578.0
566.0
634.0
528.0
590.0
559.0
572.0
626.0
576.0
599.0
560.0
582.0
574.0
666.0
584.0
759.0
618.0
608.0
584.0
586.0
714.0
621.0
566.0
588.0
638.0
604.0
579.0
580.0
602.0
593.0
576.0
597.0
593.0
646.0
604.0
596.0
632.0
650.0
618.0
646.0
592.0
597.0
557.0
596.0
567.0
565.0
533.0
615.0
602.0
634.0
507.0
589.0
642.0
560.0
593.0
594.0
568.0
598.0
630.0
591.0
609.0
577.0
658.0
630.0
658.0
495.0
565.0
588.0
559.0
654.0
680.0
576.0
602.0
595.0
810.0
637.0
660.0
690.0
587.0
624.0
602.0
618.0
554.0
571.0
625.0
701.0
578.0
663.0
578.0
622.0
520.0
599.0
536.0
555.0
569.0
606.0
750.0
584.0
567.0
637.0
593.0
645.0
673.0
627.0
576.0
557.0
656.0
546.0
574.0
568.0
619.0
575.0
680.0
624.0
790.0
621.0
625.0
582.0
651.0
551.0
581.0
629.0
644.0
690.0
558.0
555.0
703.0
566.0
589.0
650.0
598.0
605.0
578.0
610.0
645.0
585.0
590.0
610.0
574.0
561.0
566.0
606.0
623.0
576.0
571.0
560.0
676.0
585.0
624.0
695.0
725.0
646.0
549.0
596.0
594.0
576.0
598.0
580.0
633.0
596.0
589.0
588.0
592.0
568.0
604.0
581.0
777.0
573.0
631.0
549.0
769.0
701.0
614.0
556.0
593.0
683.0
635.0
560.0
580.0
597.0
628.0
607.0
650.0
524.0
616.0
577.0
588.0
552.0
560.0
565.0
613.0
660.0
616.0
563.0
605.0
564.0
601.0
630.0
592.0
561.0
698.0
547.0
533.0
626.0
631.0
598.0
642.0
580.0
585.0
578.0
610.0
635.0
701.0
650.0
608.0
539.0
682.0
576.0
577.0
697.0
585.0
691.0
784.0
577.0
605.0
662.0
589.0
620.0
647.0
576.0
554.0
570.0
549.0
578.0
555.0
630.0
649.0
563.0
583.0
574.0
554.0
630.0
682.0
603.0
605.0
614.0
638.0
603.0
717.0
566.0
624.0
555.0
630.0
613.0
591.0
590.0
650.0
565.0
590.0
577.0
615.0
525.0
751.0
862.0
602.0
767.0
573.0
616.0
629.0
566.0
608.0
603.0
581.0
629.0
617.0
652.0
616.0
552.0
591.0
530.0
635.0
642.0
629.0
570.0
569.0
606.0
602.0
570.0
584.0
587.0
593.0
561.0
958.0
661.0
756.0
634.0
581.0
673.0
682.0
580.0
555.0
560.0
518.0
572.0
581.0
692.0
608.0
578.0
548.0
719.0
580.0
673.0
560.0
605.0
629.0
618.0
569.0
608.0
607.0
565.0
634.0
569.0
583.0
678.0
501.0
589.0
468.0
605.0
589.0
588.0
650.0
573.0
636.0
605.0
569.0
590.0
620.0
574.0
626.0
660.0
599.0
663.0
721.0
608.0
570.0
634.0
583.0
654.0
600.0
548.0
586.0
593.0
562.0
569.0
666.0
566.0
589.0
626.0
561.0
650.0
598.0
599.0
674.0
596.0
589.0
593.0
577.0
635.0
627.0
613.0
595.0
596.0
480.0
586.0
642.0
671.0
633.0
602.0
628.0
549.0
580.0
573.0
606.0
717.0
767.0
676.0
471.0
652.0
575.0
587.0
568.0
708.0
560.0
581.0
582.0
575.0
606.0
600.0
608.0
640.0
560.0
677.0
589.0
593.0
667.0
564.0
638.0
656.0
585.0
593.0
589.0
613.0
571.0
688.0
718.0
608.0
626.0
577.0
617.0
595.0
574.0
730.0
558.0
606.0
571.0
614.0
504.0
628.0
638.0
581.0
701.0
514.0
580.0
577.0
544.0
597.0
599.0
637.0
635.0
558.0
653.0
673.0
606.0
598.0
569.0
581.0
550.0
576.0
615.0
933.0
614.0
596.0
592.0
565.0
613.0
617.0
490.0
612.0
566.0
575.0
680.0
577.0
567.0
632.0
587.0
566.0
574.0
630.0
651.0
565.0
570.0
628.0
597.0
603.0
588.0
600.0
594.0
590.0
621.0
565.0
528.0
562.0
662.0
627.0
588.0
594.0
562.0
581.0
554.0
616.0
621.0
597.0
560.0
597.0
616.0
613.0
557.0
562.0
700.0
585.0
644.0
649.0
587.0
601.0
569.0
570.0
626.0
648.0
659.0
564.0
648.0
590.0
611.0
561.0
606.0
574.0
612.0
591.0
629.0
636.0
599.0
651.0
622.0
648.0
531.0
533.0
611.0
592.0
693.0
570.0
602.0
638.0
466.0
586.0
535.0
564.0
705.0
732.0
1131.0
677.0
601.0
569.0
562.0
568.0
625.0
602.0
552.0
750.0
610.0
599.0
570.0
633.0
658.0
608.0
585.0
553.0
602.0
579.0
549.0
585.0
589.0
605.0
550.0
608.0
605.0
606.0
672.0
587.0
567.0
640.0
563.0
569.0
593.0
587.0
611.0
597.0
588.0
589.0
592.0
646.0
572.0
692.0
602.0
632.0
572.0
619.0
557.0
778.0
692.0
545.0
472.0
610.0
598.0
573.0
580.0
648.0
590.0
599.0
561.0
641.0
585.0
581.0
549.0
588.0
585.0
608.0
578.0
597.0
555.0
535.0
665.0
630.0
612.0
598.0
564.0
670.0
551.0
562.0
602.0
603.0
625.0
607.0
763.0
693.0
610.0
588.0
600.0
690.0
563.0
576.0
621.0
526.0
631.0
565.0
625.0
492.0
585.0
545.0
