0.7783842363992982
0.7783842363992982
0.8864930062373061
0.9578289650376697
0.677054801253217
0.6632914199979032
0.5937599239349111
0.646736301887667
0.6268701601553834
0.6808261017016475
0.6169370892892417
0.8139821199971818
1.2867837682295244
0.6599803963758559
0.620248112911289
0.692140003046939
1.26439690043893
0.7109965052890914
0.6368032310215251
1.4555393191775525
1.1567804158434876
0.4345431081184397
0.677054801253217
0.7487095097733962
0.8050826490977109
0.7411669088765352
1.0148655222264664
1.1752910541413601
0.7185391061859524
1.413635980861658
0.5547557303542634
0.6500473255097141
0.6036929948010527
0.79618317819824
0.684597402150078
0.6732835008047865
0.9629243906662671
0.7034539043922303
0.7373956084281048
1.0036877956950463
0.7487095097733962
0.8610158780943191
0.620248112911289
0.9934969444378513
0.7487095097733962
0.6883687025985086
0.7185391061859524
1.0395463732902963
0.8406805326955946
0.6235591365333362
0.9985923700664489
0.633492207399478
0.6732835008047865
0.9782106675520592
1.021035734992424
0.7298530075312437
0.5904489003128638
0.5792508759853313
0.7373956084281048
0.4620417457206195
1.4052553131984793
0.8457296012085269
0.39235603213201475
0.7650350300500919
0.7109965052890914
0.7449382093249658
1.5434191875155099
0.5032897021238893
0.692140003046939
0.7373956084281048
0.7694847654998273
0.714767805737522
0.5057654390921273
0.677054801253217
0.8184318554469172
0.620248112911289
0.5792508759853313
0.677054801253217
2.29565829378383
0.9221609856374879
0.7034539043922303
0.7034539043922303
0.5601990960500562
0.8050826490977109
0.8559204524657217
0.8559204524657217
0.79618317819824
0.7072252048406609
1.2793214789659928
1.1444399903115727
0.7034539043922303
0.5970709475569582
0.5904489003128638
0.6996826039437999
0.6699134672419976
0.7605852946003563
0.9782106675520592
0.6566693727538088
0.8559204524657217
0.6883687025985086
0.6268701601553834
0.7223104066343828
0.9476381137804748
0.6732835008047865
0.7072252048406609
0.7072252048406609
0.6103150420451472
1.380113310208943
0.8317810617961235
0.6500473255097141
0.7109965052890914
1.1012485009498707
0.8095323845474465
1.324095214547182
0.5112088047879203
0.677054801253217
0.7783842363992982
0.7336243079796743
0.6699134672419976
0.7562521106702571
0.8184318554469172
0.8508250268371244
0.8457296012085269
1.021035734992424
0.7336243079796743
1.339019793074245
0.6368032310215251
0.8915884318659035
0.7605852946003563
0.8763021549801113
0.7739345009495626
0.8050826490977109
0.8610158780943191
0.6103150420451472
1.132099564779658
0.6235591365333362
1.3465906395562275
1.2867837682295244
4.096651471567937
0.6136260656671945
0.9476381137804748
0.6169370892892417
1.0457165860562536
0.9934969444378513
0.6235591365333362
0.8228815908966527
0.6959113034953696
0.6500473255097141
0.9680198162948644
1.4220166485248371
0.7185391061859524
0.7605852946003563
0.633492207399478
0.684597402150078
0.7373956084281048
0.6036929948010527
0.9476381137804748
0.5139304876358167
0.8915884318659035
0.6808261017016475
0.9017792831230983
0.6070040184231
0.7185391061859524
0.7562521106702571
0.9017792831230983
0.8864930062373061
0.714767805737522
0.911970134380293
0.9425426881518775
0.5248172190274025
1.3633519748825849
0.7072252048406609
0.7917334427485045
0.6732835008047865
0.8559204524657217
0.7605852946003563
0.6235591365333362
1.0148655222264664
0.6036929948010527
1.26439690043893
0.7449382093249658
1.2793214789659928
0.8763021549801113
0.6268701601553834
0.5970709475569582
0.9680198162948644
0.39235603213201475
0.8139821199971818
0.7828339718490337
0.48037417078873945
0.7605852946003563
0.7298530075312437
0.7828339718490337
0.9578289650376697
0.5057654390921273
0.8006329136479754
0.5683641445937455
0.8864930062373061
1.0395463732902963
0.8317810617961235
0.7524808102218267
0.8006329136479754
0.7739345009495626
0.6368032310215251
1.0272059477583815
0.8406805326955946
0.8712067293515138
0.7694847654998273
0.6500473255097141
0.79618317819824
0.8864930062373061
0.6368032310215251
0.7650350300500919
0.7828339718490337
0.6996826039437999
0.8813975806087088
0.677054801253217
0.9578289650376697
0.5629207788979527
0.714767805737522
0.6566693727538088
0.6500473255097141
1.2867837682295244
0.40560310683948547
0.9934969444378513
0.7373956084281048
0.6732835008047865
0.6959113034953696
1.1012485009498707
0.9323518368946826
1.1012485009498707
0.6666024436199505
0.7411669088765352
0.6699134672419976
0.677054801253217
0.692140003046939
1.6211546005715471
1.2420100326483352
0.6566693727538088
1.0703974371200835
0.9833060931806566
0.8184318554469172
0.6959113034953696
0.6169370892892417
0.41885018154695625
0.9833060931806566
0.6533583491317614
0.8457296012085269
0.6599803963758559
0.6268701601553834
1.6933997554070404
0.6533583491317614
0.9934969444378513
1.1012485009498707
0.8317810617961235
3.9695353893430285
0.646736301887667
1.0950782881839132
0.41506530305910744
1.3549713072194063
0.684597402150078
0.7694847654998273
0.6434252782656197
0.684597402150078
0.684597402150078
0.6632914199979032
1.162950628609445
0.79618317819824
0.6500473255097141
0.5765291931374349
0.6632914199979032
0.6301811837774307
0.6808261017016475
0.9323518368946826
0.6599803963758559
0.8966838574945009
0.6632914199979032
0.7373956084281048
0.5493123646584704
0.546590681810574
0.8763021549801113
0.7650350300500919
0.7487095097733962
0.5904489003128638
1.3465906395562275
0.8915884318659035
0.911970134380293
2.094905447658234
0.6699134672419976
0.8864930062373061
0.6401142546435724
0.93744726252328
0.7223104066343828
0.6169370892892417
0.646736301887667
0.8317810617961235
0.79618317819824
0.8139821199971818
0.6666024436199505
0.7872837072987691
1.0580570115881685
0.6732835008047865
1.1691208413754028
0.6808261017016475
0.4368346612519546
0.677054801253217
0.633492207399478
0.6235591365333362
0.714767805737522
0.8813975806087088
0.8139821199971818
0.6566693727538088
0.6599803963758559
0.8228815908966527
0.6368032310215251
0.9425426881518775
0.677054801253217
0.5904489003128638
0.8228815908966527
1.8632675482825451
0.9221609856374879
0.8508250268371244
0.5819725588332277
1.6211546005715471
0.6235591365333362
0.7260817070828133
0.6268701601553834
1.1444399903115727
0.6235591365333362
1.1691208413754028
0.9170655600088905
0.988401518809254
1.189774007803615
0.8813975806087088
0.6732835008047865
0.546590681810574
0.714767805737522
0.4093879853273343
1.480681322167089
0.7185391061859524
0.9068747087516956
0.7109965052890914
0.7260817070828133
2.4037559801591515
1.0950782881839132
0.8095323845474465
0.5937599239349111
0.7605852946003563
0.6434252782656197
0.7487095097733962
0.7185391061859524
1.1444399903115727
0.6136260656671945
0.5937599239349111
0.4230853424508647
0.7072252048406609
0.6566693727538088
0.8006329136479754
0.37910895742454404
0.8095323845474465
0.6883687025985086
0.7449382093249658
0.7739345009495626
0.7650350300500919
1.5822868940435284
0.7449382093249658
0.5493123646584704
0.8317810617961235
0.9833060931806566
0.6368032310215251
0.6268701601553834
0.7072252048406609
0.8966838574945009
0.7072252048406609
0.9629243906662671
0.5819725588332277
0.9782106675520592
0.8006329136479754
0.8139821199971818
0.8184318554469172
0.6036929948010527
0.5629207788979527
1.8632675482825451
0.3999257891077123
0.6368032310215251
0.5846942416811242
0.7373956084281048
0.911970134380293
1.189774007803615
0.6268701601553834
0.4964150427233443
0.48724883018928444
0.8559204524657217
0.7828339718490337
0.7917334427485045
0.8317810617961235
1.3017083467565873
1.2046985863306778
0.7605852946003563
1.5337022608835051
0.6103150420451472
0.6368032310215251
0.3810013966684684
0.8139821199971818
0.7650350300500919
0.6103150420451472
1.339019793074245
0.6599803963758559
0.6599803963758559
0.8317810617961235
0.9578289650376697
0.7185391061859524
0.7524808102218267
0.6883687025985086
0.8362307972458591
0.6036929948010527
0.8915884318659035
0.714767805737522
0.6632914199979032
0.8406805326955946
0.6036929948010527
0.8050826490977109
0.7185391061859524
0.8317810617961235
0.9578289650376697
0.7917334427485045
0.5904489003128638
0.93744726252328
0.4666248519876495
0.620248112911289
0.5904489003128638
0.7694847654998273
0.620248112911289
1.1382697775456154
0.7298530075312437
0.5683641445937455
0.7917334427485045
0.8006329136479754
0.6169370892892417
0.6566693727538088
0.8050826490977109
0.646736301887667
0.7524808102218267
0.7872837072987691
0.7034539043922303
1.0272059477583815
0.5792508759853313
0.677054801253217
1.650305380467561
0.4093879853273343
0.6500473255097141
0.6235591365333362
0.692140003046939
0.6500473255097141
0.7828339718490337
0.9629243906662671
1.1506102030775303
0.6036929948010527
0.9782106675520592
1.0087832213236436
0.7373956084281048
0.8864930062373061
1.339019793074245
0.6632914199979032
0.8139821199971818
0.6235591365333362
0.6996826039437999
0.7336243079796743
0.7650350300500919
0.8508250268371244
0.8712067293515138
0.93744726252328
0.6808261017016475
0.7034539043922303
0.6500473255097141
0.6566693727538088
0.8508250268371244
0.646736301887667
0.6533583491317614
0.9934969444378513
0.6136260656671945
0.7223104066343828
0.6500473255097141
0.7109965052890914
0.5683641445937455
0.677054801253217
1.0395463732902963
1.413635980861658
1.0950782881839132
0.692140003046939
0.7336243079796743
0.4093879853273343
0.677054801253217
1.3017083467565873
0.7917334427485045
0.620248112911289
0.8050826490977109
0.620248112911289
0.7373956084281048
0.8712067293515138
0.714767805737522
0.7487095097733962
0.646736301887667
0.6666024436199505
0.6268701601553834
0.5411473161147812
0.8406805326955946
0.7562521106702571
0.8813975806087088
0.9985923700664489
1.076567649886041
1.6600223070995657
0.6169370892892417
0.7449382093249658
0.677054801253217
0.6500473255097141
0.677054801253217
1.1135889264817855
0.677054801253217
0.5139304876358167
0.714767805737522
0.5547557303542634
0.6268701601553834
0.6434252782656197
0.5683641445937455
0.7605852946003563
0.8228815908966527
1.5239853342515004
0.6996826039437999
1.1012485009498707
0.633492207399478
0.7034539043922303
0.6959113034953696
1.1506102030775303
0.37910895742454404
0.8915884318659035
0.6732835008047865
0.5937599239349111
1.0703974371200835
0.7223104066343828
0.6434252782656197
0.7524808102218267
0.5904489003128638
1.1444399903115727
0.9934969444378513
0.4620417457206195
0.7783842363992982
0.8915884318659035
0.9629243906662671
0.8915884318659035
0.8095323845474465
0.6959113034953696
1.132099564779658
1.0395463732902963
0.45516708632007463
0.6434252782656197
0.7524808102218267
0.5970709475569582
0.9985923700664489
0.9221609856374879
0.9782106675520592
0.5629207788979527
0.6566693727538088
0.5032897021238893
0.37910895742454404
0.8228815908966527
1.294246057493056
0.8864930062373061
0.677054801253217
0.7034539043922303
0.79618317819824
0.39235603213201475
1.1382697775456154
0.5084871219400239
2.0176928145330044
1.0036877956950463
0.7694847654998273
0.5738075102895384
2.094905447658234
0.6996826039437999
0.7336243079796743
1.021035734992424
0.8362307972458591
0.6883687025985086
0.9068747087516956
1.0333761605243388
0.7828339718490337
0.7562521106702571
0.7109965052890914
0.5139304876358167
0.8006329136479754
0.7298530075312437
0.633492207399478
2.6045088262847482
0.7411669088765352
0.9221609856374879
1.1506102030775303
0.6235591365333362
0.7783842363992982
0.7072252048406609
1.2196231648577407
0.6036929948010527
0.7739345009495626
1.0036877956950463
0.8406805326955946
0.6169370892892417
0.646736301887667
0.6070040184231
0.4620417457206195
0.5765291931374349
1.324095214547182
1.1691208413754028
0.7336243079796743
1.021035734992424
0.6883687025985086
0.6235591365333362
0.677054801253217
0.9425426881518775
0.6566693727538088
0.7373956084281048
0.9272564112660853
0.6103150420451472
0.6103150420451472
0.6566693727538088
0.6169370892892417
0.6808261017016475
0.7336243079796743
0.7034539043922303
0.7411669088765352
0.6996826039437999
0.6566693727538088
2.2184456606586003
1.2420100326483352
0.8228815908966527
1.7242848086571319
0.7828339718490337
0.7783842363992982
0.9985923700664489
0.6883687025985086
0.6883687025985086
0.7185391061859524
1.0333761605243388
1.2270854541212726
0.5520340475063669
1.1691208413754028
0.8966838574945009
0.6368032310215251
0.6500473255097141
0.388571153644166
0.7562521106702571
0.6301811837774307
1.076567649886041
1.0889080754179559
0.7072252048406609
0.7694847654998273
0.4964150427233443
0.7072252048406609
0.46433329885413455
0.692140003046939
0.8966838574945009
0.6268701601553834
0.6883687025985086
0.6599803963758559
0.5629207788979527
