717.0
648.0
708.0
776.0
645.0
737.0
761.0
733.0
757.0
700.0
771.0
714.0
725.0
729.0
754.0
693.0
813.0
726.0
836.0
1030.0
598.0
783.0
741.0
795.0
729.0
718.0
706.0
701.0
700.0
781.0
843.0
749.0
726.0
934.0
746.0
813.0
712.0
713.0
707.0
667.0
719.0
726.0
804.0
735.0
769.0
879.0
738.0
818.0
779.0
773.0
737.0
888.0
672.0
751.0
722.0
590.0
703.0
726.0
696.0
748.0
781.0
722.0
901.0
784.0
727.0
749.0
742.0
764.0
630.0
602.0
794.0
720.0
796.0
594.0
811.0
754.0
847.0
737.0
715.0
739.0
748.0
752.0
721.0
813.0
718.0
727.0
771.0
727.0
729.0
693.0
721.0
658.0
689.0
786.0
741.0
692.0
776.0
628.0
718.0
629.0
727.0
705.0
719.0
749.0
763.0
795.0
700.0
738.0
769.0
889.0
740.0
740.0
778.0
721.0
713.0
720.0
825.0
691.0
705.0
718.0
714.0
747.0
780.0
866.0
748.0
709.0
617.0
759.0
696.0
828.0
906.0
712.0
743.0
836.0
753.0
762.0
760.0
743.0
824.0
744.0
749.0
820.0
845.0
829.0
821.0
948.0
701.0
724.0
738.0
742.0
726.0
750.0
710.0
684.0
716.0
770.0
781.0
701.0
756.0
826.0
710.0
775.0
653.0
726.0
718.0
759.0
697.0
756.0
701.0
629.0
804.0
711.0
717.0
741.0
746.0
720.0
901.0
651.0
698.0
752.0
885.0
731.0
815.0
730.0
653.0
723.0
764.0
722.0
709.0
717.0
774.0
720.0
687.0
756.0
750.0
722.0
769.0
788.0
836.0
715.0
864.0
699.0
744.0
685.0
757.0
646.0
739.0
747.0
718.0
819.0
701.0
706.0
742.0
729.0
778.0
745.0
782.0
718.0
713.0
701.0
770.0
663.0
787.0
714.0
700.0
730.0
609.0
928.0
766.0
733.0
710.0
842.0
805.0
726.0
716.0
738.0
812.0
732.0
744.0
730.0
800.0
736.0
712.0
753.0
740.0
691.0
779.0
723.0
718.0
770.0
776.0
725.0
739.0
746.0
695.0
800.0
732.0
766.0
722.0
798.0
753.0
738.0
720.0
903.0
749.0
714.0
782.0
684.0
789.0
843.0
732.0
764.0
824.0
854.0
709.0
734.0
683.0
727.0
754.0
718.0
714.0
730.0
854.0
800.0
714.0
749.0
777.0
733.0
761.0
717.0
750.0
806.0
677.0
736.0
801.0
730.0
736.0
629.0
746.0
621.0
700.0
778.0
778.0
738.0
744.0
750.0
693.0
798.0
727.0
724.0
699.0
704.0
776.0
712.0
718.0
758.0
739.0
784.0
773.0
802.0
727.0
786.0
740.0
718.0
730.0
741.0
724.0
739.0
776.0
640.0
701.0
713.0
735.0
743.0
617.0
715.0
721.0
718.0
800.0
748.0
777.0
709.0
684.0
761.0
784.0
599.0
733.0
626.0
653.0
717.0
731.0
710.0
695.0
708.0
779.0
713.0
703.0
778.0
721.0
738.0
801.0
847.0
723.0
712.0
711.0
740.0
696.0
745.0
643.0
779.0
759.0
757.0
837.0
733.0
619.0
748.0
733.0
742.0
680.0
625.0
714.0
739.0
689.0
737.0
801.0
769.0
745.0
869.0
622.0
740.0
598.0
748.0
703.0
828.0
800.0
710.0
822.0
766.0
742.0
758.0
828.0
699.0
702.0
707.0
768.0
701.0
656.0
821.0
739.0
716.0
732.0
708.0
644.0
743.0
701.0
812.0
882.0
722.0
758.0
710.0
731.0
771.0
701.0
738.0
695.0
733.0
719.0
694.0
825.0
805.0
788.0
614.0
692.0
701.0
727.0
790.0
751.0
718.0
1013.0
703.0
752.0
823.0
701.0
801.0
712.0
897.0
702.0
711.0
757.0
726.0
706.0
893.0
779.0
715.0
797.0
878.0
720.0
806.0
743.0
757.0
808.0
720.0
734.0
761.0
721.0
717.0
813.0
846.0
597.0
903.0
672.0
720.0
760.0
706.0
750.0
772.0
913.0
716.0
740.0
731.0
818.0
717.0
746.0
717.0
718.0
724.0
794.0
933.0
741.0
715.0
720.0
703.0
729.0
796.0
791.0
729.0
765.0
791.0
715.0
672.0
842.0
876.0
797.0
738.0
606.0
798.0
733.0
759.0
685.0
738.0
752.0
797.0
744.0
868.0
725.0
722.0
770.0
780.0
742.0
852.0
729.0
725.0
741.0
734.0
730.0
784.0
803.0
766.0
698.0
804.0
674.0
808.0
776.0
751.0
721.0
736.0
831.0
752.0
818.0
727.0
878.0
691.0
695.0
695.0
733.0
752.0
772.0
720.0
766.0
715.0
814.0
742.0
674.0
789.0
720.0
722.0
710.0
801.0
770.0
693.0
711.0
729.0
740.0
750.0
811.0
701.0
618.0
734.0
698.0
692.0
624.0
788.0
765.0
666.0
721.0
875.0
637.0
746.0
701.0
721.0
871.0
726.0
898.0
703.0
718.0
700.0
758.0
784.0
858.0
831.0
685.0
764.0
801.0
708.0
705.0
740.0
746.0
794.0
772.0
968.0
726.0
742.0
752.0
704.0
713.0
772.0
674.0
606.0
670.0
756.0
781.0
715.0
709.0
717.0
699.0
753.0
753.0
689.0
720.0
744.0
710.0
733.0
768.0
690.0
704.0
744.0
749.0
726.0
751.0
786.0
605.0
585.0
683.0
732.0
724.0
764.0
698.0
744.0
596.0
714.0
753.0
712.0
714.0
821.0
763.0
717.0
746.0
736.0
686.0
769.0
714.0
713.0
847.0
730.0
715.0
737.0
701.0
874.0
740.0
749.0
597.0
705.0
745.0
822.0
736.0
744.0
598.0
734.0
724.0
722.0
763.0
838.0
600.0
727.0
770.0
725.0
633.0
761.0
749.0
712.0
618.0
686.0
712.0
761.0
770.0
796.0
760.0
729.0
713.0
763.0
822.0
685.0
860.0
707.0
718.0
855.0
799.0
745.0
704.0
699.0
848.0
850.0
752.0
779.0
877.0
734.0
757.0
695.0
715.0
698.0
827.0
786.0
704.0
700.0
740.0
759.0
725.0
596.0
761.0
612.0
778.0
778.0
706.0
722.0
740.0
722.0
796.0
624.0
787.0
905.0
858.0
734.0
764.0
746.0
721.0
776.0
712.0
688.0
761.0
725.0
708.0
765.0
759.0
623.0
722.0
733.0
777.0
713.0
774.0
754.0
718.0
726.0
744.0
691.0
792.0
797.0
705.0
680.0
817.0
731.0
755.0
718.0
856.0
756.0
737.0
782.0
746.0
739.0
833.0
698.0
