587.0
569.0
661.0
533.0
516.0
518.0
557.0
577.0
534.0
521.0
544.0
633.0
524.0
651.0
554.0
576.0
762.0
552.0
573.0
634.0
689.0
635.0
552.0
521.0
540.0
576.0
622.0
569.0
605.0
648.0
664.0
497.0
850.0
541.0
616.0
552.0
553.0
587.0
530.0
504.0
596.0
622.0
581.0
648.0
549.0
577.0
728.0
542.0
569.0
532.0
538.0
602.0
564.0
580.0
590.0
588.0
564.0
586.0
600.0
570.0
623.0
622.0
564.0
639.0
608.0
569.0
634.0
544.0
482.0
588.0
496.0
623.0
578.0
548.0
597.0
594.0
549.0
656.0
610.0
654.0
576.0
651.0
584.0
565.0
595.0
475.0
569.0
726.0
597.0
634.0
709.0
578.0
534.0
671.0
554.0
477.0
677.0
538.0
557.0
554.0
560.0
531.0
561.0
619.0
546.0
574.0
549.0
612.0
586.0
525.0
656.0
585.0
673.0
552.0
525.0
557.0
646.0
565.0
588.0
537.0
568.0
725.0
537.0
616.0
569.0
562.0
624.0
536.0
561.0
557.0
608.0
827.0
500.0
585.0
680.0
611.0
573.0
589.0
594.0
691.0
572.0
541.0
557.0
741.0
566.0
560.0
565.0
548.0
601.0
592.0
537.0
539.0
572.0
550.0
536.0
531.0
599.0
533.0
640.0
527.0
571.0
542.0
598.0
581.0
552.0
490.0
483.0
644.0
780.0
608.0
597.0
537.0
621.0
586.0
726.0
587.0
574.0
546.0
556.0
567.0
525.0
596.0
556.0
557.0
549.0
616.0
528.0
717.0
564.0
730.0
523.0
534.0
546.0
540.0
546.0
557.0
562.0
585.0
555.0
602.0
529.0
702.0
606.0
578.0
564.0
615.0
533.0
517.0
638.0
616.0
539.0
559.0
644.0
545.0
553.0
547.0
557.0
536.0
475.0
553.0
577.0
531.0
573.0
683.0
701.0
641.0
566.0
686.0
695.0
553.0
532.0
621.0
528.0
558.0
554.0
616.0
668.0
622.0
567.0
589.0
570.0
564.0
644.0
581.0
542.0
674.0
492.0
702.0
528.0
548.0
549.0
537.0
667.0
541.0
600.0
646.0
662.0
544.0
608.0
548.0
597.0
594.0
605.0
555.0
592.0
678.0
665.0
581.0
577.0
608.0
561.0
566.0
630.0
668.0
539.0
640.0
597.0
546.0
678.0
622.0
589.0
594.0
548.0
672.0
557.0
627.0
567.0
564.0
541.0
592.0
532.0
544.0
535.0
593.0
589.0
532.0
556.0
680.0
560.0
531.0
580.0
619.0
534.0
650.0
541.0
618.0
588.0
564.0
618.0
552.0
578.0
667.0
703.0
564.0
544.0
700.0
474.0
556.0
650.0
573.0
604.0
581.0
618.0
554.0
529.0
617.0
583.0
577.0
582.0
540.0
562.0
546.0
595.0
562.0
604.0
544.0
541.0
616.0
573.0
684.0
592.0
525.0
564.0
532.0
598.0
618.0
570.0
637.0
571.0
593.0
537.0
601.0
659.0
552.0
640.0
550.0
530.0
566.0
541.0
629.0
699.0
627.0
546.0
667.0
559.0
544.0
545.0
608.0
531.0
736.0
558.0
513.0
571.0
544.0
702.0
584.0
702.0
559.0
626.0
554.0
626.0
630.0
660.0
636.0
484.0
712.0
585.0
637.0
559.0
548.0
596.0
595.0
530.0
573.0
642.0
537.0
550.0
638.0
532.0
517.0
558.0
504.0
596.0
687.0
499.0
568.0
674.0
614.0
494.0
566.0
562.0
538.0
576.0
598.0
577.0
625.0
552.0
686.0
680.0
572.0
557.0
546.0
622.0
553.0
626.0
577.0
580.0
567.0
565.0
533.0
539.0
629.0
634.0
682.0
570.0
652.0
635.0
693.0
578.0
555.0
559.0
553.0
588.0
537.0
564.0
619.0
538.0
563.0
555.0
506.0
597.0
555.0
546.0
557.0
560.0
596.0
735.0
561.0
566.0
574.0
578.0
513.0
652.0
554.0
535.0
558.0
541.0
540.0
566.0
551.0
595.0
622.0
677.0
570.0
584.0
530.0
669.0
587.0
560.0
604.0
557.0
888.0
646.0
614.0
558.0
633.0
605.0
546.0
574.0
575.0
561.0
669.0
663.0
590.0
604.0
609.0
546.0
562.0
546.0
727.0
623.0
525.0
592.0
575.0
545.0
550.0
551.0
594.0
543.0
643.0
524.0
565.0
574.0
490.0
524.0
571.0
546.0
552.0
555.0
570.0
569.0
537.0
605.0
535.0
526.0
550.0
599.0
571.0
554.0
648.0
546.0
605.0
605.0
680.0
556.0
657.0
584.0
549.0
557.0
557.0
608.0
586.0
519.0
550.0
563.0
523.0
537.0
588.0
503.0
650.0
542.0
573.0
562.0
559.0
541.0
597.0
577.0
541.0
565.0
570.0
500.0
568.0
582.0
586.0
566.0
544.0
554.0
565.0
525.0
585.0
550.0
555.0
616.0
530.0
774.0
557.0
582.0
573.0
795.0
556.0
544.0
528.0
564.0
581.0
616.0
538.0
494.0
564.0
533.0
609.0
545.0
582.0
578.0
556.0
605.0
525.0
594.0
537.0
556.0
558.0
537.0
533.0
549.0
565.0
582.0
610.0
573.0
537.0
545.0
541.0
558.0
618.0
549.0
570.0
573.0
587.0
608.0
567.0
570.0
558.0
596.0
544.0
562.0
546.0
589.0
533.0
636.0
546.0
649.0
556.0
592.0
544.0
594.0
633.0
778.0
561.0
547.0
550.0
584.0
529.0
764.0
541.0
547.0
580.0
585.0
540.0
647.0
606.0
520.0
493.0
553.0
621.0
616.0
589.0
525.0
608.0
581.0
670.0
603.0
624.0
591.0
581.0
667.0
667.0
558.0
