1.3297089831471645
0.8564847036567695
1.136180150331247
0.4844065833708278
0.7025419549240048
0.9466342100037369
0.8253975358647586
0.7669367612868042
0.7878156093503594
0.8170459966393366
1.0263651340091573
0.5671797258522999
1.0629701394498539
0.6746596507383439
0.6684017607816062
1.3519181565020362
0.8754635470982363
0.9513789208641035
0.6084160261168415
0.9751024751659371
0.3900951928347348
1.1239784818510148
0.7585852220613823
0.6234124597830326
1.06907097368997
0.5748414325027705
0.7919913789630705
0.6564046138486533
0.6024174526503651
1.0629701394498539
0.6594039005818915
1.0324659682492736
0.7711125308995153
1.6801766415360084
0.7408801231792889
0.6054167393836033
1.1056759791306665
1.0812726421702024
0.7060272429472124
0.7339095471328735
0.5799492369364178
0.6054167393836033
0.4019545804253875
0.8295733054774698
0.7164831070168354
0.6990566669007973
0.8517399927964027
1.136180150331247
0.8086944574139147
0.7548212752721193
1.1300793160911307
0.6990566669007973
0.7408801231792889
0.5186555837326523
0.6594039005818915
0.6534053271154151
0.7408801231792889
0.9324000774226368
0.4121197697888041
1.3225393326782813
0.5441946059008879
0.6990566669007973
0.6714010475148444
1.2651821289272154
0.8707188362378696
0.9324000774226368
0.8707188362378696
0.9276553665622702
0.9466342100037369
0.9371447882830035
1.368044714507789
0.7129978189936277
0.8612294145171361
1.1300793160911307
0.7919913789630705
2.309467382310656
0.730424259109666
0.6714010475148444
0.6594039005818915
0.6990566669007973
0.5904203057174121
0.8517399927964027
0.8659741253775028
0.6474067536489385
0.9039318122604366
1.3599814355049125
0.7878156093503594
0.9181659448415368
0.8754635470982363
0.5620719214186528
0.7794640701249372
1.0812726421702024
0.5850570413700648
0.6444074669157003
0.8379248447028917
1.136180150331247
0.5934195924506502
0.9276553665622702
0.7919913789630705
0.43975171611419056
0.7060272429472124
0.7025419549240048
0.9086765231208034
0.8212217662520477
0.7025419549240048
0.6684017607816062
0.5035443836236724
0.9086765231208034
0.7513359872489117
0.6886008028311744
0.9134212339811699
0.8896976796793364
0.6534053271154151
0.681630226784759
0.6174138863165562
0.6920860908543821
1.0202642997690414
1.075171807930086
0.747850699225704
0.7129978189936277
0.5994181659171269
0.8422505710756694
0.719968395040043
0.8754635470982363
0.4971651168727242
0.7164831070168354
0.6234124597830326
0.846995281936036
0.6204131730497944
0.7548212752721193
0.6714010475148444
0.3612938229717211
0.7548212752721193
0.8086944574139147
0.9181659448415368
0.5799492369364178
0.5876109435868885
0.7548212752721193
0.6851155148079667
0.8896976796793364
1.0324659682492736
0.7339095471328735
0.5441946059008879
2.294808152748167
0.6714010475148444
0.6324103199827473
0.6324103199827473
0.8086944574139147
0.7919913789630705
0.6714010475148444
0.6781449387615516
0.7025419549240048
0.6534053271154151
0.730424259109666
0.7752883005122263
0.6324103199827473
0.8707188362378696
0.6781449387615516
0.9751024751659371
0.39517778751644306
0.719968395040043
0.8754635470982363
0.8045186878012035
0.7919913789630705
0.9940813186074039
0.6504060403821768
1.1791463233006172
0.6851155148079667
0.6624031873151297
1.1117768133707828
0.7669367612868042
0.6324103199827473
0.5288711925999465
0.8564847036567695
0.7164831070168354
0.43975171611419056
0.4053429768798597
0.6886008028311744
0.8086944574139147
0.8612294145171361
0.6746596507383439
0.8707188362378696
0.719968395040043
0.6024174526503651
0.6444074669157003
0.6114153128500797
0.6534053271154151
0.8128702270266256
0.43124602711292637
0.8045186878012035
2.1921935458107433
0.7060272429472124
0.35959962474448504
0.9798471860263039
0.6781449387615516
0.8849529688189698
0.9086765231208034
0.9608683425848371
0.7752883005122263
1.4244876675279232
0.5994181659171269
0.7269389710864583
0.6714010475148444
0.846995281936036
0.9086765231208034
0.7919913789630705
0.5799492369364178
1.0202642997690414
0.8944423905397032
1.1483818188114792
0.7627609916740933
1.136180150331247
0.5058860726485345
1.5223731095271784
0.7548212752721193
0.626411746516271
0.6746596507383439
0.6714010475148444
0.6594039005818915
0.6714010475148444
0.7025419549240048
0.5799492369364178
0.9656130534452038
0.8896976796793364
1.7377574293735814
0.43124602711292637
0.7095125309704201
0.6054167393836033
0.6886008028311744
0.6444074669157003
0.8295733054774698
0.6781449387615516
0.6354096067159857
0.681630226784759
1.2580124784583324
0.9134212339811699
0.8212217662520477
0.46739520536829937
0.7711125308995153
0.6684017607816062
0.8337490750901807
0.7585852220613823
0.5934195924506502
1.2293338765828
0.5964188791838885
0.8086944574139147
0.8086944574139147
0.6654024740483679
0.7025419549240048
0.9276553665622702
0.7025419549240048
0.5850570413700648
1.4567407835394284
0.7548212752721193
0.8754635470982363
0.8045186878012035
0.5994181659171269
0.6714010475148444
0.6886008028311744
1.2938607308027483
0.6654024740483679
0.8253975358647586
0.8612294145171361
0.7627609916740933
0.8422505710756694
0.6781449387615516
0.9418894991433702
0.7752883005122263
1.5966335951783925
0.6746596507383439
0.6504060403821768
0.7129978189936277
0.6955713788775896
0.7794640701249372
0.7269389710864583
0.6886008028311744
1.1483818188114792
1.3153696822093979
0.5773953347195941
0.6955713788775896
0.5994181659171269
0.7234536830632506
0.6920860908543821
0.4155081662432763
0.4138139680160402
0.730424259109666
0.7164831070168354
0.5934195924506502
0.5390868014672406
0.9513789208641035
0.7339095471328735
1.2221642261139165
0.7513359872489117
0.8564847036567695
0.6564046138486533
0.7164831070168354
0.8659741253775028
1.056869305209738
0.8379248447028917
0.7234536830632506
0.6144145995833179
0.8612294145171361
1.2580124784583324
0.8379248447028917
0.8991871014000697
0.37993000347131817
0.6504060403821768
1.3599814355049125
0.7373948351560812
0.7878156093503594
0.5799492369364178
0.7585852220613823
0.7513359872489117
0.5876109435868885
0.880208257958603
0.7919913789630705
1.3010303812716315
0.7836398397376484
0.5964188791838885
0.7919913789630705
0.3663764176534294
0.7548212752721193
0.7373948351560812
1.0263651340091573
0.8295733054774698
0.6324103199827473
1.056869305209738
1.2221642261139165
0.8253975358647586
0.6781449387615516
0.4354988716135585
0.9940813186074039
1.0035707403281373
0.8422505710756694
0.730424259109666
0.8086944574139147
0.6920860908543821
0.9229106557019033
0.8379248447028917
0.38501259815302646
1.2938607308027483
0.9371447882830035
0.9466342100037369
0.6955713788775896
1.2436731775205663
0.6294110332495092
0.6144145995833179
0.6684017607816062
0.6886008028311744
0.8045186878012035
0.9703577643055705
0.6594039005818915
1.142280984571363
0.7129978189936277
0.7669367612868042
0.7669367612868042
1.3297089831471645
1.1483818188114792
0.8896976796793364
0.9418894991433702
3.0277696308726227
0.7711125308995153
0.6920860908543821
0.6354096067159857
0.7060272429472124
0.7513359872489117
0.8564847036567695
0.8295733054774698
0.6851155148079667
0.7373948351560812
2.133556627560787
0.6234124597830326
0.9134212339811699
0.7129978189936277
0.7129978189936277
1.3519181565020362
0.8944423905397032
0.681630226784759
0.6204131730497944
0.7164831070168354
0.6684017607816062
1.3922345515164176
0.572287530285947
0.8128702270266256
0.6955713788775896
1.1239784818510148
0.7961671485757814
1.0995751448905504
0.3867067963802626
0.7627609916740933
1.0035707403281373
0.9466342100037369
0.7025419549240048
0.7060272429472124
0.49929153912304014
0.9513789208641035
0.7164831070168354
0.7164831070168354
0.7129978189936277
0.7548212752721193
0.7836398397376484
0.8295733054774698
0.6684017607816062
0.3816242016985543
1.2149945756450333
0.8707188362378696
0.8295733054774698
0.7752883005122263
0.7164831070168354
0.5544102147681821
0.719968395040043
0.8754635470982363
0.6204131730497944
0.6955713788775896
0.5748414325027705
0.6955713788775896
0.9418894991433702
0.7164831070168354
0.5850570413700648
0.7095125309704201
0.8086944574139147
0.6746596507383439
0.6024174526503651
0.730424259109666
0.46739520536829937
0.6955713788775896
0.48228016112051175
0.3562112282900128
0.7585852220613823
1.200655274707267
1.0324659682492736
1.2078249251761501
0.7025419549240048
0.7548212752721193
0.7836398397376484
0.572287530285947
1.1239784818510148
0.8295733054774698
0.7234536830632506
0.6594039005818915
1.1117768133707828
0.6564046138486533
0.6990566669007973
0.6714010475148444
0.730424259109666
0.6746596507383439
0.9134212339811699
0.8045186878012035
1.200655274707267
1.1239784818510148
1.4325509465307993
1.578068473765589
0.6204131730497944
0.9466342100037369
0.8003429181884925
0.6714010475148444
0.5934195924506502
0.8170459966393366
1.1544826530515953
0.719968395040043
0.7711125308995153
0.6294110332495092
0.7919913789630705
0.6955713788775896
0.3816242016985543
0.6746596507383439
0.9798471860263039
0.7836398397376484
0.7627609916740933
0.5339789970335936
0.6444074669157003
0.6234124597830326
0.8295733054774698
0.6354096067159857
0.6444074669157003
0.7373948351560812
0.8422505710756694
0.8253975358647586
0.8379248447028917
0.6354096067159857
0.8170459966393366
0.8422505710756694
0.9181659448415368
0.9039318122604366
0.9561236317244703
0.626411746516271
1.1727851557719438
0.5493024103345349
0.7025419549240048
0.8003429181884925
0.6955713788775896
1.9723051023734066
0.7513359872489117
0.7711125308995153
0.5876109435868885
0.9466342100037369
0.7408801231792889
1.1863159737695006
0.6474067536489385
0.7129978189936277
1.0035707403281373
0.681630226784759
0.6684017607816062
0.6886008028311744
0.7548212752721193
0.7919913789630705
0.7752883005122263
0.8337490750901807
0.9134212339811699
0.8659741253775028
0.8564847036567695
0.7408801231792889
0.5109938770821816
0.7711125308995153
0.8379248447028917
0.6534053271154151
0.7711125308995153
0.7961671485757814
1.3761079935106653
0.8849529688189698
0.6204131730497944
0.6534053271154151
0.7373948351560812
1.4889938995509335
0.5850570413700648
0.6684017607816062
1.6708940808296064
0.43124602711292637
0.681630226784759
0.8170459966393366
1.1791463233006172
0.6444074669157003
0.7919913789630705
0.5339789970335936
0.8003429181884925
0.6624031873151297
0.5825031391532413
0.6354096067159857
0.8253975358647586
0.8128702270266256
0.6234124597830326
0.9703577643055705
0.6024174526503651
0.681630226784759
0.9039318122604366
1.540938230939982
0.626411746516271
0.5620719214186528
0.7373948351560812
0.5620719214186528
0.6354096067159857
0.8896976796793364
0.6781449387615516
0.8045186878012035
0.7269389710864583
0.7878156093503594
0.5876109435868885
1.200655274707267
0.7548212752721193
0.7585852220613823
0.7025419549240048
0.6990566669007973
0.7095125309704201
0.5493024103345349
0.8659741253775028
0.6504060403821768
0.6504060403821768
0.6851155148079667
0.9276553665622702
0.4588895163670351
0.6746596507383439
0.6684017607816062
1.0035707403281373
0.6746596507383439
0.846995281936036
0.6054167393836033
0.6594039005818915
0.9940813186074039
0.6114153128500797
0.5773953347195941
0.6624031873151297
1.136180150331247
0.6781449387615516
0.9940813186074039
0.7711125308995153
0.8045186878012035
0.6990566669007973
0.8253975358647586
0.6384088934492239
2.016282791060874
0.9039318122604366
1.0629701394498539
0.7919913789630705
1.4002978305192941
0.7269389710864583
0.8944423905397032
0.9608683425848371
0.45251024961608693
0.7408801231792889
0.626411746516271
0.7408801231792889
1.2149945756450333
0.5994181659171269
0.5493024103345349
0.7711125308995153
0.8612294145171361
0.5850570413700648
0.6324103199827473
0.6324103199827473
0.8659741253775028
0.8170459966393366
0.9086765231208034
0.9513789208641035
0.9181659448415368
0.508439974865358
0.46952162761861543
0.9798471860263039
0.7878156093503594
0.6384088934492239
0.7627609916740933
1.6337638380039996
1.136180150331247
1.2580124784583324
0.7095125309704201
0.5904203057174121
0.7752883005122263
0.9371447882830035
0.6474067536489385
0.8422505710756694
0.9751024751659371
0.7373948351560812
0.9418894991433702
0.3748474087896099
0.6851155148079667
0.6024174526503651
1.1300793160911307
0.8564847036567695
0.7711125308995153
0.7836398397376484
0.6594039005818915
1.136180150331247
1.0035707403281373
1.136180150331247
0.6684017607816062
0.8896976796793364
0.43124602711292637
0.5994181659171269
0.6990566669007973
1.0995751448905504
0.8212217662520477
0.7836398397376484
1.2221642261139165
0.7836398397376484
1.0324659682492736
0.9039318122604366
1.0263651340091573
1.796394347623538
0.6990566669007973
1.075171807930086
0.7711125308995153
0.7129978189936277
0.7878156093503594
0.7095125309704201
0.7627609916740933
0.8128702270266256
0.6474067536489385
0.9134212339811699
0.8379248447028917
0.8564847036567695
0.6024174526503651
1.4567407835394284
0.5365328992504173
1.3297089831471645
1.1056759791306665
0.6564046138486533
0.7234536830632506
0.7269389710864583
0.38501259815302646
0.880208257958603
0.9039318122604366
0.7129978189936277
0.7269389710864583
0.6684017607816062
0.6746596507383439
0.8944423905397032
1.7524166589360706
1.050768470969622
0.39178939106197097
0.42274033811166206
0.6084160261168415
0.8128702270266256
0.9513789208641035
0.6294110332495092
0.7443654112024963
1.4567407835394284
1.0141634655289253
0.9608683425848371
0.6684017607816062
0.6324103199827473
0.6534053271154151
0.5773953347195941
0.626411746516271
1.1056759791306665
0.7836398397376484
0.9656130534452038
0.4716480498689315
0.6354096067159857
2.1921935458107433
0.7234536830632506
0.3816242016985543
0.6851155148079667
0.410425571561568
0.8379248447028917
0.846995281936036
0.7164831070168354
0.7164831070168354
0.6920860908543821
0.6504060403821768
1.2938607308027483
0.8337490750901807
0.8896976796793364
0.7060272429472124
0.681630226784759
0.9276553665622702
0.6354096067159857
1.4567407835394284
4.889570652183586
1.2580124784583324
0.7025419549240048
0.3968719857436792
0.6474067536489385
0.6144145995833179
0.7095125309704201
0.6654024740483679
0.6474067536489385
0.8045186878012035
1.06907097368997
0.730424259109666
0.7025419549240048
0.730424259109666
2.2508304640606998
0.9561236317244703
0.6594039005818915
0.6920860908543821
0.7373948351560812
0.8128702270266256
0.7878156093503594
0.6354096067159857
0.8086944574139147
0.6594039005818915
0.730424259109666
1.5687859130591872
0.8707188362378696
0.5850570413700648
0.719968395040043
1.0812726421702024
0.7129978189936277
0.8128702270266256
0.6851155148079667
0.6886008028311744
0.5339789970335936
0.6920860908543821
1.3153696822093979
0.6384088934492239
0.7711125308995153
0.6144145995833179
1.0141634655289253
0.7164831070168354
0.7752883005122263
0.7794640701249372
0.9134212339811699
0.7164831070168354
