1.3454358794978694
1.24767918584132
0.9938388366182147
0.7215061933069099
0.8717321877368374
0.6067941086575833
0.6497205229493741
1.1667046127961909
1.3551323863893143
0.7552474169779229
0.7425944581012931
1.140839848369212
0.7004179285125268
0.7468121110601696
0.8542883807537833
0.8775467900645219
0.842659176098414
0.7425944581012931
0.9415074156690529
1.0955765106219988
0.8833613923922066
0.8248324721684921
0.6604521265223218
1.1537722305827012
0.6497205229493741
1.538535635117019
1.160238421689446
0.6461433217583916
0.9705804273074761
0.5273266755035135
1.160238421689446
1.511053591487808
0.924063608685999
1.1667046127961909
0.50043342140973
0.8484737784260987
0.8484737784260987
0.7299414992246631
0.44369259792271193
0.8484737784260987
1.1667046127961909
0.7299414992246631
1.3648774617079702
0.6835473166770204
0.8074230124829787
1.0115160262343175
0.6175257122305311
0.6604521265223218
0.4184043132549184
3.0590235043837164
0.8161277423257353
0.8030706475616002
0.667606528904287
0.7943659177188434
0.7468121110601696
0.768251728190573
0.8484737784260987
0.7813088229547082
0.7769564580333297
0.9589512226521069
0.7987182826402217
0.7383768051424164
0.9763950296351608
0.9415074156690529
1.8885475200952184
0.4059248228727051
0.7595469983478161
0.9298782110136835
0.7769564580333297
0.8291848370898705
0.7299414992246631
2.622045803582677
3.137055236669616
0.811775377404357
1.030914599554552
0.7004179285125268
0.7638993632691945
0.7468121110601696
0.31135250328937825
0.7383768051424164
0.7726040931119513
0.5581028575511763
0.9705804273074761
0.9763950296351608
1.3551323863893143
0.7215061933069099
0.3726461818534696
0.3147899678088768
1.7480904019805987
0.8378895669326273
0.9298782110136835
0.9182490063583143
1.1279074661557225
0.7341591521835398
0.9415074156690529
0.9298782110136835
0.7769564580333297
0.9763950296351608
0.7552474169779229
0.8891759947198913
1.5840360859736466
1.538535635117019
0.7215061933069099
0.8659175854091528
1.0632455550882753
2.231887142153178
0.70885323443028
0.8601029830814679
1.374622537026626
1.5658359056309954
0.9008051993752605
1.140839848369212
0.6919826225947736
0.8484737784260987
0.5960625050846358
1.3551323863893143
0.5889081027026706
0.6919826225947736
0.811775377404357
1.0761779373017646
0.6793296637181437
0.3809658421082785
0.7468121110601696
0.7552474169779229
1.8261221342664986
0.8248324721684921
1.0373807906612962
0.7900135527974649
0.7257238462657866
0.9763950296351608
1.24767918584132
0.7943659177188434
2.107036370495738
0.7468121110601696
0.6751120107592672
0.9763950296351608
0.8335372020112488
1.3843676123452817
1.0567793639815304
2.9809917720978163
0.7299414992246631
0.9008051993752605
1.3551323863893143
1.1537722305827012
1.647736717172925
0.6793296637181437
0.8484737784260987
1.1800014748483245
2.107036370495738
0.8074230124829787
1.030914599554552
0.8248324721684921
1.2702384228389854
0.6919826225947736
0.7726040931119513
0.3705662667897674
1.511053591487808
0.7638993632691945
0.7130708873891567
0.8659175854091528
0.6604521265223218
0.8775467900645219
0.7769564580333297
0.7468121110601696
0.9415074156690529
1.0761779373017646
0.7341591521835398
1.1950409661801014
1.0761779373017646
0.33728762577053184
1.240159440175432
0.924063608685999
0.7595469983478161
1.6856650161518787
0.8030706475616002
0.9531366203244223
0.2958839129516348
1.0373807906612962
1.3551323863893143
0.768251728190573
0.667606528904287
0.8717321877368374
0.811775377404357
1.1473060394759567
1.030914599554552
0.6962002755536503
0.7595469983478161
0.8378895669326273
0.924063608685999
0.811775377404357
1.0503131728747859
0.6962002755536503
0.7856611878760865
1.6659368975155762
0.7425944581012931
0.7299414992246631
0.7769564580333297
1.2251199488436548
0.8291848370898705
0.5889081027026706
1.5840360859736466
0.3130712355491275
0.8775467900645219
0.8717321877368374
0.8204801072471136
0.7425944581012931
1.0503131728747859
0.7383768051424164
0.8030706475616002
1.6568368073442505
0.8717321877368374
0.7595469983478161
0.7299414992246631
0.7510297640190463
0.9415074156690529
1.2025607118459896
1.4623282148945287
1.3941126876639378
0.7341591521835398
0.8484737784260987
0.8949905970475758
1.114975083942233
1.442838064257217
0.8074230124829787
1.140839848369212
0.47206300966622095
0.8161277423257353
0.6962002755536503
0.7046355814714034
0.7595469983478161
1.574935995802321
1.0503131728747859
0.70885323443028
0.7638993632691945
1.089110319515254
0.6793296637181437
2.107036370495738
1.1473060394759567
0.8542883807537833
0.667606528904287
0.3319772904063695
1.337916133831981
0.7510297640190463
0.7726040931119513
0.7299414992246631
0.9298782110136835
0.6604521265223218
0.5889081027026706
0.7987182826402217
0.490116908048454
0.3061963065101304
0.8542883807537833
1.089110319515254
0.6604521265223218
1.1800014748483245
0.9066198017029452
0.6532977241403568
0.7943659177188434
0.576568566779774
1.2326396945095432
0.35808677640755404
0.768251728190573
0.9647658249797915
0.7299414992246631
0.7552474169779229
0.8949905970475758
1.0373807906612962
0.7856611878760865
1.0373807906612962
0.7299414992246631
0.9938388366182147
0.41424448312751394
0.7987182826402217
1.9509729059239382
0.7769564580333297
2.075823677581378
0.6461433217583916
1.5013085161691522
1.0955765106219988
1.5294355449456933
1.8885475200952184
0.9589512226521069
0.8161277423257353
1.0632455550882753
0.6532977241403568
0.7856611878760865
0.9705804273074761
0.7900135527974649
0.6962002755536503
1.030914599554552
0.9531366203244223
0.6640293277133045
0.7299414992246631
0.7299414992246631
0.7769564580333297
0.3456072860253408
0.9705804273074761
0.9008051993752605
15.848079955034436
0.8775467900645219
0.36848635172606514
1.187521220514213
0.9008051993752605
0.8161277423257353
0.5242490572987473
0.9298782110136835
0.7552474169779229
0.6962002755536503
0.38512567223568295
0.6962002755536503
0.8542883807537833
0.8775467900645219
0.7046355814714034
0.768251728190573
1.0632455550882753
0.8204801072471136
0.9473220179967374
0.3079150387698797
0.9531366203244223
0.811775377404357
0.8204801072471136
0.7299414992246631
0.7341591521835398
0.7595469983478161
0.3233836291076231
0.6877649696358971
1.089110319515254
0.7552474169779229
0.8775467900645219
0.4385343412420738
2.8561410004403767
1.3454358794978694
0.7638993632691945
0.6067941086575833
1.089110319515254
0.7987182826402217
0.4121645680638117
0.7769564580333297
1.6113363564876229
0.7595469983478161
1.1473060394759567
1.1731708039029354
0.7595469983478161
0.7638993632691945
0.7046355814714034
0.6532977241403568
0.9473220179967374
2.824928307526017
0.7943659177188434
0.8775467900645219
0.34352737096163855
0.8204801072471136
1.240159440175432
0.7383768051424164
0.8833613923922066
0.7383768051424164
0.8291848370898705
1.1473060394759567
1.1731708039029354
0.8949905970475758
0.7726040931119513
1.452583139575873
0.9763950296351608
1.6856650161518787
0.9356928133413682
1.262718677173097
0.7383768051424164
1.3228766425002043
0.70885323443028
1.3303963881660925
3.9669997052444774
0.8204801072471136
0.7769564580333297
0.8378895669326273
0.7813088229547082
1.6856650161518787
0.7638993632691945
0.3251023613673724
0.842659176098414
1.1085088928354883
0.8484737784260987
0.45400911128398797
0.924063608685999
1.0826441284085095
2.3099188744390777
0.7299414992246631
1.0373807906612962
1.4136028383012496
1.3153568968343157
0.6793296637181437
0.842659176098414
0.7638993632691945
1.3941126876639378
1.6386366270015995
0.7638993632691945
0.8484737784260987
0.811775377404357
1.1473060394759567
0.9298782110136835
0.811775377404357
0.36432652159866075
0.6835473166770204
0.6751120107592672
0.6282573158034789
2.762502921697297
0.9705804273074761
0.9531366203244223
0.3010401097308826
0.8161277423257353
0.8074230124829787
1.0826441284085095
0.811775377404357
1.2326396945095432
0.5827238031893065
0.7383768051424164
1.0373807906612962
2.793715614611657
2.1382490634100977
0.9298782110136835
0.7595469983478161
0.8484737784260987
0.45142998294366893
1.1214412750489777
0.9356928133413682
0.7856611878760865
0.8833613923922066
0.8775467900645219
0.8204801072471136
0.3601666914712563
0.4080047379364073
0.8030706475616002
0.6751120107592672
0.7987182826402217
0.7299414992246631
0.8030706475616002
0.8484737784260987
0.7638993632691945
0.9298782110136835
1.538535635117019
0.7595469983478161
0.6835473166770204
0.6962002755536503
0.7900135527974649
0.4926960363887731
1.187521220514213
1.4136028383012496
0.7341591521835398
1.2702384228389854
0.7943659177188434
1.160238421689446
0.603216907466601
0.29932137747113335
0.9647658249797915
0.811775377404357
0.9356928133413682
2.0914300240385577
0.924063608685999
1.2025607118459896
0.7468121110601696
1.1214412750489777
0.9822096319628453
0.3319772904063695
0.667606528904287
0.34352737096163855
1.0373807906612962
0.7943659177188434
2.0602173311241985
0.7383768051424164
0.6751120107592672
1.538535635117019
0.7813088229547082
0.9473220179967374
0.576568566779774
0.8484737784260987
0.8891759947198913
1.337916133831981
0.8717321877368374
0.842659176098414
0.811775377404357
0.9589512226521069
0.8659175854091528
0.7383768051424164
1.3941126876639378
0.8833613923922066
0.6497205229493741
0.924063608685999
0.7638993632691945
0.7299414992246631
1.4818183655318404
0.6389889193764265
0.3913654174267896
0.4385343412420738
0.3233836291076231
0.6835473166770204
1.0955765106219988
1.0438469817680411
0.8775467900645219
0.7299414992246631
0.7425944581012931
0.811775377404357
0.8891759947198913
0.9531366203244223
0.482379523027497
1.374622537026626
0.3913654174267896
1.300317405502539
0.8204801072471136
0.8248324721684921
0.7856611878760865
0.8030706475616002
0.8248324721684921
1.3228766425002043
0.37680601198087404
0.9763950296351608
0.7595469983478161
1.3078371511684272
0.37680601198087404
0.5960625050846358
0.7172885403480332
0.9356928133413682
0.47464213800654
0.7046355814714034
1.538535635117019
0.6640293277133045
0.9531366203244223
0.7510297640190463
0.7638993632691945
0.6919826225947736
1.9821855988382984
1.0567793639815304
0.8949905970475758
0.7468121110601696
0.5273266755035135
0.44369259792271193
0.8335372020112488
0.35808677640755404
0.6532977241403568
2.075823677581378
0.9356928133413682
0.8378895669326273
0.7900135527974649
0.7299414992246631
1.005468041273584
1.4623282148945287
2.122642716952918
1.0179822173410622
0.49527516472909205
1.2251199488436548
0.7943659177188434
0.842659176098414
1.4623282148945287
0.7552474169779229
1.262718677173097
0.70885323443028
2.278706181524718
2.1850681027816377
0.8542883807537833
1.0826441284085095
0.7172885403480332
0.7595469983478161
0.4385343412420738
0.8335372020112488
0.6711837300952695
1.4720732902131846
0.8601029830814679
0.8484737784260987
1.2326396945095432
1.160238421689446
0.7341591521835398
0.9705804273074761
0.6793296637181437
0.3233836291076231
1.6204364466589487
0.7943659177188434
0.6962002755536503
0.8074230124829787
0.7383768051424164
0.6354117181854438
0.484958651367816
0.7726040931119513
0.8074230124829787
0.8248324721684921
1.1800014748483245
0.8161277423257353
0.7425944581012931
0.7046355814714034
0.811775377404357
0.9938388366182147
0.8775467900645219
0.7813088229547082
0.8659175854091528
0.8775467900645219
0.7813088229547082
0.7510297640190463
0.33025855814662025
0.7130708873891567
0.9356928133413682
0.6103713098485659
2.231887142153178
0.6962002755536503
0.6175257122305311
0.4080047379364073
0.7257238462657866
0.6497205229493741
0.8161277423257353
0.6877649696358971
1.55673581545967
0.7595469983478161
0.55502523934641
0.7638993632691945
0.42048422831862065
0.603216907466601
0.7172885403480332
0.8659175854091528
0.6067941086575833
1.285277914170762
0.7856611878760865
0.7726040931119513
0.8484737784260987
0.7215061933069099
1.2025607118459896
0.9182490063583143
0.5030125497500492
1.1279074661557225
1.574935995802321
0.811775377404357
1.2251199488436548
1.024448408447807
1.4038577629825937
0.3393675408342341
0.5960625050846358
0.667606528904287
0.6175257122305311
0.7987182826402217
0.7299414992246631
0.6282573158034789
0.9763950296351608
0.8484737784260987
0.8074230124829787
1.4038577629825937
2.0914300240385577
0.98802423429053
0.98802423429053
0.9124344040306297
0.7215061933069099
0.6175257122305311
0.7046355814714034
0.7987182826402217
1.1950409661801014
0.6211029134215137
0.46432562464526395
0.924063608685999
1.4233479136199052
0.36848635172606514
0.8659175854091528
0.7468121110601696
0.70885323443028
0.6751120107592672
0.8030706475616002
0.7552474169779229
0.7769564580333297
0.7900135527974649
0.8891759947198913
0.9066198017029452
0.7595469983478161
2.247493488610358
0.30275884199063186
4.7066293529700856
0.842659176098414
0.7468121110601696
0.5334819119130462
0.8030706475616002
1.1537722305827012
0.35600686134385184
0.5996397062756184
0.7257238462657866
0.642566120567409
0.8949905970475758
2.700077535868577
0.7987182826402217
0.36848635172606514
1.0697117461950199
0.811775377404357
0.7900135527974649
0.7257238462657866
2.2630998350675378
1.452583139575873
0.3251023613673724
0.8204801072471136
0.3251023613673724
0.6389889193764265
0.7769564580333297
0.7813088229547082
0.811775377404357
0.4184043132549184
1.0826441284085095
1.0761779373017646
1.5476357252883441
0.7595469983478161
0.8030706475616002
0.8291848370898705
1.0697117461950199
0.7257238462657866
0.7595469983478161
0.7299414992246631
0.469483881325902
0.8248324721684921
0.924063608685999
0.6640293277133045
0.6318345169944612
0.521171439093981
1.1800014748483245
0.8335372020112488
0.7299414992246631
0.768251728190573
1.520335454774368
0.7987182826402217
1.0115160262343175
1.6568368073442505
0.8949905970475758
1.2551989315072085
0.7004179285125268
0.9589512226521069
1.1800014748483245
2.4815886854680573
0.7383768051424164
0.6919826225947736
0.7638993632691945
0.7856611878760865
0.9589512226521069
2.122642716952918
1.2551989315072085
2.247493488610358
1.8729411736380386
1.0955765106219988
0.7726040931119513
1.3078371511684272
4.879209604106061
1.0567793639815304
0.7552474169779229
0.6604521265223218
0.8484737784260987
1.7012713626090588
0.667606528904287
0.3319772904063695
0.5180938208892147
0.7425944581012931
0.490116908048454
0.6282573158034789
2.544014071296777
0.7726040931119513
0.7552474169779229
0.4591673679646259
1.1537722305827012
0.8378895669326273
0.7468121110601696
0.8030706475616002
0.7987182826402217
1.1537722305827012
0.8659175854091528
0.70885323443028
1.2326396945095432
0.2976026452113841
0.9066198017029452
1.285277914170762
1.2326396945095432
0.9822096319628453
0.8335372020112488
0.8204801072471136
0.7341591521835398
0.9182490063583143
0.811775377404357
0.8542883807537833
0.46174649630494496
0.9705804273074761
0.3976051626178962
0.7257238462657866
0.8248324721684921
0.7341591521835398
0.8161277423257353
0.7215061933069099
1.0632455550882753
