0.7356638605064417
0.7666778363453817
0.7281916259440251
0.5932191710902408
0.9524194543683016
0.7468722123500668
0.7877872740963858
0.5897851163740302
0.617257554103716
0.6344278276847695
1.0313118118847977
0.7356638605064417
0.6241256635361374
0.6481640465496123
0.7020388049755666
0.7793434989959842
2.6501871048178813
0.5758350261267146
0.617257554103716
0.661900265414455
0.8342280371485947
0.783565386546185
0.6687683748468765
0.7020388049755666
0.7169832741004
0.8173404869477915
0.6758859840071082
0.8704772653458919
0.6758859840071082
0.7751216114457834
0.8300061495983939
0.6309937729685589
1.611743221781055
0.9797335173757715
0.6758859840071082
0.7169832741004
0.705774922256775
0.7020388049755666
0.9688078921727835
0.6908304531319416
0.6241256635361374
0.7506083296312752
0.6687683748468765
1.1048954794021146
0.7468722123500668
0.6412959371171908
0.651598101265823
0.9141797661578438
0.617257554103716
0.8759400779473858
0.9742707047742776
0.705774922256775
0.7281916259440251
0.6241256635361374
0.6584662106982443
0.7431360950688585
0.7431360950688585
0.7393999777876502
0.6309937729685589
0.6069553899550839
0.783565386546185
1.1048954794021146
1.1232913962814441
0.9469566417668076
0.6758859840071082
1.3281597067969788
0.7793434989959842
0.617257554103716
0.6870943358507332
0.6983026876943582
1.098763507109005
1.592662110039705
0.6035213352388731
0.6870943358507332
0.661900265414455
0.6983026876943582
0.5932191710902408
0.6758859840071082
0.9524194543683016
0.6908304531319416
0.7468722123500668
0.7751216114457834
0.6481640465496123
0.7020388049755666
0.5758350261267146
0.8759400779473858
0.7468722123500668
0.6687683748468765
0.8131185993975907
0.859551640142904
0.9578822669697955
0.8131185993975907
0.7582340612449802
0.6138234993875052
0.7132471568191917
1.0435757564710173
0.7793434989959842
0.6241256635361374
1.1416873131607732
0.9524194543683016
0.8131185993975907
0.7393999777876502
0.6241256635361374
1.3773844845360823
1.1723471746263212
0.6309937729685589
0.6550321559820336
0.6983026876943582
1.223548422923145
0.7207193913816083
0.705774922256775
0.843163202338422
0.8814028905488798
0.5966532258064517
0.6481640465496123
1.0619716733503466
0.5730884552580013
0.7468722123500668
1.055839701057237
0.7207193913816083
0.897791328353362
0.7506083296312752
1.6594460011344296
0.7793434989959842
0.8300061495983939
0.6069553899550839
0.6758859840071082
0.6344278276847695
1.4727556185567008
0.7393999777876502
0.6412959371171908
1.0070475803832413
0.5966532258064517
1.5258782189449798
0.7708997238955826
0.7468722123500668
0.7468722123500668
2.8748731855018246
0.705774922256775
0.6103894446712945
2.1708567993588024
0.6206916088199266
0.7708997238955826
0.6833582185695248
0.7356638605064417
1.2384928920479783
0.705774922256775
1.0070475803832413
2.770019681182651
0.627559718252348
0.5730884552580013
0.6035213352388731
0.6447299918334015
0.6983026876943582
0.7666778363453817
1.1723471746263212
0.6983026876943582
0.5868213096015675
0.6138234993875052
0.6908304531319416
0.7877872740963858
0.6722024295630871
0.6309937729685589
0.6983026876943582
0.6481640465496123
0.7468722123500668
0.8173404869477915
0.6908304531319416
1.0070475803832413
0.6584662106982443
0.8257842620481931
0.661900265414455
0.6584662106982443
0.7431360950688585
0.7319277432252334
0.9087169535563498
0.7393999777876502
0.897791328353362
0.848626014939916
0.7319277432252334
1.0803675902296757
0.617257554103716
1.0070475803832413
0.8384499246987956
0.6796221012883165
0.6584662106982443
0.6758859840071082
1.1110274516952243
0.617257554103716
0.6206916088199266
0.6584662106982443
0.661900265414455
0.6722024295630871
0.9797335173757715
0.7169832741004
1.5163376630743048
0.617257554103716
0.7281916259440251
0.8131185993975907
0.6870943358507332
0.7506083296312752
2.1858358714043984
1.298270768547312
1.2758540648600618
0.7169832741004
0.6035213352388731
0.7132471568191917
0.848626014939916
0.8650144527443979
0.6687683748468765
0.6722024295630871
0.7281916259440251
0.6481640465496123
0.6000872805226625
0.7468722123500668
0.6069553899550839
0.762455948795181
0.7582340612449802
0.7169832741004
0.7582340612449802
0.9087169535563498
0.8923285157518677
0.6584662106982443
0.6309937729685589
0.6983026876943582
0.6344278276847695
1.117159423988334
0.7393999777876502
0.6378618824009801
0.783565386546185
0.8046748242971891
0.8300061495983939
0.661900265414455
0.6833582185695248
1.1110274516952243
0.7666778363453817
0.8704772653458919
0.570341884389288
0.7468722123500668
0.6758859840071082
0.7793434989959842
0.6206916088199266
0.6138234993875052
1.117159423988334
1.0435757564710173
1.025179839591688
0.8759400779473858
0.859551640142904
0.6412959371171908
0.7751216114457834
0.7169832741004
0.7169832741004
1.0742356179365662
0.6983026876943582
0.5813281678641411
0.7207193913816083
0.6550321559820336
0.651598101265823
0.5730884552580013
0.7793434989959842
0.661900265414455
0.705774922256775
0.7169832741004
0.7132471568191917
0.6833582185695248
0.6069553899550839
0.7666778363453817
1.856296286401282
0.661900265414455
0.9797335173757715
1.0129158950054686
0.6758859840071082
0.5932191710902408
0.8342280371485947
0.6241256635361374
0.9360310165638197
0.7319277432252334
0.6206916088199266
0.9742707047742776
0.617257554103716
0.7020388049755666
0.6069553899550839
0.7169832741004
0.5840747387328542
0.6833582185695248
0.9141797661578438
0.9524194543683016
0.7962310491967874
0.7020388049755666
0.7169832741004
0.7132471568191917
1.3947246907216493
0.9196425787593377
0.7962310491967874
0.5897851163740302
0.5868213096015675
0.7666778363453817
1.931191646629263
1.0435757564710173
0.6309937729685589
0.897791328353362
0.9196425787593377
0.783565386546185
0.5966532258064517
0.9524194543683016
0.6550321559820336
1.592662110039705
0.627559718252348
1.1232913962814441
0.6833582185695248
0.783565386546185
0.5868213096015675
0.7582340612449802
26.703136931311338
0.6344278276847695
0.661900265414455
1.2534373611728118
0.8704772653458919
0.7319277432252334
0.7877872740963858
0.8173404869477915
0.8173404869477915
0.6833582185695248
1.0619716733503466
1.535418774815655
0.7431360950688585
0.5966532258064517
0.5813281678641411
0.8704772653458919
0.7962310491967874
0.8131185993975907
0.7582340612449802
0.8004529367469883
0.6138234993875052
0.627559718252348
0.6309937729685589
0.762455948795181
0.6035213352388731
0.6447299918334015
0.843163202338422
0.5966532258064517
0.705774922256775
0.9360310165638197
0.6550321559820336
0.8868657031503737
0.6758859840071082
0.6412959371171908
0.7020388049755666
1.3513741752577315
0.661900265414455
0.7095110395379832
1.3513741752577315
0.6035213352388731
0.617257554103716
0.7793434989959842
0.6653343201306656
0.9742707047742776
1.0129158950054686
0.7751216114457834
1.0129158950054686
0.5785815969954279
0.7582340612449802
0.6309937729685589
0.6833582185695248
0.5932191710902408
0.783565386546185
0.570341884389288
1.9911079348116478
0.7393999777876502
0.7666778363453817
0.661900265414455
0.7468722123500668
1.343104175921812
0.6481640465496123
0.559355600914435
0.627559718252348
0.5932191710902408
0.9688078921727835
0.9414938291653137
0.6069553899550839
1.055839701057237
0.617257554103716
0.7582340612449802
0.6983026876943582
0.897791328353362
0.5897851163740302
0.843163202338422
0.8704772653458919
0.7582340612449802
1.1723471746263212
0.7506083296312752
0.6069553899550839
0.7319277432252334
1.2384928920479783
0.617257554103716
3.339224418915307
1.0190478672985783
1.6499054452637547
0.8300061495983939
0.7393999777876502
0.6206916088199266
0.7020388049755666
0.8300061495983939
6.9734633742911125
0.8046748242971891
0.848626014939916
0.8704772653458919
0.661900265414455
0.6206916088199266
0.7169832741004
0.8540888275414099
0.7877872740963858
0.9578822669697955
0.7431360950688585
0.7393999777876502
0.7281916259440251
0.9524194543683016
1.7065055659453197
0.6206916088199266
0.7751216114457834
0.6378618824009801
0.7751216114457834
0.627559718252348
0.6344278276847695
0.7582340612449802
1.2384928920479783
0.7920091616465866
0.9633450795712896
0.6138234993875052
0.8704772653458919
0.7751216114457834
0.6481640465496123
0.7582340612449802
0.6481640465496123
0.6344278276847695
0.7169832741004
0.6983026876943582
0.6447299918334015
0.7244555086628167
0.7468722123500668
0.6309937729685589
0.7356638605064417
0.6241256635361374
0.7020388049755666
0.7169832741004
0.9524194543683016
0.7169832741004
0.7393999777876502
0.6870943358507332
0.6206916088199266
0.661900265414455
1.1600832300401018
0.843163202338422
0.6983026876943582
1.0619716733503466
1.1787150155486448
0.7169832741004
1.1723471746263212
0.9360310165638197
0.6870943358507332
0.5868213096015675
0.5675953135205748
0.6870943358507332
0.8868657031503737
0.5648487426518615
0.6796221012883165
0.7962310491967874
0.7095110395379832
0.6584662106982443
0.9851963299772655
0.8384499246987956
0.8046748242971891
1.0497077287641268
0.8650144527443979
0.9196425787593377
0.8131185993975907
0.6069553899550839
0.9196425787593377
0.6870943358507332
0.5648487426518615
0.6138234993875052
1.4380752061855666
0.7468722123500668
0.8868657031503737
0.6481640465496123
0.9578822669697955
0.5758350261267146
0.8704772653458919
0.762455948795181
1.3860545876288657
0.9196425787593377
0.9578822669697955
0.5621021717831483
0.6035213352388731
1.2310206574855616
0.8342280371485947
0.6945665704131498
0.6653343201306656
0.6796221012883165
0.7751216114457834
0.6550321559820336
0.6069553899550839
0.6550321559820336
1.223548422923145
0.6412959371171908
0.6103894446712945
0.7962310491967874
0.7020388049755666
0.5648487426518615
0.6687683748468765
0.6983026876943582
0.7393999777876502
0.6206916088199266
0.5675953135205748
0.9469566417668076
0.762455948795181
0.8342280371485947
0.6687683748468765
0.7582340612449802
0.6378618824009801
0.8759400779473858
1.1416873131607732
0.7169832741004
0.6870943358507332
0.7582340612449802
0.617257554103716
0.6870943358507332
0.8257842620481931
0.570341884389288
0.7962310491967874
0.7132471568191917
1.343104175921812
0.8814028905488798
0.617257554103716
0.7020388049755666
0.8923285157518677
0.6758859840071082
0.9305682039623256
0.5932191710902408
0.8384499246987956
0.8257842620481931
0.617257554103716
0.6653343201306656
0.6481640465496123
1.0864995625227856
0.9633450795712896
0.7793434989959842
0.8540888275414099
0.7468722123500668
0.5785815969954279
0.7356638605064417
0.627559718252348
0.5730884552580013
0.559355600914435
0.8923285157518677
0.783565386546185
0.661900265414455
0.6758859840071082
0.7095110395379832
0.8257842620481931
0.6138234993875052
0.5932191710902408
0.6653343201306656
1.0864995625227856
0.7393999777876502
0.6550321559820336
0.7132471568191917
0.7468722123500668
0.661900265414455
0.7356638605064417
0.6833582185695248
0.8540888275414099
0.7319277432252334
0.6309937729685589
0.7666778363453817
0.7666778363453817
0.9469566417668076
0.8257842620481931
0.6035213352388731
0.7169832741004
0.705774922256775
0.8923285157518677
0.6000872805226625
0.6206916088199266
0.6000872805226625
0.6908304531319416
0.7751216114457834
0.8257842620481931
0.859551640142904
0.7169832741004
0.9688078921727835
1.0619716733503466
2.02106607890284
1.4987659278350514
0.6378618824009801
0.6983026876943582
0.8814028905488798
0.848626014939916
0.7356638605064417
0.6870943358507332
0.6481640465496123
0.6870943358507332
0.6584662106982443
0.9851963299772655
0.8004529367469883
0.6309937729685589
0.7169832741004
0.7468722123500668
0.8342280371485947
0.6481640465496123
0.6722024295630871
0.6833582185695248
0.8257842620481931
0.9961219551802534
1.4640855154639174
0.6241256635361374
0.7666778363453817
0.617257554103716
0.7095110395379832
0.7666778363453817
0.6983026876943582
1.3132152376721453
1.3773844845360823
0.9961219551802534
1.1232913962814441
0.7506083296312752
0.9087169535563498
0.6722024295630871
0.8257842620481931
0.6584662106982443
0.7356638605064417
0.7319277432252334
0.7431360950688585
0.9032541409548559
0.7431360950688585
0.6069553899550839
0.6833582185695248
0.8131185993975907
0.7793434989959842
1.0681036456434563
0.6908304531319416
0.651598101265823
0.7431360950688585
0.6983026876943582
0.8650144527443979
1.0015847677817473
1.098763507109005
1.1048954794021146
0.9087169535563498
0.6447299918334015
0.9906591425787594
0.5868213096015675
0.7207193913816083
0.6481640465496123
0.7751216114457834
0.6758859840071082
0.6687683748468765
0.6687683748468765
2.680145248909074
0.8759400779473858
0.6241256635361374
0.6035213352388731
0.6758859840071082
0.7393999777876502
0.6870943358507332
0.8923285157518677
0.783565386546185
