0.9213142605094854
0.7282231340878422
0.6185402135655703
0.4056344670154704
0.6015388658566755
0.7348011552063405
2.773587550247273
0.6412086771774302
0.6553764669348426
0.7150670918508458
0.5429386120353863
0.7084890707323475
0.7965620430562443
0.7150670918508458
0.6986220390546002
0.7084890707323475
0.3930352160791409
0.925908633631583
0.6887550073768529
1.3898151967392405
2.400988078491288
0.6525429089833601
1.0595578493841464
0.8158510338819325
0.585247164299221
0.7545352185618353
0.7965620430562443
0.7249341235285931
0.66387714078929
0.7348011552063405
0.5875976394249895
0.9213142605094854
0.5311862364065435
0.6185402135655703
0.3102218751091304
0.7282231340878422
2.1573653469585286
0.7084890707323475
0.3631119951053581
0.6667106987407726
0.8891536486548008
0.6100395397111228
0.503260243667656
0.7249341235285931
0.7150670918508458
0.6298744453715002
1.4555504190157427
1.2440100957947509
0.8081354375516572
1.3487306828164267
0.7849886485608315
0.6525429089833601
0.6497093510318777
0.6355415612744651
0.9580692454862676
0.5593919379157665
0.6412086771774302
0.8235666302122077
0.6100395397111228
0.9350973798757787
0.6355415612744651
0.5781957389219151
0.6525429089833601
0.27040533420071206
0.8937480217768987
1.2244973347738692
0.7216451129693441
0.5958717499537104
0.5476395622869235
0.5781957389219151
0.8351400247076206
0.692044017936102
0.5640928881673036
0.7052000601730984
0.7579840614048682
0.8235666302122077
0.7052000601730984
0.6986220390546002
0.7479571974433369
0.8312822265424831
0.6412086771774302
1.0936179236332182
0.6298744453715002
0.8197088320470701
0.5930381920022281
1.3285653935519046
1.6844506328067008
0.7656996577351434
0.7084890707323475
0.5546909876642293
0.718356102410095
0.32142027723962313
0.6327080033229828
0.8004198412213821
0.7446681868840879
0.6986220390546002
1.6267329806793827
0.7413791763248386
0.5687938384188408
0.5758452637961465
0.6667106987407726
0.6185402135655703
0.6242073294685353
0.8661817830443119
0.7413791763248386
0.27040533420071206
0.7849886485608315
0.8158510338819325
0.6755989651398564
1.283035617836514
0.6100395397111228
0.6695442566922549
0.8753705292885073
0.3288858786599515
0.6327080033229828
0.48770417430349416
1.4391166134466171
0.39618502881322326
0.7348011552063405
0.9994186035851476
0.6043724238081578
0.4663145789277717
0.29031360465492123
0.6525429089833601
0.7052000601730984
1.856419619771002
0.9948242304630497
1.0425278122596102
0.8119932357167948
1.1984803200793603
0.7927042448911067
0.9442861261199744
0.8845592755327031
0.573494788670378
0.8158510338819325
0.7579840614048682
0.45270301823413
0.6100395397111228
0.6185402135655703
0.5781957389219151
0.8274244283773453
0.8661817830443119
0.7927042448911067
0.5875976394249895
0.9121255142652898
0.6986220390546002
0.6043724238081578
0.9626636186083654
0.8197088320470701
0.66387714078929
1.1106479607577542
1.283035617836514
0.8799649024106052
0.7413791763248386
0.6128730976626053
0.7579840614048682
0.6723778146437375
0.7888464467259692
0.7249341235285931
0.8432099174338229
1.727442879547776
0.5523405125384607
0.5828966891734523
0.6553764669348426
0.48187064829193343
1.150384714048338
0.6185402135655703
0.9075311411431919
0.6525429089833601
0.7117780812915967
0.7216451129693441
0.6887550073768529
1.406249002308366
0.6723778146437375
0.9396917529978766
0.8235666302122077
0.7579840614048682
1.0595578493841464
0.8753705292885073
0.47020359626881214
0.7772730522305562
0.7413791763248386
0.5805462140476837
0.7315121446470915
0.6723778146437375
0.66387714078929
0.6327080033229828
0.5875976394249895
0.4293689141878872
0.8312822265424831
0.6213737715170528
0.8707761561664096
0.7888464467259692
0.44881400089308954
0.6788879756991056
0.7656996577351434
0.8312822265424831
0.7348011552063405
0.6788879756991056
0.66387714078929
0.5593919379157665
0.66387714078929
1.0652345284256586
0.9580692454862676
0.8891536486548008
0.6270408874200177
0.8004198412213821
0.8004198412213821
0.6497093510318777
0.8042776393865195
0.8845592755327031
0.6128730976626053
0.7117780812915967
0.5987053079051929
1.250514349468378
0.5758452637961465
1.5603631948845689
0.6788879756991056
0.43909145754048834
0.7315121446470915
0.9075311411431919
1.3220611398782773
0.8197088320470701
0.6440422351289126
0.8042776393865195
0.5382376617838491
0.751246208002586
1.0538811703426343
0.8312822265424831
1.3090526325310232
0.7618418595700057
0.5828966891734523
0.6440422351289126
0.29902347297863774
0.7413791763248386
0.8891536486548008
0.8158510338819325
0.7150670918508458
0.9075311411431919
0.5781957389219151
0.6497093510318777
0.6497093510318777
0.7019110496138494
0.7249341235285931
0.8235666302122077
1.4719842245848682
1.0992946026747301
0.8707761561664096
0.7052000601730984
1.191976066405733
1.8420888708573098
0.7413791763248386
0.5264852861550063
0.6412086771774302
0.6887550073768529
0.5902046340507454
0.7656996577351434
0.6327080033229828
0.6440422351289126
0.7811308503956939
0.7811308503956939
0.6723778146437375
0.6525429089833601
0.7656996577351434
1.167414751172874
0.6667106987407726
0.3583872760042345
0.7315121446470915
0.29902347297863774
0.6582100248863251
0.6327080033229828
1.1049712817162423
0.6723778146437375
0.35681236963719326
0.8707761561664096
0.7348011552063405
0.769557455900281
1.167414751172874
0.6100395397111228
1.3980320995238034
1.0482044913011224
1.276531364162887
0.44686949222256933
1.9137426154257688
0.29155787155830926
0.7315121446470915
0.573494788670378
0.8197088320470701
0.7315121446470915
2.4726418230597464
0.6270408874200177
0.925908633631583
0.9488804992420719
1.7990966241162345
0.7282231340878422
0.9442861261199744
0.37728615240872887
0.32390881104639924
1.2700271104892595
0.7150670918508458
0.7446681868840879
0.6355415612744651
0.8478042905559208
0.7888464467259692
0.5123824354003947
0.9442861261199744
0.6986220390546002
0.6525429089833601
0.7052000601730984
0.8389978228727583
0.9167198873873875
0.8004198412213821
0.6610435828378075
0.6072059817596404
0.8523986636780184
0.8351400247076206
0.5875976394249895
0.751246208002586
0.5664433632930722
0.6100395397111228
0.8274244283773453
0.7216451129693441
0.9672579917304632
0.9167198873873875
0.718356102410095
0.8119932357167948
0.6854659968176038
0.9350973798757787
0.31519894272268273
0.7927042448911067
1.191976066405733
0.7084890707323475
0.5958717499537104
0.7249341235285931
0.6610435828378075
0.902936768021094
0.6242073294685353
0.718356102410095
0.769557455900281
0.7545352185618353
0.5958717499537104
0.6157066556140878
0.6327080033229828
1.1617380721313622
0.6213737715170528
1.3487306828164267
1.6077701847380073
2.0283886067353025
0.5875976394249895
0.7052000601730984
0.6497093510318777
0.8983423948989963
0.3288858786599515
0.6553764669348426
0.6242073294685353
0.4740926136098526
0.8523986636780184
0.9075311411431919
1.1447080350068262
0.5805462140476837
0.6525429089833601
0.3410633059667813
0.6242073294685353
1.1106479607577542
0.7348011552063405
0.6695442566922549
0.7618418595700057
0.7315121446470915
0.6213737715170528
0.7282231340878422
0.3164432096260708
0.8753705292885073
0.8197088320470701
1.9424041132531524
0.6157066556140878
0.9534748723641697
0.6497093510318777
0.6213737715170528
0.6298744453715002
0.4166588115847588
0.5902046340507454
0.751246208002586
0.5987053079051929
0.6667106987407726
0.9396917529978766
0.8042776393865195
0.6270408874200177
0.718356102410095
0.8845592755327031
0.7019110496138494
0.5828966891734523
1.0879412445917063
0.7052000601730984
0.6100395397111228
0.5241348110292376
0.7965620430562443
0.66387714078929
0.8158510338819325
0.5958717499537104
1.283035617836514
0.7150670918508458
0.6242073294685353
0.769557455900281
0.7545352185618353
0.6185402135655703
0.5593919379157665
0.8707761561664096
0.6497093510318777
0.7150670918508458
0.6525429089833601
0.533536711532312
0.6213737715170528
0.6986220390546002
0.5499900374126921
1.0992946026747301
1.0425278122596102
0.861587409922214
0.66387714078929
0.6298744453715002
0.7656996577351434
0.718356102410095
0.751246208002586
1.4884180301539935
0.3851606842439349
0.8891536486548008
0.6355415612744651
0.6788879756991056
1.1617380721313622
0.8197088320470701
0.6355415612744651
1.0822645655501941
0.7216451129693441
0.6412086771774302
0.9994186035851476
0.6412086771774302
0.8937480217768987
0.6953330284953511
0.6355415612744651
0.9856354842188544
0.7084890707323475
0.7315121446470915
0.5930381920022281
0.6788879756991056
0.7380901657655896
0.8569930368001163
1.150384714048338
0.7579840614048682
0.5499900374126921
1.0879412445917063
0.8081354375516572
2.1287038491311447
0.6582100248863251
0.5781957389219151
0.5781957389219151
0.5264852861550063
0.6582100248863251
0.692044017936102
0.7545352185618353
0.5640928881673036
0.6755989651398564
0.7656996577351434
0.6854659968176038
0.6582100248863251
1.0425278122596102
0.6412086771774302
0.8004198412213821
0.5930381920022281
0.6213737715170528
0.6072059817596404
0.7052000601730984
0.7150670918508458
1.0086073498293433
0.5499900374126921
0.8661817830443119
1.3569475856009894
0.7150670918508458
0.5476395622869235
0.8042776393865195
0.6887550073768529
1.150384714048338
0.5902046340507454
0.2816037363312047
0.7282231340878422
0.8197088320470701
1.373381391170115
2.7449260524198897
0.6887550073768529
0.5758452637961465
0.8799649024106052
0.9213142605094854
0.6213737715170528
0.6440422351289126
0.38043596514281125
0.2716496011041001
0.6100395397111228
0.5476395622869235
0.4009097479143469
0.6887550073768529
0.6412086771774302
0.6355415612744651
0.6100395397111228
0.6610435828378075
0.5593919379157665
0.7216451129693441
0.3678367142064817
0.7811308503956939
0.5429386120353863
0.5664433632930722
0.6440422351289126
0.4565920355751705
0.6185402135655703
1.3285653935519046
1.0198210960935623
0.31271040891590657
1.2440100957947509
1.1854718127321058
0.8119932357167948
1.5982887867673197
0.6525429089833601
0.66387714078929
0.9213142605094854
1.3025483788573957
0.7380901657655896
0.6667106987407726
0.7052000601730984
0.5902046340507454
0.7019110496138494
0.6440422351289126
0.43325793152892766
0.8042776393865195
0.692044017936102
0.66387714078929
0.6213737715170528
1.3025483788573957
0.5593919379157665
0.561742413041535
0.718356102410095
0.7656996577351434
1.3898151967392405
0.5570414627899979
0.7348011552063405
0.573494788670378
0.4056344670154704
0.7927042448911067
0.769557455900281
1.0141444170520504
0.6986220390546002
0.47020359626881214
0.692044017936102
0.8432099174338229
0.5711443135446094
0.769557455900281
0.5570414627899979
1.0538811703426343
0.4293689141878872
1.1049712817162423
0.5640928881673036
0.6270408874200177
0.4799261396214132
0.6242073294685353
1.6362143786500702
0.6525429089833601
0.6723778146437375
0.751246208002586
0.6553764669348426
0.6723778146437375
0.925908633631583
1.0311744541765866
0.9442861261199744
0.7348011552063405
0.7315121446470915
0.7019110496138494
0.8432099174338229
0.40405956064842924
1.0368511332180983
1.9280733643394605
0.7052000601730984
0.6788879756991056
1.588807388796632
0.8158510338819325
0.7579840614048682
0.5476395622869235
0.6043724238081578
0.9626636186083654
0.6185402135655703
0.8197088320470701
0.2940464053650854
0.6270408874200177
0.7052000601730984
0.33137441246672766
0.8119932357167948
0.8523986636780184
0.5499900374126921
0.7249341235285931
0.8042776393865195
0.7927042448911067
0.6986220390546002
0.7413791763248386
0.5640928881673036
0.9810411110967565
0.8753705292885073
0.7446681868840879
0.6553764669348426
0.9902298573409521
0.692044017936102
1.0992946026747301
0.5958717499537104
0.6383751192259476
0.9534748723641697
0.8891536486548008
0.9856354842188544
0.8983423948989963
0.6383751192259476
0.718356102410095
1.727442879547776
0.34263821233382247
0.7446681868840879
0.6242073294685353
1.6646585725621335
0.8891536486548008
0.751246208002586
0.6755989651398564
1.0425278122596102
0.41980862431884125
0.7413791763248386
0.8004198412213821
0.7849886485608315
0.9810411110967565
0.7117780812915967
0.48187064829193343
0.7734152540654186
0.8312822265424831
1.0765878865086822
0.8312822265424831
0.7150670918508458
0.7811308503956939
0.8983423948989963
0.6788879756991056
0.8799649024106052
0.7446681868840879
0.6854659968176038
0.692044017936102
0.5987053079051929
0.7849886485608315
0.3089776082057423
0.7734152540654186
0.6128730976626053
0.6327080033229828
0.6755989651398564
2.1573653469585286
0.6610435828378075
0.66387714078929
0.769557455900281
0.6553764669348426
0.7413791763248386
0.6043724238081578
0.6242073294685353
0.3930352160791409
0.6497093510318777
0.7413791763248386
0.7545352185618353
0.8389978228727583
0.7052000601730984
0.38201087150985247
1.2570186031420052
0.7413791763248386
0.7446681868840879
0.29902347297863774
0.7216451129693441
0.9534748723641697
0.6157066556140878
0.6157066556140878
0.5758452637961465
0.751246208002586
0.3089776082057423
1.0198210960935623
1.6362143786500702
0.6100395397111228
0.573494788670378
0.573494788670378
0.6298744453715002
0.7249341235285931
0.7117780812915967
0.31395467581929465
0.8937480217768987
0.7282231340878422
0.751246208002586
0.7084890707323475
0.5875976394249895
0.6242073294685353
0.902936768021094
0.66387714078929
0.751246208002586
0.3788610587757701
0.8197088320470701
0.5987053079051929
0.6553764669348426
0.902936768021094
0.692044017936102
0.6242073294685353
0.6887550073768529
0.6788879756991056
0.7888464467259692
0.5875976394249895
0.7579840614048682
1.5224376030018179
1.827758121943618
0.8274244283773453
0.7545352185618353
0.8119932357167948
0.7052000601730984
0.6185402135655703
0.925908633631583
0.6755989651398564
0.5828966891734523
0.2965349391718616
0.6270408874200177
0.6072059817596404
0.7150670918508458
0.9718523648525609
0.6854659968176038
0.5687938384188408
0.8351400247076206
1.0822645655501941
0.6468757930803952
0.7413791763248386
0.6887550073768529
0.4293689141878872
