0.9470511466224021
0.7829210229429311
0.8039355156965544
1.5129223663393812
0.8657720107497471
0.7507263258558463
0.7404868778038983
0.689289637544158
0.6927027868948074
0.8896776389475868
0.6008497227995769
0.9470511466224021
0.8657720107497471
0.9183643927849945
0.6824633388428593
1.4241837572266713
1.020883559117532
0.6663435281093116
1.2199914657740738
0.6633665369588692
0.5919187493482496
1.66270815254463
0.5793557887464715
1.2475088481871617
0.8609908851101792
0.5745868633140927
0.8514286338310435
0.8657720107497471
0.6157346785517894
0.6603895458084267
0.7829210229429311
0.7829210229429311
0.6961159362454566
0.8249500084501776
0.6097806962509045
1.2199914657740738
0.7661094287400326
0.7200079817000021
0.6961159362454566
0.8801153876684509
0.6008497227995769
0.808138414247279
0.6484815812066567
0.8992398902267228
2.5400501417843255
1.14348682187352
0.820747109899453
0.937488895343266
0.95183227226197
0.40225494588612654
0.5032527572614333
0.8249500084501776
1.3919151720947769
0.6663435281093116
0.5769713260302821
0.5841247141788504
1.1610015736958037
0.7302474297519501
0.6455045900562142
0.8165442113487282
0.7234211310506515
1.050074812154672
0.6693205192597541
0.5841247141788504
0.6663435281093116
0.9422700209828341
0.6574125546579842
0.606803705100462
0.7829210229429311
0.9470511466224021
0.7745152258414819
0.5340509971388728
0.8291529070009023
0.67905018949221
1.0909425664066679
1.0383983109398158
0.67905018949221
0.5722024005979034
0.9183643927849945
0.8123413127980036
0.7165948323493527
0.6633665369588692
0.7200079817000021
0.8657720107497471
0.9040210158662906
0.6633665369588692
0.5817402514626611
0.5674334751655246
0.8249500084501776
1.710259593056613
0.5626645497331458
0.7029422349467553
0.6306196343040018
1.1259720700512357
0.7165948323493527
1.14348682187352
0.48456386837254434
0.5841247141788504
0.6663435281093116
0.9566133979015378
0.7302474297519501
0.9088021415058585
0.6455045900562142
0.6693205192597541
0.7507263258558463
0.6187116697022319
0.6514585723570991
1.3025436130133377
1.1084573182289519
0.6927027868948074
0.9805190260993774
0.7234211310506515
0.67905018949221
0.7439000271545476
1.0967808170140958
0.7234211310506515
0.808138414247279
0.8165442113487282
1.0383983109398158
1.044236561547244
1.044236561547244
0.5011762140515567
0.8165442113487282
0.7268342804013008
0.5459733107198198
0.5197442208417364
0.8333558055516269
0.7955297185951051
0.6756370401415606
0.9613945235411057
0.7507263258558463
0.6306196343040018
1.044236561547244
0.7165948323493527
0.7541394752064957
0.606803705100462
0.7541394752064957
0.5978727316491346
0.870553136389315
0.6276426431535593
1.5129223663393812
0.6306196343040018
0.6574125546579842
0.5889417581978071
0.6395506077553292
0.7661094287400326
0.5769713260302821
0.7577036316385832
0.6008497227995769
0.6663435281093116
0.49702312763180356
0.4430330041750135
0.7063553842974047
0.6961159362454566
0.6306196343040018
0.7473131765051969
0.5745868633140927
0.7302474297519501
0.45964534985402583
0.7577036316385832
0.7200079817000021
1.2199914657740738
0.7703123272907573
0.7507263258558463
0.6633665369588692
0.7507263258558463
0.7268342804013008
0.5793557887464715
0.6157346785517894
1.5877443642437938
0.6544355635075417
1.5408919965557712
0.7302474297519501
0.6824633388428593
0.6097806962509045
0.7063553842974047
0.5722024005979034
0.9613945235411057
0.5435888480036305
0.6008497227995769
0.8657720107497471
0.5102063699769789
0.7165948323493527
0.5674334751655246
0.7370737284532489
1.9868564426325173
0.8896776389475868
0.8801153876684509
0.6455045900562142
0.67905018949221
0.6663435281093116
0.7997326171458298
0.6335966254544444
0.6756370401415606
0.5865091768950397
0.95183227226197
0.6663435281093116
2.0742028161828028
0.8466475081914755
1.067589563976956
0.7268342804013008
0.820747109899453
0.5602800870169564
0.8896776389475868
0.689289637544158
0.6246656520031169
0.6335966254544444
0.7165948323493527
1.2543881937904338
0.7507263258558463
0.6544355635075417
0.8039355156965544
0.689289637544158
1.5877443642437938
0.9613945235411057
0.6633665369588692
0.6187116697022319
0.7063553842974047
0.7370737284532489
0.6425275989057717
1.5129223663393812
0.7661094287400326
0.44510954738489006
0.6484815812066567
0.6824633388428593
0.5268976089903047
1.1376485712660918
0.6335966254544444
1.067589563976956
0.8375587041023514
0.9231455184245624
0.5978727316491346
0.8944587645871547
0.5865091768950397
0.6455045900562142
0.6824633388428593
0.6335966254544444
0.761906530189308
0.6097806962509045
0.6276426431535593
0.6365736166048869
0.8291529070009023
0.6187116697022319
0.5578956243007669
0.6335966254544444
0.6927027868948074
0.7955297185951051
0.6663435281093116
0.6038267139500194
0.8039355156965544
0.761906530189308
0.5650490124493351
0.7302474297519501
0.6574125546579842
0.9805190260993774
0.6663435281093116
0.6455045900562142
1.0267218097249602
0.9853001517389453
0.5919187493482496
0.8466475081914755
0.5769713260302821
0.7165948323493527
1.020883559117532
0.7268342804013008
0.5650490124493351
0.5674334751655246
1.4080494646607242
0.7165948323493527
0.7745152258414819
0.808138414247279
1.4322509035096447
1.0267218097249602
0.5841247141788504
0.7336605791025995
0.6756370401415606
0.6574125546579842
0.7063553842974047
0.6306196343040018
0.5919187493482496
0.5650490124493351
0.6824633388428593
0.5316665344226834
1.2475088481871617
0.45133917701451964
0.8944587645871547
1.0734278145843839
1.2131121201708017
1.2062327745675299
0.6858764881935087
1.383848025811803
0.7997326171458298
0.7661094287400326
0.6663435281093116
0.5459733107198198
0.7439000271545476
0.7165948323493527
0.7439000271545476
0.5865091768950397
0.8249500084501776
0.6276426431535593
0.7439000271545476
0.49702312763180356
0.761906530189308
0.5948957404986921
0.5817402514626611
0.5388199225712517
0.6693205192597541
1.2956642674100654
1.0383983109398158
0.5555111615845775
0.6574125546579842
0.5919187493482496
0.8657720107497471
0.7913268200443805
0.6756370401415606
0.6157346785517894
0.6365736166048869
0.6216886608526744
0.6663435281093116
0.6756370401415606
0.5578956243007669
0.42642065849600114
0.6038267139500194
0.6574125546579842
1.1493250724809476
0.6276426431535593
0.5674334751655246
0.6216886608526744
0.6276426431535593
0.7336605791025995
0.7029422349467553
0.9661756491806738
0.67905018949221
0.9709567748202417
0.6544355635075417
0.7063553842974047
0.5388199225712517
0.4409564609651369
0.761906530189308
1.0267218097249602
0.4990996708416801
0.6544355635075417
0.6961159362454566
0.49702312763180356
0.808138414247279
0.7871239214936557
0.761906530189308
0.7234211310506515
0.46795152269353196
0.5769713260302821
0.7473131765051969
0.48871695479229743
0.820747109899453
0.7063553842974047
0.6756370401415606
0.6157346785517894
0.6544355635075417
0.5102063699769789
0.5578956243007669
0.4326502881256307
0.6335966254544444
0.5268976089903047
0.6633665369588692
0.7829210229429311
1.067589563976956
0.8514286338310435
0.7063553842974047
0.7997326171458298
0.5626645497331458
1.050074812154672
0.6335966254544444
0.569817937881714
0.7234211310506515
0.7200079817000021
0.7913268200443805
0.6961159362454566
0.8291529070009023
0.6008497227995769
0.6038267139500194
0.9948624030180813
0.9231455184245624
0.6395506077553292
0.6038267139500194
0.7302474297519501
0.46795152269353196
0.7063553842974047
0.8562097594706113
0.9900812773785134
0.5578956243007669
0.6276426431535593
0.7302474297519501
0.6484815812066567
1.1787153921544418
0.7404868778038983
0.6395506077553292
0.5340509971388728
0.8657720107497471
0.9613945235411057
1.044236561547244
1.067589563976956
2.2197801054332786
0.808138414247279
0.8165442113487282
0.6306196343040018
0.6693205192597541
0.6693205192597541
0.8609908851101792
0.6335966254544444
0.6276426431535593
0.9900812773785134
0.5919187493482496
0.6425275989057717
0.7063553842974047
0.7029422349467553
0.6216886608526744
0.6455045900562142
0.7955297185951051
0.6097806962509045
0.4700280659034085
0.4186199974525792
0.6544355635075417
0.6157346785517894
1.1787153921544418
0.8123413127980036
1.66270815254463
0.6276426431535593
0.7268342804013008
0.5769713260302821
0.9757379004598096
0.8039355156965544
0.5745868633140927
1.3094229586166095
0.6306196343040018
0.5602800870169564
0.5841247141788504
0.8466475081914755
0.9183643927849945
0.5674334751655246
0.8291529070009023
0.9996435286576492
0.9422700209828341
0.6365736166048869
0.46587497948365547
0.5841247141788504
1.0383983109398158
0.6961159362454566
0.4071644613560624
1.2750262306002496
0.5865091768950397
0.6824633388428593
1.1493250724809476
1.015045308510104
0.6306196343040018
0.5674334751655246
0.7871239214936557
0.6157346785517894
1.5502624700933758
0.6157346785517894
0.7439000271545476
0.6365736166048869
1.0792660651918118
0.6425275989057717
0.9327077697036981
0.5769713260302821
0.6335966254544444
0.808138414247279
0.48456386837254434
0.6276426431535593
0.9853001517389453
0.5555111615845775
1.2062327745675299
0.6335966254544444
1.4322509035096447
1.6064853113190027
0.6276426431535593
0.5889417581978071
0.7200079817000021
0.6756370401415606
0.6395506077553292
0.7370737284532489
0.8291529070009023
0.6157346785517894
0.6216886608526744
0.8609908851101792
0.7404868778038983
0.6276426431535593
0.5650490124493351
0.6216886608526744
0.7200079817000021
0.6335966254544444
0.7703123272907573
0.761906530189308
0.9613945235411057
0.67905018949221
0.8657720107497471
0.8514286338310435
0.8848965133080188
0.6544355635075417
0.699529085596106
0.7370737284532489
0.8291529070009023
0.7234211310506515
0.5722024005979034
0.870553136389315
0.6663435281093116
0.5948957404986921
1.050074812154672
0.7829210229429311
0.7787181243922066
0.6693205192597541
1.0967808170140958
0.6455045900562142
0.6038267139500194
0.6365736166048869
0.8291529070009023
0.5865091768950397
1.2268708113773457
0.8514286338310435
0.8418663825519076
0.6455045900562142
0.6335966254544444
1.3596465869628824
0.7063553842974047
0.6824633388428593
0.870553136389315
1.0267218097249602
0.5745868633140927
0.9135832671454264
0.7370737284532489
1.044236561547244
0.6858764881935087
0.7097685336480541
0.6633665369588692
0.6663435281093116
0.569817937881714
0.6544355635075417
0.6425275989057717
0.6693205192597541
0.6484815812066567
0.606803705100462
0.761906530189308
0.7097685336480541
0.6756370401415606
0.5841247141788504
0.9279266440641302
0.6756370401415606
0.4907934980021739
0.5602800870169564
0.5817402514626611
0.7913268200443805
0.8896776389475868
0.6097806962509045
0.7473131765051969
0.5978727316491346
0.6425275989057717
0.6097806962509045
1.0383983109398158
0.6216886608526744
1.0325600603323881
0.4347268313355073
0.8848965133080188
0.8609908851101792
0.5948957404986921
1.14348682187352
0.6187116697022319
0.7200079817000021
0.6756370401415606
0.6927027868948074
0.9661756491806738
0.5626645497331458
3.1369170277112772
0.689289637544158
0.7473131765051969
0.5865091768950397
0.5865091768950397
0.5364354598550622
0.4430330041750135
0.9040210158662906
0.7507263258558463
0.7200079817000021
0.6824633388428593
0.6693205192597541
0.6306196343040018
0.7234211310506515
0.6484815812066567
0.6455045900562142
0.9422700209828341
0.7871239214936557
0.6306196343040018
0.6365736166048869
1.020883559117532
0.6633665369588692
0.7913268200443805
0.7955297185951051
0.6157346785517894
0.7577036316385832
0.6633665369588692
0.7439000271545476
0.6187116697022319
0.6365736166048869
0.820747109899453
0.6335966254544444
3.805713049547038
0.6663435281093116
0.7473131765051969
0.7507263258558463
0.7439000271545476
0.8291529070009023
0.45133917701451964
0.6038267139500194
0.820747109899453
0.6484815812066567
0.5650490124493351
0.8753342620288831
0.5483577734360093
0.6455045900562142
0.870553136389315
0.9279266440641302
1.1787153921544418
0.5555111615845775
0.5978727316491346
0.5650490124493351
0.7029422349467553
0.5841247141788504
1.3163023042198814
0.7703123272907573
0.9757379004598096
0.7302474297519501
0.5364354598550622
0.6756370401415606
0.9566133979015378
1.4241837572266713
0.9088021415058585
0.606803705100462
0.6365736166048869
0.6216886608526744
0.5978727316491346
0.7703123272907573
0.7063553842974047
0.6395506077553292
1.3438196866329692
1.1668398243032319
0.7268342804013008
0.6246656520031169
0.808138414247279
0.7063553842974047
0.6824633388428593
0.6858764881935087
1.5408919965557712
0.5769713260302821
0.7234211310506515
1.08510431579924
0.7165948323493527
0.41371048198264343
1.199353428964258
0.6335966254544444
0.6425275989057717
0.5626645497331458
0.6824633388428593
0.6961159362454566
0.6157346785517894
0.808138414247279
1.2750262306002496
0.7097685336480541
0.6484815812066567
0.7097685336480541
0.5889417581978071
0.67905018949221
0.5626645497331458
0.7913268200443805
1.0559130627621
0.43057374491575423
0.7577036316385832
0.5459733107198198
0.7097685336480541
1.3438196866329692
0.6514585723570991
0.7829210229429311
0.7370737284532489
0.7097685336480541
1.3596465869628824
0.5978727316491346
0.870553136389315
0.5555111615845775
0.6824633388428593
0.4783342387429147
0.6276426431535593
0.7302474297519501
0.44718609059476655
0.40389145104277185
1.2475088481871617
0.6544355635075417
0.7268342804013008
0.8657720107497471
0.6276426431535593
0.6544355635075417
0.8609908851101792
0.8333558055516269
0.7871239214936557
0.5889417581978071
0.9948624030180813
0.7439000271545476
0.5578956243007669
0.8466475081914755
0.761906530189308
0.5948957404986921
0.5011762140515567
0.7268342804013008
1.004424654297217
0.9709567748202417
0.5978727316491346
0.7200079817000021
0.5388199225712517
1.66270815254463
0.5865091768950397
1.0325600603323881
0.7871239214936557
0.8123413127980036
0.7404868778038983
0.7661094287400326
1.2612675393937054
0.5769713260302821
0.48248732516266774
0.6722975104101966
0.5769713260302821
0.5531266988683882
0.5769713260302821
0.6008497227995769
0.8609908851101792
0.7336605791025995
1.2750262306002496
0.6633665369588692
0.6395506077553292
0.699529085596106
0.5889417581978071
0.6514585723570991
0.6663435281093116
1.2199914657740738
0.7029422349467553
0.6961159362454566
0.6425275989057717
0.6335966254544444
1.928625526932327
0.5626645497331458
0.7997326171458298
0.45341572022439625
0.7029422349467553
1.1318103206586636
0.5948957404986921
0.5817402514626611
0.6306196343040018
1.015045308510104
0.5674334751655246
1.1376485712660918
0.5769713260302821
2.103318274032898
1.067589563976956
0.9231455184245624
0.9805190260993774
0.9709567748202417
0.7577036316385832
0.7165948323493527
0.6276426431535593
0.699529085596106
0.9040210158662906
0.5978727316491346
0.8375587041023514
0.7302474297519501
0.820747109899453
0.761906530189308
0.7473131765051969
0.6693205192597541
0.5889417581978071
0.5011762140515567
0.8896776389475868
0.606803705100462
0.7829210229429311
0.8333558055516269
0.5978727316491346
0.5841247141788504
0.6276426431535593
0.761906530189308
1.0267218097249602
0.606803705100462
0.67905018949221
0.5769713260302821
0.7955297185951051
0.6216886608526744
0.5578956243007669
0.6544355635075417
0.6276426431535593
0.6276426431535593
0.6276426431535593
0.6603895458084267
1.1668398243032319
0.7063553842974047
0.6722975104101966
