717.0
595.0
575.0
578.0
633.0
761.0
656.0
587.0
727.0
579.0
646.0
667.0
669.0
628.0
505.0
628.0
618.0
627.0
609.0
642.0
584.0
666.0
565.0
663.0
722.0
564.0
557.0
525.0
688.0
549.0
495.0
678.0
605.0
618.0
602.0
836.0
588.0
713.0
658.0
613.0
594.0
599.0
672.0
705.0
644.0
603.0
585.0
589.0
682.0
532.0
707.0
694.0
631.0
645.0
587.0
606.0
589.0
613.0
599.0
586.0
621.0
689.0
586.0
586.0
739.0
619.0
619.0
606.0
580.0
702.0
614.0
524.0
578.0
696.0
616.0
686.0
612.0
614.0
610.0
649.0
674.0
533.0
524.0
628.0
680.0
615.0
686.0
657.0
595.0
654.0
770.0
719.0
565.0
562.0
674.0
754.0
676.0
580.0
661.0
585.0
682.0
592.0
583.0
626.0
609.0
570.0
605.0
669.0
649.0
596.0
658.0
610.0
615.0
616.0
755.0
561.0
639.0
717.0
814.0
576.0
633.0
603.0
593.0
557.0
594.0
555.0
617.0
618.0
578.0
724.0
594.0
637.0
675.0
597.0
642.0
606.0
644.0
617.0
624.0
542.0
626.0
515.0
614.0
498.0
647.0
726.0
586.0
616.0
590.0
631.0
601.0
718.0
621.0
609.0
585.0
655.0
610.0
570.0
621.0
692.0
604.0
568.0
474.0
641.0
622.0
546.0
560.0
596.0
610.0
672.0
570.0
695.0
627.0
579.0
555.0
775.0
604.0
681.0
746.0
649.0
726.0
648.0
577.0
585.0
594.0
572.0
687.0
638.0
656.0
537.0
594.0
590.0
719.0
795.0
639.0
595.0
658.0
663.0
616.0
521.0
616.0
810.0
590.0
712.0
595.0
654.0
580.0
608.0
579.0
639.0
596.0
586.0
680.0
644.0
603.0
604.0
580.0
652.0
584.0
580.0
649.0
576.0
586.0
597.0
589.0
577.0
596.0
641.0
644.0
629.0
580.0
714.0
595.0
588.0
606.0
609.0
694.0
623.0
631.0
642.0
592.0
630.0
620.0
610.0
602.0
638.0
640.0
600.0
611.0
597.0
669.0
604.0
576.0
694.0
689.0
666.0
577.0
676.0
663.0
583.0
624.0
628.0
643.0
626.0
684.0
578.0
662.0
684.0
660.0
610.0
570.0
630.0
628.0
644.0
680.0
551.0
682.0
631.0
599.0
573.0
685.0
617.0
672.0
546.0
604.0
637.0
597.0
599.0
600.0
581.0
585.0
581.0
563.0
601.0
480.0
583.0
589.0
600.0
602.0
644.0
602.0
597.0
594.0
600.0
616.0
596.0
600.0
629.0
626.0
611.0
610.0
638.0
645.0
578.0
810.0
497.0
650.0
613.0
567.0
590.0
589.0
598.0
580.0
653.0
754.0
529.0
608.0
605.0
626.0
722.0
580.0
580.0
624.0
612.0
596.0
654.0
653.0
581.0
579.0
581.0
797.0
604.0
476.0
645.0
575.0
799.0
522.0
766.0
635.0
613.0
618.0
632.0
600.0
708.0
572.0
659.0
581.0
710.0
575.0
705.0
747.0
617.0
749.0
603.0
708.0
608.0
588.0
732.0
556.0
829.0
497.0
606.0
591.0
684.0
596.0
503.0
565.0
692.0
593.0
626.0
576.0
584.0
601.0
677.0
643.0
589.0
696.0
594.0
594.0
677.0
750.0
631.0
559.0
603.0
586.0
513.0
616.0
467.0
817.0
663.0
589.0
590.0
644.0
594.0
589.0
644.0
654.0
617.0
599.0
664.0
516.0
629.0
761.0
770.0
589.0
597.0
647.0
788.0
570.0
596.0
634.0
574.0
611.0
591.0
587.0
699.0
627.0
576.0
651.0
574.0
609.0
599.0
542.0
617.0
582.0
589.0
584.0
587.0
583.0
818.0
581.0
604.0
731.0
654.0
576.0
647.0
489.0
784.0
640.0
579.0
623.0
568.0
594.0
598.0
600.0
618.0
658.0
646.0
653.0
604.0
693.0
576.0
646.0
486.0
618.0
781.0
573.0
767.0
642.0
538.0
761.0
633.0
634.0
600.0
585.0
578.0
587.0
674.0
570.0
621.0
608.0
626.0
638.0
676.0
565.0
639.0
596.0
592.0
561.0
729.0
613.0
636.0
661.0
634.0
687.0
613.0
646.0
587.0
460.0
567.0
566.0
555.0
466.0
608.0
588.0
610.0
573.0
582.0
712.0
741.0
680.0
597.0
586.0
570.0
648.0
603.0
653.0
733.0
936.0
590.0
644.0
682.0
622.0
602.0
618.0
648.0
589.0
665.0
570.0
614.0
632.0
626.0
519.0
658.0
581.0
674.0
470.0
622.0
560.0
772.0
599.0
658.0
682.0
677.0
621.0
577.0
541.0
610.0
621.0
657.0
614.0
653.0
524.0
597.0
461.0
584.0
679.0
552.0
572.0
587.0
794.0
640.0
606.0
595.0
622.0
573.0
580.0
701.0
572.0
561.0
647.0
657.0
610.0
641.0
612.0
653.0
676.0
739.0
538.0
645.0
648.0
706.0
602.0
577.0
610.0
634.0
596.0
722.0
574.0
750.0
776.0
534.0
642.0
634.0
597.0
609.0
572.0
580.0
560.0
552.0
561.0
619.0
473.0
596.0
630.0
604.0
573.0
605.0
590.0
564.0
602.0
645.0
568.0
638.0
557.0
604.0
663.0
588.0
583.0
670.0
598.0
568.0
630.0
596.0
589.0
649.0
722.0
666.0
631.0
542.0
507.0
585.0
625.0
581.0
619.0
578.0
595.0
657.0
649.0
580.0
601.0
601.0
613.0
700.0
594.0
635.0
597.0
626.0
582.0
583.0
581.0
672.0
646.0
638.0
666.0
692.0
597.0
626.0
626.0
699.0
694.0
549.0
610.0
579.0
596.0
570.0
569.0
566.0
590.0
668.0
617.0
629.0
539.0
570.0
766.0
579.0
598.0
596.0
646.0
679.0
594.0
728.0
626.0
544.0
580.0
