817.0
767.0
651.0
765.0
562.0
935.0
805.0
746.0
747.0
744.0
795.0
900.0
750.0
759.0
752.0
754.0
769.0
750.0
754.0
749.0
704.0
791.0
741.0
713.0
821.0
774.0
808.0
795.0
788.0
902.0
756.0
789.0
729.0
783.0
771.0
807.0
765.0
648.0
808.0
756.0
608.0
769.0
773.0
764.0
654.0
582.0
804.0
779.0
743.0
869.0
766.0
874.0
759.0
780.0
761.0
825.0
784.0
758.0
729.0
790.0
769.0
875.0
791.0
802.0
754.0
899.0
790.0
806.0
790.0
749.0
804.0
816.0
570.0
878.0
800.0
784.0
804.0
777.0
813.0
794.0
812.0
798.0
865.0
749.0
769.0
802.0
727.0
773.0
872.0
821.0
740.0
753.0
615.0
612.0
835.0
653.0
831.0
921.0
766.0
742.0
812.0
736.0
746.0
760.0
734.0
565.0
788.0
768.0
756.0
722.0
754.0
752.0
795.0
777.0
810.0
781.0
762.0
843.0
770.0
781.0
734.0
877.0
761.0
840.0
616.0
801.0
772.0
763.0
877.0
811.0
653.0
810.0
731.0
788.0
762.0
626.0
880.0
798.0
724.0
773.0
824.0
830.0
818.0
750.0
787.0
731.0
757.0
758.0
806.0
791.0
755.0
605.0
747.0
674.0
787.0
866.0
800.0
771.0
754.0
790.0
770.0
736.0
733.0
600.0
881.0
832.0
736.0
833.0
626.0
798.0
773.0
746.0
758.0
773.0
800.0
755.0
608.0
780.0
585.0
753.0
867.0
761.0
804.0
786.0
804.0
848.0
838.0
798.0
804.0
732.0
750.0
578.0
830.0
770.0
755.0
769.0
781.0
731.0
776.0
762.0
798.0
775.0
772.0
744.0
741.0
869.0
759.0
789.0
743.0
748.0
739.0
906.0
800.0
766.0
770.0
786.0
726.0
571.0
1059.0
905.0
752.0
744.0
777.0
782.0
794.0
757.0
737.0
659.0
749.0
672.0
754.0
767.0
731.0
763.0
725.0
813.0
918.0
650.0
587.0
733.0
751.0
776.0
746.0
817.0
741.0
767.0
794.0
745.0
773.0
581.0
800.0
885.0
810.0
800.0
850.0
758.0
608.0
789.0
748.0
814.0
746.0
855.0
657.0
763.0
749.0
857.0
833.0
820.0
747.0
572.0
642.0
1244.0
755.0
767.0
570.0
780.0
745.0
902.0
598.0
724.0
848.0
624.0
881.0
674.0
608.0
813.0
789.0
806.0
734.0
798.0
766.0
781.0
634.0
920.0
749.0
802.0
770.0
622.0
832.0
773.0
726.0
795.0
756.0
592.0
770.0
747.0
748.0
729.0
820.0
817.0
753.0
596.0
850.0
850.0
784.0
657.0
736.0
785.0
770.0
791.0
740.0
731.0
780.0
762.0
766.0
645.0
780.0
567.0
753.0
805.0
781.0
750.0
730.0
780.0
850.0
770.0
701.0
677.0
828.0
738.0
777.0
827.0
626.0
869.0
789.0
639.0
730.0
778.0
657.0
862.0
826.0
761.0
784.0
741.0
764.0
749.0
717.0
757.0
661.0
784.0
769.0
782.0
769.0
692.0
762.0
753.0
754.0
801.0
779.0
786.0
731.0
921.0
782.0
745.0
855.0
754.0
809.0
746.0
720.0
857.0
756.0
782.0
861.0
650.0
766.0
751.0
754.0
859.0
869.0
757.0
789.0
792.0
797.0
727.0
765.0
754.0
741.0
775.0
765.0
761.0
788.0
779.0
794.0
736.0
775.0
750.0
750.0
758.0
766.0
860.0
572.0
729.0
724.0
870.0
730.0
715.0
778.0
795.0
759.0
577.0
685.0
758.0
672.0
740.0
590.0
777.0
833.0
797.0
638.0
750.0
770.0
606.0
798.0
763.0
763.0
748.0
777.0
753.0
840.0
724.0
842.0
748.0
881.0
709.0
820.0
734.0
601.0
877.0
866.0
786.0
851.0
814.0
733.0
796.0
631.0
762.0
744.0
825.0
761.0
764.0
739.0
765.0
794.0
746.0
777.0
682.0
726.0
805.0
835.0
725.0
850.0
770.0
841.0
857.0
742.0
721.0
730.0
866.0
763.0
754.0
740.0
769.0
746.0
825.0
835.0
771.0
761.0
746.0
667.0
782.0
939.0
853.0
746.0
765.0
752.0
641.0
618.0
753.0
771.0
630.0
770.0
754.0
957.0
862.0
785.0
749.0
790.0
732.0
782.0
884.0
749.0
786.0
818.0
810.0
853.0
633.0
597.0
779.0
1047.0
761.0
653.0
742.0
947.0
662.0
744.0
745.0
713.0
824.0
743.0
736.0
780.0
810.0
791.0
747.0
767.0
762.0
775.0
782.0
757.0
710.0
774.0
730.0
948.0
738.0
800.0
651.0
748.0
901.0
661.0
854.0
772.0
744.0
754.0
720.0
794.0
651.0
590.0
875.0
771.0
736.0
766.0
725.0
777.0
748.0
737.0
793.0
654.0
720.0
820.0
834.0
776.0
869.0
1018.0
754.0
765.0
758.0
776.0
677.0
854.0
754.0
751.0
926.0
756.0
722.0
761.0
781.0
694.0
727.0
873.0
713.0
736.0
768.0
738.0
744.0
763.0
879.0
653.0
834.0
657.0
801.0
772.0
712.0
898.0
773.0
798.0
752.0
737.0
763.0
764.0
584.0
734.0
746.0
827.0
746.0
876.0
814.0
672.0
743.0
737.0
859.0
733.0
797.0
777.0
784.0
804.0
753.0
752.0
661.0
851.0
788.0
875.0
772.0
774.0
738.0
767.0
795.0
847.0
740.0
839.0
794.0
724.0
882.0
794.0
800.0
918.0
687.0
797.0
829.0
814.0
733.0
745.0
801.0
804.0
698.0
849.0
803.0
786.0
866.0
785.0
736.0
818.0
867.0
626.0
773.0
769.0
706.0
767.0
877.0
824.0
754.0
760.0
755.0
738.0
844.0
799.0
597.0
789.0
586.0
952.0
1124.0
813.0
744.0
785.0
818.0
708.0
807.0
892.0
750.0
801.0
678.0
715.0
867.0
746.0
762.0
800.0
786.0
605.0
848.0
748.0
746.0
765.0
566.0
770.0
760.0
705.0
872.0
755.0
638.0
856.0
869.0
733.0
776.0
759.0
749.0
757.0
765.0
762.0
762.0
870.0
772.0
749.0
816.0
824.0
796.0
789.0
770.0
565.0
671.0
781.0
787.0
750.0
772.0
742.0
795.0
714.0
951.0
749.0
779.0
773.0
753.0
668.0
742.0
733.0
737.0
769.0
812.0
851.0
730.0
745.0
917.0
730.0
836.0
735.0
830.0
779.0
683.0
613.0
686.0
769.0
787.0
628.0
757.0
645.0
776.0
744.0
722.0
640.0
573.0
737.0
750.0
757.0
760.0
656.0
774.0
609.0
821.0
864.0
775.0
744.0
776.0
653.0
720.0
578.0
849.0
813.0
764.0
759.0
794.0
760.0
740.0
779.0
610.0
833.0
747.0
765.0
800.0
859.0
774.0
