0.27160337562409853
0.30986285329890895
0.9596205364901165
1.2592728116529064
1.3317103654858087
0.8839456714631221
1.130944552801596
0.8738556894595229
0.7031389925375948
0.8637657074559235
0.8990806444685209
0.7910725758806328
0.7279996344294867
0.5657282163658314
0.634688953921071
0.9343955814811182
0.29569267638231245
0.8587207164541238
0.7564117965916489
0.954575545488317
1.3967797241911195
0.8940356534667212
0.7279996344294867
1.0524874304478107
1.2447853008863259
0.8637657074559235
0.9293505904793189
0.3558705348796517
0.9444855634847177
0.7208965938889462
1.0102412876419262
0.9041256354703207
0.6960359519970543
2.039772995674898
1.2013227685865842
0.9343955814811182
0.6285703653434064
2.700853835335461
0.7780338161907104
0.7493087560511084
1.1007687365116785
3.1816399005431437
0.9444855634847177
0.522179632753282
0.8301888549504003
0.8041113355705553
0.6255110710545742
0.5247413141422554
0.8839456714631221
0.6818298709159731
1.0102412876419262
1.1430148793175632
1.281004077802777
0.8258426017204261
2.9562714324770423
0.7386541952402975
0.9999804645045136
0.9898904825009145
0.5979774224550835
0.9848454914991147
1.046452267189827
0.7386541952402975
0.8637657074559235
2.836074916175122
0.7823800694206845
0.4180516809055297
0.7386541952402975
1.0826632467377282
0.939440572482918
0.8258426017204261
0.2758544286990774
1.964650172986198
1.0524874304478107
1.6454682928724313
1.0343819406738604
0.9142156174739199
0.3800520916674932
0.7910725758806328
0.7422057155105678
0.9747555094955155
0.6782783506457029
0.7564117965916489
0.7173450736186758
0.8388813614103486
0.33395215405712286
0.954575545488317
0.9343955814811182
0.8587207164541238
0.7910725758806328
0.7208965938889462
0.6960359519970543
0.8214963484904519
0.8345351081803745
0.7528602763213786
0.8345351081803745
0.731551154699757
2.3402642864296994
1.0404171039318437
0.939440572482918
0.9343955814811182
0.7244481141592164
0.8637657074559235
0.8388813614103486
0.7422057155105678
0.6622226025205618
0.7493087560511084
0.8258426017204261
0.7997650823405812
0.7693413097307621
0.6530447196540649
0.7137935533484056
0.47606537560150425
0.939440572482918
1.1868352578200039
0.7102420330781354
0.7031389925375948
0.9596205364901165
0.8940356534667212
1.1868352578200039
0.7173450736186758
0.3627795511047493
1.0283467774158768
0.8084575888005295
0.40941541062415776
2.3402642864296994
0.6683411910982263
0.4180516809055297
0.9091706264721202
1.2665165670361964
0.7493087560511084
2.1449449474390785
0.994935473502714
0.9999804645045136
1.0223116141578932
0.3211989948321861
0.47823737973373565
0.4180516809055297
0.7867263226506588
0.6995874722673245
1.3027353439526477
1.964650172986198
0.6591633082317294
0.7780338161907104
0.9192606084757194
0.8258426017204261
0.7910725758806328
1.7693308339955767
0.9999804645045136
1.0947335732536951
0.3240330302155054
1.3389541208690992
0.7031389925375948
0.6683411910982263
0.7351026749700272
0.7823800694206845
0.8889906624649216
0.6561040139428972
0.7910725758806328
0.7823800694206845
1.223054034736455
2.039772995674898
0.692484431726784
0.8789006804613224
0.6818298709159731
0.8128038420305037
0.7279996344294867
0.843585743448725
0.7693413097307621
0.8388813614103486
0.2985267117656317
0.8041113355705553
1.1671555323494973
0.8214963484904519
0.39041561600513947
0.9848454914991147
0.9646655274919163
0.7137935533484056
0.9697105184937159
1.0102412876419262
0.7493087560511084
0.6285703653434064
1.6367442264823902
0.7693413097307621
0.8990806444685209
0.8637657074559235
1.281004077802777
0.7066905128078651
0.37487032949867
0.9142156174739199
0.6591633082317294
0.9898904825009145
0.8171500952604778
0.7564117965916489
1.0524874304478107
0.8536757254523242
0.7736875629607363
0.7997650823405812
1.309979099335938
0.7386541952402975
0.6853813911862434
0.6782783506457029
0.8990806444685209
0.6683411910982263
0.9041256354703207
0.4912694045271241
0.6408075424987356
0.6224517767657419
0.6499854253652326
1.3967797241911195
0.8688106984577232
0.7528602763213786
1.0826632467377282
1.2592728116529064
0.9596205364901165
0.7244481141592164
0.5452347652540434
0.8345351081803745
0.8990806444685209
0.7386541952402975
1.1249093895436126
0.26735232254911956
0.4999574210560498
0.634688953921071
0.7386541952402975
0.8688106984577232
0.6960359519970543
0.7422057155105678
2.2951905928164793
0.8839456714631221
1.223054034736455
0.5144945885863614
0.843585743448725
0.7736875629607363
1.3547086886733606
0.3817793457237675
0.8587207164541238
0.46954936320481006
0.9444855634847177
0.9142156174739199
0.6818298709159731
0.7564117965916489
0.7693413097307621
1.0886984099957118
1.2013227685865842
1.6280201600923485
0.495613412791587
1.9796747375239376
0.7102420330781354
1.4556791739159818
1.0645577569637779
0.43479729708910747
1.413608138398223
0.7606488032708139
0.4977854169238184
0.31553092406554756
0.7823800694206845
0.301360747148951
0.8041113355705553
0.6995874722673245
1.309979099335938
0.843585743448725
0.9192606084757194
4.531920888811908
0.39732463223023706
2.235092334665519
0.6285703653434064
0.843585743448725
0.3240330302155054
0.979800500497315
0.7279996344294867
0.9697105184937159
0.9091706264721202
0.7997650823405812
0.9495305544865174
0.7173450736186758
0.40250639439906016
0.7910725758806328
0.47172136733704145
0.8258426017204261
1.2158102793531647
1.1550852058335301
0.843585743448725
0.7102420330781354
2.3252397218919594
0.5836599860886459
0.8839456714631221
0.8839456714631221
1.0283467774158768
0.7386541952402975
0.994935473502714
1.0102412876419262
0.7279996344294867
0.329701100982144
0.7736875629607363
1.2882478331860674
0.5862216674776194
1.0826632467377282
0.7386541952402975
0.994935473502714
0.7208965938889462
0.6747268303754326
1.2085665239698744
0.532426358309176
1.5061644165372925
1.1007687365116785
0.7910725758806328
1.3715371028804644
0.979800500497315
0.9192606084757194
0.7208965938889462
0.7208965938889462
0.9243055994775191
0.8345351081803745
0.39387012411768824
0.3472342645982798
0.8889906624649216
1.0223116141578932
1.0645577569637779
0.954575545488317
0.7386541952402975
0.8688106984577232
1.0162764508999098
0.8587207164541238
1.0283467774158768
0.8041113355705553
0.8486307344505246
0.7457572357808381
0.8084575888005295
0.29002460561567384
0.8128038420305037
0.7823800694206845
0.9596205364901165
1.0223116141578932
0.8688106984577232
0.8084575888005295
1.046452267189827
1.3317103654858087
0.8171500952604778
0.7386541952402975
0.7102420330781354
0.8301888549504003
0.8214963484904519
0.7997650823405812
4.019487985866892
0.9343955814811182
0.8041113355705553
0.8128038420305037
0.7606488032708139
0.8587207164541238
1.0524874304478107
2.174994076514559
0.8345351081803745
1.3462944815698088
0.6995874722673245
0.37487032949867
1.654192359262473
0.9596205364901165
0.5093712258084144
0.3835065997800419
0.8637657074559235
0.8637657074559235
0.8738556894595229
0.7102420330781354
0.6714004853870587
0.8041113355705553
0.6469261310764003
0.7528602763213786
1.0524874304478107
0.634688953921071
0.40941541062415776
0.9747555094955155
0.8084575888005295
0.6818298709159731
0.6995874722673245
0.7102420330781354
0.8041113355705553
0.7693413097307621
0.8301888549504003
3.3018364168450645
1.1128390630276457
0.9898904825009145
1.1188742262856293
0.8084575888005295
0.7137935533484056
0.7693413097307621
0.7823800694206845
0.4977854169238184
0.7386541952402975
0.954575545488317
0.6889329114565137
1.130944552801596
1.0766280834797446
1.0162764508999098
0.764995056500788
1.379951309984016
0.7102420330781354
0.7244481141592164
0.8214963484904519
1.1369797160595796
1.3389541208690992
0.8789006804613224
0.7386541952402975
0.4326252929568761
0.692484431726784
0.7693413097307621
0.7910725758806328
0.7823800694206845
0.692484431726784
0.8839456714631221
0.7693413097307621
0.8258426017204261
1.070592920221761
0.8128038420305037
0.4869253962626613
0.8214963484904519
0.8128038420305037
0.8637657074559235
0.6591633082317294
0.8084575888005295
0.9343955814811182
1.3462944815698088
1.9346010439107173
1.0947335732536951
0.8587207164541238
0.939440572482918
0.954575545488317
0.9293505904793189
0.8587207164541238
1.0343819406738604
0.8301888549504003
1.0223116141578932
0.9091706264721202
0.939440572482918
0.843585743448725
0.9091706264721202
0.643866836787568
1.9195764793729775
0.7351026749700272
0.7997650823405812
1.6280201600923485
2.640755577184501
0.6469261310764003
2.114895818363599
1.549503562581975
1.0223116141578932
1.1671555323494973
0.8637657074559235
0.6224517767657419
0.8084575888005295
0.8688106984577232
0.7528602763213786
1.1369797160595796
0.692484431726784
0.7823800694206845
1.0645577569637779
0.33395215405712286
0.39041561600513947
0.7351026749700272
0.9646655274919163
0.9848454914991147
1.3317103654858087
0.36450680516102363
0.8345351081803745
0.8789006804613224
0.3714158213861212
0.8084575888005295
0.7867263226506588
0.6995874722673245
0.8345351081803745
1.0645577569637779
0.4180516809055297
0.9293505904793189
1.1795915024367134
0.7208965938889462
0.421765272295719
0.9343955814811182
0.4934414086593555
0.7279996344294867
1.0050254555063132
0.6469261310764003
0.7528602763213786
0.7066905128078651
1.0102412876419262
1.829429092146537
1.309979099335938
1.0223116141578932
0.8214963484904519
0.28860758792401425
0.7066905128078651
1.1868352578200039
1.6716404920425563
1.2882478331860674
0.643866836787568
2.52055906088258
0.9192606084757194
0.8084575888005295
0.6224517767657419
0.6995874722673245
0.7173450736186758
0.7736875629607363
1.0283467774158768
1.0947335732536951
0.4521733301469587
0.7564117965916489
0.939440572482918
0.6255110710545742
0.8041113355705553
0.954575545488317
1.0223116141578932
1.1490500425755465
2.0247484311371577
0.8688106984577232
0.7823800694206845
1.1007687365116785
0.6285703653434064
0.9898904825009145
0.8486307344505246
0.7386541952402975
0.731551154699757
3.6046613501494984
1.3715371028804644
0.31553092406554756
0.6469261310764003
0.6499854253652326
0.5021294251882812
0.8637657074559235
0.7493087560511084
0.5068095444194409
1.0585225937057943
0.6255110710545742
0.3226160125238457
1.1490500425755465
0.7031389925375948
1.964650172986198
0.9747555094955155
0.8688106984577232
0.8345351081803745
0.9848454914991147
0.2999437294572914
1.2882478331860674
0.9192606084757194
0.7066905128078651
0.7867263226506588
0.9495305544865174
0.7422057155105678
0.495613412791587
0.9041256354703207
0.8536757254523242
0.3472342645982798
0.731551154699757
0.843585743448725
0.8587207164541238
1.2302977901197452
0.9747555094955155
2.2801660282787393
1.223054034736455
0.30419478253227034
0.40941541062415776
1.070592920221761
0.6782783506457029
1.0524874304478107
1.8895273502974974
0.5298646769202024
0.7736875629607363
0.6071553053215802
1.1128390630276457
0.979800500497315
0.7528602763213786
0.8041113355705553
0.9142156174739199
0.7386541952402975
0.7066905128078651
0.3126968886822282
0.8388813614103486
0.994935473502714
0.634688953921071
0.795418829110607
1.0404171039318437
0.7102420330781354
0.7910725758806328
1.6803645584325977
0.9293505904793189
0.9041256354703207
0.7244481141592164
0.6102145996104126
0.7102420330781354
0.634688953921071
0.8587207164541238
0.9041256354703207
0.7386541952402975
0.6102145996104126
0.37832483761121877
0.9142156174739199
0.3869611078925907
0.6561040139428972
2.926222303401562
0.26735232254911956
1.0162764508999098
0.8258426017204261
0.8536757254523242
0.8688106984577232
0.5554814908099374
1.2302977901197452
0.7564117965916489
0.33395215405712286
0.9495305544865174
0.7867263226506588
0.7823800694206845
1.0524874304478107
0.7528602763213786
0.3558705348796517
0.7279996344294867
1.549503562581975
0.795418829110607
0.6071553053215802
0.7351026749700272
0.9495305544865174
0.7910725758806328
0.7564117965916489
0.8738556894595229
1.3389541208690992
0.7693413097307621
0.30561180022393003
0.6193924824769096
1.8594782212220173
0.8171500952604778
0.8789006804613224
0.7693413097307621
0.9243055994775191
0.8839456714631221
0.7693413097307621
0.2758544286990774
0.7736875629607363
0.8688106984577232
0.7066905128078651
0.7528602763213786
0.9697105184937159
0.7031389925375948
0.643866836787568
0.30561180022393003
2.7158783998732017
0.7279996344294867
0.28719057023235456
0.795418829110607
0.8789006804613224
0.2701863579324388
0.7493087560511084
0.8688106984577232
0.643866836787568
1.619296093702307
0.9596205364901165
0.8789006804613224
0.7693413097307621
0.40250639439906016
1.0162764508999098
0.954575545488317
0.45000132601472737
0.7137935533484056
1.413608138398223
0.6714004853870587
0.7997650823405812
0.3183649594488668
0.9848454914991147
0.7066905128078651
1.3244666101025186
0.9192606084757194
0.7823800694206845
1.2882478331860674
0.6469261310764003
0.29144162330733353
1.1671555323494973
0.7867263226506588
1.2665165670361964
1.1611203690915135
0.7422057155105678
1.0886984099957118
1.2013227685865842
0.764995056500788
0.7137935533484056
0.8486307344505246
0.6995874722673245
0.8214963484904519
0.8345351081803745
1.829429092146537
0.7493087560511084
0.9848454914991147
0.27443741100741775
0.7997650823405812
0.522179632753282
0.8889906624649216
0.5734132605327519
0.6561040139428972
1.1188742262856293
0.8214963484904519
1.0162764508999098
0.764995056500788
0.8637657074559235
1.130944552801596
0.9646655274919163
0.8214963484904519
0.5759749419217254
0.8789006804613224
0.8214963484904519
0.43914130535357027
0.6747268303754326
0.9898904825009145
1.6942080113068767
0.31127987099056853
0.7693413097307621
0.8084575888005295
0.9495305544865174
0.8388813614103486
1.046452267189827
0.7910725758806328
0.329701100982144
1.0947335732536951
0.634688953921071
1.0886984099957118
0.46086134667588435
1.1007687365116785
0.8990806444685209
0.692484431726784
0.9142156174739199
0.8486307344505246
0.795418829110607
0.6469261310764003
0.994935473502714
2.46046080273162
1.8594782212220173
0.764995056500788
0.4076881565678834
0.8587207164541238
0.29427565869065286
0.3282840832904843
0.6853813911862434
0.6995874722673245
0.7564117965916489
0.8990806444685209
0.8345351081803745
0.795418829110607
0.7493087560511084
0.954575545488317
0.7780338161907104
0.8688106984577232
0.28860758792401425
1.3715371028804644
1.566951695362058
0.29144162330733353
0.6714004853870587
0.8587207164541238
0.8128038420305037
0.939440572482918
0.843585743448725
0.421765272295719
1.654192359262473
0.7457572357808381
0.8486307344505246
0.7208965938889462
0.8388813614103486
0.41114266468043215
0.6408075424987356
0.2999437294572914
0.6782783506457029
0.692484431726784
0.4521733301469587
0.7564117965916489
0.6469261310764003
0.764995056500788
1.0283467774158768
0.7386541952402975
0.5021294251882812
0.9192606084757194
0.7564117965916489
1.106803899769662
0.8345351081803745
0.3489615186545542
0.7066905128078651
