665.0
640.0
643.0
638.0
690.0
608.0
614.0
654.0
654.0
632.0
698.0
585.0
472.0
647.0
650.0
648.0
621.0
681.0
640.0
659.0
463.0
656.0
673.0
716.0
702.0
718.0
669.0
646.0
628.0
660.0
665.0
763.0
651.0
657.0
631.0
628.0
650.0
668.0
672.0
741.0
594.0
669.0
685.0
639.0
648.0
474.0
617.0
528.0
672.0
480.0
698.0
545.0
698.0
575.0
690.0
491.0
716.0
652.0
708.0
619.0
698.0
618.0
754.0
764.0
631.0
620.0
667.0
589.0
687.0
647.0
637.0
711.0
653.0
615.0
744.0
786.0
608.0
666.0
652.0
789.0
614.0
690.0
555.0
613.0
490.0
622.0
629.0
682.0
540.0
610.0
632.0
671.0
672.0
698.0
651.0
662.0
645.0
467.0
678.0
680.0
670.0
757.0
683.0
704.0
617.0
672.0
788.0
639.0
669.0
749.0
657.0
665.0
714.0
742.0
674.0
668.0
666.0
602.0
615.0
586.0
629.0
613.0
764.0
704.0
612.0
653.0
717.0
690.0
759.0
609.0
640.0
638.0
509.0
564.0
641.0
645.0
682.0
700.0
642.0
650.0
830.0
644.0
606.0
630.0
668.0
628.0
656.0
685.0
632.0
595.0
597.0
693.0
714.0
822.0
510.0
634.0
744.0
810.0
613.0
659.0
650.0
653.0
646.0
699.0
679.0
681.0
628.0
638.0
738.0
639.0
667.0
709.0
657.0
505.0
632.0
640.0
659.0
648.0
669.0
661.0
757.0
642.0
651.0
646.0
705.0
689.0
676.0
628.0
648.0
620.0
652.0
613.0
912.0
698.0
558.0
474.0
636.0
822.0
706.0
614.0
636.0
666.0
680.0
671.0
701.0
680.0
725.0
682.0
670.0
679.0
640.0
628.0
666.0
653.0
716.0
702.0
654.0
635.0
561.0
616.0
629.0
651.0
517.0
637.0
598.0
634.0
682.0
634.0
694.0
654.0
596.0
514.0
635.0
712.0
724.0
631.0
709.0
605.0
610.0
626.0
683.0
657.0
636.0
794.0
683.0
630.0
734.0
688.0
637.0
630.0
628.0
689.0
797.0
637.0
604.0
628.0
711.0
682.0
884.0
665.0
632.0
623.0
611.0
667.0
733.0
658.0
666.0
544.0
746.0
565.0
574.0
584.0
672.0
635.0
690.0
720.0
667.0
658.0
758.0
661.0
456.0
626.0
649.0
541.0
608.0
758.0
653.0
696.0
613.0
663.0
772.0
615.0
605.0
661.0
640.0
648.0
628.0
655.0
717.0
657.0
669.0
706.0
616.0
694.0
636.0
714.0
1135.0
675.0
664.0
774.0
625.0
608.0
533.0
597.0
773.0
781.0
635.0
485.0
469.0
729.0
640.0
603.0
713.0
782.0
688.0
697.0
686.0
640.0
608.0
754.0
654.0
693.0
625.0
682.0
630.0
682.0
730.0
631.0
531.0
653.0
681.0
606.0
679.0
635.0
670.0
471.0
729.0
673.0
643.0
611.0
621.0
751.0
629.0
645.0
717.0
494.0
621.0
656.0
598.0
767.0
687.0
699.0
676.0
654.0
626.0
673.0
641.0
683.0
663.0
628.0
710.0
712.0
695.0
741.0
658.0
672.0
645.0
650.0
662.0
694.0
628.0
682.0
709.0
657.0
648.0
802.0
474.0
696.0
608.0
627.0
699.0
473.0
512.0
612.0
631.0
771.0
596.0
642.0
672.0
653.0
657.0
638.0
695.0
651.0
610.0
645.0
655.0
669.0
646.0
770.0
661.0
708.0
620.0
634.0
658.0
710.0
756.0
730.0
776.0
482.0
613.0
634.0
757.0
486.0
658.0
620.0
612.0
640.0
690.0
641.0
757.0
649.0
613.0
667.0
593.0
634.0
616.0
642.0
614.0
692.0
633.0
691.0
929.0
729.0
638.0
679.0
646.0
620.0
679.0
624.0
961.0
603.0
676.0
630.0
528.0
628.0
619.0
648.0
750.0
622.0
656.0
693.0
652.0
651.0
651.0
646.0
501.0
621.0
653.0
715.0
729.0
682.0
694.0
635.0
631.0
641.0
519.0
636.0
713.0
620.0
621.0
772.0
661.0
598.0
653.0
621.0
664.0
641.0
653.0
855.0
653.0
603.0
744.0
651.0
662.0
642.0
616.0
745.0
540.0
654.0
626.0
619.0
697.0
629.0
685.0
628.0
652.0
626.0
621.0
489.0
608.0
648.0
636.0
725.0
612.0
638.0
634.0
630.0
646.0
658.0
716.0
617.0
720.0
628.0
644.0
758.0
669.0
443.0
465.0
654.0
486.0
649.0
648.0
702.0
536.0
624.0
685.0
624.0
625.0
667.0
719.0
730.0
680.0
729.0
672.0
649.0
713.0
614.0
576.0
666.0
790.0
800.0
610.0
642.0
634.0
630.0
654.0
627.0
690.0
658.0
626.0
446.0
596.0
683.0
596.0
642.0
652.0
561.0
626.0
771.0
651.0
656.0
606.0
618.0
645.0
797.0
677.0
667.0
613.0
537.0
640.0
628.0
649.0
705.0
624.0
484.0
608.0
660.0
650.0
624.0
673.0
515.0
646.0
461.0
619.0
651.0
614.0
512.0
631.0
657.0
690.0
667.0
783.0
629.0
643.0
621.0
647.0
647.0
654.0
605.0
634.0
648.0
616.0
613.0
661.0
633.0
722.0
653.0
689.0
533.0
496.0
653.0
765.0
634.0
894.0
614.0
645.0
502.0
612.0
621.0
629.0
701.0
651.0
646.0
744.0
622.0
634.0
661.0
641.0
529.0
550.0
625.0
675.0
592.0
756.0
712.0
692.0
529.0
825.0
610.0
643.0
654.0
531.0
621.0
658.0
509.0
629.0
651.0
615.0
638.0
677.0
814.0
612.0
452.0
613.0
756.0
651.0
669.0
628.0
701.0
673.0
613.0
642.0
623.0
626.0
632.0
654.0
734.0
622.0
612.0
641.0
458.0
703.0
630.0
715.0
640.0
791.0
677.0
581.0
630.0
634.0
665.0
554.0
663.0
682.0
744.0
724.0
626.0
688.0
645.0
643.0
694.0
635.0
702.0
770.0
674.0
667.0
653.0
512.0
548.0
636.0
598.0
603.0
644.0
611.0
678.0
648.0
693.0
610.0
447.0
607.0
513.0
649.0
630.0
489.0
650.0
615.0
622.0
640.0
736.0
622.0
618.0
643.0
656.0
653.0
715.0
633.0
750.0
458.0
724.0
628.0
660.0
653.0
711.0
626.0
617.0
710.0
653.0
478.0
644.0
701.0
779.0
624.0
529.0
611.0
670.0
639.0
638.0
461.0
612.0
632.0
620.0
630.0
690.0
644.0
725.0
642.0
673.0
634.0
643.0
696.0
775.0
628.0
727.0
610.0
702.0
520.0
703.0
624.0
619.0
606.0
635.0
491.0
625.0
644.0
641.0
622.0
646.0
639.0
639.0
718.0
720.0
644.0
