1.203637515045018
1.5566675804681116
0.7219696063682876
1.1355561355284307
0.7878890695601108
0.8763369743454844
0.6623690349486008
0.6736561061631174
2.8355230549445567
0.4797747224539895
0.680558034763856
1.048646042521197
0.8763369743454844
0.7150676777675491
1.0834100797240904
0.783955486772459
0.7357734635697649
0.6707095308163693
0.8669113649310828
2.9950299302409062
0.8716241696382838
0.7357734635697649
0.819357731861327
0.7392244278701342
0.3359323034295509
0.7323224992693956
0.5633203536550336
0.23562412491494966
0.5705703536550336
0.7564792493719807
1.3656205205798588
1.2800289271011704
0.4973647759050701
1.5204468536848006
0.7288715349690263
0.823291314648979
0.7996898179230669
0.8621985602238819
1.0254700177192682
0.8154241490736749
0.9093266072958908
0.6874599633645946
0.3484495649445727
1.4041690308930748
0.7760883211971549
0.7564792493719807
0.8763369743454844
0.8154241490736749
0.42114121095038753
0.2399889880264068
0.7012638205660718
1.2175268626915914
0.40839704196576954
0.7721547384095029
0.9470290449534982
0.9658802637823017
0.7426753921705034
0.7426753921705034
0.9753058731967035
1.0834100797240904
0.9753058731967035
0.8951881931742881
1.4170185343308135
0.4973647759050701
0.9140394120030918
0.29070335444368733
0.690910927664964
0.27002726347872114
1.0312640239197501
0.819357731861327
0.6736561061631174
0.6840089990642252
0.8036234007107189
1.1529381541298773
0.9093266072958908
0.8527729508094801
1.3286416438641764
0.6512483737915759
0.62622688618827
0.49931922628852354
0.8390256457995869
0.9658802637823017
1.3216969700408898
2.1815448662295247
1.5702503530118528
1.6200538523389054
0.8390256457995869
0.7918226523477628
0.6206665556097577
0.7603539900465469
0.9046138025886901
0.8574857555166809
0.654028539080832
0.8621985602238819
0.5984252332957081
0.8350920630119351
1.141350141728913
0.6373475473452949
0.7323224992693956
1.4041690308930748
0.7323224992693956
0.8527729508094801
0.43091346286765453
0.7603539900465469
0.8390256457995869
0.7461263564708728
0.9423162402462972
1.0082955061471097
0.3320555363736197
0.6736561061631174
0.7323224992693956
1.481266051519507
1.1007920983255373
0.5077370203217002
0.6840089990642252
0.5198203536550335
1.8146790530479215
1.8465804281071914
0.7323224992693956
0.7495773207712422
1.003582701439909
0.9611674590751007
1.1471441479293951
2.0539393659924454
1.1828034935751583
1.5883607164035083
0.8763369743454844
0.6840089990642252
0.680558034763856
0.38788869456378117
1.123968123127466
0.9941570920255072
0.9187522167102927
0.7603539900465469
0.7392244278701342
1.0544400487216792
0.7116167134671798
0.36107008642271937
1.2314162103381645
2.2931996789369697
1.66080216997013
1.1897481673984451
0.9187522167102927
0.2764885419052731
0.654028539080832
1.0196760115187857
0.7081657491668105
1.6743849425138717
0.38788869456378117
0.8311584802242831
1.0138820053183035
0.7682211556218508
0.7185186420679184
0.39735408567239117
0.654028539080832
1.0082955061471097
1.5069650583949845
0.7878890695601108
0.819357731861327
1.3286416438641764
0.5439870203217002
1.2800289271011704
1.5204468536848006
0.690910927664964
0.7918226523477628
0.725420570668657
0.7495773207712422
0.951741849660699
0.7047147848664411
0.951741849660699
0.783955486772459
0.8527729508094801
1.1529381541298773
0.783955486772459
0.7603539900465469
0.5488203536550335
0.7918226523477628
0.7357734635697649
0.725420570668657
0.7495773207712422
0.7288715349690263
0.5246536869883669
0.7760883211971549
0.9046138025886901
0.7642875728341988
1.2591949056313108
0.7760883211971549
1.5340296262285422
0.7918226523477628
0.9423162402462972
0.345294434575036
0.9234650214174935
0.7150676777675491
0.7116167134671798
0.48368362322089625
0.8480601461022791
0.6943618919653333
0.7081657491668105
0.8311584802242831
0.7800219039848069
0.7185186420679184
0.3281787693176885
1.042852036320715
0.6067657291634767
0.807556983498371
0.25452019525499653
0.783955486772459
1.0544400487216792
0.7682211556218508
0.811490566286023
0.8810497790526854
0.8904753884670872
0.783955486772459
0.47000247053672256
0.5319036869883669
0.807556983498371
0.7150676777675491
1.0776160735236082
2.420805179174049
1.687073552810842
0.7603539900465469
1.3216969700408898
0.6874599633645946
0.8716241696382838
0.8669113649310828
0.8390256457995869
0.6512483737915759
0.8433473413950783
0.7642875728341988
0.6840089990642252
0.8154241490736749
1.2383608841614508
0.8904753884670872
1.3913195274553363
0.951741849660699
1.6789125333617854
0.7426753921705034
0.9894442873183064
0.7878890695601108
1.0892040859245726
0.31396395677927424
0.9281778261246945
1.0776160735236082
1.1587321603303595
0.6623690349486008
0.6840089990642252
0.7219696063682876
1.3527710171421201
0.6679293655271131
2.564361366940763
0.4036643464114645
0.690910927664964
0.4289590124842011
0.9423162402462972
0.9328906308318955
0.3736906079008661
0.2868265873877561
0.9187522167102927
0.8154241490736749
0.5850703536550336
0.819357731861327
0.8036234007107189
0.7918226523477628
0.690910927664964
0.690910927664964
1.2869736009244568
3.0747833678890806
0.9140394120030918
1.1828034935751583
0.9234650214174935
0.8904753884670872
0.8857625837598864
0.6771070704634867
0.819357731861327
0.951741849660699
0.8857625837598864
0.6512483737915759
0.8810497790526854
0.2984568885555496
1.633636624882647
0.5536536869883669
1.203637515045018
0.9140394120030918
0.6206665556097577
1.5747779438597667
0.823291314648979
1.0196760115187857
0.7012638205660718
1.2939182747477433
0.7760883211971549
0.6943618919653333
0.62622688618827
0.4367768140180147
1.1761141789318061
1.6109986706430777
0.8036234007107189
0.7495773207712422
0.7495773207712422
0.654028539080832
0.9423162402462972
1.042852036320715
0.9894442873183064
1.071822067323126
0.7530282850716115
1.1355561355284307
0.9328906308318955
2.006087303403541
0.36422521679225606
1.1828034935751583
1.6109986706430777
1.687073552810842
0.2532279395696861
0.6623690349486008
0.6707095308163693
0.7682211556218508
1.1471441479293951
1.0949980921250548
0.7150676777675491
1.1065861045260195
1.0196760115187857
1.5566675804681116
0.951741849660699
0.3673803471617927
1.597415898099336
0.8154241490736749
0.62622688618827
0.7150676777675491
1.048646042521197
0.819357731861327
0.7760883211971549
1.4555670446440296
0.8951881931742881
0.7185186420679184
0.7081657491668105
1.071822067323126
0.7012638205660718
0.811490566286023
0.6707095308163693
0.690910927664964
0.8716241696382838
0.7047147848664411
0.8433473413950783
0.7642875728341988
0.654028539080832
0.6595888696593445
0.6095458944527329
0.819357731861327
1.0776160735236082
1.164526166530842
0.807556983498371
2.2612983038777
0.8350920630119351
0.6512483737915759
0.5246536869883669
1.5793055347076808
0.2519923615829139
1.0254700177192682
0.7047147848664411
0.7392244278701342
0.6874599633645946
0.7878890695601108
0.7185186420679184
1.734925615399747
0.6943618919653333
0.6067657291634767
1.1703201727313242
0.6512483737915759
1.2314162103381645
0.9234650214174935
1.123968123127466
0.2751962862199627
0.7918226523477628
0.7682211556218508
0.7996898179230669
0.3359323034295509
0.3421393042054994
1.3913195274553363
1.1297621293279483
0.7288715349690263
1.2314162103381645
1.141350141728913
0.690910927664964
1.1587321603303595
0.819357731861327
0.9046138025886901
0.6595888696593445
0.819357731861327
0.7150676777675491
0.7012638205660718
0.7081657491668105
1.003582701439909
2.0539393659924454
0.811490566286023
0.7185186420679184
3.0907340554187157
1.8625311156368263
0.819357731861327
0.29716463287023925
0.9234650214174935
0.8669113649310828
0.8311584802242831
0.654028539080832
0.31913297952051584
0.8036234007107189
0.7682211556218508
0.35949252123795106
1.0602340549221614
0.7878890695601108
0.783955486772459
0.7012638205660718
0.951741849660699
0.7288715349690263
0.8154241490736749
1.252250231808024
1.003582701439909
0.6623690349486008
0.8390256457995869
0.9894442873183064
1.5657227621639394
0.8621985602238819
0.9140394120030918
1.0776160735236082
0.9470290449534982
0.62622688618827
0.8763369743454844
0.8350920630119351
2.1815448662295247
0.6840089990642252
0.8904753884670872
0.6978128562657026
1.0544400487216792
1.538557217076456
0.8390256457995869
0.3847335641942444
0.2855343317024458
0.8574857555166809
0.6978128562657026
0.6943618919653333
1.3008629485710301
1.0776160735236082
0.7047147848664411
1.633636624882647
0.6771070704634867
1.1897481673984451
0.807556983498371
0.47000247053672256
0.7564792493719807
0.8716241696382838
0.811490566286023
1.9901366158739058
0.7116167134671798
0.9800186779039044
0.6943618919653333
0.7800219039848069
1.0544400487216792
1.252250231808024
0.7185186420679184
0.654028539080832
0.582653686988367
1.0312640239197501
0.7603539900465469
1.3784700240175976
0.6512483737915759
0.827224897436631
1.1123801107265017
0.7603539900465469
0.7760883211971549
0.7800219039848069
0.3468719997598043
1.2800289271011704
0.823291314648979
0.6978128562657026
0.6943618919653333
0.5536536869883669
0.8951881931742881
1.0370580301202323
1.2383608841614508
0.6012053985849644
0.7918226523477628
0.6840089990642252
0.680558034763856
0.8904753884670872
1.4041690308930748
0.32430200226175737
0.7426753921705034
0.7357734635697649
0.8763369743454844
0.807556983498371
1.942284553285001
2.19749555375916
1.0312640239197501
1.1966928412217317
0.3126717010939639
0.29328786581430816
0.7426753921705034
0.9941570920255072
0.35318226049887774
0.8763369743454844
0.6943618919653333
0.9988698967327081
0.9470290449534982
0.2751962862199627
0.7426753921705034
0.6651492002378568
0.823291314648979
0.2399889880264068
0.24326263535999962
0.7682211556218508
0.35949252123795106
0.9705930684895027
0.7682211556218508
0.6178863903205015
0.8390256457995869
0.7495773207712422
1.0138820053183035
0.8350920630119351
0.7878890695601108
0.7603539900465469
0.7185186420679184
0.8036234007107189
0.30491816698210156
0.24980993002718532
0.7392244278701342
0.6401277126345511
0.9705930684895027
0.8857625837598864
2.0539393659924454
0.725420570668657
0.9847314826111054
0.7185186420679184
0.6978128562657026
0.8904753884670872
0.8390256457995869
0.6095458944527329
0.807556983498371
1.1297621293279483
0.9847314826111054
0.6874599633645946
0.899900997881489
0.7530282850716115
0.8311584802242831
0.9046138025886901
1.0254700177192682
0.807556983498371
1.6109986706430777
1.3286416438641764
0.7461263564708728
0.783955486772459
0.8350920630119351
0.7323224992693956
0.3941989553028545
1.1587321603303595
1.1897481673984451
1.0138820053183035
0.3847335641942444
0.28811884307306657
1.0138820053183035
0.8716241696382838
0.7461263564708728
0.9847314826111054
0.6651492002378568
0.7495773207712422
0.823291314648979
0.7357734635697649
1.0082955061471097
0.2984568885555496
0.811490566286023
1.0196760115187857
1.2800289271011704
1.3216969700408898
1.003582701439909
0.7760883211971549
0.9046138025886901
1.0138820053183035
0.6512483737915759
0.7323224992693956
0.819357731861327
2.19749555375916
0.9611674590751007
1.6426918065784746
0.8904753884670872
1.538557217076456
1.5204468536848006
0.823291314648979
0.9140394120030918
0.7185186420679184
0.654028539080832
1.4298680377685522
0.811490566286023
0.7081657491668105
0.8390256457995869
0.6345673820560388
0.819357731861327
0.7081657491668105
0.8904753884670872
0.7530282850716115
1.0254700177192682
0.4934558751381633
0.7603539900465469
1.1587321603303595
0.7564792493719807
0.7530282850716115
1.3656205205798588
0.7461263564708728
0.8574857555166809
0.7426753921705034
0.951741849660699
1.5159192628368867
0.783955486772459
0.3152562124645847
0.6151062250312453
0.7185186420679184
0.819357731861327
0.7760883211971549
0.2855343317024458
0.8904753884670872
1.2939182747477433
0.9046138025886901
0.7392244278701342
0.8904753884670872
1.2453055579847376
0.7392244278701342
1.2869736009244568
0.9753058731967035
0.811490566286023
0.7682211556218508
0.7116167134671798
0.3516046953141094
1.003582701439909
0.9753058731967035
0.951741849660699
0.8810497790526854
0.654028539080832
1.597415898099336
0.8036234007107189
0.7957562351354149
0.8621985602238819
1.0602340549221614
1.0660280611226436
0.29587237718492887
0.2855343317024458
1.1529381541298773
0.819357731861327
1.638164215730561
0.8621985602238819
0.27002726347872114
0.9705930684895027
1.6472193974263885
0.5222370203217003
0.7721547384095029
0.7530282850716115
0.6317872167667825
0.807556983498371
1.5657227621639394
0.7642875728341988
0.6707095308163693
0.7012638205660718
0.62622688618827
0.9658802637823017
0.4524124170856419
1.0602340549221614
0.690910927664964
0.8527729508094801
0.5778203536550336
0.8154241490736749
1.1123801107265017
0.6978128562657026
0.9281778261246945
0.7185186420679184
0.9658802637823017
0.7564792493719807
0.7682211556218508
1.1529381541298773
0.783955486772459
0.8154241490736749
1.3527710171421201
1.1587321603303595
0.2751962862199627
0.8311584802242831
0.9140394120030918
0.23780655647067822
0.7426753921705034
0.6429078779238073
0.7495773207712422
0.4739113713036293
0.725420570668657
0.7530282850716115
0.7564792493719807
2.404854491644414
0.7878890695601108
0.8527729508094801
0.823291314648979
0.6317872167667825
0.9423162402462972
0.9281778261246945
0.8311584802242831
0.8527729508094801
0.7530282850716115
0.6978128562657026
0.8857625837598864
4.579687782664158
0.951741849660699
0.9187522167102927
0.7426753921705034
0.6151062250312453
0.8390256457995869
0.7288715349690263
0.22580318291417117
0.4289590124842011
0.5874870203217003
0.7760883211971549
0.8480601461022791
1.633636624882647
0.9281778261246945
1.4170185343308135
0.7957562351354149
0.690910927664964
0.501273676671977
0.7996898179230669
0.8036234007107189
0.8857625837598864
0.3126717010939639
1.1529381541298773
0.6874599633645946
1.6698573516659578
1.2105821888683046
0.7996898179230669
0.8311584802242831
0.8390256457995869
0.7323224992693956
0.8763369743454844
0.8480601461022791
2.2612983038777
1.266139579454597
0.7800219039848069
0.8390256457995869
0.7185186420679184
1.141350141728913
1.048646042521197
1.0834100797240904
0.229076830247764
1.1761141789318061
0.7219696063682876
0.8036234007107189
0.2476274984714568
1.0834100797240904
0.6651492002378568
1.0776160735236082
0.8433473413950783
0.6874599633645946
0.6345673820560388
0.7461263564708728
0.7392244278701342
0.8036234007107189
0.7323224992693956
0.7081657491668105
0.7495773207712422
1.2800289271011704
0.725420570668657
0.6840089990642252
0.7878890695601108
1.442717541206291
1.7987283655182866
0.819357731861327
0.7323224992693956
1.6517469882743023
0.9564546543679
0.6943618919653333
3.791026231087007
0.7288715349690263
0.9470290449534982
1.718974927870112
0.7918226523477628
0.3421393042054994
2.4846079292925882
