0.9797310730075264
0.6034063937631623
0.7046812759030047
0.6902124586987035
0.9017478797302153
1.562705588721449
1.696771251688299
0.7300017060105315
0.6093921588877174
0.6793608457954777
0.8109623063860124
1.157564345333677
0.6482996321973259
0.8269054343480978
1.23012185396686
0.9212436780495431
0.3995698110303398
0.8308912163386191
0.737236114612682
0.7631329224997563
0.6482996321973259
0.5884780056566093
0.7790760504618417
0.633335219385938
0.6482996321973259
0.6602711624464362
0.9017478797302153
0.5704528984918817
0.6243565716991053
0.9651092242680305
0.6512925147596035
0.6793608457954777
0.7263845017094562
0.8676302326713918
0.9066218293100472
0.8149480883765339
0.7082984802040798
0.9748571234276944
0.783061832452363
0.7010640716019293
0.926117627629375
0.7010640716019293
0.6829780500965529
0.7671187044902776
0.9212436780495431
16.24078125618708
1.535146877634611
1.008974770486518
0.8229196523575765
0.6793608457954777
0.722767297408381
0.6722426926955465
0.6363281019482155
0.7191500931073058
1.0148708140505385
0.5833279750381157
0.8919999805705514
0.8308912163386191
0.7790760504618417
1.1754010367440695
0.580752959728869
0.6482996321973259
0.737236114612682
1.1278365263163563
0.6938296629997789
0.6602711624464362
1.1397276539232846
0.6363281019482155
0.7263845017094562
0.7263845017094562
0.9358655267890389
1.0267619416574667
1.278277273189764
0.6063992763254398
0.9358655267890389
0.6602711624464362
0.7671187044902776
0.7155328888062304
0.6722426926955465
0.6482996321973259
0.7408533189137574
0.4421891625547529
0.6722426926955465
0.783061832452363
0.6829780500965529
0.843260484772232
0.6363281019482155
0.737236114612682
0.737236114612682
0.7870476144428844
0.6632640450087138
1.157564345333677
0.8773781318310557
1.1957251259505
0.43808672353036265
0.40630724343570734
0.6793608457954777
1.2989153099995796
0.6183708065745501
0.612385041449995
0.6512925147596035
0.7082984802040798
1.0862175796921076
0.6902124586987035
0.6213636891368277
0.7191500931073058
0.8676302326713918
0.8109623063860124
0.7444705232148325
0.6829780500965529
0.7082984802040798
0.6602711624464362
0.6602711624464362
2.01731872223577
0.697446867300854
0.5833279750381157
1.696771251688299
1.0445986330678592
0.7046812759030047
0.7082984802040798
0.6423138670727708
0.7910333964334056
0.6512925147596035
0.8822520814108876
0.9699831738478624
0.7119156845051552
0.6183708065745501
0.6572782798841587
0.6662569275709914
0.8149480883765339
0.7082984802040798
0.8388627803196619
1.038653069264395
0.6063992763254398
0.7910333964334056
0.737236114612682
0.6542853973218811
0.6004135112008847
0.759147140509235
0.6004135112008847
0.6632640450087138
0.7046812759030047
0.7010640716019293
0.6602711624464362
0.557577821945648
1.544333114663557
0.7950191784239271
0.4688550162132895
1.415059996454989
0.843260484772232
0.7300017060105315
0.8229196523575765
0.5627278525641415
0.6393209845104932
0.7671187044902776
0.5781779444196221
1.278277273189764
0.737236114612682
0.8348769983291405
0.7082984802040798
0.6757436414944025
0.6063992763254398
0.6512925147596035
0.5653028678733883
1.7404822703993175
0.5974206286386071
0.4180977501451005
2.323295853212901
0.9163697284697112
0.6602711624464362
0.6273494542613828
0.697446867300854
0.6243565716991053
0.6512925147596035
1.2989153099995796
0.7790760504618417
0.7910333964334056
0.7750902684713203
0.6393209845104932
0.6938296629997789
0.6757436414944025
0.45244526011572844
1.163509909137141
0.7444705232148325
0.534402684162427
0.8029907424049697
0.5781779444196221
1.7987636286806756
1.0445986330678592
0.722767297408381
0.6393209845104932
0.6512925147596035
0.6632640450087138
0.6034063937631623
0.8773781318310557
1.2438805451734039
0.8229196523575765
0.4668037967010944
1.1888457803472279
0.6093921588877174
0.7480877275159079
0.6722426926955465
0.7010640716019293
0.9358655267890389
1.2507598907766757
0.8388627803196619
0.9407394763688708
1.3643209315982772
0.591434863514052
0.633335219385938
0.5112275463792059
0.5627278525641415
1.2989153099995796
0.6093921588877174
0.5704528984918817
0.6938296629997789
0.7408533189137574
0.6938296629997789
1.0267619416574667
0.3978854529289979
0.7950191784239271
0.6865952543976284
0.6093921588877174
0.8308912163386191
1.5902642998082865
1.7987636286806756
0.6183708065745501
0.5678778831826351
1.1397276539232846
0.8968739301503834
0.7155328888062304
0.8308912163386191
0.8388627803196619
1.181966434743956
0.9797310730075264
0.6303423368236604
0.8348769983291405
0.848134434352064
0.5859029903473625
0.6722426926955465
0.4257794064571919
0.930991577209207
0.9212436780495431
0.8149480883765339
0.8109623063860124
0.8388627803196619
0.6063992763254398
1.1456732177267488
0.633335219385938
0.7750902684713203
0.7790760504618417
0.5781779444196221
1.2989153099995796
0.7517049318169831
1.3643209315982772
0.7790760504618417
0.6423138670727708
0.759147140509235
0.8388627803196619
1.2989153099995796
0.6542853973218811
0.722767297408381
0.5859029903473625
0.6662569275709914
1.1337820901198206
0.6662569275709914
0.6662569275709914
0.9943529217470221
0.5163775769976994
0.5781779444196221
0.9407394763688708
0.737236114612682
0.7046812759030047
0.783061832452363
0.49346965035963086
1.271397927586492
1.0267619416574667
0.7336189103116068
0.5884780056566093
0.6063992763254398
0.9456134259487028
0.7082984802040798
0.7480877275159079
0.7408533189137574
0.8149480883765339
0.6662569275709914
1.004100820906686
0.7010640716019293
1.2989153099995796
0.9358655267890389
1.347407909979373
0.6512925147596035
1.0267619416574667
0.6004135112008847
1.181966434743956
0.6183708065745501
0.7631329224997563
0.9456134259487028
0.7671187044902776
0.7517049318169831
0.759147140509235
1.0802720158886434
0.5833279750381157
0.5678778831826351
0.6303423368236604
0.6757436414944025
1.0921631434955719
0.6542853973218811
0.633335219385938
1.1694554729406053
0.9163697284697112
1.0743264520851794
0.6632640450087138
0.5498527760179077
0.6393209845104932
0.8578823335117279
0.633335219385938
0.5833279750381157
0.848134434352064
0.6063992763254398
0.6902124586987035
0.8308912163386191
0.7010640716019293
0.6542853973218811
0.7300017060105315
0.7191500931073058
0.5627278525641415
0.6938296629997789
0.5498527760179077
0.771104486480799
0.6793608457954777
0.8676302326713918
0.669249810133269
0.8578823335117279
0.6793608457954777
0.9651092242680305
0.848134434352064
0.8149480883765339
0.3928323786249722
0.5627278525641415
0.783061832452363
0.8109623063860124
0.5781779444196221
0.7408533189137574
0.5112275463792059
0.6482996321973259
0.8388627803196619
0.7990049604144485
0.7631329224997563
0.9992268713268541
0.7631329224997563
0.6602711624464362
0.8871260309907195
0.5884780056566093
0.4688550162132895
1.1754010367440695
1.7259119308289779
0.759147140509235
1.0267619416574667
0.843260484772232
0.7790760504618417
0.7517049318169831
0.6482996321973259
0.6482996321973259
1.3643209315982772
0.6865952543976284
0.8109623063860124
2.061029740946788
0.7517049318169831
0.9943529217470221
0.6572782798841587
0.6034063937631623
0.7444705232148325
0.7155328888062304
1.0267619416574667
0.7517049318169831
0.5292526535439335
0.6757436414944025
0.6423138670727708
0.6273494542613828
1.398146974836085
0.6363281019482155
0.6243565716991053
0.8388627803196619
0.9212436780495431
1.0624353244782512
1.109999834905964
0.7990049604144485
0.783061832452363
0.9163697284697112
0.7119156845051552
0.5704528984918817
0.9212436780495431
0.6303423368236604
0.853008383931896
0.6757436414944025
0.7870476144428844
0.6093921588877174
1.645381721981962
0.6632640450087138
0.7671187044902776
0.722767297408381
0.6602711624464362
0.9504873755285347
0.6303423368236604
0.5944277460763295
0.6273494542613828
0.8308912163386191
0.6303423368236604
0.722767297408381
0.7263845017094562
0.6213636891368277
0.7870476144428844
0.633335219385938
0.7119156845051552
0.6512925147596035
0.8968739301503834
0.6602711624464362
1.2026044715537718
0.7950191784239271
0.6542853973218811
0.6542853973218811
0.7155328888062304
0.7155328888062304
0.7046812759030047
1.440429528883345
1.3333120380159398
0.8388627803196619
1.2163631627603155
0.6153779240122726
0.7950191784239271
0.7010640716019293
0.7082984802040798
0.697446867300854
0.7870476144428844
0.926117627629375
0.9212436780495431
0.633335219385938
0.5974206286386071
2.206733136650184
1.2645185819832199
0.6393209845104932
1.2989153099995796
0.737236114612682
0.8627562830915599
0.5781779444196221
1.457342550502249
0.5678778831826351
0.7010640716019293
0.722767297408381
0.6393209845104932
0.926117627629375
0.6829780500965529
0.783061832452363
0.7480877275159079
0.6034063937631623
0.9748571234276944
0.8149480883765339
0.9066218293100472
0.6938296629997789
0.9066218293100472
0.7119156845051552
0.843260484772232
0.7155328888062304
0.5833279750381157
0.43193306499377726
0.8149480883765339
0.4914184308474357
0.8109623063860124
1.1159453987094283
0.6243565716991053
0.7010640716019293
0.8229196523575765
1.0208163778540025
0.6183708065745501
0.737236114612682
0.9504873755285347
0.5189525923069462
0.6793608457954777
0.5944277460763295
0.45859891865231384
1.004100820906686
0.6482996321973259
1.271397927586492
0.7910333964334056
1.0683808882817152
0.7263845017094562
0.6793608457954777
1.23012185396686
1.004100820906686
0.6793608457954777
0.9358655267890389
0.7155328888062304
0.7046812759030047
0.9992268713268541
0.40630724343570734
0.737236114612682
0.6482996321973259
0.7750902684713203
0.6213636891368277
0.737236114612682
0.5601528372548947
0.8269054343480978
0.8029907424049697
1.4657990613117011
0.6757436414944025
0.5704528984918817
0.612385041449995
0.783061832452363
0.633335219385938
0.6482996321973259
0.5730279138011286
3.928027216143632
0.6063992763254398
0.8029907424049697
0.7444705232148325
0.6938296629997789
0.41472903394241667
0.6662569275709914
0.7010640716019293
0.6303423368236604
0.8388627803196619
1.8133339682510154
1.9881780430950904
0.5833279750381157
1.0267619416574667
0.6004135112008847
0.783061832452363
0.5944277460763295
1.3195533468093958
0.7155328888062304
2.4398585697756174
0.6632640450087138
0.6034063937631623
0.8968739301503834
1.121890962512892
0.853008383931896
0.6793608457954777
0.7046812759030047
0.8308912163386191
0.6482996321973259
0.5944277460763295
1.3643209315982772
0.9456134259487028
0.7910333964334056
0.47500867474987485
0.759147140509235
0.6572782798841587
1.278277273189764
0.5884780056566093
0.6153779240122726
0.5704528984918817
0.7336189103116068
0.7082984802040798
0.4257794064571919
1.008974770486518
0.6793608457954777
0.5318276688531802
0.6183708065745501
0.6213636891368277
0.5653028678733883
0.759147140509235
0.6004135112008847
0.6273494542613828
1.0445986330678592
0.6063992763254398
0.6303423368236604
0.7631329224997563
0.6393209845104932
0.521527607616193
1.499625104549509
1.0624353244782512
0.6632640450087138
0.783061832452363
0.5060775157607124
0.8109623063860124
0.9163697284697112
0.8269054343480978
0.5472777607086609
0.6902124586987035
0.8069765243954911
1.6178230108951244
0.6865952543976284
0.722767297408381
0.5704528984918817
0.612385041449995
0.7480877275159079
0.930991577209207
0.7082984802040798
0.6153779240122726
0.7082984802040798
0.9163697284697112
0.759147140509235
0.8109623063860124
0.591434863514052
0.6183708065745501
0.6482996321973259
0.5678778831826351
0.8229196523575765
0.6793608457954777
1.440429528883345
1.0208163778540025
0.7790760504618417
0.7444705232148325
0.8968739301503834
1.415059996454989
0.7119156845051552
0.8308912163386191
0.5833279750381157
0.6542853973218811
0.6034063937631623
0.6034063937631623
0.9992268713268541
0.7631329224997563
0.41472903394241667
1.645381721981962
0.4544964796279236
0.6602711624464362
0.5601528372548947
0.7790760504618417
0.737236114612682
1.2989153099995796
1.7259119308289779
0.8348769983291405
0.737236114612682
0.8871260309907195
0.7263845017094562
0.7010640716019293
0.6183708065745501
0.7082984802040798
0.6482996321973259
0.7191500931073058
0.8109623063860124
0.6793608457954777
0.6662569275709914
0.5944277460763295
0.8109623063860124
0.6393209845104932
0.6034063937631623
0.5704528984918817
0.8269054343480978
0.6153779240122726
1.1694554729406053
0.7790760504618417
0.6902124586987035
0.9992268713268541
0.6183708065745501
0.6865952543976284
0.4668037967010944
0.5833279750381157
0.9894789721671902
0.5704528984918817
0.4544964796279236
0.926117627629375
0.8627562830915599
0.7300017060105315
0.7790760504618417
1.389690464026633
0.8773781318310557
1.278277273189764
0.6512925147596035
0.7750902684713203
1.535146877634611
0.5704528984918817
0.7082984802040798
0.6902124586987035
0.591434863514052
0.783061832452363
0.7408533189137574
0.9553613251083666
0.5704528984918817
0.6722426926955465
0.6512925147596035
0.9748571234276944
0.5627278525641415
0.4914184308474357
0.783061832452363
0.697446867300854
0.5833279750381157
0.7480877275159079
0.7155328888062304
0.9066218293100472
0.6632640450087138
0.5601528372548947
1.5718918257503949
0.6722426926955465
0.7155328888062304
0.5472777607086609
0.6865952543976284
1.0743264520851794
1.1957251259505
0.5833279750381157
0.5859029903473625
2.01731872223577
0.9017478797302153
0.5472777607086609
0.8627562830915599
0.6902124586987035
0.6363281019482155
0.6512925147596035
1.6729404330687998
0.6902124586987035
0.6757436414944025
0.9797310730075264
0.557577821945648
0.9894789721671902
1.0862175796921076
0.853008383931896
0.697446867300854
0.6902124586987035
0.7300017060105315
0.5498527760179077
0.843260484772232
0.843260484772232
0.6303423368236604
0.6303423368236604
0.8109623063860124
0.6153779240122726
0.6482996321973259
0.7082984802040798
1.2094838171570437
1.157564345333677
1.0564897606747872
0.8308912163386191
0.4544964796279236
0.843260484772232
0.4360355040181675
0.8968739301503834
0.444240382066948
0.6183708065745501
0.5833279750381157
0.8109623063860124
0.7082984802040798
0.7517049318169831
0.6153779240122726
0.4647525771888993
0.9846050225873583
0.6482996321973259
0.5292526535439335
0.6213636891368277
0.6722426926955465
0.843260484772232
0.7191500931073058
0.7082984802040798
2.556421286338334
0.5781779444196221
0.737236114612682
0.580752959728869
0.5944277460763295
1.2645185819832199
0.848134434352064
0.8871260309907195
0.6865952543976284
0.6722426926955465
0.6303423368236604
0.6393209845104932
1.553519351692503
0.633335219385938
0.5944277460763295
0.6393209845104932
0.633335219385938
1.163509909137141
0.6183708065745501
0.6542853973218811
0.6063992763254398
1.0208163778540025
0.7790760504618417
0.8308912163386191
0.40630724343570734
0.6902124586987035
