1.4115690221657762
0.7612506643917852
0.8721779919914363
0.7536396110301836
0.9223869472153169
0.32925553296842996
1.2070840004864256
1.0784045935247055
0.9876585890063616
0.9575332158720333
0.707586536051245
0.7975180338215888
0.8822197830362123
0.8176665723937018
1.0252141507980714
0.8822197830362123
0.7111290802803942
0.7773694952494756
1.7249262987205618
0.41048632694375237
2.3298030639165974
1.7249262987205618
1.5749777815096455
0.9173660516929287
0.8822197830362123
0.8520944099018841
1.3328148974963923
0.4326740676671499
0.8420526188571078
2.4330747067549443
1.443868590096645
0.8671570964690483
2.5953587169294905
0.8872406785586006
0.8297556955369697
1.4680932660447967
0.9023033651257647
0.2687132197385467
0.7536396110301836
1.013394052414375
0.9023033651257647
1.4680932660447967
0.29023937555361634
1.0252141507980714
0.27544014343075607
0.7854289106783209
0.735926889884438
0.49395655491514595
1.0370342491817681
0.8015477415360114
0.9525123203496452
1.1020447902920985
1.8134448497248596
0.7536396110301836
0.9223869472153169
0.9575332158720333
1.2699494489914087
1.5942778388819918
0.6934163591346486
0.9223869472153169
1.1020447902920985
0.7536396110301836
0.9424705293048692
0.7894586183927434
1.007742171095914
0.8621362009466601
0.6635418610542249
1.3188447978286182
0.8136368646792792
0.6053210233941348
1.149325183826884
0.7323843456552889
0.7536396110301836
0.7430119783427362
0.6315204003411754
0.9826376934839736
1.2210541001541997
1.3792694542349073
0.669363944820234
0.9073242606481527
0.43880231639194944
0.6635418610542249
0.6489866516392024
0.9374496337824811
1.339799947330279
0.5676232577344787
0.6664529029372294
0.8015477415360114
0.6460756097561979
1.2140690503203124
1.2559793493236349
0.9474914248272571
0.8337854032513923
1.0724945443328575
0.8176665723937018
0.7394694341135871
1.0027212755735257
0.6460756097561979
0.9474914248272571
0.7288418014261396
0.9725959024391975
0.9675750069168093
0.7430119783427362
0.9876585890063616
0.704043991822096
0.707586536051245
0.8176665723937018
0.403855142240421
0.7975180338215888
1.9757288598994056
0.3063839924149186
1.1375050854431876
0.7894586183927434
0.9123451561705407
0.9926794845287498
2.6396179924316394
0.7323843456552889
0.6898738149054995
0.7612506643917852
0.7465545225718853
0.41711751164708377
0.6227872746921619
1.167055331402429
0.8216962801081245
1.149325183826884
0.7430119783427362
1.4923179419929484
1.0843146427165538
2.19702523741015
0.735926889884438
0.735926889884438
0.8216962801081245
0.9977003800511377
0.44288781554181583
0.7612506643917852
0.6198762328091574
1.6954201150524624
0.3756726072512627
0.6315204003411754
0.7111290802803942
2.0494943190696535
1.403494130183059
1.0784045935247055
0.6934163591346486
0.5193191464890133
0.8922615740809885
0.7146716245095434
0.7394694341135871
0.707586536051245
1.2559793493236349
1.2420092496558608
0.9474914248272571
0.8096071569648566
0.7323843456552889
0.8096071569648566
0.9023033651257647
0.29831168398426744
0.735926889884438
0.7146716245095434
1.4923179419929484
1.0193041016062232
0.7773694952494756
0.7652803721062079
1.6714780683713781
0.9023033651257647
0.7005014475929467
0.7217567129678415
0.7005014475929467
1.1552352330187325
1.0193041016062232
0.6402535259901889
0.847073514379496
0.6227872746921619
0.9876585890063616
0.8922615740809885
0.9023033651257647
0.7975180338215888
0.7430119783427362
1.0370342491817681
1.0606744459491608
0.8571153054242721
0.8822197830362123
0.669363944820234
0.7323843456552889
0.26602245026166305
1.9314695843972565
0.9876585890063616
0.9926794845287498
0.7693100798206305
1.007742171095914
1.4519434820793622
0.7465545225718853
1.2769344988252957
0.7536396110301836
0.8721779919914363
0.3375432952071074
0.8621362009466601
1.1931139008186515
1.143415134635036
1.2070840004864256
1.8281979415589094
1.7544324823886612
0.6863312706763505
1.013394052414375
0.8096071569648566
0.8571153054242721
0.7652803721062079
0.32521937875310447
0.6969589033637977
0.3640680340204328
1.0370342491817681
1.4761681580275139
1.6954201150524624
1.2909045984930698
0.735926889884438
0.39059277283375826
0.9625541113944213
2.403568523086845
0.6792461822180521
0.6722749867032384
1.1256849870594916
1.0784045935247055
1.2000989506525384
0.9023033651257647
0.8297556955369697
0.8520944099018841
0.7652803721062079
0.7733397875350532
0.9525123203496452
1.172965380594277
0.6635418610542249
0.6792461822180521
1.0311241999899199
0.9876585890063616
0.6898738149054995
1.7986917578908102
0.9073242606481527
1.2280391499880865
0.7536396110301836
0.8571153054242721
0.7693100798206305
0.9274078427377048
0.8872406785586006
0.5244037897780096
0.7813992029638982
1.09613474110025
2.344556155750646
1.172965380594277
0.9073242606481527
0.6664529029372294
1.0606744459491608
0.704043991822096
0.5965878977451213
0.9926794845287498
0.7612506643917852
0.8671570964690483
1.1611452822105808
1.3873443462176245
0.6489866516392024
0.3171470703224533
0.33598245666063925
0.7182141687386924
1.536377666764952
0.9073242606481527
0.3657258301962657
0.8671570964690483
0.6548087354052115
1.2769344988252957
1.0311241999899199
0.7288418014261396
1.2140690503203124
0.8520944099018841
0.8922615740809885
0.7465545225718853
0.7465545225718853
2.167519053742051
0.9675750069168093
0.40882853076791953
1.5003928339756656
0.7465545225718853
0.9173660516929287
0.7182141687386924
0.8771988875138242
0.8822197830362123
0.7894586183927434
0.847073514379496
0.669363944820234
0.8216962801081245
0.7975180338215888
0.382303791954594
1.2559793493236349
1.2070840004864256
0.6460756097561979
1.3631196702694728
0.40717073459208664
1.2140690503203124
0.7252992571969906
1.632877953626685
0.7975180338215888
0.9424705293048692
1.661828039685205
0.9073242606481527
0.7854289106783209
0.8420526188571078
1.6135778962543383
1.0843146427165538
0.8420526188571078
0.8015477415360114
0.9424705293048692
0.8337854032513923
0.8015477415360114
1.2559793493236349
0.8571153054242721
0.9876585890063616
0.2808216823845234
1.09613474110025
0.7894586183927434
0.7733397875350532
0.7813992029638982
1.3954192382003419
0.9625541113944213
0.7854289106783209
0.7733397875350532
1.2978896483269569
0.9123451561705407
0.7252992571969906
0.7693100798206305
0.7652803721062079
1.842951033392959
0.8420526188571078
0.5828771876014679
0.6934163591346486
0.7288418014261396
1.0843146427165538
0.9675750069168093
1.013394052414375
0.8216962801081245
0.9073242606481527
1.4600183740620796
0.9675750069168093
0.44493056511674905
0.6664529029372294
1.2769344988252957
1.1256849870594916
1.0606744459491608
0.6722749867032384
0.932428738260093
0.9223869472153169
0.8822197830362123
0.7975180338215888
0.5879618308904642
0.5965878977451213
1.0606744459491608
0.8922615740809885
1.0784045935247055
0.6227872746921619
0.8822197830362123
1.1020447902920985
0.8015477415360114
0.7934883261071661
1.4115690221657762
2.0199881354015545
0.8216962801081245
0.6548087354052115
0.7854289106783209
0.8822197830362123
0.9474914248272571
0.9474914248272571
0.8520944099018841
0.7465545225718853
0.8922615740809885
1.3792694542349073
0.8176665723937018
1.1256849870594916
1.0547643967573126
1.304874698160844
0.8571153054242721
0.8216962801081245
0.7182141687386924
0.9675750069168093
0.39059277283375826
0.5879618308904642
0.6969589033637977
0.9725959024391975
0.6827887264472012
0.8096071569648566
0.9675750069168093
0.7430119783427362
0.7693100798206305
0.7652803721062079
0.7536396110301836
0.9173660516929287
1.0606744459491608
0.7217567129678415
1.1611452822105808
0.5472846845784933
0.8297556955369697
0.33598245666063925
0.8771988875138242
1.8577041252270083
0.8216962801081245
1.6714780683713781
0.707586536051245
0.7934883261071661
0.7612506643917852
0.7182141687386924
0.7182141687386924
0.6315204003411754
0.7182141687386924
1.167055331402429
0.9525123203496452
1.149325183826884
1.2210541001541997
1.0311241999899199
0.8136368646792792
0.8571153054242721
0.7612506643917852
0.6227872746921619
2.403568523086845
0.9675750069168093
0.8671570964690483
0.7854289106783209
1.3792694542349073
0.8420526188571078
1.339799947330279
1.3873443462176245
1.1315950362513394
1.3469698863040385
0.7572209566773627
0.5574539711564861
0.8571153054242721
0.2969662992458256
0.7652803721062079
1.0843146427165538
0.7975180338215888
0.7733397875350532
0.2915847602920582
1.066584495141009
0.9575332158720333
0.3319463024453137
1.5749777815096455
0.8257259878225471
0.735926889884438
0.8520944099018841
0.669363944820234
0.4224603197924838
0.8176665723937018
1.09613474110025
0.8922615740809885
1.2000989506525384
0.9073242606481527
1.0547643967573126
0.7111290802803942
0.7430119783427362
0.8922615740809885
0.7430119783427362
0.6757036379889031
1.5003928339756656
0.8822197830362123
0.8216962801081245
0.7111290802803942
0.6635418610542249
1.2489942994897478
0.36904142254793143
0.34417447991043876
0.657719777288216
0.8621362009466601
1.6135778962543383
0.7323843456552889
1.1197749378676431
0.8378151109658148
0.6934163591346486
1.0843146427165538
0.8771988875138242
0.8257259878225471
0.7252992571969906
0.8420526188571078
0.6863312706763505
2.2117783292442
0.8216962801081245
0.8822197830362123
0.7323843456552889
0.6722749867032384
0.8176665723937018
0.28216706712296524
0.7975180338215888
1.0027212755735257
0.7217567129678415
0.9977003800511377
0.9424705293048692
0.8671570964690483
0.3010024534611511
1.1791438011508775
0.6344314422241799
0.9123451561705407
1.4519434820793622
0.7252992571969906
0.7652803721062079
0.7252992571969906
0.7111290802803942
0.735926889884438
0.7288418014261396
1.0311241999899199
0.7693100798206305
0.7252992571969906
0.7252992571969906
1.5556777241372985
0.9876585890063616
0.5269461114225079
1.7101732068865119
0.7813992029638982
0.8136368646792792
0.932428738260093
0.8216962801081245
0.3319463024453137
0.7773694952494756
0.8822197830362123
1.167055331402429
0.7217567129678415
0.5752502226679733
0.7572209566773627
0.704043991822096
0.7652803721062079
0.7572209566773627
0.7111290802803942
0.8096071569648566
0.5244037897780096
0.6373424841071844
0.7975180338215888
0.8015477415360114
0.7182141687386924
1.172965380594277
0.9274078427377048
0.8055774492504341
0.8571153054242721
0.27544014343075607
0.7975180338215888
0.8922615740809885
1.1020447902920985
0.8015477415360114
0.9274078427377048
0.9274078427377048
1.0488543475654644
1.661828039685205
0.9826376934839736
0.9223869472153169
0.6863312706763505
0.8771988875138242
0.8136368646792792
0.7652803721062079
0.735926889884438
0.6082320652771395
1.5846278101958187
1.2140690503203124
0.7572209566773627
0.8297556955369697
0.707586536051245
0.7773694952494756
1.403494130183059
0.6898738149054995
0.8671570964690483
0.7854289106783209
0.9826376934839736
0.7693100798206305
0.7005014475929467
0.8420526188571078
0.8721779919914363
0.7975180338215888
0.7733397875350532
0.7572209566773627
0.6227872746921619
1.4196439141484933
0.8872406785586006
0.6489866516392024
1.007742171095914
0.611143107160144
0.9474914248272571
0.7500970668010344
0.669363944820234
0.7612506643917852
0.7252992571969906
0.40717073459208664
0.28216706712296524
0.7252992571969906
0.932428738260093
0.8822197830362123
1.1861288509847643
1.842951033392959
1.1197749378676431
0.4154597154712509
0.7934883261071661
0.9073242606481527
1.960975768065356
0.6489866516392024
0.9625541113944213
0.8922615740809885
0.28889399081517453
0.6635418610542249
0.8176665723937018
1.9314695843972565
1.2699494489914087
0.6722749867032384
0.8055774492504341
0.9977003800511377
0.9374496337824811
0.8671570964690483
0.3607524416687672
0.669363944820234
0.8922615740809885
0.4154597154712509
0.8055774492504341
0.8216962801081245
0.669363944820234
0.8055774492504341
0.7813992029638982
1.1079548394839467
0.6827887264472012
0.7813992029638982
0.9575332158720333
0.8055774492504341
0.8216962801081245
0.3872771804820926
0.8015477415360114
0.9073242606481527
0.9926794845287498
0.5828771876014679
0.7934883261071661
0.41380191929541804
0.8922615740809885
0.6664529029372294
0.6635418610542249
0.7465545225718853
0.8671570964690483
0.6489866516392024
0.2781309129076397
1.007742171095914
0.5549116495119879
0.6082320652771395
0.8972824696033765
1.5170776093926053
1.3328148974963923
1.4842430500102313
0.6664529029372294
0.9123451561705407
0.8136368646792792
1.5084677259583827
0.8015477415360114
0.6827887264472012
1.6135778962543383
0.4306313180922166
0.9173660516929287
1.6039278675681652
0.6548087354052115
0.9424705293048692
0.34583227608627165
0.9023033651257647
0.9073242606481527
1.9314695843972565
0.4633153112911479
0.6024099815111305
0.8671570964690483
0.41048632694375237
1.2280391499880865
0.9575332158720333
0.7288418014261396
0.6898738149054995
0.9123451561705407
0.8297556955369697
2.034741227235604
0.5574539711564861
0.28889399081517453
0.8972824696033765
1.3550447782867556
0.7652803721062079
0.2687132197385467
0.7430119783427362
0.7854289106783209
0.6934163591346486
0.7465545225718853
0.707586536051245
1.0370342491817681
0.707586536051245
0.7182141687386924
0.542200041289497
0.8420526188571078
0.8621362009466601
1.7986917578908102
0.7975180338215888
0.7005014475929467
1.2769344988252957
1.113864888675795
0.8378151109658148
0.8972824696033765
0.6227872746921619
1.3328148974963923
0.7536396110301836
0.7536396110301836
0.704043991822096
0.8055774492504341
1.0843146427165538
0.6757036379889031
0.6548087354052115
0.611143107160144
1.0843146427165538
1.304874698160844
0.6792461822180521
0.32387399401466255
0.7182141687386924
0.8872406785586006
0.2619862960463375
0.9073242606481527
1.0606744459491608
0.8721779919914363
1.0547643967573126
0.9374496337824811
0.8972824696033765
0.8297556955369697
0.3706992187237642
0.8297556955369697
0.9274078427377048
0.8771988875138242
0.7500970668010344
0.9274078427377048
0.434716817242083
1.9314695843972565
0.8176665723937018
0.8571153054242721
0.7182141687386924
0.6256983165751664
0.8671570964690483
0.5021275532148789
0.8337854032513923
0.5965878977451213
0.8922615740809885
1.167055331402429
0.704043991822096
1.1079548394839467
0.9073242606481527
2.300296880248498
0.542200041289497
0.9274078427377048
0.8721779919914363
0.37733040342709556
1.1020447902920985
1.090224691908402
0.7813992029638982
0.7773694952494756
0.9474914248272571
0.7465545225718853
1.9757288598994056
0.7182141687386924
0.6827887264472012
0.7430119783427362
0.669363944820234
0.7733397875350532
0.7500970668010344
1.4115690221657762
0.8520944099018841
0.669363944820234
0.7693100798206305
0.7394694341135871
0.7111290802803942
