1.5640499789407487
0.3434976228175828
1.0003213706730085
0.8949140295807972
0.88989463238593
1.781419147942355
1.1624085606950363
1.040964517373737
0.9149916183602661
0.9250304127500003
0.9953019734781412
1.9441313104610425
0.8748364408013283
1.3701114005409858
0.9300498099448675
0.864797646411594
1.3458517851563707
0.9099722211653989
0.8547588520218595
0.8056168907603798
0.9551467959192037
0.6110744226250502
1.1320475498647116
0.8398909610609402
1.010603506543412
1.203797205833445
0.990282576283274
1.1813705391667781
0.6043464226250501
0.5012244290134724
0.5798794727725103
0.9551467959192037
0.9601661931140709
1.6216856157197324
1.4994960159256017
1.010603506543412
1.4590633236179091
0.3750326591428698
0.9250304127500003
1.0591811238719318
1.010603506543412
2.1216354877541566
0.940088604334602
1.010603506543412
1.071325528204062
1.022747910875542
1.4671498620794479
0.3789745386835307
1.016675708709477
1.0652533260379966
0.5976184226250502
1.2561260947223336
0.9149916183602661
1.1745529650271662
0.864797646411594
1.3781979390025245
0.9752243846986723
2.7872761526033343
0.7670585616722493
1.0003213706730085
1.040964517373737
0.7799113380349596
0.8748364408013283
0.8056168907603798
0.9752243846986723
0.5908904226250502
0.7205540648844818
2.9351963003475956
1.0834699325361916
1.1259753476986463
0.32804591657086024
0.9802437818935396
1.0470367195398018
1.0003213706730085
0.4893290966230905
1.1441919541968413
1.022747910875542
2.0328833991076
2.964780329896448
1.053108921705867
0.9802437818935396
1.1684807628611014
0.8949140295807972
0.9451080015294692
2.4174757832426796
2.432267798017106
1.9293392956866164
0.9752243846986723
1.263601650277889
2.239971605949566
1.2336994280556668
0.7469768656026147
1.3781979390025245
0.8949140295807972
0.5746116995185172
0.8356067022733702
1.040964517373737
0.3888292375351829
0.9501273987243365
0.940088604334602
9.047539832065308
1.3701114005409858
1.196321650277889
1.525626221088093
1.3458517851563707
1.2336994280556668
0.5908904226250502
0.8497394548269923
0.7756270792473895
0.9953019734781412
0.990282576283274
0.6716264226250501
0.9250304127500003
0.8848752351910627
1.016675708709477
1.4994960159256017
0.9953019734781412
0.9049528239705317
1.2112727613890002
0.8597782492167267
1.3943710159256013
0.5509067198755481
1.6024737367934045
0.864797646411594
1.0288201130416068
1.0652533260379966
0.9702049875038053
2.239971605949566
1.0895421347022567
0.8099011495479499
1.2336994280556668
1.3781979390025245
0.8547588520218595
0.9099722211653989
4.702280753724688
0.3671489000615481
1.0470367195398018
0.46315936536425034
0.8547588520218595
1.2561260947223336
0.7054553216169773
1.2785527613890002
0.8999334267756645
0.8141854083355199
0.940088604334602
0.8999334267756645
0.8447200576321251
0.441747767061563
0.8398909610609402
0.9350692071397347
1.1077587412004517
1.5448381000144211
1.0834699325361916
1.1441919541968413
0.6245304226250502
0.9149916183602661
1.1199031455325816
0.5113984204705997
1.3620248620794473
0.8398909610609402
1.8701712365889118
0.9200110155551331
0.6346224226250502
0.46791749832040314
0.7756270792473895
1.1624085606950363
1.0895421347022567
1.071325528204062
0.8313224434858001
1.4428902466948323
1.2336994280556668
0.9049528239705317
0.441747767061563
1.1563363585289714
0.8141854083355199
2.062467428656452
1.022747910875542
1.5640499789407487
0.3249511603611087
1.1199031455325816
0.3342354289903635
1.4752364005409861
1.4833229390025247
1.1624085606950363
1.0470367195398018
0.7713428204598195
1.4590633236179091
0.8013326319728097
1.203797205833445
1.1077587412004517
1.4590633236179091
0.3612360807505567
0.8547588520218595
1.2112727613890002
0.9551467959192037
1.3159305391667782
1.1563363585289714
0.990282576283274
1.040964517373737
1.1441919541968413
1.022747910875542
1.0288201130416068
1.022747910875542
1.040964517373737
1.040964517373737
1.2486505391667782
1.1684807628611014
2.8464442117010385
1.203797205833445
1.0591811238719318
0.9250304127500003
1.0053407678678756
1.040964517373737
0.8698170436064611
2.166011532077435
0.9501273987243365
2.3435157093705494
0.8398909610609402
0.33114067278061193
0.8270381846982301
0.8056168907603798
0.6903565783494728
1.1138309433665166
1.8849632513633379
1.3159305391667782
1.4671498620794479
1.0652533260379966
0.9099722211653989
0.9350692071397347
1.1077587412004517
1.5640499789407487
0.6648984226250501
0.3651779602912176
0.9551467959192037
1.0053407678678756
1.1888460947223336
0.864797646411594
2.432267798017106
0.42509430171502827
0.9551467959192037
0.8313224434858001
1.5075825543871402
4.945555269200534
0.8497394548269923
0.864797646411594
0.8798558379961955
0.8547588520218595
1.1259753476986463
1.1199031455325816
0.864797646411594
0.8999334267756645
0.3671489000615481
1.5075825543871402
1.034892315207672
3.972457207297151
1.5352321605512573
0.6752578350819683
1.0834699325361916
1.6216856157197324
0.9601661931140709
1.016675708709477
2.062467428656452
1.1813705391667781
0.8547588520218595
1.034892315207672
0.6211664226250502
0.8748364408013283
0.8398909610609402
1.040964517373737
1.022747910875542
1.0288201130416068
0.9752243846986723
1.2860283169445559
1.1624085606950363
1.4267171697717551
0.9852631790884068
0.88989463238593
1.386284477464063
0.9300498099448675
1.5352321605512573
1.6216856157197324
1.034892315207672
0.9953019734781412
0.9300498099448675
0.8313224434858001
0.9501273987243365
1.0834699325361916
1.1684807628611014
1.0003213706730085
2.7429001082800557
1.0773977303701268
1.6312915551828961
0.8748364408013283
1.0003213706730085
0.7884798556100997
1.4428902466948323
0.7243287507013578
1.1259753476986463
1.1563363585289714
1.8405872070400593
0.940088604334602
0.9551467959192037
1.2561260947223336
0.8748364408013283
0.9953019734781412
1.0003213706730085
0.8798558379961955
0.8748364408013283
0.8698170436064611
1.2336994280556668
0.990282576283274
0.9250304127500003
0.9250304127500003
0.37306171937253935
0.9300498099448675
1.679321252498716
1.0591811238719318
0.5036034954915487
1.040964517373737
0.3750326591428698
0.7841955968225295
0.8356067022733702
0.8398909610609402
0.9651855903089381
8.418586840612317
0.4893290966230905
0.8597782492167267
0.8798558379961955
0.8547588520218595
0.5166661937245929
1.9441313104610425
1.010603506543412
1.4671498620794479
1.2112727613890002
0.990282576283274
2.506227871889237
0.35729420120989586
0.3908001773055133
0.8798558379961955
0.7884798556100997
1.3943710159256013
2.594979960535794
1.196321650277889
1.4994960159256017
1.988507354784321
1.0288201130416068
0.9601661931140709
0.864797646411594
1.1381197520307764
0.9752243846986723
0.9099722211653989
1.010603506543412
1.9293392956866164
0.864797646411594
1.5928677973302405
0.9802437818935396
0.8398909610609402
1.5352321605512573
1.3383572058334448
2.876028241249891
0.9953019734781412
1.1563363585289714
1.0470367195398018
0.9350692071397347
0.9451080015294692
0.9651855903089381
1.1199031455325816
1.2860283169445559
0.5061306472166066
1.0591811238719318
0.82275392591066
1.3943710159256013
0.9551467959192037
1.3458517851563707
0.8999334267756645
0.8141854083355199
2.1808035468518616
0.8698170436064611
0.6144384226250502
1.040964517373737
1.2262238725001113
1.1684807628611014
0.37306171937253935
2.7429001082800557
0.5298356268595756
0.8949140295807972
1.0053407678678756
1.0895421347022567
0.7432021797857387
1.3458517851563707
0.3691198398318785
0.9953019734781412
0.8798558379961955
0.9350692071397347
0.8597782492167267
1.2187483169445559
0.8013326319728097
3.053532418543005
0.8798558379961955
1.0773977303701268
0.9451080015294692
1.0895421347022567
1.3084549836112225
1.2262238725001113
1.5075825543871402
1.1381197520307764
0.9451080015294692
0.9802437818935396
0.81846966712309
1.4024575543871398
1.1684807628611014
0.7130046932507296
0.940088604334602
0.4144514545494786
1.5928677973302405
1.3308816502778893
0.9300498099448675
1.2336994280556668
1.660109373572388
1.0053407678678756
0.8949140295807972
1.2561260947223336
1.1138309433665166
1.0895421347022567
0.8597782492167267
2.8464442117010385
1.6505034341092242
0.3342354289903635
1.0834699325361916
0.8313224434858001
1.2561260947223336
0.6178024226250501
3.0979084628662834
1.491409477464063
1.3234060947223336
0.8141854083355199
1.010603506543412
1.6697153130355518
1.0470367195398018
1.6505034341092242
1.3701114005409858
0.9551467959192037
1.1016865390343864
0.5561744931295413
2.239971605949566
1.6216856157197324
0.7884798556100997
1.3781979390025245
1.0053407678678756
1.040964517373737
0.9501273987243365
1.016675708709477
1.0895421347022567
0.8013326319728097
0.7243287507013578
1.2860283169445559
0.7970483731852397
0.7092300074338534
1.1624085606950363
0.9099722211653989
1.040964517373737
0.5908904226250502
1.1259753476986463
0.7584900440971094
0.8141854083355199
2.535811901438089
1.8553792218144856
1.0470367195398018
1.7222510888446503
0.8013326319728097
0.7318781223351101
1.353938323617909
0.9200110155551331
0.81846966712309
0.9350692071397347
0.9953019734781412
2.22517959117514
2.9351963003475956
0.9149916183602661
0.9451080015294692
4.06976701348749
3.1866605515128406
0.35335232166923497
0.33578280709523933
0.864797646411594
0.7799113380349596
0.7281034365182341
1.737043103619076
1.4752364005409861
0.9702049875038053
1.0003213706730085
1.010603506543412
1.0956143368683218
0.940088604334602
1.2785527613890002
0.43223150114925746
1.3701114005409858
1.2411749836112225
0.43223150114925746
0.82275392591066
0.8949140295807972
1.8110031774912074
0.7281034365182341
0.9501273987243365
0.5588083797565377
0.864797646411594
1.2112727613890002
2.2547636207239923
0.569343926264524
0.9601661931140709
0.6245304226250502
1.4348037082332936
1.022747910875542
1.4994960159256017
0.8999334267756645
0.9149916183602661
0.9049528239705317
1.3009794280556668
0.7092300074338534
0.8056168907603798
0.8748364408013283
1.0773977303701268
1.1745529650271662
1.2710772058334447
0.9752243846986723
0.33578280709523933
0.9752243846986723
0.9350692071397347
1.4024575543871398
1.1320475498647116
1.3383572058334448
0.7884798556100997
2.1808035468518616
1.525626221088093
2.506227871889237
1.386284477464063
1.0895421347022567
1.1813705391667781
1.0591811238719318
1.0652533260379966
2.2547636207239923
0.8999334267756645
0.8356067022733702
1.2561260947223336
0.9350692071397347
0.4560221659300212
0.5456389466215551
0.8999334267756645
0.5719778128915206
1.1199031455325816
1.0773977303701268
0.9601661931140709
0.40656769546815685
0.9350692071397347
0.8848752351910627
1.6697153130355518
0.8698170436064611
2.2103875764007137
1.022747910875542
1.3458517851563707
1.1624085606950363
0.9350692071397347
0.8748364408013283
1.2860283169445559
0.8270381846982301
0.8698170436064611
1.1259753476986463
0.8547588520218595
0.7799113380349596
0.88989463238593
0.8547588520218595
0.8999334267756645
0.7670585616722493
2.624563990084646
0.9250304127500003
1.6505034341092242
1.1813705391667781
2.0032993695587473
0.8313224434858001
1.034892315207672
0.7356528081519864
0.8141854083355199
0.9501273987243365
0.9501273987243365
2.9204042855731696
0.4584012324080976
0.9099722211653989
0.422715235236952
1.1563363585289714
0.9300498099448675
1.0003213706730085
1.4428902466948323
1.0053407678678756
0.9651855903089381
0.9551467959192037
1.4348037082332936
0.9501273987243365
2.0328833991076
0.9953019734781412
0.4512640329738684
0.9601661931140709
3.9238023042019825
1.0003213706730085
1.1684807628611014
1.4024575543871398
0.8999334267756645
0.940088604334602
0.940088604334602
0.9501273987243365
1.0288201130416068
1.196321650277889
2.3435157093705494
0.7884798556100997
0.9149916183602661
1.988507354784321
1.3009794280556668
0.9250304127500003
0.9099722211653989
0.8547588520218595
