1.0502780052588516
0.6997035858269581
0.8801093512764175
0.6073586946730225
0.5928985846317567
0.773050358367984
2.6691280388850873
0.6478470027885658
0.8848089880464649
0.7961125155891905
0.6102507166812754
0.997600270527605
1.159357123287386
0.8268620585507993
0.39865291610834414
0.6189267827060349
0.9083071718967025
0.502273053414992
1.6131746445350876
0.6772083622885553
0.702917189189587
0.9177064454367975
1.3414575414649232
0.7576755868871795
0.6868491723764422
0.598682628648263
0.6304948707390472
0.6478470027885658
1.869739088702621
0.9365049925169875
0.7615192797573807
0.8383931371614026
0.6073586946730225
0.8707100777363224
0.9741020866773674
0.35760542220933905
0.5211940221763256
0.6362789147555534
1.0022999072976526
0.87540971450637
0.9224060822068448
0.7254124127279897
0.819174672810397
1.2722109379243716
0.624710826722541
0.7615192797573807
0.6623071128298312
0.5530500827823861
0.997600270527605
0.38286541845488065
0.706130792552216
0.8268620585507993
0.6391709367638064
0.7692066654977828
0.9506039028271301
0.6623071128298312
0.7615192797573807
0.6900627757390713
0.46248706557989394
0.45490878218273245
0.6739947589259265
1.1702650350902393
0.91300680866675
0.9318053557469399
0.6594150908215782
0.7382668261785057
0.8268620585507993
0.85661116742618
0.819174672810397
1.0720938288645585
1.159357123287386
0.8989078983566076
0.6362789147555534
0.6623071128298312
0.7845814369785873
0.6565230688133251
0.6391709367638064
0.9929006337575577
0.7807377441083863
0.7125579992774739
2.140960339657386
0.6651991348380845
0.6073586946730225
1.543018231604952
0.6391709367638064
0.6651991348380845
0.7286260160906187
0.706130792552216
1.099363608371692
1.2375876361540956
0.8425122571160374
0.621818804714288
0.5849061433884467
0.85661116742618
0.6594150908215782
0.6362789147555534
0.85661116742618
0.7414804295411346
0.7125579992774739
0.5309958869781903
1.0393700934559982
2.2551587611120243
0.6900627757390713
0.7157716026401029
0.6739947589259265
0.7511212396290213
0.3702354203321098
0.4719599198263459
0.6189267827060349
0.7382668261785057
0.7414804295411346
0.7961125155891905
0.6868491723764422
0.6900627757390713
0.6651991348380845
0.776894051238185
0.6836355690138133
0.7961125155891905
1.023008225751718
0.598682628648263
0.6391709367638064
0.7576755868871795
0.8989078983566076
0.7615192797573807
0.7254124127279897
0.5928985846317567
0.5751042785865819
0.7845814369785873
0.6709831788545906
0.8307057514210004
0.7511212396290213
0.6997035858269581
0.8153309799401961
1.0775477847659851
0.6651991348380845
2.9546240925216822
0.8848089880464649
0.8383931371614026
1.1429952555831058
1.1157254760759723
1.0339161375545716
0.7845814369785873
0.9459042660570826
0.6420629587720597
0.7692066654977828
0.7382668261785057
1.083001740667412
0.6623071128298312
0.5113921573744608
0.6449549807803127
0.91300680866675
0.6772083622885553
0.8895086248165126
1.1211794319773989
0.702917189189587
0.6507390247968189
0.7382668261785057
1.4685511002459886
0.5555005489828524
0.87540971450637
0.627602848730794
0.5775547447870479
0.6964899824643291
0.6623071128298312
0.6189267827060349
0.6391709367638064
0.997600270527605
0.776894051238185
0.7446940329037633
0.7254124127279897
0.776894051238185
0.7157716026401029
0.87540971450637
0.3702354203321098
1.1266333878788255
0.7576755868871795
0.7157716026401029
0.776894051238185
0.7125579992774739
0.5849061433884467
0.978801723447415
0.6362789147555534
0.8230183656805982
0.42838479029266713
0.6836355690138133
0.7576755868871795
0.7125579992774739
0.6536310468050721
0.5957906066400099
0.6709831788545906
0.7576755868871795
0.624710826722541
0.9506039028271301
0.37181417009745615
1.21681365509193
0.7254124127279897
0.8707100777363224
0.598682628648263
0.960003176367225
0.4909056283192497
2.0695863262482375
0.46248706557989394
0.6333868927473003
1.543018231604952
0.811487287069995
0.43785764453911896
0.9553035395971775
0.8425122571160374
0.6836355690138133
1.1048175642731188
0.7653629726275817
0.4719599198263459
0.7999562084593916
0.776894051238185
0.6304948707390472
0.6651991348380845
0.6772083622885553
0.6044666726647693
0.8153309799401961
1.028462181653145
0.7511212396290213
1.4685511002459886
0.9036075351266549
0.6868491723764422
0.6997035858269581
0.776894051238185
0.9318053557469399
0.8268620585507993
1.1429952555831058
0.7382668261785057
0.7999562084593916
0.7922688227189895
1.1960396740297645
0.7511212396290213
0.8848089880464649
0.7318396194532477
1.1157254760759723
1.4765340143418595
0.42649021944337673
0.9036075351266549
0.7382668261785057
0.8848089880464649
1.3567903029037962
0.7653629726275817
1.9411131021117696
0.7125579992774739
0.7511212396290213
0.6623071128298312
0.7845814369785873
0.4128616639964613
0.6623071128298312
0.7382668261785057
0.7692066654977828
0.3970741663429978
0.6507390247968189
0.7922688227189895
0.7511212396290213
0.7125579992774739
0.6739947589259265
0.8230183656805982
0.7884251298487884
0.7125579992774739
0.6044666726647693
0.8801093512764175
0.960003176367225
0.7254124127279897
0.7414804295411346
0.8989078983566076
1.1211794319773989
0.6804219656511844
0.6900627757390713
0.4191766630578467
0.6391709367638064
0.627602848730794
0.8383931371614026
0.8037999013295928
1.1648110791888124
1.1484492114845326
1.0069995440677
0.6623071128298312
0.598682628648263
1.0557319611602782
1.334532881110868
1.1648110791888124
0.9882009969875101
0.7286260160906187
0.709344395914845
1.6219441961513548
0.7382668261785057
0.6772083622885553
0.8230183656805982
1.2375876361540956
0.706130792552216
0.7286260160906187
1.028462181653145
0.91300680866675
0.8801093512764175
0.9271057189768925
1.1702650350902393
0.6900627757390713
0.6304948707390472
3.630824111276864
0.7692066654977828
0.8801093512764175
1.159357123287386
0.384444168220227
0.6997035858269581
0.6073586946730225
0.5849061433884467
0.91300680866675
0.5456986841809875
0.7543348429916503
1.0069995440677
0.6868491723764422
0.42649021944337673
0.7318396194532477
0.8230183656805982
0.7543348429916503
1.4924998425336011
0.7382668261785057
0.8613108041962274
0.6536310468050721
0.7254124127279897
0.8076435941997938
0.7286260160906187
0.6594150908215782
0.9459042660570826
0.6836355690138133
0.6362789147555534
0.7479076362663925
0.702917189189587
1.2375876361540956
0.7479076362663925
0.627602848730794
0.565302413784717
0.46817077812776514
0.706130792552216
0.6709831788545906
0.7615192797573807
1.372756131095538
0.3623416715053781
0.8153309799401961
0.7511212396290213
1.4206536156707634
0.8230183656805982
0.8613108041962274
0.624710826722541
0.7479076362663925
1.551787783221219
0.8037999013295928
1.0502780052588516
0.6623071128298312
0.6868491723764422
0.7543348429916503
0.997600270527605
1.0022999072976526
0.6304948707390472
1.028462181653145
0.6362789147555534
0.89420826158656
0.5677528799851833
0.6651991348380845
2.2266091557483647
0.7615192797573807
0.960003176367225
0.6160347606977816
0.87540971450637
0.7576755868871795
0.5089416911739946
0.87540971450637
0.6900627757390713
0.9318053557469399
0.5432482179805213
1.083001740667412
0.5775547447870479
0.5900065626235038
0.9224060822068448
0.7653629726275817
0.9647028131372725
0.7414804295411346
0.6507390247968189
0.624710826722541
0.6478470027885658
0.624710826722541
0.598682628648263
0.702917189189587
0.6623071128298312
0.9741020866773674
0.7807377441083863
0.6804219656511844
2.740502052294236
0.7254124127279897
1.560557334837486
0.6189267827060349
0.3702354203321098
0.7479076362663925
0.6772083622885553
1.0557319611602782
0.8345494442912016
0.6160347606977816
0.847211893886085
1.6570224026164226
0.8037999013295928
0.7318396194532477
0.6565230688133251
0.6804219656511844
0.7615192797573807
0.8230183656805982
0.4321739319912479
0.8660104409662749
0.6594150908215782
1.258361617216261
0.7543348429916503
0.6304948707390472
1.1539031673859592
0.6651991348380845
1.0775477847659851
0.709344395914845
0.528545420777724
0.6507390247968189
0.6739947589259265
0.49469477001783047
1.251436956862206
1.7840902726116425
1.0775477847659851
0.8307057514210004
1.7269910618843234
0.7845814369785873
1.0339161375545716
0.6651991348380845
0.7961125155891905
1.0448240493574248
0.9318053557469399
0.5928985846317567
1.061185917061705
0.6420629587720597
0.4435413570869901
0.6997035858269581
1.2375876361540956
0.702917189189587
1.0557319611602782
3.354318567612915
0.6964899824643291
0.6362789147555534
1.028462181653145
0.6651991348380845
3.325768962249256
0.91300680866675
0.7157716026401029
0.5928985846317567
0.6964899824643291
0.598682628648263
1.57809643807002
1.028462181653145
0.6304948707390472
0.6709831788545906
1.1821903533216545
0.7221988093653608
0.7999562084593916
0.8076435941997938
1.1484492114845326
1.0339161375545716
0.6391709367638064
0.776894051238185
0.42270107774479593
0.6449549807803127
0.5873566095889129
0.819174672810397
0.7511212396290213
0.8848089880464649
1.099363608371692
0.5849061433884467
0.5579510151833186
0.7286260160906187
0.4416467862376997
1.258361617216261
0.4852219157713785
0.7254124127279897
0.6623071128298312
0.7221988093653608
1.2791355982784267
0.7999562084593916
1.2445122965081508
0.7511212396290213
0.6478470027885658
0.6900627757390713
0.6623071128298312
0.6623071128298312
0.5064912249735284
0.7125579992774739
4.125737940616923
0.7286260160906187
0.8076435941997938
0.7961125155891905
0.8425122571160374
0.8425122571160374
0.6868491723764422
1.1821903533216545
0.7961125155891905
0.91300680866675
0.7254124127279897
0.847211893886085
0.7543348429916503
0.4965893408671208
0.6623071128298312
1.1821903533216545
0.9882009969875101
1.869739088702621
0.8425122571160374
1.0720938288645585
0.45490878218273245
0.6362789147555534
0.5824556771879805
0.5628519475842508
0.6449549807803127
0.9036075351266549
0.8037999013295928
0.43785764453911896
0.3544479226786464
0.6964899824643291
0.5928985846317567
1.1484492114845326
1.066639872963132
0.7350532228158766
0.997600270527605
0.6932763791017001
0.8268620585507993
1.028462181653145
0.38128666868953426
0.5957906066400099
1.1891150136757094
1.2237383154459853
0.7318396194532477
0.6304948707390472
0.6565230688133251
0.8425122571160374
0.7382668261785057
0.87540971450637
0.7382668261785057
0.776894051238185
0.5849061433884467
0.6868491723764422
0.85661116742618
0.7653629726275817
0.7318396194532477
0.5957906066400099
0.9271057189768925
0.6964899824643291
0.6868491723764422
1.57809643807002
0.565302413784717
0.6102507166812754
0.7543348429916503
0.9083071718967025
1.0175542698502915
0.7382668261785057
0.997600270527605
0.7286260160906187
0.4511196404841517
0.6304948707390472
0.7576755868871795
0.5957906066400099
0.91300680866675
0.7653629726275817
0.978801723447415
0.6651991348380845
0.9412046292870351
0.6836355690138133
1.0720938288645585
0.6362789147555534
1.7840902726116425
1.023008225751718
1.9553879047935996
1.6841666538388345
0.8801093512764175
0.7692066654977828
0.6623071128298312
0.6362789147555534
0.8989078983566076
1.0939096524702652
0.7961125155891905
0.5957906066400099
0.776894051238185
0.7543348429916503
0.6160347606977816
0.5260949545772579
0.7615192797573807
0.7286260160906187
0.6680911568463376
0.8613108041962274
1.3068342396946475
0.8307057514210004
1.137541299681679
0.5456986841809875
0.6932763791017001
0.5604014813837846
0.7318396194532477
0.85661116742618
1.6482528510001557
0.6900627757390713
1.21681365509193
0.819174672810397
0.7414804295411346
0.6651991348380845
0.528545420777724
0.6478470027885658
0.709344395914845
1.4765340143418595
0.7511212396290213
0.6478470027885658
2.7119524469305762
0.5236444883767918
0.8268620585507993
0.627602848730794
0.5064912249735284
0.7543348429916503
0.819174672810397
0.7414804295411346
0.6507390247968189
0.7382668261785057
0.6739947589259265
0.6594150908215782
0.6362789147555534
0.6073586946730225
1.1891150136757094
0.7125579992774739
0.89420826158656
0.8613108041962274
0.6536310468050721
1.1484492114845326
0.6131427386895285
0.819174672810397
0.7576755868871795
1.4206536156707634
0.776894051238185
0.8989078983566076
0.4302793611419575
1.159357123287386
0.5726538123861157
0.87540971450637
0.9271057189768925
0.7286260160906187
0.8383931371614026
0.6964899824643291
0.7221988093653608
0.6391709367638064
0.8153309799401961
0.9741020866773674
1.028462181653145
1.0393700934559982
0.85661116742618
0.7382668261785057
0.9506039028271301
0.6304948707390472
0.8153309799401961
0.7845814369785873
1.3068342396946475
0.6651991348380845
0.7845814369785873
0.9318053557469399
1.0720938288645585
1.0393700934559982
0.7157716026401029
0.96940244990732
1.0175542698502915
0.621818804714288
0.85661116742618
0.8519115306561325
0.46438163642918434
0.6964899824643291
0.7999562084593916
0.960003176367225
1.4126707015748923
1.0720938288645585
0.6565230688133251
1.0393700934559982
0.598682628648263
0.7157716026401029
0.9224060822068448
0.6102507166812754
1.604405092918821
0.7189852060027319
0.6900627757390713
1.1320873437802523
0.8425122571160374
0.9036075351266549
0.7479076362663925
0.8307057514210004
0.6536310468050721
0.7350532228158766
0.7254124127279897
0.7414804295411346
0.6536310468050721
0.9506039028271301
0.8989078983566076
1.1157254760759723
0.776894051238185
0.5849061433884467
0.8307057514210004
0.5677528799851833
0.8230183656805982
1.258361617216261
1.2445122965081508
0.7414804295411346
0.7414804295411346
0.7543348429916503
0.6507390247968189
0.8153309799401961
0.4191766630578467
0.8425122571160374
1.083001740667412
0.6623071128298312
0.6420629587720597
0.6044666726647693
1.7127162592024938
0.6478470027885658
0.96940244990732
0.6709831788545906
0.5900065626235038
0.702917189189587
0.8660104409662749
0.8307057514210004
0.7653629726275817
0.4492250696348613
0.6739947589259265
0.624710826722541
0.702917189189587
0.624710826722541
0.8153309799401961
0.8895086248165126
0.6073586946730225
0.7961125155891905
0.7511212396290213
0.6623071128298312
0.702917189189587
1.6570224026164226
0.5481491503814537
0.6189267827060349
0.7414804295411346
0.5309958869781903
1.3887219592872797
1.334532881110868
0.8425122571160374
0.847211893886085
0.709344395914845
0.91300680866675
1.159357123287386
0.6362789147555534
0.91300680866675
0.624710826722541
0.3733929198628025
0.6391709367638064
1.3807390451914088
0.89420826158656
0.7221988093653608
0.702917189189587
0.6102507166812754
0.6420629587720597
0.6391709367638064
0.9365049925169875
1.061185917061705
0.6623071128298312
0.6478470027885658
0.702917189189587
0.5432482179805213
0.6073586946730225
0.6189267827060349
0.40812541470042224
1.7840902726116425
0.960003176367225
