758.0
699.0
737.0
706.0
688.0
706.0
688.0
724.0
717.0
697.0
724.0
723.0
703.0
718.0
684.0
705.0
752.0
592.0
773.0
792.0
718.0
704.0
680.0
702.0
684.0
710.0
706.0
624.0
722.0
733.0
765.0
736.0
812.0
787.0
693.0
688.0
678.0
737.0
777.0
744.0
779.0
690.0
826.0
770.0
677.0
743.0
796.0
633.0
711.0
701.0
679.0
801.0
701.0
682.0
657.0
697.0
745.0
692.0
725.0
711.0
762.0
670.0
714.0
696.0
678.0
676.0
713.0
717.0
696.0
703.0
686.0
714.0
707.0
648.0
661.0
752.0
733.0
672.0
633.0
737.0
804.0
676.0
712.0
592.0
779.0
706.0
818.0
676.0
762.0
626.0
696.0
653.0
714.0
686.0
709.0
708.0
727.0
792.0
606.0
656.0
835.0
712.0
769.0
759.0
738.0
694.0
689.0
692.0
710.0
725.0
680.0
853.0
670.0
686.0
673.0
718.0
757.0
732.0
757.0
707.0
705.0
670.0
684.0
737.0
690.0
757.0
683.0
729.0
725.0
610.0
741.0
758.0
728.0
738.0
715.0
650.0
721.0
749.0
686.0
757.0
603.0
810.0
694.0
613.0
740.0
675.0
724.0
715.0
748.0
693.0
865.0
712.0
729.0
594.0
699.0
740.0
766.0
693.0
709.0
666.0
718.0
680.0
763.0
692.0
693.0
663.0
680.0
827.0
768.0
710.0
689.0
701.0
741.0
870.0
685.0
781.0
760.0
721.0
782.0
845.0
701.0
786.0
753.0
727.0
776.0
744.0
680.0
768.0
722.0
720.0
695.0
713.0
840.0
690.0
733.0
701.0
751.0
719.0
705.0
723.0
720.0
720.0
661.0
681.0
686.0
725.0
712.0
721.0
792.0
917.0
718.0
727.0
814.0
717.0
772.0
733.0
657.0
744.0
740.0
783.0
683.0
814.0
698.0
738.0
734.0
714.0
741.0
738.0
830.0
827.0
726.0
746.0
725.0
768.0
742.0
694.0
667.0
734.0
805.0
844.0
770.0
894.0
724.0
789.0
590.0
845.0
685.0
712.0
747.0
764.0
949.0
712.0
689.0
730.0
746.0
738.0
676.0
759.0
722.0
761.0
705.0
674.0
696.0
698.0
689.0
742.0
683.0
717.0
824.0
807.0
683.0
590.0
725.0
735.0
741.0
709.0
679.0
834.0
742.0
700.0
729.0
714.0
818.0
682.0
712.0
717.0
698.0
674.0
738.0
669.0
713.0
642.0
635.0
717.0
634.0
700.0
736.0
709.0
773.0
708.0
790.0
685.0
706.0
688.0
692.0
677.0
697.0
706.0
598.0
709.0
674.0
746.0
666.0
709.0
713.0
684.0
805.0
696.0
721.0
667.0
821.0
763.0
724.0
753.0
711.0
709.0
761.0
709.0
798.0
720.0
670.0
752.0
763.0
672.0
693.0
742.0
692.0
722.0
717.0
734.0
743.0
736.0
683.0
745.0
747.0
773.0
791.0
695.0
690.0
672.0
605.0
715.0
700.0
718.0
711.0
709.0
656.0
746.0
709.0
694.0
693.0
690.0
705.0
667.0
624.0
701.0
721.0
686.0
884.0
717.0
778.0
704.0
772.0
694.0
718.0
697.0
729.0
741.0
694.0
691.0
711.0
682.0
697.0
765.0
785.0
726.0
697.0
685.0
772.0
722.0
776.0
745.0
714.0
696.0
712.0
758.0
814.0
945.0
715.0
695.0
702.0
723.0
720.0
695.0
686.0
714.0
690.0
770.0
875.0
786.0
681.0
816.0
631.0
789.0
808.0
736.0
712.0
798.0
884.0
722.0
725.0
701.0
702.0
739.0
765.0
701.0
762.0
703.0
689.0
693.0
677.0
695.0
728.0
707.0
732.0
638.0
700.0
755.0
702.0
683.0
702.0
812.0
752.0
722.0
731.0
728.0
684.0
698.0
714.0
854.0
701.0
678.0
781.0
686.0
741.0
660.0
721.0
778.0
840.0
681.0
852.0
733.0
761.0
717.0
728.0
697.0
760.0
760.0
699.0
702.0
610.0
891.0
699.0
704.0
759.0
729.0
702.0
741.0
738.0
682.0
692.0
696.0
728.0
716.0
707.0
677.0
745.0
713.0
792.0
692.0
746.0
705.0
823.0
741.0
681.0
694.0
685.0
741.0
688.0
708.0
767.0
669.0
677.0
732.0
765.0
818.0
618.0
689.0
701.0
680.0
717.0
695.0
712.0
754.0
712.0
724.0
709.0
730.0
737.0
756.0
729.0
682.0
710.0
690.0
688.0
686.0
740.0
687.0
683.0
707.0
694.0
676.0
762.0
734.0
710.0
757.0
712.0
712.0
690.0
676.0
732.0
731.0
887.0
698.0
715.0
697.0
665.0
855.0
721.0
683.0
747.0
755.0
744.0
693.0
738.0
631.0
681.0
682.0
706.0
735.0
741.0
714.0
783.0
751.0
683.0
677.0
669.0
674.0
701.0
824.0
678.0
706.0
635.0
732.0
706.0
726.0
700.0
776.0
713.0
706.0
788.0
836.0
630.0
724.0
704.0
737.0
687.0
868.0
673.0
729.0
710.0
702.0
714.0
688.0
653.0
653.0
682.0
669.0
679.0
629.0
765.0
733.0
642.0
721.0
718.0
674.0
778.0
731.0
706.0
725.0
809.0
721.0
874.0
818.0
691.0
688.0
762.0
813.0
869.0
641.0
717.0
712.0
713.0
726.0
659.0
609.0
741.0
691.0
775.0
753.0
720.0
662.0
725.0
772.0
753.0
720.0
677.0
784.0
653.0
739.0
706.0
729.0
803.0
688.0
768.0
772.0
730.0
646.0
708.0
762.0
685.0
674.0
685.0
728.0
714.0
715.0
749.0
720.0
739.0
741.0
695.0
706.0
683.0
612.0
725.0
674.0
832.0
683.0
800.0
685.0
752.0
680.0
697.0
737.0
746.0
749.0
725.0
728.0
865.0
746.0
666.0
744.0
738.0
682.0
825.0
834.0
713.0
756.0
901.0
784.0
691.0
710.0
684.0
742.0
788.0
718.0
634.0
734.0
721.0
744.0
706.0
728.0
698.0
720.0
811.0
739.0
708.0
684.0
783.0
836.0
690.0
593.0
717.0
737.0
607.0
684.0
712.0
730.0
707.0
698.0
681.0
899.0
706.0
721.0
690.0
738.0
729.0
777.0
602.0
805.0
682.0
756.0
710.0
709.0
724.0
729.0
730.0
765.0
799.0
838.0
767.0
688.0
788.0
680.0
