552.0
580.0
594.0
489.0
609.0
630.0
558.0
453.0
581.0
584.0
606.0
710.0
625.0
550.0
581.0
730.0
581.0
606.0
644.0
539.0
581.0
579.0
695.0
656.0
573.0
597.0
555.0
608.0
558.0
562.0
554.0
720.0
549.0
566.0
600.0
622.0
570.0
494.0
663.0
630.0
570.0
586.0
625.0
647.0
602.0
586.0
569.0
574.0
630.0
591.0
571.0
617.0
632.0
594.0
574.0
547.0
530.0
586.0
589.0
634.0
630.0
569.0
514.0
485.0
595.0
512.0
626.0
604.0
597.0
578.0
567.0
602.0
552.0
578.0
585.0
503.0
634.0
553.0
628.0
548.0
513.0
597.0
745.0
641.0
560.0
519.0
594.0
587.0
588.0
554.0
604.0
559.0
562.0
566.0
566.0
599.0
564.0
672.0
574.0
545.0
561.0
674.0
569.0
603.0
593.0
717.0
581.0
599.0
578.0
593.0
586.0
546.0
560.0
636.0
559.0
613.0
493.0
535.0
703.0
645.0
597.0
627.0
588.0
592.0
563.0
620.0
470.0
678.0
568.0
562.0
578.0
613.0
590.0
548.0
601.0
458.0
553.0
597.0
592.0
610.0
566.0
500.0
604.0
656.0
570.0
560.0
613.0
553.0
597.0
594.0
714.0
529.0
626.0
606.0
571.0
554.0
565.0
628.0
557.0
554.0
684.0
616.0
669.0
587.0
582.0
578.0
809.0
539.0
564.0
674.0
644.0
574.0
574.0
609.0
744.0
672.0
666.0
451.0
566.0
570.0
573.0
564.0
546.0
605.0
612.0
458.0
679.0
559.0
562.0
555.0
592.0
604.0
533.0
549.0
476.0
567.0
592.0
552.0
566.0
669.0
612.0
541.0
564.0
604.0
586.0
556.0
597.0
565.0
559.0
520.0
592.0
617.0
674.0
691.0
516.0
566.0
770.0
557.0
540.0
623.0
708.0
542.0
592.0
552.0
604.0
577.0
501.0
491.0
628.0
593.0
574.0
557.0
553.0
457.0
598.0
486.0
583.0
572.0
574.0
583.0
661.0
596.0
605.0
544.0
757.0
579.0
644.0
602.0
653.0
614.0
644.0
541.0
480.0
570.0
574.0
585.0
650.0
609.0
602.0
498.0
584.0
677.0
559.0
602.0
544.0
546.0
548.0
514.0
601.0
589.0
609.0
605.0
560.0
627.0
537.0
592.0
612.0
567.0
590.0
468.0
630.0
595.0
644.0
541.0
608.0
675.0
546.0
528.0
555.0
590.0
583.0
571.0
595.0
583.0
547.0
608.0
615.0
599.0
581.0
683.0
617.0
701.0
559.0
666.0
568.0
554.0
558.0
672.0
601.0
592.0
589.0
561.0
576.0
599.0
609.0
548.0
615.0
577.0
541.0
564.0
565.0
550.0
545.0
541.0
589.0
559.0
570.0
603.0
561.0
689.0
537.0
661.0
462.0
557.0
571.0
670.0
642.0
538.0
558.0
563.0
738.0
574.0
592.0
605.0
580.0
586.0
535.0
554.0
556.0
682.0
550.0
627.0
642.0
553.0
602.0
640.0
634.0
602.0
565.0
612.0
541.0
651.0
504.0
633.0
532.0
562.0
593.0
802.0
622.0
581.0
577.0
581.0
579.0
553.0
745.0
666.0
626.0
692.0
466.0
574.0
549.0
589.0
582.0
578.0
480.0
566.0
731.0
544.0
661.0
564.0
572.0
642.0
615.0
622.0
538.0
456.0
748.0
640.0
662.0
649.0
577.0
599.0
563.0
713.0
677.0
556.0
561.0
559.0
576.0
536.0
584.0
594.0
625.0
570.0
780.0
573.0
523.0
694.0
578.0
538.0
618.0
561.0
586.0
576.0
640.0
554.0
618.0
569.0
558.0
680.0
710.0
474.0
605.0
578.0
590.0
679.0
614.0
598.0
574.0
566.0
552.0
554.0
589.0
578.0
562.0
573.0
675.0
549.0
599.0
595.0
636.0
566.0
557.0
614.0
580.0
589.0
598.0
566.0
606.0
618.0
602.0
587.0
570.0
592.0
607.0
570.0
656.0
690.0
597.0
570.0
680.0
562.0
631.0
744.0
585.0
493.0
544.0
555.0
609.0
596.0
586.0
593.0
620.0
569.0
635.0
561.0
673.0
589.0
605.0
618.0
477.0
592.0
546.0
600.0
582.0
655.0
676.0
584.0
569.0
670.0
581.0
539.0
567.0
568.0
560.0
557.0
570.0
580.0
609.0
542.0
586.0
541.0
547.0
573.0
612.0
757.0
598.0
524.0
545.0
658.0
553.0
606.0
577.0
545.0
564.0
602.0
611.0
567.0
544.0
556.0
617.0
557.0
585.0
612.0
616.0
592.0
545.0
657.0
453.0
714.0
650.0
648.0
603.0
721.0
539.0
580.0
562.0
640.0
571.0
568.0
548.0
602.0
618.0
628.0
554.0
651.0
581.0
594.0
558.0
544.0
569.0
618.0
514.0
709.0
582.0
584.0
570.0
532.0
548.0
556.0
571.0
575.0
589.0
593.0
601.0
565.0
571.0
584.0
565.0
590.0
557.0
551.0
553.0
581.0
544.0
532.0
577.0
644.0
560.0
568.0
546.0
575.0
602.0
546.0
738.0
622.0
596.0
