1.1255653004730297
1.0614113476297566
2.4223865260211
0.8464598825132758
0.373812757910862
1.2492280095288084
1.8846348626667406
0.8990373192850859
1.2350219284477273
0.40023852381816755
0.6681850282503762
0.719363948399714
0.7737131766882339
1.8410333764488194
0.8846980183473195
1.0147539273801034
0.9038170862643414
1.0497469925673433
0.31584350426534635
0.8990373192850859
0.9707338239739183
0.9372754551191298
1.8410333764488194
0.8942575523058305
0.9372754551191298
0.8096362901196529
2.4078526972817937
1.2137128068261056
0.9659540569946626
0.3104859632556314
1.6231376814351348
0.9802933579324291
0.8942575523058305
2.27704823862803
1.02058610491131
0.9085968532435971
0.8894777853265751
0.6653322467035647
0.9038170862643414
0.9707338239739183
1.7392965752736702
4.363121831311933
0.9802933579324291
0.9229361541813634
0.9133766202228524
3.221747106682986
0.7472001089292962
1.3966817405874496
1.3569744695770625
1.3966817405874496
0.3589482645880026
0.8655789504302976
1.4919791910123785
0.47746838380119916
0.8416801155340202
1.2350219284477273
0.7617388055444276
1.0905722352857898
0.7472001089292962
1.0905722352857898
0.9850731249116845
2.27704823862803
0.9038170862643414
0.9372754551191298
1.1488940105978562
0.9324956881398744
0.4035417445565807
1.2137128068261056
0.3198616600226325
0.40023852381816755
1.1430618330666495
0.9755135909531737
0.5387860192402326
0.46719725532049566
0.9372754551191298
0.6915277878701319
0.5487005491547625
1.1488940105978562
1.0964044128169967
0.8096362901196529
0.9229361541813634
1.1547261881290631
1.1605583656602698
0.9468349890776406
0.9516147560568963
0.9850731249116845
1.3060523338531327
1.7683642327522842
0.34078055052673006
0.9229361541813634
2.1753114374528804
0.6368044312354508
1.9137025201453541
0.8096362901196529
1.0380826375049301
0.49184796367418404
0.7332820286645051
0.7737131766882339
0.7697217196402985
2.524123327196249
0.8512396494925312
0.9468349890776406
0.8703587174095532
0.8096362901196529
0.8990373192850859
2.8438675594610037
3.032807333071995
1.6814392412271624
0.9946326588701955
0.8096362901196529
1.0847400577545832
2.306115896106644
1.3728573779812172
1.2918462527720518
0.7228434684659117
1.1080687678794099
0.8375764894552011
0.5834014038556171
0.8846980183473195
1.3131553743936732
0.7777046337361694
0.6396572127822622
0.8375764894552011
0.8751384843888085
1.4205061031936819
0.4343296441822445
2.669461614589319
0.8560194164717866
0.3118253485080601
5.268754655096372
0.9611742900154071
1.206609766285565
0.9181563872021079
1.1605583656602698
1.349033015374985
0.8056448330717176
1.0439148150361368
0.7816960907841048
1.3728573779812172
1.0847400577545832
1.02058610491131
0.8942575523058305
0.9946326588701955
0.5685296089838223
0.9229361541813634
1.137229655535443
0.8512396494925312
0.8607991834510421
0.879918251368064
2.451454183499714
1.826499547709512
0.8990373192850859
1.27053713115043
1.1781976041234028
1.0964044128169967
0.4589803525359329
0.8607991834510421
1.0264182824425168
1.008971959807962
0.8942575523058305
2.4805218409783283
2.669461614589319
0.8096362901196529
2.0735746362777316
0.8846980183473195
0.7777046337361694
0.8607991834510421
0.5288714893257027
3.8297692801444496
0.9755135909531737
1.1547261881290631
1.2776401716909704
0.6845687477377363
2.5822586421534774
0.8655789504302976
1.0789078802233765
2.465988012239021
0.6984868280025274
1.8701010339274335
2.291582067367337
0.8375764894552011
0.7472001089292962
0.7228434684659117
1.2279188879071867
1.9427701776239688
0.49390218937032465
1.07307570269217
1.0847400577545832
1.4760962826082236
1.5745530482751116
0.8335850324072656
0.7402410687969007
0.38537403049530816
0.7657302625923631
1.642571534699144
0.9563945230361518
0.38537403049530816
0.8751384843888085
1.5939869015391208
1.1547261881290631
0.8942575523058305
0.9563945230361518
1.1605583656602698
1.137229655535443
0.9516147560568963
0.7976619189758467
1.4205061031936819
0.879918251368064
0.9133766202228524
1.6620053879631533
0.3332555125469198
0.879918251368064
0.6396572127822622
0.9038170862643414
1.444330465799914
0.7816960907841048
0.8216106612634593
1.4522719200019916
1.02058610491131
0.3118253485080601
1.0147539273801034
0.7976619189758467
0.9420552220983853
1.0905722352857898
0.7936704619279112
0.54622191667613
1.1547261881290631
1.9282363488846612
0.8846980183473195
1.349033015374985
2.0009054925811967
1.2989492933125921
1.3273614554747544
0.7697217196402985
2.1317099512349595
0.7816960907841048
2.56772481341417
1.3807988321832947
0.9133766202228524
1.9427701776239688
1.067243525160963
1.6956950890557492
1.067243525160963
0.8846980183473195
0.9085968532435971
0.7089253882011206
0.9468349890776406
0.8607991834510421
0.8607991834510421
1.02058610491131
1.2421249689882676
0.8056448330717176
0.9181563872021079
0.8703587174095532
0.879918251368064
0.7936704619279112
0.9946326588701955
1.192403685204484
1.1313974780042364
0.8256021183113947
1.3273614554747544
1.2279188879071867
0.9802933579324291
0.879918251368064
0.8990373192850859
1.4125646489916044
0.357296654218796
2.465988012239021
1.2918462527720518
0.9755135909531737
0.9611742900154071
1.7247627465343631
1.0905722352857898
1.0905722352857898
0.7263229885321095
2.8438675594610037
0.9420552220983853
0.31316473376048887
2.146243779974267
0.6425099943290735
0.8216106612634593
0.9277159211606187
0.8416801155340202
1.0147539273801034
2.8584013882003103
2.451454183499714
1.1255653004730297
1.9427701776239688
0.42200429000540024
2.0881084650170387
0.6915277878701319
0.8942575523058305
1.0964044128169967
0.8607991834510421
0.7437205888630984
0.8416801155340202
1.02058610491131
1.525968415115088
0.9277159211606187
0.7896790048799758
0.9372754551191298
0.6539211205163191
1.3966817405874496
0.6539211205163191
1.1255653004730297
1.2989492933125921
0.9611742900154071
0.8703587174095532
0.39198047197213454
1.0497469925673433
0.4980106407626061
0.8560194164717866
1.206609766285565
1.6717223145951576
1.7247627465343631
0.9563945230361518
0.6453627758758849
1.3887402863853722
0.471305706712777
1.0964044128169967
1.1139009454106166
1.27053713115043
1.2279188879071867
0.9946326588701955
0.6596266836099419
27.42352199892533
1.1255653004730297
1.1605583656602698
1.6814392412271624
0.9181563872021079
0.38537403049530816
0.8990373192850859
0.4877395122819026
0.9229361541813634
0.8464598825132758
0.5313501218043353
1.4125646489916044
1.0847400577545832
0.9516147560568963
1.0847400577545832
2.524123327196249
1.0905722352857898
0.7089253882011206
1.3273614554747544
0.8607991834510421
2.3351835535852583
1.499920645214456
0.9468349890776406
3.0618749905506086
2.9601381893754595
0.8703587174095532
0.8056448330717176
2.902002874418232
0.8655789504302976
0.9563945230361518
0.7617388055444276
0.5338287542829676
1.6717223145951576
0.7657302625923631
0.750679628995494
0.9181563872021079
1.3887402863853722
1.5162514884830836
1.349033015374985
1.5939869015391208
0.7402410687969007
0.8942575523058305
0.7856875478320403
1.5078620994165333
1.0847400577545832
0.9611742900154071
0.879918251368064
0.6776097076053408
0.9324956881398744
0.9802933579324291
0.9850731249116845
1.7102289177950563
1.05557917009855
1.284743212231511
1.0614113476297566
1.1022365903482032
0.9181563872021079
1.256331050069349
1.2350219284477273
1.525968415115088
0.9181563872021079
1.008971959807962
0.424058515701541
2.465988012239021
0.5968654895800912
1.1022365903482032
1.5939869015391208
2.5531909846748637
1.3060523338531327
0.9324956881398744
0.9085968532435971
0.8703587174095532
0.6984868280025274
1.4284475573957593
0.46925148101663633
1.1022365903482032
0.999412425849451
0.5685296089838223
1.05557917009855
0.8560194164717866
1.284743212231511
1.0789078802233765
1.6231376814351348
2.349717382324565
0.3886772512337213
0.8990373192850859
0.4117997964026137
0.7816960907841048
0.7777046337361694
1.9427701776239688
0.9038170862643414
0.8942575523058305
1.2918462527720518
1.1488940105978562
0.9038170862643414
0.4322754184861038
0.4167546275102335
0.8942575523058305
1.2350219284477273
1.0614113476297566
0.8295935753593302
0.750679628995494
1.067243525160963
0.8655789504302976
2.538657155935556
1.5551191950111023
0.8176192042155238
0.9038170862643414
0.9181563872021079
1.444330465799914
1.2989492933125921
2.306115896106644
0.9946326588701955
1.1313974780042364
0.8016533760237821
0.9468349890776406
1.1313974780042364
0.4151030171410268
1.0380826375049301
0.8751384843888085
1.0847400577545832
0.8560194164717866
0.9707338239739183
0.9802933579324291
0.8335850324072656
0.9563945230361518
0.3319161272944911
0.8894777853265751
1.5939869015391208
1.02058610491131
0.9898528918909401
1.0905722352857898
1.1488940105978562
1.1022365903482032
0.8136277471675883
0.5021190921548875
0.8335850324072656
0.4322754184861038
1.284743212231511
0.9181563872021079
0.9755135909531737
1.07307570269217
0.4507634497513701
0.49184796367418404
10.496396423787239
0.7402410687969007
1.3060523338531327
1.1255653004730297
0.33057674204206233
1.0439148150361368
0.9181563872021079
1.1722227207226832
1.1722227207226832
0.8056448330717176
0.7777046337361694
1.1080687678794099
1.2421249689882676
0.9038170862643414
1.1488940105978562
1.1430618330666495
1.0905722352857898
0.9659540569946626
0.9659540569946626
0.8560194164717866
0.8136277471675883
0.6453627758758849
0.9755135909531737
0.3145041190129176
3.221747106682986
1.0789078802233765
0.9516147560568963
0.6567739020631306
0.5065637970180105
1.0439148150361368
1.0322504599737232
1.0147539273801034
1.0614113476297566
0.8335850324072656
0.9802933579324291
2.291582067367337
0.8942575523058305
2.6985292720679337
0.8096362901196529
0.6425099943290735
1.1080687678794099
0.8375764894552011
1.4284475573957593
0.6510683389695077
1.02058610491131
1.3887402863853722
1.206609766285565
0.8942575523058305
0.34573538163434986
0.7697217196402985
0.36390309569562235
0.8751384843888085
0.8335850324072656
1.2350219284477273
0.7697217196402985
1.1722227207226832
0.9038170862643414
0.4877395122819026
1.499920645214456
0.8056448330717176
0.8375764894552011
0.7617388055444276
3.611579600121389
1.0380826375049301
1.1313974780042364
0.8655789504302976
0.8056448330717176
0.8655789504302976
0.4589803525359329
0.750679628995494
2.059040807538425
1.1080687678794099
0.9659540569946626
0.33459489779934853
1.137229655535443
0.8335850324072656
0.7737131766882339
0.9946326588701955
0.4425465469668073
0.47541415810505844
1.4205061031936819
1.0789078802233765
0.43638386987838523
1.0439148150361368
0.7777046337361694
0.7472001089292962
1.1605583656602698
0.9946326588701955
2.204379094931495
0.8416801155340202
1.4522719200019916
0.8846980183473195
1.2918462527720518
0.8560194164717866
0.8655789504302976
1.0439148150361368
1.8701010339274335
0.9372754551191298
0.9181563872021079
0.7158844283335162
0.5710082414624548
0.7124049082673184
0.9850731249116845
0.4035417445565807
1.6522884613311484
1.8991686914060475
0.5412646517188651
1.1488940105978562
0.7657302625923631
0.9468349890776406
0.6396572127822622
0.7437205888630984
1.2634340906098893
0.9898528918909401
0.7777046337361694
1.192403685204484
0.8751384843888085
0.5759655064197198
0.8846980183473195
1.137229655535443
0.9563945230361518
1.1139009454106166
0.8990373192850859
1.0789078802233765
1.642571534699144
0.8655789504302976
1.4363890115978366
1.0497469925673433
0.7472001089292962
0.9611742900154071
1.6620053879631533
1.3202584149342138
1.2421249689882676
1.1781976041234028
0.8335850324072656
0.9085968532435971
2.8438675594610037
0.9850731249116845
0.7472001089292962
0.7367615487307029
1.9573040063632754
0.4980106407626061
1.3415675365558355
1.1781976041234028
0.8560194164717866
1.3807988321832947
2.1317099512349595
1.1722227207226832
0.3787675890184818
0.9611742900154071
1.1605583656602698
1.0380826375049301
1.5648361216431068
1.1080687678794099
0.9372754551191298
0.8607991834510421
1.3966817405874496
0.7124049082673184
0.9085968532435971
0.9802933579324291
1.6328546080671393
0.7472001089292962
0.7976619189758467
0.5214355918898053
6.409867273820933
0.8846980183473195
1.2492280095288084
1.0439148150361368
0.5090424294966429
1.1722227207226832
1.0497469925673433
0.3440837712651433
2.1171761224956525
1.3569744695770625
0.8295935753593302
1.0322504599737232
0.3952836927105477
0.9468349890776406
1.192403685204484
1.6717223145951576
0.36390309569562235
1.9573040063632754
