781.0
899.0
797.0
804.0
736.0
773.0
800.0
753.0
839.0
880.0
765.0
831.0
749.0
811.0
823.0
760.0
780.0
1022.0
814.0
761.0
1058.0
615.0
758.0
864.0
822.0
892.0
747.0
977.0
817.0
660.0
834.0
752.0
793.0
777.0
956.0
757.0
635.0
812.0
754.0
804.0
630.0
743.0
697.0
776.0
756.0
774.0
819.0
680.0
629.0
872.0
694.0
734.0
1260.0
806.0
800.0
863.0
816.0
926.0
776.0
772.0
761.0
762.0
651.0
898.0
862.0
749.0
757.0
874.0
820.0
844.0
1018.0
795.0
750.0
768.0
760.0
779.0
618.0
829.0
896.0
761.0
802.0
794.0
901.0
893.0
777.0
766.0
881.0
761.0
788.0
801.0
779.0
800.0
734.0
624.0
809.0
830.0
762.0
761.0
804.0
793.0
744.0
820.0
833.0
823.0
787.0
800.0
1013.0
963.0
854.0
739.0
786.0
753.0
657.0
731.0
789.0
810.0
781.0
808.0
745.0
730.0
795.0
852.0
761.0
939.0
876.0
829.0
733.0
941.0
788.0
809.0
817.0
789.0
770.0
868.0
808.0
763.0
779.0
830.0
823.0
761.0
747.0
740.0
864.0
798.0
849.0
870.0
779.0
786.0
943.0
749.0
727.0
765.0
839.0
769.0
900.0
733.0
758.0
696.0
844.0
833.0
850.0
691.0
793.0
849.0
800.0
729.0
765.0
807.0
801.0
735.0
870.0
778.0
739.0
781.0
742.0
660.0
741.0
732.0
874.0
786.0
769.0
816.0
753.0
815.0
826.0
848.0
706.0
670.0
909.0
834.0
764.0
804.0
895.0
730.0
791.0
893.0
791.0
673.0
733.0
784.0
773.0
841.0
805.0
745.0
767.0
652.0
796.0
657.0
834.0
824.0
770.0
723.0
823.0
771.0
765.0
934.0
896.0
801.0
830.0
660.0
881.0
778.0
759.0
786.0
806.0
798.0
869.0
798.0
673.0
831.0
750.0
795.0
772.0
785.0
798.0
722.0
782.0
770.0
604.0
781.0
782.0
840.0
766.0
826.0
789.0
794.0
762.0
777.0
881.0
783.0
793.0
741.0
742.0
756.0
796.0
677.0
795.0
749.0
894.0
917.0
819.0
817.0
754.0
765.0
637.0
896.0
766.0
729.0
771.0
632.0
789.0
787.0
747.0
791.0
823.0
762.0
730.0
744.0
747.0
746.0
758.0
800.0
766.0
787.0
759.0
704.0
775.0
878.0
829.0
627.0
785.0
837.0
781.0
875.0
770.0
824.0
715.0
782.0
816.0
740.0
782.0
946.0
740.0
974.0
852.0
827.0
785.0
798.0
778.0
668.0
788.0
906.0
762.0
882.0
831.0
789.0
779.0
803.0
831.0
874.0
765.0
746.0
852.0
786.0
907.0
761.0
755.0
725.0
749.0
795.0
766.0
856.0
739.0
794.0
928.0
879.0
753.0
811.0
626.0
785.0
811.0
783.0
755.0
900.0
833.0
781.0
805.0
640.0
770.0
740.0
813.0
602.0
857.0
757.0
744.0
838.0
757.0
884.0
757.0
851.0
754.0
758.0
832.0
773.0
749.0
906.0
742.0
753.0
814.0
773.0
738.0
1053.0
797.0
767.0
851.0
779.0
795.0
608.0
649.0
850.0
766.0
832.0
770.0
718.0
708.0
781.0
744.0
820.0
731.0
779.0
794.0
777.0
781.0
767.0
841.0
836.0
757.0
791.0
849.0
676.0
860.0
745.0
784.0
764.0
725.0
778.0
775.0
886.0
797.0
781.0
754.0
693.0
616.0
742.0
825.0
757.0
787.0
748.0
749.0
855.0
957.0
764.0
776.0
840.0
806.0
774.0
759.0
861.0
635.0
734.0
629.0
705.0
746.0
641.0
746.0
908.0
821.0
781.0
738.0
655.0
747.0
740.0
812.0
733.0
756.0
843.0
754.0
755.0
755.0
807.0
844.0
726.0
779.0
749.0
797.0
840.0
784.0
721.0
746.0
794.0
785.0
660.0
800.0
765.0
764.0
716.0
784.0
849.0
740.0
616.0
631.0
749.0
821.0
780.0
734.0
738.0
837.0
785.0
898.0
606.0
636.0
699.0
858.0
789.0
891.0
788.0
782.0
865.0
797.0
805.0
842.0
734.0
746.0
781.0
740.0
752.0
851.0
805.0
678.0
862.0
785.0
726.0
822.0
769.0
635.0
749.0
753.0
786.0
754.0
778.0
746.0
773.0
731.0
779.0
865.0
1018.0
813.0
795.0
815.0
758.0
738.0
808.0
816.0
748.0
703.0
771.0
752.0
791.0
749.0
740.0
773.0
794.0
779.0
721.0
905.0
791.0
804.0
817.0
854.0
756.0
778.0
747.0
751.0
946.0
836.0
752.0
815.0
699.0
865.0
833.0
643.0
794.0
746.0
762.0
762.0
773.0
894.0
794.0
730.0
845.0
780.0
762.0
590.0
908.0
678.0
669.0
740.0
737.0
771.0
662.0
738.0
736.0
891.0
842.0
880.0
749.0
765.0
733.0
781.0
755.0
1021.0
649.0
744.0
632.0
789.0
846.0
706.0
813.0
765.0
782.0
793.0
818.0
786.0
1017.0
779.0
764.0
760.0
794.0
833.0
874.0
1159.0
970.0
833.0
758.0
640.0
937.0
786.0
802.0
882.0
698.0
842.0
809.0
766.0
728.0
895.0
745.0
793.0
804.0
765.0
738.0
778.0
776.0
794.0
774.0
723.0
868.0
766.0
820.0
741.0
818.0
778.0
641.0
754.0
761.0
782.0
757.0
757.0
761.0
832.0
807.0
