0.7329643389745469
0.7006554645988268
1.7034298294793115
1.157968048837727
0.6509120897180762
0.7071172394739709
0.49393531864669926
1.4830426297163475
1.6484896651763825
1.4511563737921767
1.9203874354643486
1.9927066374593612
0.6598115606175472
0.6812701399733946
0.5812876817085988
0.7329643389745469
1.001869560476892
0.6301466576193108
0.8120034909522882
0.7200407892242591
0.40457406427635745
1.1822214036284644
0.7200407892242591
0.6687110315170182
0.6748083650982506
1.006697344633034
1.1638062994451552
1.225294386983138
0.6271801673194871
0.8044507293896479
0.8908305248856176
0.6627780509173709
0.7394261138496911
0.8570360357926211
0.6242136770196636
0.6568450703177237
0.6748083650982506
1.2611885397786993
0.5494687061556304
0.8308853948588889
0.7394261138496911
0.8473804674803362
0.8908305248856176
0.5641543871800774
0.7006554645988268
0.6657445412171945
0.644979109118429
0.7968979678270076
0.8384381564215293
0.7394261138496911
0.6301466576193108
0.6877319148485387
0.5763924547004499
0.6242136770196636
0.6845010274109667
0.759134160013806
0.7071172394739709
0.5666020006841518
0.6360796382189581
0.5886305222208223
0.6568450703177237
0.9970417763207495
0.6390461285187817
0.7103481269115428
1.0295265354743115
0.41735521929155506
0.6598115606175472
0.6093812255205454
0.7629105407951261
0.8271090140775689
1.5069573216594752
1.0879090415485915
0.7135790143491149
0.8618638199487634
1.0587177885114514
0.7103481269115428
0.6538785800178999
1.4112985538869633
0.8044507293896479
0.6780392525358226
0.8570360357926211
0.5617067736760029
0.7968979678270076
0.6390461285187817
1.3186191842515975
0.7666869215764462
1.4750710657353048
1.3114403536924855
0.5788400682045243
0.6748083650982506
0.6877319148485387
0.8346617756402093
1.1521297982302992
0.7297334515369751
0.7135790143491149
0.8384381564215293
0.644979109118429
1.1521297982302992
1.157968048837727
0.9197972298224717
0.6598115606175472
0.6598115606175472
1.001869560476892
0.5886305222208223
0.7931215870456875
0.6212471867198399
0.8811749565733329
0.7931215870456875
0.6301466576193108
0.5812876817085988
0.7297334515369751
0.6845010274109667
0.49205388687936147
1.9203874354643486
0.7200407892242591
0.9825584238523224
0.5812876817085988
0.5690496141882263
1.4431848098111342
0.6301466576193108
0.6909628022861107
0.9922139921646072
1.1054237933708753
1.3401556759289341
0.6064147352207215
0.7742396831390866
0.7200407892242591
1.1112620439783032
0.4157575749146553
0.6093812255205454
1.0587177885114514
77.66593868218963
1.0412030366891674
0.5861829087167478
0.5812876817085988
1.1521297982302992
0.6479455994182527
0.6212471867198399
0.7329643389745469
0.6390461285187817
0.8271090140775689
0.7232716766618309
0.9004860931979023
0.7297334515369751
0.6780392525358226
1.1229385451931593
0.5886305222208223
1.2324732175422504
2.3398388070354215
1.0178500342594556
0.5788400682045243
2.4121580090304335
1.0120117836520275
0.726502564099403
0.6182806964200162
0.6479455994182527
0.8308853948588889
0.726502564099403
0.7135790143491149
0.9246250139786142
0.7666869215764462
0.5372306386352579
0.644979109118429
1.0879090415485915
0.7742396831390866
0.8195562525149286
1.157968048837727
0.7931215870456875
0.759134160013806
0.6877319148485387
0.7006554645988268
0.6331131479191344
2.1084173606513814
0.6598115606175472
0.808227110170968
1.0353647860817397
0.9584195030716106
0.7523496635999792
0.8044507293896479
0.6941936897236828
1.7757490314743238
0.5812876817085988
0.9149694456663293
0.6598115606175472
0.5739448411963753
0.5975152643212507
0.8956583090417599
0.4563066832999431
0.8308853948588889
0.5788400682045243
0.644979109118429
0.9342805822908989
0.7780160639204068
0.5812876817085988
0.5225449576108108
1.1229385451931593
0.6627780509173709
0.9535917189154682
0.6064147352207215
0.7855688254830471
0.49957961394871275
0.6877319148485387
0.7704633023577664
0.7103481269115428
0.7329643389745469
0.7523496635999792
0.49205388687936147
0.7742396831390866
0.6568450703177237
0.6845010274109667
0.6093812255205454
0.6004817546210744
0.603448244920898
0.5886305222208223
0.8044507293896479
0.7135790143491149
0.6182806964200162
0.7297334515369751
0.9777306396961801
0.948763934759326
1.1346150464080154
0.7297334515369751
1.419270117868006
0.7135790143491149
1.1521297982302992
0.6716775218168418
0.6598115606175472
0.8044507293896479
1.1054237933708753
0.6331131479191344
1.0178500342594556
0.6093812255205454
0.6093812255205454
0.7071172394739709
0.6360796382189581
0.5812876817085988
0.5763924547004499
0.6360796382189581
1.6484896651763825
1.419270117868006
1.1054237933708753
0.7426570012872632
1.006697344633034
0.8522082516364787
0.6538785800178999
0.612347715820369
0.603448244920898
0.842552683324194
0.8473804674803362
0.644979109118429
0.745887888724835
0.8570360357926211
0.8384381564215293
0.603448244920898
1.3186191842515975
0.6301466576193108
0.8384381564215293
0.6509120897180762
0.5812876817085988
0.7555805510375513
1.2037578953058012
1.0762325403337354
0.6538785800178999
0.612347715820369
0.7394261138496911
0.7200407892242591
0.612347715820369
1.6580140139872546
0.8346617756402093
0.9729028555400377
0.8763471724171905
0.7855688254830471
0.5568115466678538
0.6360796382189581
1.1638062994451552
1.4272416818490488
1.0587177885114514
0.7855688254830471
0.6331131479191344
0.6301466576193108
0.5666020006841518
1.515148781824175
0.7931215870456875
0.603448244920898
0.49205388687936147
0.6598115606175472
0.7232716766618309
0.6716775218168418
0.6909628022861107
1.804676712272329
0.5763924547004499
0.7232716766618309
1.6770627116089987
0.6687110315170182
0.6509120897180762
1.1894002341875767
1.1287767958005872
0.9342805822908989
0.8763471724171905
0.6004817546210744
0.6331131479191344
0.6909628022861107
0.644979109118429
0.6627780509173709
1.6199166187437666
0.736195226412119
1.0528795379040237
1.2611885397786993
0.6360796382189581
0.5812876817085988
0.7071172394739709
0.5666020006841518
0.6538785800178999
0.7817924447017269
0.759134160013806
0.7200407892242591
0.6716775218168418
0.7780160639204068
0.5975152643212507
0.6909628022861107
0.6627780509173709
0.6271801673194871
0.6153142061201926
0.7071172394739709
0.6748083650982506
0.6716775218168418
1.1346150464080154
0.6390461285187817
1.1346150464080154
0.6845010274109667
1.0353647860817397
0.7103481269115428
0.428085206789876
0.8120034909522882
0.8618638199487634
0.8195562525149286
0.5975152643212507
0.6845010274109667
0.6748083650982506
0.7742396831390866
0.6509120897180762
0.644979109118429
0.7555805510375513
0.8473804674803362
0.6748083650982506
0.7394261138496911
0.8271090140775689
0.6877319148485387
0.726502564099403
0.6568450703177237
0.9825584238523224
0.9149694456663293
1.6389653163655105
0.5396782521393323
0.5812876817085988
1.0120117836520275
0.7103481269115428
0.8044507293896479
0.8618638199487634
0.5886305222208223
1.0762325403337354
0.9004860931979023
0.8346617756402093
0.7931215870456875
0.8811749565733329
0.9004860931979023
0.5788400682045243
0.7742396831390866
1.0937472921560194
0.9342805822908989
0.9584195030716106
0.7232716766618309
0.6064147352207215
0.5975152643212507
0.6748083650982506
0.6093812255205454
0.7931215870456875
0.6657445412171945
0.8157798717336084
0.6941936897236828
0.6153142061201926
0.6974245771612547
0.8763471724171905
0.8044507293896479
0.4544252515326053
0.603448244920898
0.7491187761624073
0.9729028555400377
0.8763471724171905
1.297082692574261
1.8191405526713316
0.7666869215764462
0.8233326332962487
0.745887888724835
0.7071172394739709
2.3398388070354215
0.736195226412119
1.1346150464080154
0.7855688254830471
0.9970417763207495
0.6271801673194871
0.745887888724835
0.6909628022861107
0.8384381564215293
0.5975152643212507
0.6941936897236828
0.8233326332962487
0.8120034909522882
0.8908305248856176
0.603448244920898
0.8715193882610482
0.6974245771612547
0.644979109118429
0.8473804674803362
0.8956583090417599
0.6182806964200162
0.5915822837216034
0.8956583090417599
0.6909628022861107
1.0470412872965955
0.759134160013806
0.8570360357926211
0.5249925711148853
1.157968048837727
0.8271090140775689
1.0353647860817397
1.6294409675546384
0.7931215870456875
0.7491187761624073
0.9777306396961801
0.7168099017866869
0.6941936897236828
0.5666020006841518
0.6182806964200162
0.6568450703177237
0.7817924447017269
1.5341974794459186
1.2468308786604747
1.4750710657353048
0.9680750713838953
1.2899038620151484
0.9970417763207495
0.7394261138496911
0.7855688254830471
0.7038863520363988
0.7006554645988268
0.6687110315170182
0.5249925711148853
0.603448244920898
0.9680750713838953
0.6877319148485387
0.5127545035945127
1.1346150464080154
0.8570360357926211
0.5915822837216034
0.6093812255205454
0.7968979678270076
0.8570360357926211
0.8271090140775689
0.7135790143491149
1.6889659890803088
0.7931215870456875
0.5690496141882263
0.7491187761624073
0.7855688254830471
0.5975152643212507
0.7394261138496911
0.5788400682045243
0.6716775218168418
0.842552683324194
2.730362497808489
0.8044507293896479
0.9197972298224717
1.0353647860817397
0.6360796382189581
0.9004860931979023
0.6748083650982506
0.6004817546210744
0.7523496635999792
0.603448244920898
0.736195226412119
0.7135790143491149
3.063030826985546
0.5494687061556304
0.5975152643212507
0.6212471867198399
0.6909628022861107
0.7200407892242591
0.8308853948588889
0.8044507293896479
0.7394261138496911
0.6845010274109667
0.6877319148485387
0.8811749565733329
0.7394261138496911
0.5861829087167478
0.7006554645988268
0.6941936897236828
0.6568450703177237
1.6389653163655105
0.8384381564215293
0.7006554645988268
0.7394261138496911
0.745887888724835
0.5519163196597048
0.5033424774833882
1.515148781824175
1.0937472921560194
0.603448244920898
0.7968979678270076
0.9342805822908989
0.7931215870456875
0.6687110315170182
0.5690496141882263
0.8271090140775689
0.7297334515369751
0.8308853948588889
0.6212471867198399
1.1054237933708753
0.7523496635999792
0.808227110170968
1.1638062994451552
1.0353647860817397
1.1229385451931593
0.8195562525149286
0.8120034909522882
0.5225449576108108
1.524673130635047
0.7103481269115428
0.7704633023577664
0.7817924447017269
1.0528795379040237
0.7394261138496911
0.7232716766618309
0.6941936897236828
0.7523496635999792
0.446899524463254
0.8346617756402093
0.7855688254830471
0.7135790143491149
0.6360796382189581
1.2324732175422504
0.5861829087167478
0.6598115606175472
2.9473201037935266
0.6941936897236828
0.7200407892242591
0.745887888724835
0.9535917189154682
1.2037578953058012
0.8157798717336084
0.745887888724835
0.745887888724835
0.9922139921646072
0.7555805510375513
1.5341974794459186
0.7103481269115428
0.6004817546210744
0.5975152643212507
0.8763471724171905
1.2468308786604747
1.2755462008969238
0.745887888724835
0.6212471867198399
0.8811749565733329
2.0216343182573664
1.1054237933708753
0.6748083650982506
0.5666020006841518
0.9873862080084648
1.8769959142673416
0.7629105407951261
0.6877319148485387
0.6212471867198399
1.0470412872965955
1.1054237933708753
0.7426570012872632
0.8956583090417599
0.7855688254830471
0.7523496635999792
1.2540097092195872
0.7394261138496911
1.3186191842515975
0.7329643389745469
0.726502564099403
0.612347715820369
0.9729028555400377
0.6845010274109667
1.1171002945857313
0.9391083664470412
0.6538785800178999
0.7232716766618309
0.6941936897236828
0.7491187761624073
0.612347715820369
2.730362497808489
0.6941936897236828
0.7103481269115428
0.6568450703177237
0.745887888724835
0.603448244920898
0.9873862080084648
1.157968048837727
0.8271090140775689
0.8618638199487634
0.6212471867198399
0.6093812255205454
0.736195226412119
0.7168099017866869
0.6748083650982506
0.6568450703177237
0.6845010274109667
0.4189528636684547
0.6153142061201926
0.5690496141882263
0.6153142061201926
0.603448244920898
0.4356109338592272
0.9584195030716106
1.0412030366891674
0.644979109118429
0.7103481269115428
4.662797490302877
0.7523496635999792
0.745887888724835
0.7491187761624073
0.7855688254830471
0.7103481269115428
0.6479455994182527
0.9584195030716106
0.6627780509173709
0.6877319148485387
0.9053138773540447
0.6153142061201926
0.7232716766618309
0.6153142061201926
0.9873862080084648
0.7523496635999792
0.612347715820369
0.6153142061201926
0.9584195030716106
0.6748083650982506
0.6568450703177237
0.6509120897180762
0.6845010274109667
1.0353647860817397
0.7200407892242591
0.7006554645988268
0.8522082516364787
0.6716775218168418
0.4581881150672808
0.7968979678270076
1.297082692574261
0.6331131479191344
0.644979109118429
0.8044507293896479
1.419270117868006
0.6780392525358226
0.726502564099403
1.2037578953058012
0.5975152643212507
0.4318480703245516
0.8666916041049059
0.5886305222208223
0.7931215870456875
0.5592591601719283
0.6598115606175472
0.8195562525149286
0.7523496635999792
0.9053138773540447
1.1894002341875767
0.7855688254830471
0.842552683324194
0.6242136770196636
0.6909628022861107
1.1404532970154433
0.8956583090417599
0.8473804674803362
0.759134160013806
0.726502564099403
0.7071172394739709
0.4638324103692943
1.0645560391188795
0.6331131479191344
0.46571384213663214
0.6627780509173709
0.6212471867198399
0.7817924447017269
0.8120034909522882
0.8715193882610482
0.6909628022861107
0.7135790143491149
0.736195226412119
0.5519163196597048
1.9927066374593612
1.0528795379040237
0.7931215870456875
0.7629105407951261
0.7931215870456875
1.006697344633034
0.8044507293896479
0.736195226412119
0.8384381564215293
0.6064147352207215
0.5886305222208223
0.8473804674803362
0.8233326332962487
0.9197972298224717
0.6716775218168418
0.6748083650982506
0.8908305248856176
1.5437218282567908
1.1521297982302992
0.7817924447017269
1.157968048837727
0.644979109118429
1.5532461770676627
0.5568115466678538
0.7394261138496911
0.7232716766618309
0.9246250139786142
0.6271801673194871
1.4272416818490488
0.8811749565733329
0.745887888724835
1.0587177885114514
0.9873862080084648
0.8715193882610482
0.842552683324194
0.6093812255205454
0.7135790143491149
0.6509120897180762
1.2827250314560361
1.6103922699328945
1.8769959142673416
0.6212471867198399
0.7523496635999792
0.6780392525358226
0.6748083650982506
0.5915822837216034
0.808227110170968
0.6687110315170182
0.7968979678270076
0.5666020006841518
0.9342805822908989
1.0412030366891674
1.0703942897263072
0.8473804674803362
0.6153142061201926
1.1287767958005872
0.7006554645988268
1.1346150464080154
0.5274401846189597
2.354302647434424
1.891459754666344
0.6360796382189581
0.7394261138496911
