0.70782637192746
1.7842113154616654
0.4634301222253535
0.6446620140081327
0.5648336047585749
0.8180177467240143
0.9002792022259176
0.784760208414573
0.5411730858464149
0.8263321313013747
0.7764458238372125
0.7004459419142964
0.5122546738426638
0.9261163758050267
0.6930655119011327
0.6819948668813872
0.49757085294253894
1.1306068127700586
0.6016694854984984
0.6545833667411253
0.8180177467240143
0.6413548964304685
0.7681314392598522
0.6248193085421476
0.9881255923948886
0.667811837051782
0.6578904843187894
0.7115165869340419
0.7004459419142964
1.1245126098715081
3.2855866684082002
0.7225872319537873
1.2101731304081886
0.6347406612751402
0.6446620140081327
0.8013889775692936
0.5884941236707351
0.7639742469711721
0.6711189546294462
0.9261163758050267
0.7152068019406237
0.7889174007032531
0.7521089520064419
0.8013889775692936
0.6783046518748055
1.05747637798745
0.7521089520064419
0.7521089520064419
0.9261163758050267
1.1245126098715081
0.6611976018964536
1.0148169576975952
0.7521089520064419
0.6893752968945509
0.7722886315485324
2.335736955319576
0.6578904843187894
0.7930745929919332
0.667811837051782
0.7639742469711721
0.9881255923948886
0.6413548964304685
0.6248193085421476
0.5595757116669838
1.6410538825901926
0.5543178185753928
0.6711189546294462
0.6446620140081327
0.6893752968945509
1.0330995663932474
0.8263321313013747
0.8180177467240143
0.651276249163461
0.9932930271107104
0.6645047194741178
0.4816385119411857
0.5884941236707351
0.9519535493841358
0.7373480919801146
0.6783046518748055
1.8608120987752643
1.1184184069729575
0.7447285219932782
0.6380477788528044
1.8608120987752643
1.2860072151692348
0.5753493909417572
0.7681314392598522
0.8180177467240143
0.43156544022264715
2.473618365284054
0.7410383069866964
2.71874087188757
0.7004459419142964
1.148889421465711
0.48619060937014374
1.0036278965423542
0.7041361569208782
0.7447285219932782
1.5369931401829933
0.8847768980784523
0.7557991670130237
0.5622046582127794
0.6446620140081327
0.6248193085421476
0.8263321313013747
0.70782637192746
1.1184184069729575
0.9777907229632449
0.8951117675100959
0.6380477788528044
0.6645047194741178
0.6645047194741178
0.5674625513043705
0.8221749390126945
0.5700914978501661
0.651276249163461
0.7557991670130237
0.7557991670130237
0.4634301222253535
0.7484187369998602
0.946786114668314
0.6711189546294462
0.8138605544353341
0.6856850818879691
0.6967557269077146
0.7557991670130237
1.075758986683102
0.6446620140081327
0.6893752968945509
0.6783046518748055
0.4952948042280599
0.611590838231491
0.3666289695266061
0.809703362146654
0.6446620140081327
0.809703362146654
0.5983623679208342
0.7681314392598522
0.611590838231491
0.6746144368682236
0.9209489410892049
0.8304893235900548
0.6545833667411253
0.6967557269077146
0.6819948668813872
0.7336578769735328
0.7152068019406237
1.2708403982170255
0.6893752968945509
0.7722886315485324
0.6893752968945509
0.4588780247963955
1.5091161011911438
0.6856850818879691
0.7722886315485324
0.6611976018964536
0.9312838105208486
0.7152068019406237
0.6645047194741178
0.6645047194741178
0.7262774469603691
0.8055461698579737
0.8263321313013747
1.2480901727887117
0.9364512452366702
0.42701334279368924
0.9054466369417395
0.8138605544353341
0.6248193085421476
0.5779783374875527
0.7639742469711721
0.6446620140081327
0.8692745939309867
0.6148979558091551
0.8221749390126945
0.5884941236707351
0.70782637192746
0.6215121909644835
0.6856850818879691
0.6314335436974761
0.6082837206538266
0.6545833667411253
0.6645047194741178
0.5753493909417572
1.1874229049798748
0.9209489410892049
1.106230001175856
0.784760208414573
0.6182050733868193
1.9067725687634234
0.3916534116094966
0.9674558535316012
0.834646515878735
0.7152068019406237
1.565373342657684
1.0087953312581759
0.9416186799524923
0.7336578769735328
0.4588780247963955
3.346867295059079
0.6856850818879691
1.05747637798745
0.6967557269077146
0.7152068019406237
0.59505525034317
0.6967557269077146
0.8847768980784523
0.7447285219932782
0.809703362146654
0.8847768980784523
0.6578904843187894
0.9002792022259176
0.667811837051782
0.4059530927997198
0.889944332794274
1.0148169576975952
0.5753493909417572
0.7262774469603691
0.6182050733868193
0.7930745929919332
0.6182050733868193
0.6746144368682236
0.8221749390126945
0.7557991670130237
1.0087953312581759
0.5543178185753928
0.6347406612751402
0.7722886315485324
0.38629103116316293
0.8013889775692936
0.8434374203518776
0.784760208414573
1.1245126098715081
0.6819948668813872
0.5983623679208342
0.8055461698579737
0.6819948668813872
0.6281264261198117
0.6016694854984984
0.7262774469603691
0.6930655119011327
0.7447285219932782
0.4520498786529585
0.6314335436974761
0.7447285219932782
0.6967557269077146
0.6182050733868193
0.784760208414573
0.8138605544353341
0.8013889775692936
0.5753493909417572
0.6016694854984984
0.5411730858464149
0.5674625513043705
0.6578904843187894
0.7447285219932782
1.0513821750888994
0.4520498786529585
0.611590838231491
0.6967557269077146
0.6314335436974761
0.5648336047585749
0.5438020323922105
0.7806030161258928
1.4236920280575738
0.6347406612751402
0.6783046518748055
3.537408244562341
0.6856850818879691
0.7188970169472055
0.6049766030761625
0.7262774469603691
0.6545833667411253
0.9261163758050267
0.9519535493841358
0.6182050733868193
0.7447285219932782
0.6049766030761625
0.6049766030761625
0.6148979558091551
0.6314335436974761
0.6413548964304685
0.6248193085421476
0.864107159215165
0.6215121909644835
0.6783046518748055
0.7930745929919332
0.5983623679208342
0.420252773989943
0.7410383069866964
0.5884941236707351
0.6645047194741178
0.6967557269077146
0.7262774469603691
0.8847768980784523
0.7262774469603691
0.611590838231491
0.38986595146071873
0.611590838231491
0.6893752968945509
0.7041361569208782
0.8796094633626304
0.6545833667411253
0.7336578769735328
2.044653978727901
1.0452879721903487
0.864107159215165
1.3239242575497578
0.9364512452366702
0.7930745929919332
0.8486048550676996
1.0087953312581759
0.47936246322670667
0.70782637192746
0.6645047194741178
0.611590838231491
0.6215121909644835
0.9829581576790669
0.7889174007032531
0.5917481327655058
0.6082837206538266
0.6578904843187894
0.9674558535316012
0.49757085294253894
1.1671720301613633
1.5091161011911438
0.70782637192746
1.0391937692917979
1.0270053634946965
1.316340849073653
0.6819948668813872
0.6413548964304685
0.946786114668314
0.3934408717582745
0.6314335436974761
1.2253399473603976
0.809703362146654
1.5748334101492476
0.5858651771249395
0.9416186799524923
1.0452879721903487
0.8388037081674151
0.7225872319537873
0.4907427067991018
0.667811837051782
0.6380477788528044
2.381697425307735
0.8221749390126945
0.7041361569208782
0.8055461698579737
0.7410383069866964
0.6182050733868193
0.7598170546824918
0.7262774469603691
0.5858651771249395
0.8744420286468085
0.8434374203518776
0.6578904843187894
0.7764458238372125
1.631593815098629
0.6314335436974761
0.7447285219932782
0.8796094633626304
0.784760208414573
0.7484187369998602
0.9157815063733832
0.7410383069866964
0.7004459419142964
0.9984604618265321
0.7336578769735328
0.5227704600258459
0.6893752968945509
1.316340849073653
0.6049766030761625
0.7639742469711721
0.5832362305791439
0.8138605544353341
1.2101731304081886
0.8013889775692936
0.7447285219932782
0.8180177467240143
0.7722886315485324
0.667811837051782
0.6281264261198117
0.7225872319537873
0.3809286507168293
1.0513821750888994
0.6148979558091551
0.809703362146654
1.1245126098715081
0.7930745929919332
1.4834888792510725
0.7722886315485324
0.9674558535316012
1.1798394965037702
0.6711189546294462
1.3087574405975486
0.6893752968945509
0.946786114668314
0.651276249163461
0.651276249163461
0.7004459419142964
0.8537722897835213
0.7889174007032531
0.7521089520064419
0.6182050733868193
0.6545833667411253
0.7598170546824918
0.7764458238372125
0.6446620140081327
0.9054466369417395
0.864107159215165
0.8221749390126945
0.651276249163461
1.1798394965037702
0.6182050733868193
0.5806072840333483
1.263256989740921
0.6314335436974761
0.7447285219932782
0.834646515878735
0.6182050733868193
0.8434374203518776
0.9881255923948886
0.7972317852806134
0.7521089520064419
0.5858651771249395
0.6049766030761625
1.0270053634946965
0.7262774469603691
0.8304893235900548
0.6281264261198117
0.784760208414573
0.7521089520064419
0.667811837051782
0.6967557269077146
0.8263321313013747
0.6783046518748055
0.6856850818879691
0.6711189546294462
0.5806072840333483
0.7972317852806134
1.1306068127700586
0.8537722897835213
1.3468103622373606
0.3988032522046082
0.70782637192746
0.6413548964304685
0.7410383069866964
0.3809286507168293
0.9571209840999576
1.1306068127700586
0.5727204443959616
0.8013889775692936
0.6611976018964536
1.0087953312581759
0.70782637192746
0.6545833667411253
1.1245126098715081
0.7930745929919332
0.6819948668813872
0.6380477788528044
0.8055461698579737
0.7004459419142964
0.834646515878735
0.7041361569208782
0.5779783374875527
0.784760208414573
0.7336578769735328
0.4770864145122276
1.0148169576975952
0.4131029333948314
0.611590838231491
0.9571209840999576
0.7336578769735328
0.651276249163461
0.7115165869340419
0.6578904843187894
0.7639742469711721
0.6819948668813872
0.8013889775692936
0.6967557269077146
0.7262774469603691
0.6446620140081327
1.1427952185671602
0.8434374203518776
0.9777907229632449
0.7447285219932782
0.7225872319537873
0.5884941236707351
0.7115165869340419
0.38271611086560714
0.7373480919801146
0.6215121909644835
0.6446620140081327
0.5464309789380061
0.6182050733868193
0.8055461698579737
0.7681314392598522
0.7681314392598522
0.9829581576790669
1.0452879721903487
1.1874229049798748
0.6893752968945509
0.9571209840999576
0.6783046518748055
0.70782637192746
0.4907427067991018
0.7225872319537873
0.9622884188157795
0.7972317852806134
0.48619060937014374
0.5385441393006194
0.46115407351087445
1.0391937692917979
0.70782637192746
1.2101731304081886
1.1798394965037702
0.6856850818879691
0.7557991670130237
0.3737788101217177
0.6148979558091551
0.7336578769735328
1.081853189581653
0.7373480919801146
0.6446620140081327
0.7299676619669511
0.8744420286468085
0.5253994065716415
0.8221749390126945
0.9674558535316012
0.6314335436974761
1.2101731304081886
0.7521089520064419
1.0209111605961458
0.6711189546294462
1.0087953312581759
0.7639742469711721
2.1212547620414997
0.7336578769735328
0.6314335436974761
0.7152068019406237
0.6380477788528044
1.2329233558365025
0.7225872319537873
0.611590838231491
0.6783046518748055
0.7806030161258928
1.1950063134559794
1.1427952185671602
1.0940415953787543
0.6611976018964536
0.9002792022259176
0.6016694854984984
0.9054466369417395
0.43156544022264715
0.6182050733868193
0.611590838231491
0.6746144368682236
0.5832362305791439
0.8847768980784523
0.809703362146654
0.3773537304192735
0.6819948668813872
0.9622884188157795
0.7410383069866964
0.6611976018964536
1.075758986683102
0.42701334279368924
0.7299676619669511
0.6578904843187894
0.6347406612751402
0.9312838105208486
0.9312838105208486
0.7225872319537873
0.9829581576790669
0.5753493909417572
3.0404641618046844
0.7639742469711721
0.7972317852806134
0.6645047194741178
0.6281264261198117
1.0087953312581759
1.0209111605961458
0.6545833667411253
0.6413548964304685
0.7004459419142964
0.59505525034317
0.5983623679208342
1.05747637798745
0.9364512452366702
0.7262774469603691
0.6893752968945509
0.7115165869340419
0.9209489410892049
0.8221749390126945
0.667811837051782
0.7557991670130237
0.6545833667411253
1.4151496207442167
0.7115165869340419
0.5884941236707351
0.7681314392598522
0.7004459419142964
0.5648336047585749
0.7336578769735328
0.7681314392598522
0.6545833667411253
1.0452879721903487
0.6413548964304685
0.8951117675100959
0.7972317852806134
0.7764458238372125
0.6082837206538266
0.9571209840999576
0.5569467651211882
0.6413548964304685
0.864107159215165
