809.0
753.0
762.0
790.0
818.0
772.0
806.0
793.0
832.0
725.0
898.0
968.0
738.0
749.0
776.0
701.0
753.0
763.0
792.0
806.0
972.0
760.0
738.0
745.0
683.0
741.0
791.0
738.0
750.0
756.0
856.0
740.0
763.0
721.0
759.0
721.0
837.0
793.0
817.0
733.0
837.0
939.0
742.0
762.0
766.0
769.0
602.0
786.0
759.0
890.0
744.0
792.0
733.0
694.0
838.0
787.0
792.0
780.0
731.0
805.0
707.0
719.0
747.0
786.0
749.0
780.0
977.0
772.0
749.0
765.0
738.0
830.0
777.0
784.0
780.0
593.0
760.0
794.0
716.0
722.0
737.0
709.0
765.0
894.0
794.0
738.0
904.0
769.0
752.0
772.0
725.0
821.0
868.0
758.0
758.0
732.0
745.0
901.0
782.0
698.0
760.0
660.0
779.0
610.0
795.0
731.0
853.0
748.0
770.0
766.0
729.0
653.0
669.0
882.0
757.0
817.0
747.0
828.0
805.0
847.0
989.0
870.0
743.0
905.0
842.0
662.0
761.0
746.0
765.0
798.0
828.0
867.0
787.0
769.0
756.0
833.0
736.0
889.0
778.0
797.0
713.0
597.0
870.0
743.0
732.0
727.0
765.0
808.0
748.0
762.0
734.0
738.0
760.0
786.0
894.0
762.0
786.0
601.0
739.0
781.0
766.0
789.0
718.0
762.0
798.0
739.0
744.0
746.0
734.0
730.0
838.0
780.0
755.0
823.0
746.0
772.0
729.0
785.0
712.0
683.0
681.0
842.0
838.0
752.0
720.0
822.0
780.0
727.0
895.0
800.0
753.0
861.0
731.0
723.0
859.0
752.0
806.0
739.0
795.0
857.0
829.0
722.0
626.0
732.0
724.0
833.0
1034.0
638.0
765.0
676.0
697.0
741.0
773.0
914.0
624.0
773.0
595.0
793.0
748.0
782.0
725.0
793.0
869.0
844.0
653.0
714.0
734.0
613.0
752.0
610.0
809.0
797.0
749.0
810.0
824.0
758.0
858.0
810.0
701.0
762.0
729.0
763.0
776.0
771.0
846.0
785.0
776.0
741.0
725.0
829.0
833.0
789.0
652.0
762.0
847.0
757.0
718.0
760.0
774.0
728.0
744.0
711.0
724.0
733.0
737.0
796.0
745.0
924.0
786.0
746.0
772.0
619.0
749.0
725.0
778.0
821.0
694.0
726.0
603.0
789.0
816.0
769.0
803.0
772.0
752.0
774.0
754.0
913.0
763.0
937.0
896.0
730.0
736.0
804.0
744.0
765.0
837.0
748.0
795.0
757.0
820.0
746.0
741.0
771.0
786.0
789.0
781.0
841.0
738.0
869.0
785.0
741.0
606.0
733.0
756.0
855.0
725.0
710.0
794.0
737.0
729.0
816.0
773.0
811.0
786.0
757.0
857.0
800.0
812.0
795.0
748.0
770.0
808.0
741.0
753.0
743.0
774.0
765.0
741.0
754.0
762.0
749.0
714.0
859.0
714.0
722.0
785.0
839.0
732.0
803.0
865.0
741.0
754.0
753.0
702.0
906.0
788.0
745.0
733.0
759.0
786.0
750.0
877.0
770.0
720.0
831.0
794.0
740.0
728.0
770.0
809.0
754.0
855.0
759.0
726.0
990.0
872.0
623.0
796.0
789.0
625.0
773.0
746.0
619.0
635.0
766.0
791.0
762.0
709.0
732.0
742.0
769.0
830.0
670.0
801.0
764.0
784.0
785.0
723.0
706.0
738.0
681.0
871.0
727.0
820.0
762.0
733.0
764.0
701.0
770.0
853.0
774.0
730.0
800.0
922.0
778.0
830.0
738.0
796.0
766.0
809.0
774.0
620.0
796.0
750.0
779.0
854.0
749.0
773.0
649.0
789.0
798.0
764.0
809.0
862.0
814.0
644.0
745.0
805.0
611.0
725.0
813.0
734.0
730.0
743.0
758.0
750.0
764.0
752.0
701.0
833.0
637.0
677.0
786.0
727.0
791.0
714.0
780.0
784.0
781.0
779.0
817.0
791.0
859.0
634.0
639.0
762.0
795.0
786.0
733.0
804.0
725.0
746.0
887.0
695.0
670.0
869.0
707.0
720.0
622.0
816.0
789.0
753.0
745.0
797.0
748.0
614.0
606.0
735.0
859.0
759.0
706.0
893.0
725.0
726.0
821.0
738.0
793.0
744.0
789.0
813.0
629.0
778.0
592.0
791.0
699.0
763.0
741.0
796.0
944.0
757.0
726.0
804.0
749.0
736.0
726.0
738.0
722.0
700.0
754.0
762.0
813.0
789.0
939.0
735.0
749.0
706.0
732.0
721.0
881.0
818.0
917.0
725.0
758.0
740.0
755.0
627.0
750.0
774.0
824.0
841.0
917.0
792.0
746.0
783.0
778.0
879.0
887.0
712.0
772.0
621.0
758.0
798.0
823.0
758.0
816.0
888.0
826.0
821.0
754.0
734.0
741.0
762.0
777.0
729.0
805.0
714.0
805.0
742.0
786.0
889.0
710.0
773.0
814.0
783.0
649.0
748.0
745.0
722.0
832.0
800.0
747.0
747.0
810.0
754.0
747.0
730.0
735.0
721.0
765.0
714.0
758.0
723.0
752.0
755.0
767.0
656.0
765.0
802.0
613.0
776.0
673.0
697.0
735.0
775.0
813.0
715.0
727.0
766.0
861.0
596.0
728.0
738.0
722.0
822.0
744.0
641.0
796.0
740.0
750.0
732.0
685.0
710.0
723.0
793.0
741.0
866.0
708.0
738.0
816.0
774.0
895.0
773.0
767.0
698.0
748.0
963.0
878.0
732.0
833.0
779.0
746.0
846.0
757.0
838.0
797.0
806.0
765.0
905.0
790.0
781.0
723.0
726.0
866.0
731.0
650.0
861.0
776.0
793.0
743.0
748.0
773.0
746.0
748.0
803.0
751.0
715.0
782.0
829.0
679.0
772.0
718.0
656.0
720.0
808.0
823.0
779.0
689.0
754.0
762.0
744.0
730.0
788.0
736.0
751.0
745.0
837.0
876.0
706.0
754.0
741.0
746.0
709.0
859.0
741.0
746.0
757.0
750.0
721.0
750.0
798.0
914.0
683.0
738.0
677.0
838.0
784.0
761.0
841.0
742.0
900.0
754.0
779.0
833.0
776.0
836.0
859.0
708.0
594.0
690.0
741.0
747.0
762.0
818.0
784.0
741.0
750.0
768.0
736.0
755.0
765.0
799.0
631.0
724.0
842.0
754.0
715.0
789.0
806.0
737.0
753.0
763.0
757.0
874.0
775.0
732.0
634.0
792.0
773.0
731.0
776.0
818.0
745.0
728.0
716.0
791.0
720.0
715.0
757.0
736.0
750.0
788.0
746.0
772.0
640.0
778.0
730.0
787.0
708.0
738.0
644.0
778.0
834.0
731.0
757.0
764.0
746.0
590.0
770.0
763.0
598.0
754.0
720.0
760.0
821.0
803.0
767.0
732.0
773.0
724.0
737.0
769.0
770.0
800.0
814.0
756.0
717.0
742.0
689.0
745.0
875.0
737.0
821.0
821.0
729.0
881.0
747.0
758.0
783.0
640.0
751.0
785.0
889.0
737.0
853.0
724.0
737.0
756.0
748.0
722.0
721.0
737.0
761.0
729.0
