1062.0
919.0
642.0
797.0
809.0
805.0
838.0
1014.0
859.0
850.0
891.0
783.0
982.0
602.0
916.0
853.0
860.0
817.0
870.0
890.0
809.0
816.0
790.0
812.0
1066.0
861.0
883.0
821.0
847.0
739.0
829.0
877.0
843.0
690.0
794.0
809.0
850.0
802.0
946.0
812.0
816.0
959.0
918.0
784.0
836.0
874.0
873.0
817.0
640.0
938.0
872.0
800.0
725.0
880.0
794.0
798.0
820.0
682.0
917.0
790.0
861.0
987.0
686.0
893.0
806.0
811.0
812.0
881.0
830.0
843.0
859.0
850.0
722.0
814.0
821.0
875.0
833.0
930.0
932.0
1000.0
842.0
871.0
968.0
806.0
845.0
895.0
834.0
840.0
851.0
842.0
802.0
823.0
932.0
917.0
814.0
882.0
853.0
878.0
853.0
817.0
818.0
809.0
838.0
925.0
988.0
788.0
1052.0
833.0
885.0
865.0
839.0
846.0
962.0
790.0
855.0
882.0
719.0
894.0
831.0
790.0
688.0
792.0
898.0
859.0
961.0
857.0
960.0
875.0
773.0
697.0
866.0
895.0
732.0
794.0
853.0
973.0
586.0
927.0
797.0
841.0
793.0
866.0
866.0
682.0
818.0
843.0
785.0
823.0
823.0
578.0
837.0
788.0
852.0
814.0
801.0
1854.0
852.0
692.0
717.0
861.0
814.0
577.0
770.0
875.0
571.0
846.0
845.0
851.0
850.0
850.0
968.0
976.0
909.0
856.0
1032.0
885.0
849.0
834.0
872.0
577.0
810.0
1037.0
809.0
819.0
1017.0
793.0
967.0
798.0
831.0
930.0
826.0
856.0
818.0
879.0
914.0
858.0
857.0
862.0
829.0
746.0
879.0
829.0
813.0
804.0
856.0
798.0
834.0
696.0
805.0
868.0
804.0
874.0
849.0
855.0
830.0
836.0
754.0
800.0
702.0
877.0
848.0
790.0
840.0
836.0
786.0
885.0
836.0
811.0
844.0
836.0
867.0
877.0
883.0
946.0
863.0
590.0
801.0
647.0
907.0
797.0
820.0
821.0
791.0
926.0
845.0
574.0
879.0
820.0
827.0
741.0
558.0
898.0
882.0
871.0
874.0
765.0
912.0
708.0
812.0
931.0
753.0
846.0
1075.0
874.0
780.0
801.0
810.0
589.0
836.0
842.0
873.0
989.0
839.0
801.0
854.0
844.0
585.0
874.0
916.0
846.0
914.0
906.0
879.0
610.0
843.0
860.0
804.0
639.0
874.0
887.0
804.0
791.0
783.0
843.0
843.0
870.0
848.0
763.0
813.0
906.0
793.0
960.0
862.0
777.0
917.0
841.0
784.0
654.0
845.0
786.0
1070.0
964.0
874.0
821.0
814.0
852.0
947.0
789.0
817.0
824.0
834.0
989.0
846.0
610.0
936.0
894.0
1067.0
906.0
821.0
1031.0
864.0
818.0
1007.0
823.0
813.0
950.0
790.0
853.0
841.0
873.0
886.0
821.0
889.0
887.0
884.0
729.0
795.0
852.0
848.0
908.0
814.0
861.0
874.0
827.0
798.0
866.0
853.0
815.0
903.0
909.0
844.0
817.0
1037.0
1002.0
826.0
810.0
814.0
805.0
786.0
788.0
836.0
779.0
832.0
594.0
812.0
610.0
598.0
812.0
953.0
807.0
833.0
793.0
808.0
860.0
922.0
834.0
776.0
833.0
615.0
850.0
854.0
821.0
613.0
786.0
791.0
814.0
812.0
802.0
676.0
1005.0
776.0
904.0
797.0
890.0
951.0
1009.0
660.0
846.0
821.0
811.0
839.0
919.0
829.0
820.0
846.0
826.0
745.0
783.0
784.0
818.0
701.0
795.0
857.0
855.0
787.0
820.0
628.0
819.0
797.0
862.0
785.0
797.0
830.0
958.0
880.0
808.0
968.0
855.0
591.0
888.0
838.0
833.0
821.0
625.0
765.0
889.0
943.0
693.0
918.0
886.0
943.0
836.0
860.0
824.0
810.0
842.0
925.0
878.0
886.0
970.0
909.0
810.0
809.0
832.0
789.0
801.0
917.0
817.0
826.0
778.0
982.0
648.0
870.0
811.0
605.0
817.0
954.0
865.0
949.0
857.0
968.0
800.0
820.0
1032.0
902.0
805.0
802.0
829.0
950.0
810.0
790.0
794.0
968.0
818.0
691.0
876.0
870.0
826.0
832.0
872.0
884.0
826.0
798.0
843.0
844.0
865.0
806.0
971.0
811.0
767.0
936.0
709.0
800.0
749.0
848.0
812.0
903.0
639.0
670.0
836.0
722.0
772.0
917.0
929.0
584.0
795.0
802.0
926.0
964.0
811.0
835.0
817.0
827.0
854.0
758.0
777.0
860.0
642.0
810.0
799.0
797.0
804.0
820.0
888.0
765.0
804.0
873.0
797.0
844.0
865.0
880.0
859.0
968.0
797.0
858.0
812.0
797.0
813.0
996.0
570.0
802.0
831.0
840.0
642.0
826.0
817.0
806.0
776.0
842.0
784.0
815.0
888.0
812.0
820.0
853.0
834.0
841.0
848.0
966.0
1000.0
809.0
1013.0
630.0
654.0
817.0
648.0
922.0
619.0
819.0
817.0
702.0
811.0
773.0
893.0
787.0
807.0
685.0
567.0
792.0
869.0
715.0
836.0
812.0
858.0
666.0
861.0
822.0
836.0
838.0
829.0
843.0
813.0
820.0
997.0
899.0
971.0
791.0
819.0
840.0
818.0
824.0
680.0
808.0
859.0
884.0
762.0
825.0
705.0
862.0
812.0
884.0
881.0
804.0
894.0
589.0
782.0
810.0
592.0
826.0
822.0
835.0
845.0
890.0
756.0
804.0
829.0
832.0
798.0
986.0
904.0
791.0
811.0
820.0
823.0
773.0
790.0
778.0
930.0
876.0
863.0
806.0
800.0
894.0
783.0
580.0
