2.0517863948769097
0.6174100411966371
0.6991276846429672
0.9637613786848473
1.4482021606662074
0.6057537695403655
0.9114662967176342
0.7975595558657556
0.5211999084384074
1.131332799792411
0.6925393571850743
0.6991276846429672
0.8131048423722251
0.6523788561654521
0.6698632636498596
0.8924499032750114
1.2180223683770377
0.7188926670166451
0.7123043395587524
0.7586963395995818
0.679362702269289
0.33400524928625575
0.5970115657981617
1.0914614824879747
0.6760685385403427
1.074373775071788
0.7188926670166451
0.6892451934561279
0.7485401405771621
0.6086678374544334
0.6925393571850743
4.303475739694504
0.7518343043061085
0.6859510297271817
0.7897869126125209
0.728775158203484
0.9637613786848473
0.7386576493903232
0.728775158203484
0.6028397016262976
1.4176481188860077
0.7742416261060513
0.8544171163897655
0.561966945792271
0.7897869126125209
0.6407225845091805
0.6826568659982353
0.9970400672094375
0.5911834299700259
0.6991276846429672
0.8734335098323885
0.6465507203373163
0.7518343043061085
0.6669491957357917
0.6290663128529088
0.7155985032876987
1.371817056215708
1.6428807016970124
0.6925393571850743
0.7155985032876987
0.6465507203373163
0.7551284680350547
1.017414750351165
0.7090101758298061
1.1085491899041617
0.679362702269289
0.7024218483719133
0.5451805186465624
0.8053321991189903
0.7419518131192695
0.35567346502609654
0.9352367885209131
0.8403090937585468
1.1598123121527224
0.41430734480751724
0.6290663128529088
0.5715591898755332
0.7320693219324305
1.0458942627114765
0.9685154770455031
0.552374701709009
0.7419518131192695
0.6174100411966371
1.3489015248805578
0.679362702269289
0.6494647882513842
0.7820142693592861
0.6611210599076559
0.7859005909859035
0.7897869126125209
0.6669491957357917
0.7820142693592861
0.5068115423135142
0.7386576493903232
0.7057160121008598
0.7024218483719133
1.272989688638476
0.9399908868815687
1.4023710979959079
0.7155985032876987
0.7419518131192695
0.7221868307455913
0.8591712147504214
0.6378085165951126
0.4869154688194335
0.7090101758298061
0.5911834299700259
0.8496630180291097
0.8591712147504214
0.8053321991189903
0.8639253131110769
1.4711176920013573
0.6057537695403655
0.6892451934561279
0.6760685385403427
0.6290663128529088
0.6144959732825692
1.2798606036711555
0.679362702269289
0.44990133863643594
1.245506028507757
1.1085491899041617
0.3968756508184462
0.6086678374544334
0.5188018474175918
0.6057537695403655
1.2180223683770377
0.6991276846429672
0.6991276846429672
0.6378085165951126
0.7742416261060513
0.6892451934561279
0.5970115657981617
0.6261522449388409
0.9922859688487818
0.7386576493903232
0.7452459768482158
0.6669491957357917
0.8053321991189903
0.33982647049057746
0.7386576493903232
0.7024218483719133
0.7024218483719133
0.8208774856254598
1.017414750351165
0.7386576493903232
1.1370287022644732
1.0800696775438503
0.8208774856254598
0.728775158203484
0.7897869126125209
0.6892451934561279
1.371817056215708
0.8053321991189903
0.6760685385403427
0.7703553044794339
0.6760685385403427
0.6727773315639275
0.8208774856254598
0.6925393571850743
1.7921071771052315
0.8686794114717328
0.6494647882513842
0.6760685385403427
0.8286501288786947
1.1199409948482861
1.114245092376224
1.057286067655601
0.9494990836028802
0.6698632636498596
0.728775158203484
0.6436366524232484
0.6290663128529088
0.552374701709009
0.7188926670166451
0.5763553119171642
0.5811514339587952
1.4482021606662074
0.8544171163897655
1.0686778725997257
0.7057160121008598
0.6378085165951126
0.6174100411966371
0.9590072803241918
1.074373775071788
0.9827777721274704
0.8364227721319294
0.9685154770455031
1.5354046633583542
0.8247638072520772
0.801445877492373
0.8131048423722251
0.658206991993588
0.7221868307455913
0.33270218142136576
1.4634791815563073
0.5970115657981617
0.7551284680350547
0.6174100411966371
0.7936732342391382
0.6640351278217238
0.6115819053685013
0.7742416261060513
0.6290663128529088
0.7155985032876987
0.623238177024773
3.951543810555153
0.9019580999963228
0.6760685385403427
1.1655082146247846
0.6925393571850743
0.8208774856254598
0.6086678374544334
0.6925393571850743
1.3489015248805578
0.5999256337122297
0.6465507203373163
1.2592478585731162
0.7123043395587524
0.6892451934561279
0.7221868307455913
0.7742416261060513
0.6348944486810446
0.8734335098323885
0.8131048423722251
0.6727773315639275
0.623238177024773
0.5787533729379797
0.728775158203484
0.9922859688487818
0.49081169304922273
0.7452459768482158
0.7188926670166451
0.6436366524232484
0.6925393571850743
0.7386576493903232
0.8496630180291097
0.7221868307455913
0.9304826901602573
0.844908919668454
0.6925393571850743
1.4023710979959079
0.47327868401517126
0.6859510297271817
1.0686778725997257
0.4206796569130169
1.1974096232789986
0.7703553044794339
0.6925393571850743
0.6892451934561279
0.65529292407952
0.9494990836028802
0.6892451934561279
7.654427485671101
1.1655082146247846
0.8972040016356673
0.8247638072520772
0.5451805186465624
1.2317641984423975
0.7586963395995818
0.9114662967176342
0.7188926670166451
0.801445877492373
0.728775158203484
0.6494647882513842
0.7897869126125209
0.7386576493903232
0.7386576493903232
0.6144959732825692
0.7452459768482158
0.7024218483719133
0.6826568659982353
0.7703553044794339
0.5259960304800384
0.6494647882513842
1.0857655800159125
0.8734335098323885
0.9780236737668146
0.9494990836028802
0.7155985032876987
0.6892451934561279
0.401629749179102
1.097157384960037
0.8924499032750114
0.801445877492373
0.8734335098323885
0.7485401405771621
0.7452459768482158
0.6859510297271817
0.6760685385403427
3.2347694980590007
0.6859510297271817
0.6494647882513842
0.7820142693592861
1.1484205072085976
0.7859005909859035
1.0800696775438503
0.6378085165951126
0.8169911639988424
0.8364227721319294
0.7664689828528166
0.3287929778266958
1.0857655800159125
0.37627455792227144
0.7188926670166451
1.0288065552952896
1.272989688638476
0.6640351278217238
0.7419518131192695
0.6115819053685013
0.7551284680350547
1.3870940771058078
1.3004733487691946
0.801445877492373
0.6378085165951126
0.9399908868815687
0.8829417065537
0.5911834299700259
0.7859005909859035
0.8286501288786947
0.7742416261060513
0.6698632636498596
0.419061443168173
0.8876958049143556
0.42847210537259534
0.7551284680350547
1.097157384960037
0.6144959732825692
0.7155985032876987
0.7518343043061085
0.6494647882513842
1.266118773605796
0.832536450505312
0.6407225845091805
0.7781279477326687
1.017414750351165
0.6698632636498596
1.1085491899041617
0.801445877492373
0.7123043395587524
0.7221868307455913
0.6290663128529088
1.272989688638476
0.6760685385403427
0.7897869126125209
1.4787562024464074
0.8544171163897655
0.7123043395587524
0.9922859688487818
0.5164037863967763
0.49081169304922273
0.36518166174740796
0.7936732342391382
2.4124519751153524
0.7781279477326687
0.8131048423722251
0.6494647882513842
0.6290663128529088
0.7452459768482158
0.9685154770455031
0.801445877492373
0.7024218483719133
0.6174100411966371
0.7254809944745377
0.5811514339587952
0.6698632636498596
0.3905368530042385
0.7320693219324305
0.7188926670166451
0.8364227721319294
0.9637613786848473
0.6958335209140207
0.6640351278217238
1.006548263930749
0.7386576493903232
0.6760685385403427
0.3382417710370255
0.6611210599076559
0.6698632636498596
0.6290663128529088
1.0515901651835389
1.0017941655700933
0.8924499032750114
0.5835494949796108
0.801445877492373
0.7320693219324305
0.728775158203484
1.364178545770658
0.9780236737668146
0.7781279477326687
0.7452459768482158
0.8169911639988424
0.6203241091107051
0.7123043395587524
0.623238177024773
0.7625826612261992
0.679362702269289
0.6319803807669767
0.658206991993588
1.1370287022644732
0.7859005909859035
0.6319803807669767
0.7897869126125209
0.8286501288786947
0.7024218483719133
0.6144959732825692
0.6203241091107051
0.7452459768482158
0.9447449852422245
0.7123043395587524
0.7859005909859035
1.1085491899041617
0.7452459768482158
0.6640351278217238
0.7123043395587524
1.1836677932136392
3.505763366978643
1.3870940771058078
0.8686794114717328
0.4888635809343281
0.7551284680350547
0.38578275464358286
0.5667630678339022
0.552374701709009
0.801445877492373
0.9447449852422245
0.8876958049143556
0.8734335098323885
0.6523788561654521
1.4711176920013573
1.4711176920013573
0.6407225845091805
1.1769000195689094
0.6115819053685013
0.6057537695403655
0.6698632636498596
1.651837038225234
2.1816260037627493
0.679362702269289
0.55717082375064
0.6465507203373163
0.6991276846429672
0.7419518131192695
0.7386576493903232
1.3794555666607577
0.6669491957357917
0.7485401405771621
0.8972040016356673
0.8169911639988424
0.7188926670166451
0.6958335209140207
0.5835494949796108
0.7123043395587524
0.728775158203484
0.679362702269289
0.8686794114717328
0.6760685385403427
0.6203241091107051
0.4158920442610691
0.7419518131192695
0.7551284680350547
0.8544171163897655
0.6494647882513842
0.9162203950782901
0.679362702269289
0.5044484778534849
0.679362702269289
0.7975595558657556
0.7551284680350547
0.7485401405771621
0.8364227721319294
0.7123043395587524
0.8364227721319294
0.7320693219324305
0.7742416261060513
0.6760685385403427
0.7625826612261992
0.7386576493903232
0.6028397016262976
1.4405636502211574
0.6028397016262976
1.1712041170968468
0.6378085165951126
0.6086678374544334
1.0345024577673518
0.7664689828528166
1.4176481188860077
3.0039435267063976
1.1836677932136392
0.6669491957357917
0.9685154770455031
0.6892451934561279
0.6523788561654521
1.245506028507757
0.33665707158347363
0.7386576493903232
0.7518343043061085
1.0629819701276633
0.5940974978840938
0.5667630678339022
0.6958335209140207
0.8686794114717328
0.6319803807669767
0.7551284680350547
0.34616526830478506
0.7221868307455913
0.8734335098323885
0.5970115657981617
1.2523769435404366
0.8876958049143556
0.6727773315639275
0.5691611288547176
1.1199409948482861
0.8053321991189903
0.7551284680350547
0.8053321991189903
0.8169911639988424
0.6669491957357917
0.7586963395995818
0.6290663128529088
1.0800696775438503
0.6465507203373163
0.7452459768482158
0.6925393571850743
0.5835494949796108
0.65529292407952
0.6925393571850743
0.6991276846429672
1.272989688638476
0.8924499032750114
0.6494647882513842
0.9114662967176342
1.0288065552952896
0.6203241091107051
0.6028397016262976
0.6086678374544334
0.6760685385403427
0.6523788561654521
0.8092185207456077
0.8053321991189903
0.5715591898755332
0.7586963395995818
0.9637613786848473
0.9922859688487818
0.7419518131192695
0.7386576493903232
0.6465507203373163
0.6611210599076559
0.537986335584116
0.49860414150880117
0.8544171163897655
0.7057160121008598
0.7188926670166451
0.7123043395587524
0.6760685385403427
0.6669491957357917
1.5443609998865757
0.5911834299700259
0.7975595558657556
1.2042805383116786
0.7386576493903232
0.9304826901602573
1.006548263930749
0.7452459768482158
0.7551284680350547
0.679362702269289
0.7551284680350547
2.1816260037627493
1.3348279239325935
0.7664689828528166
0.5763553119171642
0.7155985032876987
0.5739572508963486
0.5940974978840938
0.8208774856254598
0.9590072803241918
1.0458942627114765
0.8924499032750114
1.097157384960037
1.190538708246319
1.1199409948482861
0.8247638072520772
0.6144959732825692
0.7123043395587524
5.686217613216738
1.266118773605796
0.7742416261060513
0.6057537695403655
0.65529292407952
0.7975595558657556
0.7254809944745377
0.8286501288786947
0.8247638072520772
0.7057160121008598
0.6436366524232484
0.65529292407952
1.3870940771058078
0.4830192445896443
0.8131048423722251
0.6144959732825692
0.6523788561654521
0.6028397016262976
0.6115819053685013
1.1199409948482861
0.9304826901602573
0.9827777721274704
0.3235807063671358
0.3968756508184462
0.5970115657981617
0.7742416261060513
0.973269575406159
0.832536450505312
0.623238177024773
1.245506028507757
0.8829417065537
1.0629819701276633
0.9209744934389459
0.7742416261060513
0.7781279477326687
0.7586963395995818
0.5970115657981617
0.6611210599076559
0.7057160121008598
0.7386576493903232
0.6086678374544334
1.0515901651835389
0.7221868307455913
0.3841980551900309
0.6727773315639275
0.8131048423722251
0.5763553119171642
1.3870940771058078
0.8972040016356673
0.9637613786848473
0.8972040016356673
0.9922859688487818
0.6611210599076559
0.6144959732825692
0.6727773315639275
0.6028397016262976
0.7386576493903232
0.65529292407952
1.5801863459994616
0.801445877492373
0.5763553119171642
0.5547727627298246
0.6698632636498596
0.5547727627298246
0.7320693219324305
1.4329251397761076
0.658206991993588
0.6261522449388409
0.9637613786848473
1.0800696775438503
0.8208774856254598
0.6760685385403427
0.6436366524232484
1.017414750351165
0.5739572508963486
0.6760685385403427
0.7518343043061085
1.501671733781557
2.095066264505523
0.7024218483719133
0.7188926670166451
0.7742416261060513
0.5859475560004263
0.7123043395587524
0.6640351278217238
0.7221868307455913
0.5667630678339022
0.7254809944745377
0.3382417710370255
0.8286501288786947
0.9257285917996014
0.401629749179102
0.552374701709009
0.6958335209140207
0.6611210599076559
0.7485401405771621
2.9318104106587093
0.8131048423722251
0.6436366524232484
0.3235807063671358
0.6925393571850743
0.6892451934561279
0.5044484778534849
0.7551284680350547
0.6261522449388409
0.6057537695403655
0.4401607780619629
0.7781279477326687
0.5715591898755332
0.7057160121008598
0.6760685385403427
1.1370287022644732
0.7859005909859035
0.7897869126125209
0.7742416261060513
0.34299586939768123
1.3073442638018744
0.41747674371462107
0.7320693219324305
0.7386576493903232
1.0914614824879747
0.6892451934561279
0.7155985032876987
2.628851323258418
0.33270218142136576
0.5940974978840938
0.658206991993588
1.1836677932136392
0.7551284680350547
0.8053321991189903
1.2248932834097177
0.6611210599076559
0.7090101758298061
1.501671733781557
0.7386576493903232
1.1085491899041617
0.4382126659470683
0.6760685385403427
0.41430734480751724
0.8591712147504214
0.5235979694592228
0.8639253131110769
0.6290663128529088
0.6640351278217238
0.801445877492373
0.6494647882513842
