860.0
832.0
856.0
1015.0
818.0
719.0
965.0
707.0
798.0
674.0
821.0
1017.0
853.0
830.0
823.0
826.0
794.0
828.0
816.0
829.0
701.0
680.0
836.0
850.0
814.0
949.0
816.0
941.0
849.0
892.0
810.0
830.0
816.0
818.0
817.0
834.0
661.0
908.0
820.0
1117.0
877.0
845.0
1073.0
1018.0
780.0
898.0
813.0
762.0
948.0
613.0
834.0
626.0
687.0
836.0
840.0
993.0
855.0
888.0
855.0
750.0
861.0
889.0
938.0
800.0
900.0
654.0
919.0
917.0
872.0
775.0
869.0
1029.0
860.0
816.0
838.0
1010.0
862.0
834.0
796.0
795.0
819.0
862.0
895.0
930.0
859.0
832.0
798.0
832.0
810.0
837.0
920.0
821.0
854.0
853.0
680.0
804.0
792.0
658.0
822.0
636.0
810.0
801.0
846.0
938.0
894.0
797.0
889.0
868.0
880.0
811.0
973.0
827.0
890.0
853.0
838.0
800.0
950.0
802.0
866.0
762.0
773.0
747.0
717.0
842.0
794.0
918.0
817.0
840.0
834.0
843.0
941.0
829.0
938.0
1041.0
829.0
799.0
1022.0
833.0
850.0
866.0
804.0
826.0
968.0
842.0
933.0
938.0
881.0
781.0
805.0
828.0
867.0
785.0
778.0
780.0
844.0
818.0
919.0
791.0
893.0
859.0
792.0
888.0
874.0
875.0
843.0
845.0
956.0
887.0
610.0
887.0
968.0
750.0
953.0
888.0
805.0
837.0
795.0
812.0
812.0
926.0
858.0
608.0
830.0
877.0
829.0
835.0
978.0
914.0
838.0
785.0
850.0
838.0
810.0
830.0
821.0
806.0
801.0
889.0
846.0
866.0
842.0
825.0
616.0
837.0
820.0
811.0
801.0
813.0
797.0
859.0
791.0
848.0
825.0
814.0
895.0
885.0
838.0
787.0
833.0
873.0
903.0
814.0
836.0
848.0
863.0
838.0
819.0
852.0
839.0
864.0
760.0
848.0
833.0
832.0
683.0
873.0
874.0
901.0
861.0
842.0
861.0
946.0
882.0
796.0
870.0
997.0
880.0
787.0
917.0
804.0
862.0
795.0
806.0
794.0
877.0
875.0
850.0
896.0
1012.0
809.0
897.0
873.0
883.0
941.0
806.0
812.0
813.0
783.0
752.0
798.0
855.0
820.0
678.0
903.0
833.0
793.0
809.0
858.0
944.0
864.0
793.0
746.0
842.0
832.0
841.0
1121.0
948.0
923.0
818.0
938.0
822.0
859.0
754.0
870.0
901.0
824.0
865.0
1021.0
916.0
697.0
811.0
650.0
795.0
818.0
827.0
809.0
777.0
816.0
793.0
871.0
843.0
743.0
825.0
805.0
756.0
830.0
789.0
1040.0
901.0
821.0
1047.0
792.0
813.0
1025.0
832.0
663.0
887.0
833.0
838.0
829.0
789.0
780.0
844.0
814.0
923.0
781.0
840.0
806.0
867.0
779.0
898.0
852.0
890.0
915.0
806.0
791.0
778.0
811.0
789.0
791.0
841.0
1095.0
821.0
789.0
917.0
770.0
901.0
836.0
829.0
994.0
617.0
911.0
908.0
840.0
842.0
844.0
641.0
861.0
738.0
858.0
881.0
962.0
877.0
852.0
837.0
845.0
794.0
941.0
720.0
985.0
903.0
877.0
804.0
914.0
902.0
752.0
795.0
794.0
790.0
621.0
872.0
874.0
796.0
814.0
793.0
776.0
627.0
961.0
927.0
812.0
788.0
890.0
783.0
883.0
825.0
853.0
770.0
850.0
820.0
878.0
823.0
822.0
801.0
826.0
874.0
866.0
938.0
903.0
783.0
811.0
926.0
882.0
885.0
791.0
822.0
886.0
911.0
804.0
795.0
888.0
763.0
840.0
868.0
990.0
883.0
808.0
600.0
834.0
977.0
706.0
736.0
877.0
866.0
666.0
941.0
818.0
799.0
810.0
968.0
805.0
957.0
840.0
824.0
1071.0
786.0
825.0
813.0
637.0
810.0
783.0
806.0
797.0
856.0
824.0
847.0
810.0
813.0
874.0
802.0
787.0
789.0
915.0
917.0
946.0
805.0
810.0
821.0
853.0
804.0
885.0
793.0
802.0
853.0
910.0
680.0
800.0
949.0
805.0
950.0
739.0
788.0
815.0
867.0
802.0
813.0
697.0
831.0
840.0
879.0
706.0
869.0
989.0
803.0
604.0
854.0
887.0
869.0
784.0
634.0
806.0
909.0
855.0
867.0
869.0
892.0
813.0
810.0
814.0
794.0
855.0
837.0
782.0
874.0
832.0
808.0
881.0
893.0
633.0
785.0
818.0
836.0
767.0
914.0
895.0
834.0
876.0
807.0
804.0
850.0
880.0
827.0
764.0
840.0
882.0
822.0
837.0
826.0
921.0
948.0
848.0
618.0
820.0
797.0
807.0
818.0
810.0
941.0
968.0
652.0
701.0
953.0
958.0
885.0
724.0
790.0
786.0
846.0
805.0
859.0
803.0
827.0
887.0
866.0
829.0
838.0
774.0
866.0
825.0
811.0
830.0
882.0
886.0
781.0
823.0
815.0
868.0
826.0
863.0
823.0
852.0
829.0
957.0
810.0
904.0
611.0
904.0
635.0
858.0
805.0
709.0
817.0
906.0
842.0
784.0
610.0
806.0
822.0
787.0
904.0
908.0
800.0
794.0
925.0
845.0
899.0
834.0
786.0
855.0
820.0
843.0
912.0
703.0
633.0
947.0
846.0
835.0
868.0
948.0
948.0
884.0
808.0
925.0
891.0
804.0
795.0
845.0
799.0
843.0
846.0
801.0
794.0
822.0
815.0
939.0
900.0
857.0
881.0
782.0
906.0
810.0
821.0
900.0
837.0
884.0
817.0
853.0
857.0
