0.6217502713825016
0.7516364413452341
0.6949023143611069
0.5827105859150294
0.9295613976173439
0.6949023143611069
0.6915650127738054
0.70157691753571
0.7449618381706308
0.6435701379503296
1.0211973943222612
0.8195598223140046
0.9345584267320199
0.7349499334087262
0.6217502713825016
0.7911202087874346
0.5127521783095631
0.7789318029903333
0.5602239548989867
0.6848904095992021
0.5752150422430152
0.5852091004723676
0.6311016427687135
0.7449618381706308
0.6279845189733096
1.6501501415310378
0.6217502713825016
1.2206490851318454
0.849608931782525
0.6466872617457337
0.6560386331319457
1.1995272768438585
1.206567879606521
1.5961244455995602
1.0270134385822889
0.7951830107198017
0.8236226242463718
0.7282753302341228
0.8195598223140046
0.8945821938146105
0.7449618381706308
0.5702180131283391
0.7911202087874346
0.7667433971932318
0.7082515207103134
0.6949023143611069
0.7249380286468213
0.6498043855411375
0.6653900045181577
0.6685071283135615
0.4235646537803079
0.6435701379503296
0.6716242521089656
0.8646000191265536
1.07354179266251
0.9845287178787819
0.462311016534915
0.7586177933284974
0.7182634254722181
0.6815531080119006
0.8358110300434732
0.9995198052228103
0.8895851646999343
0.5227462365389154
1.6141330109100527
0.7449618381706308
0.9595435723054009
0.6560386331319457
1.2558520989451563
0.8154970203816374
0.6591557569273495
0.6591557569273495
0.8646000191265536
0.9045762520439629
0.70157691753571
0.7626805952608646
0.6404530141549255
0.8596029900118773
0.7082515207103134
1.044461571362372
0.7382872349960277
0.7115888222976149
0.8895851646999343
0.7416245365833293
0.6186331475870976
0.6155160237916937
0.9995198052228103
0.7870574068550675
0.7082515207103134
0.6030475286100776
0.6092817762008857
0.9045762520439629
0.6311016427687135
1.206567879606521
0.7082515207103134
1.7181470020767706
0.6982396159484086
0.7708061991255989
0.6982396159484086
0.849608931782525
0.6982396159484086
0.7115888222976149
0.5827105859150294
1.0095653058022058
1.7475012778184806
0.6435701379503296
0.8276854261787389
0.4235646537803079
0.9845287178787819
1.090989925442593
0.70157691753571
0.70157691753571
0.6498043855411375
0.6061646524054817
1.0328294828423166
0.5752150422430152
0.7349499334087262
0.7789318029903333
0.7626805952608646
0.7082515207103134
1.2910551127584673
0.8646000191265536
0.7667433971932318
0.7626805952608646
1.0677257484024825
0.5877076150297057
0.7870574068550675
0.7082515207103134
0.9095732811586391
0.6915650127738054
0.9045762520439629
0.8995792229292867
0.9195673393879915
0.7216007270595197
0.7082515207103134
0.5102536637522249
1.3978984904922818
0.5936961572238656
0.4317217827812778
0.6949023143611069
1.3644424984485224
0.7549737429325356
0.7911202087874346
1.4146264865141613
0.7870574068550675
2.0116897594938736
0.8154970203816374
1.7915326914310463
1.0095653058022058
0.6498043855411375
0.7516364413452341
0.7182634254722181
0.8695970482412296
0.6915650127738054
0.6815531080119006
0.6529215093365416
1.0677257484024825
0.831748228111106
1.4397184805469807
0.6915650127738054
1.1433343237828417
0.7516364413452341
2.349263930523542
1.038645527102344
1.4397184805469807
0.6529215093365416
0.6279845189733096
1.1026220139626484
0.6782158064245989
0.7516364413452341
1.1317022352627866
1.2558520989451563
0.7082515207103134
0.8995792229292867
0.6217502713825016
0.5252447510962535
0.8995792229292867
0.6748785048372973
1.1924866740811966
0.7115888222976149
0.6782158064245989
0.8945821938146105
0.7082515207103134
0.6915650127738054
0.7951830107198017
0.5999304048146737
0.9095732811586391
1.4648104745798003
1.0095653058022058
0.70157691753571
0.6685071283135615
0.6342187665641176
0.6782158064245989
0.6882277111865037
0.6529215093365416
0.6915650127738054
1.0502776156223994
1.0677257484024825
0.8895851646999343
0.7586177933284974
0.8195598223140046
1.044461571362372
0.831748228111106
1.2980957155211295
0.8695970482412296
0.7482991397579325
0.9645406014200771
0.6653900045181577
0.6815531080119006
0.6466872617457337
0.7829946049227003
1.4564464765688605
0.6815531080119006
0.9595435723054009
1.3978984904922818
1.0270134385822889
1.1607824565629248
0.9095732811586391
0.7249380286468213
0.7182634254722181
0.7516364413452341
0.7667433971932318
0.5727165276856772
0.7829946049227003
0.8073714165169033
0.6217502713825016
0.7082515207103134
1.47317447259074
0.8695970482412296
0.6155160237916937
0.7182634254722181
1.0328294828423166
0.6716242521089656
0.6982396159484086
0.7249380286468213
1.1665985008229525
0.6030475286100776
0.5968132810192697
0.5352388093256059
0.7911202087874346
1.248811496182494
0.6466872617457337
0.540235838440282
0.7829946049227003
0.8073714165169033
0.6466872617457337
0.8745940773559059
0.6882277111865037
0.6186331475870976
0.9995198052228103
0.6155160237916937
0.7516364413452341
0.9695376305347532
0.46027173428467255
0.540235838440282
0.7349499334087262
0.7586177933284974
0.7829946049227003
0.6217502713825016
0.7829946049227003
0.8358110300434732
0.6435701379503296
0.6373358903595217
0.7182634254722181
0.7249380286468213
0.7829946049227003
1.3262581265717783
0.6560386331319457
1.0095653058022058
1.0619097041424548
0.6311016427687135
0.6882277111865037
0.8695970482412296
2.334586792652687
0.5802120713576915
0.6949023143611069
0.9695376305347532
0.6848904095992021
0.8154970203816374
1.3403393320971027
1.0619097041424548
0.6848904095992021
1.1026220139626484
1.4815384706016799
0.7789318029903333
0.8398738319758403
0.41797212049588234
0.6982396159484086
0.6030475286100776
0.7911202087874346
0.7316126318214244
1.1665985008229525
0.6279845189733096
0.7249380286468213
0.8895851646999343
0.5802120713576915
0.5727165276856772
0.9995198052228103
0.6882277111865037
0.6217502713825016
0.6915650127738054
0.7516364413452341
0.6560386331319457
0.6529215093365416
0.6342187665641176
0.7516364413452341
0.5477313821122963
0.5968132810192697
0.6529215093365416
0.540235838440282
0.7626805952608646
0.6061646524054817
0.5202477219815773
0.5727165276856772
0.879591106470582
0.8154970203816374
0.5752150422430152
0.5802120713576915
0.4500753230334601
0.6466872617457337
0.5577254403416486
0.49697881478903716
0.9695376305347532
0.9995198052228103
1.044461571362372
1.4397184805469807
0.6685071283135615
0.6748785048372973
0.7829946049227003
0.7516364413452341
1.4397184805469807
0.7911202087874346
0.70157691753571
0.7349499334087262
1.6501501415310378
0.6217502713825016
0.7829946049227003
0.6748785048372973
0.5702180131283391
0.5752150422430152
0.6092817762008857
0.7829946049227003
1.1026220139626484
0.43783962953200517
0.6748785048372973
0.8398738319758403
0.5802120713576915
0.4480360407832176
0.8695970482412296
0.5936961572238656
0.9395554558466961
0.849608931782525
1.6771629894967768
0.7282753302341228
0.6217502713825016
0.5827105859150294
0.8646000191265536
0.6653900045181577
0.6279845189733096
0.879591106470582
0.6373358903595217
0.6782158064245989
0.6342187665641176
0.6092817762008857
0.7115888222976149
0.6982396159484086
1.952981208010453
1.4146264865141613
1.0793578369225376
0.7182634254722181
0.5905790334284616
0.6248673951779056
0.6560386331319457
0.6949023143611069
0.7382872349960277
0.6404530141549255
0.6949023143611069
0.7316126318214244
0.6498043855411375
0.6815531080119006
0.6815531080119006
0.6498043855411375
1.1924866740811966
0.7349499334087262
0.849608931782525
0.8276854261787389
0.4215253715300654
0.6186331475870976
0.8114342184492703
0.6466872617457337
0.6560386331319457
0.5999304048146737
0.9445524849613723
0.9495495140760485
0.7182634254722181
0.5527284112269725
0.7951830107198017
0.8446119026678488
0.7282753302341228
1.1433343237828417
0.7216007270595197
0.7282753302341228
0.6217502713825016
1.4313544825360411
0.7626805952608646
0.9795316887641056
0.6560386331319457
0.7911202087874346
2.349263930523542
0.8195598223140046
0.7549737429325356
0.6685071283135615
1.1433343237828417
0.5177492074242392
0.6716242521089656
1.2347302906571698
0.7282753302341228
0.8446119026678488
0.5905790334284616
0.5152506928669011
0.6498043855411375
0.7549737429325356
0.7626805952608646
2.334586792652687
0.6186331475870976
0.6560386331319457
0.8276854261787389
0.6915650127738054
0.6815531080119006
0.7789318029903333
0.5752150422430152
0.7951830107198017
1.1854460713185342
0.6311016427687135
0.6466872617457337
0.5999304048146737
0.6217502713825016
0.6685071283135615
0.5777135568003533
0.9295613976173439
0.7626805952608646
1.2136084823691828
0.6373358903595217
0.5936961572238656
0.849608931782525
0.6217502713825016
0.7482991397579325
0.6248673951779056
0.9045762520439629
2.2465239654275555
0.8033086145845362
0.7482991397579325
0.6815531080119006
0.6949023143611069
1.276973907233143
0.7082515207103134
0.6982396159484086
0.6716242521089656
0.6279845189733096
0.7349499334087262
0.6311016427687135
0.7667433971932318
1.1924866740811966
0.7115888222976149
0.6560386331319457
0.7182634254722181
0.5999304048146737
0.7349499334087262
0.7349499334087262
0.6716242521089656
0.7249380286468213
0.6311016427687135
0.6915650127738054
0.6155160237916937
0.7789318029903333
0.4439574762827327
0.6949023143611069
1.1200701467427314
0.6279845189733096
0.5905790334284616
0.7951830107198017
1.1491503680428696
0.7082515207103134
0.5852091004723676
0.8195598223140046
0.4095300405922485
0.6342187665641176
0.9295613976173439
0.8033086145845362
0.8995792229292867
0.7667433971932318
1.1491503680428696
2.0850754488481495
0.6622728807227536
1.3644424984485224
0.6716242521089656
1.4982664666235597
0.9795316887641056
0.6815531080119006
0.6949023143611069
0.7870574068550675
0.5010573792895221
0.6882277111865037
0.7748690010579661
0.7626805952608646
1.381170494470402
0.7586177933284974
0.799245812652169
1.9089497943978877
0.7829946049227003
0.6217502713825016
0.6716242521089656
0.6982396159484086
0.7349499334087262
0.9045762520439629
0.9495495140760485
0.7216007270595197
0.7249380286468213
0.7829946049227003
0.8945821938146105
0.7216007270595197
0.5752150422430152
0.9695376305347532
0.8276854261787389
0.8845881355852581
0.8114342184492703
0.5302417802109297
0.7082515207103134
0.70157691753571
0.6782158064245989
0.6435701379503296
0.7951830107198017
0.879591106470582
0.5999304048146737
0.7870574068550675
0.9045762520439629
0.7449618381706308
0.6061646524054817
0.6748785048372973
0.831748228111106
0.4786252745368549
1.2347302906571698
0.6342187665641176
0.4145952885344288
0.5827105859150294
1.1924866740811966
0.8195598223140046
0.6092817762008857
0.6622728807227536
0.6248673951779056
0.7049142191230118
0.44599675853297516
0.7516364413452341
0.6373358903595217
0.8154970203816374
1.2206490851318454
0.5852091004723676
0.6279845189733096
1.1607824565629248
0.8114342184492703
1.1995272768438585
0.6653900045181577
0.9995198052228103
0.7829946049227003
1.2347302906571698
0.5502298966696343
0.6342187665641176
0.879591106470582
0.8073714165169033
0.5302417802109297
0.6311016427687135
0.7349499334087262
0.7082515207103134
1.090989925442593
0.7349499334087262
0.5327402947682678
0.9395554558466961
0.6311016427687135
0.7249380286468213
0.8845881355852581
0.5052566346375488
1.1491503680428696
0.9395554558466961
0.831748228111106
0.9495495140760485
0.6653900045181577
1.1084380582226758
0.6882277111865037
0.6915650127738054
0.6685071283135615
0.6815531080119006
1.2276896878945074
1.1026220139626484
1.381170494470402
0.7667433971932318
0.6279845189733096
1.0270134385822889
0.7182634254722181
0.6279845189733096
0.5702180131283391
0.7249380286468213
1.8502412429144666
0.7626805952608646
0.5905790334284616
0.6404530141549255
0.6782158064245989
0.7182634254722181
0.70157691753571
0.5905790334284616
0.8073714165169033
0.6982396159484086
0.8033086145845362
0.6435701379503296
0.6685071283135615
0.6653900045181577
1.1607824565629248
1.1200701467427314
0.9495495140760485
0.8646000191265536
0.6685071283135615
0.5968132810192697
0.9845287178787819
0.40108796068861474
0.6848904095992021
0.5252447510962535
0.8073714165169033
0.5968132810192697
0.8895851646999343
0.9245643685026675
0.7249380286468213
1.0968059697026207
1.1258861910027589
1.2840145099958051
0.6685071283135615
0.5968132810192697
0.6560386331319457
0.5999304048146737
2.0410440352355836
0.8945821938146105
1.6141330109100527
0.7282753302341228
0.5827105859150294
0.7182634254722181
0.6466872617457337
0.6061646524054817
0.8646000191265536
0.6155160237916937
0.4215253715300654
0.6092817762008857
0.7149261238849165
0.8695970482412296
0.6279845189733096
0.6529215093365416
0.8114342184492703
0.5968132810192697
0.7249380286468213
0.6186331475870976
0.9095732811586391
0.6782158064245989
0.6342187665641176
0.5752150422430152
1.7475012778184806
1.0095653058022058
0.5477313821122963
0.7249380286468213
0.8745940773559059
0.7449618381706308
0.5968132810192697
0.6716242521089656
0.6466872617457337
0.8154970203816374
0.6782158064245989
1.090989925442593
0.6529215093365416
0.7748690010579661
0.5502298966696343
0.9595435723054009
0.7789318029903333
0.8114342184492703
0.849608931782525
1.1258861910027589
0.7449618381706308
0.5827105859150294
0.831748228111106
1.3978984904922818
0.7115888222976149
1.0045168343374864
0.6466872617457337
