719.0
719.0
683.0
707.0
694.0
773.0
688.0
882.0
777.0
708.0
689.0
696.0
689.0
669.0
755.0
689.0
753.0
669.0
849.0
726.0
708.0
694.0
695.0
693.0
706.0
736.0
749.0
624.0
616.0
718.0
688.0
689.0
749.0
800.0
702.0
701.0
693.0
696.0
723.0
674.0
684.0
730.0
744.0
722.0
733.0
730.0
681.0
699.0
741.0
850.0
724.0
681.0
711.0
716.0
734.0
672.0
748.0
777.0
716.0
718.0
869.0
693.0
701.0
698.0
725.0
729.0
818.0
738.0
811.0
692.0
711.0
751.0
747.0
694.0
701.0
841.0
772.0
762.0
730.0
694.0
706.0
694.0
697.0
692.0
689.0
764.0
829.0
682.0
810.0
726.0
706.0
804.0
682.0
801.0
724.0
652.0
762.0
705.0
678.0
727.0
712.0
686.0
660.0
695.0
717.0
717.0
778.0
713.0
656.0
747.0
752.0
768.0
688.0
680.0
625.0
692.0
725.0
717.0
716.0
720.0
699.0
653.0
725.0
701.0
608.0
700.0
770.0
802.0
782.0
782.0
702.0
733.0
697.0
731.0
810.0
708.0
772.0
741.0
750.0
687.0
770.0
727.0
697.0
674.0
833.0
802.0
687.0
663.0
730.0
676.0
743.0
877.0
727.0
696.0
725.0
698.0
797.0
706.0
707.0
718.0
746.0
692.0
820.0
820.0
686.0
670.0
712.0
840.0
727.0
701.0
737.0
705.0
717.0
710.0
741.0
797.0
801.0
763.0
703.0
610.0
780.0
685.0
738.0
745.0
830.0
606.0
678.0
820.0
824.0
710.0
696.0
709.0
739.0
696.0
732.0
742.0
696.0
700.0
808.0
689.0
746.0
741.0
700.0
797.0
688.0
694.0
699.0
714.0
670.0
723.0
794.0
706.0
696.0
737.0
724.0
890.0
714.0
676.0
797.0
702.0
638.0
706.0
740.0
730.0
710.0
777.0
1427.0
755.0
672.0
722.0
701.0
707.0
610.0
814.0
792.0
704.0
687.0
685.0
744.0
716.0
708.0
680.0
742.0
709.0
618.0
706.0
628.0
717.0
718.0
737.0
712.0
709.0
751.0
668.0
762.0
712.0
792.0
762.0
720.0
663.0
681.0
732.0
749.0
709.0
700.0
788.0
681.0
688.0
726.0
721.0
669.0
702.0
674.0
696.0
702.0
749.0
750.0
847.0
695.0
813.0
648.0
684.0
681.0
754.0
857.0
729.0
763.0
670.0
787.0
669.0
747.0
692.0
694.0
711.0
746.0
778.0
712.0
665.0
776.0
720.0
695.0
669.0
760.0
816.0
786.0
710.0
715.0
709.0
680.0
829.0
719.0
721.0
698.0
717.0
742.0
693.0
706.0
737.0
713.0
683.0
762.0
744.0
722.0
681.0
676.0
701.0
682.0
701.0
747.0
637.0
602.0
692.0
723.0
797.0
820.0
738.0
714.0
872.0
723.0
743.0
665.0
833.0
697.0
766.0
746.0
1024.0
692.0
896.0
760.0
682.0
785.0
714.0
834.0
699.0
722.0
713.0
804.0
690.0
713.0
700.0
693.0
685.0
689.0
713.0
692.0
701.0
707.0
717.0
733.0
741.0
713.0
682.0
641.0
731.0
716.0
727.0
791.0
714.0
741.0
706.0
690.0
677.0
698.0
672.0
824.0
730.0
639.0
745.0
745.0
712.0
642.0
680.0
763.0
635.0
699.0
714.0
720.0
789.0
690.0
738.0
746.0
886.0
709.0
852.0
750.0
778.0
713.0
653.0
730.0
762.0
685.0
694.0
751.0
707.0
711.0
706.0
672.0
716.0
781.0
745.0
754.0
711.0
690.0
745.0
709.0
699.0
703.0
688.0
742.0
712.0
704.0
845.0
604.0
763.0
717.0
751.0
711.0
608.0
837.0
677.0
722.0
706.0
720.0
613.0
649.0
611.0
746.0
804.0
659.0
707.0
728.0
725.0
714.0
676.0
754.0
690.0
815.0
759.0
665.0
707.0
740.0
713.0
793.0
703.0
862.0
731.0
684.0
790.0
777.0
733.0
672.0
821.0
716.0
763.0
686.0
671.0
742.0
690.0
714.0
713.0
821.0
746.0
672.0
821.0
910.0
700.0
680.0
669.0
778.0
675.0
737.0
758.0
682.0
715.0
708.0
886.0
759.0
700.0
704.0
723.0
666.0
790.0
782.0
677.0
716.0
733.0
713.0
722.0
706.0
797.0
865.0
689.0
757.0
798.0
769.0
669.0
772.0
720.0
737.0
687.0
740.0
727.0
690.0
801.0
688.0
726.0
737.0
725.0
666.0
741.0
716.0
735.0
681.0
669.0
669.0
704.0
774.0
776.0
690.0
724.0
759.0
707.0
654.0
746.0
834.0
721.0
773.0
733.0
670.0
730.0
613.0
705.0
679.0
674.0
685.0
690.0
713.0
690.0
731.0
833.0
689.0
690.0
712.0
696.0
754.0
679.0
692.0
818.0
696.0
704.0
743.0
787.0
726.0
687.0
872.0
726.0
710.0
746.0
734.0
721.0
711.0
674.0
676.0
709.0
756.0
618.0
692.0
698.0
712.0
696.0
613.0
776.0
705.0
689.0
716.0
758.0
746.0
690.0
706.0
714.0
725.0
701.0
757.0
702.0
654.0
725.0
715.0
750.0
757.0
777.0
692.0
676.0
751.0
677.0
674.0
812.0
729.0
681.0
653.0
727.0
722.0
725.0
711.0
716.0
689.0
603.0
666.0
706.0
685.0
687.0
768.0
677.0
671.0
706.0
713.0
706.0
712.0
742.0
794.0
705.0
666.0
682.0
698.0
715.0
692.0
722.0
755.0
688.0
742.0
705.0
677.0
821.0
669.0
663.0
847.0
808.0
754.0
750.0
698.0
709.0
709.0
741.0
881.0
702.0
693.0
830.0
682.0
786.0
667.0
726.0
740.0
822.0
733.0
778.0
738.0
677.0
673.0
779.0
665.0
707.0
744.0
688.0
726.0
741.0
827.0
755.0
713.0
685.0
678.0
697.0
793.0
722.0
740.0
713.0
723.0
731.0
758.0
715.0
746.0
652.0
692.0
762.0
749.0
880.0
727.0
665.0
689.0
703.0
681.0
776.0
737.0
900.0
672.0
732.0
751.0
662.0
680.0
733.0
626.0
671.0
678.0
671.0
690.0
676.0
708.0
755.0
696.0
683.0
702.0
760.0
781.0
667.0
610.0
666.0
674.0
682.0
723.0
733.0
730.0
705.0
687.0
741.0
725.0
730.0
724.0
834.0
714.0
657.0
706.0
710.0
688.0
766.0
