611.0
550.0
602.0
562.0
585.0
559.0
504.0
576.0
587.0
610.0
674.0
585.0
582.0
555.0
556.0
556.0
558.0
600.0
587.0
635.0
572.0
576.0
661.0
680.0
441.0
565.0
629.0
581.0
577.0
589.0
681.0
699.0
678.0
559.0
573.0
556.0
576.0
577.0
559.0
598.0
580.0
581.0
585.0
538.0
769.0
578.0
547.0
595.0
613.0
613.0
588.0
617.0
498.0
547.0
583.0
742.0
776.0
559.0
546.0
681.0
592.0
572.0
592.0
563.0
554.0
657.0
574.0
567.0
542.0
574.0
596.0
573.0
539.0
584.0
656.0
570.0
583.0
578.0
604.0
567.0
581.0
580.0
661.0
776.0
669.0
614.0
544.0
566.0
561.0
581.0
557.0
573.0
578.0
580.0
719.0
601.0
979.0
603.0
596.0
657.0
532.0
584.0
585.0
576.0
570.0
663.0
619.0
559.0
600.0
628.0
566.0
589.0
545.0
596.0
571.0
651.0
577.0
599.0
570.0
622.0
609.0
608.0
578.0
555.0
697.0
606.0
558.0
586.0
608.0
705.0
608.0
473.0
640.0
686.0
586.0
557.0
544.0
545.0
578.0
651.0
653.0
590.0
564.0
623.0
565.0
624.0
466.0
570.0
656.0
637.0
571.0
662.0
694.0
593.0
598.0
573.0
610.0
726.0
573.0
570.0
659.0
599.0
762.0
586.0
638.0
728.0
446.0
557.0
715.0
710.0
629.0
590.0
587.0
546.0
568.0
598.0
628.0
587.0
554.0
560.0
594.0
680.0
597.0
670.0
459.0
590.0
631.0
586.0
540.0
615.0
498.0
570.0
547.0
561.0
645.0
544.0
574.0
659.0
588.0
576.0
544.0
562.0
610.0
614.0
677.0
573.0
545.0
570.0
619.0
586.0
480.0
559.0
548.0
683.0
608.0
613.0
603.0
546.0
578.0
581.0
537.0
589.0
566.0
563.0
589.0
546.0
558.0
542.0
576.0
575.0
765.0
676.0
578.0
582.0
588.0
618.0
562.0
554.0
657.0
588.0
570.0
635.0
580.0
610.0
585.0
618.0
619.0
843.0
570.0
566.0
557.0
676.0
605.0
576.0
603.0
667.0
585.0
701.0
667.0
608.0
573.0
584.0
574.0
646.0
593.0
548.0
436.0
588.0
509.0
672.0
555.0
670.0
561.0
653.0
587.0
686.0
588.0
630.0
578.0
614.0
566.0
556.0
568.0
652.0
634.0
564.0
556.0
658.0
601.0
501.0
478.0
592.0
617.0
628.0
491.0
560.0
549.0
586.0
688.0
565.0
475.0
550.0
575.0
586.0
570.0
562.0
571.0
676.0
609.0
594.0
592.0
605.0
569.0
561.0
572.0
569.0
636.0
571.0
568.0
640.0
567.0
556.0
570.0
616.0
610.0
600.0
593.0
626.0
558.0
573.0
654.0
520.0
578.0
784.0
581.0
524.0
651.0
556.0
564.0
606.0
698.0
544.0
565.0
552.0
672.0
573.0
619.0
626.0
577.0
582.0
658.0
566.0
876.0
570.0
580.0
578.0
549.0
589.0
555.0
612.0
648.0
562.0
466.0
594.0
581.0
593.0
598.0
565.0
583.0
587.0
590.0
618.0
553.0
562.0
555.0
609.0
640.0
592.0
565.0
570.0
581.0
661.0
558.0
605.0
589.0
567.0
595.0
561.0
587.0
631.0
596.0
610.0
592.0
797.0
516.0
566.0
573.0
584.0
552.0
558.0
599.0
613.0
635.0
592.0
576.0
682.0
618.0
458.0
573.0
551.0
562.0
614.0
560.0
557.0
566.0
570.0
656.0
521.0
617.0
689.0
594.0
681.0
589.0
661.0
553.0
433.0
581.0
599.0
545.0
676.0
744.0
596.0
549.0
601.0
634.0
491.0
746.0
554.0
626.0
540.0
566.0
630.0
531.0
619.0
639.0
616.0
554.0
584.0
584.0
565.0
584.0
629.0
552.0
597.0
440.0
614.0
629.0
552.0
581.0
587.0
645.0
618.0
690.0
453.0
626.0
555.0
619.0
762.0
577.0
592.0
607.0
584.0
663.0
564.0
555.0
445.0
566.0
581.0
705.0
555.0
677.0
577.0
578.0
573.0
581.0
544.0
522.0
574.0
678.0
567.0
534.0
605.0
590.0
579.0
576.0
597.0
566.0
606.0
595.0
653.0
609.0
568.0
653.0
571.0
553.0
688.0
568.0
710.0
602.0
703.0
608.0
569.0
645.0
562.0
623.0
554.0
650.0
634.0
654.0
431.0
562.0
565.0
508.0
584.0
578.0
586.0
603.0
581.0
626.0
606.0
627.0
589.0
709.0
585.0
705.0
537.0
565.0
740.0
641.0
577.0
618.0
576.0
557.0
570.0
596.0
556.0
642.0
644.0
555.0
544.0
633.0
549.0
618.0
584.0
614.0
563.0
602.0
653.0
596.0
583.0
580.0
609.0
586.0
561.0
461.0
445.0
452.0
616.0
561.0
535.0
590.0
597.0
601.0
557.0
658.0
468.0
566.0
521.0
588.0
599.0
642.0
633.0
586.0
565.0
514.0
588.0
579.0
554.0
658.0
607.0
616.0
653.0
548.0
479.0
555.0
603.0
522.0
692.0
538.0
558.0
466.0
581.0
549.0
578.0
594.0
565.0
581.0
581.0
565.0
666.0
706.0
598.0
680.0
500.0
739.0
702.0
589.0
628.0
552.0
581.0
554.0
569.0
612.0
545.0
549.0
541.0
475.0
537.0
555.0
577.0
708.0
616.0
672.0
556.0
590.0
538.0
581.0
546.0
597.0
562.0
652.0
590.0
697.0
459.0
556.0
616.0
571.0
574.0
557.0
589.0
542.0
617.0
580.0
553.0
528.0
576.0
567.0
586.0
624.0
578.0
439.0
555.0
670.0
548.0
650.0
509.0
595.0
597.0
599.0
589.0
672.0
445.0
617.0
561.0
438.0
546.0
628.0
553.0
572.0
594.0
772.0
574.0
569.0
446.0
565.0
600.0
545.0
702.0
597.0
731.0
572.0
562.0
601.0
561.0
590.0
545.0
644.0
594.0
563.0
522.0
590.0
590.0
579.0
690.0
583.0
564.0
633.0
858.0
601.0
673.0
706.0
602.0
670.0
583.0
573.0
589.0
573.0
586.0
587.0
645.0
589.0
522.0
518.0
575.0
554.0
587.0
701.0
576.0
577.0
548.0
585.0
548.0
631.0
572.0
475.0
573.0
