870.0
734.0
715.0
745.0
726.0
737.0
708.0
714.0
857.0
733.0
697.0
728.0
541.0
786.0
710.0
692.0
879.0
778.0
745.0
730.0
680.0
737.0
781.0
741.0
803.0
734.0
727.0
807.0
804.0
832.0
694.0
921.0
753.0
700.0
706.0
714.0
672.0
804.0
782.0
744.0
784.0
672.0
753.0
754.0
800.0
871.0
737.0
701.0
666.0
752.0
614.0
730.0
709.0
769.0
805.0
691.0
735.0
668.0
826.0
729.0
713.0
720.0
627.0
841.0
848.0
722.0
587.0
720.0
728.0
757.0
763.0
728.0
751.0
813.0
815.0
801.0
730.0
731.0
720.0
753.0
762.0
699.0
531.0
773.0
825.0
750.0
800.0
724.0
806.0
738.0
1101.0
823.0
692.0
906.0
728.0
769.0
792.0
727.0
782.0
709.0
717.0
752.0
779.0
736.0
1088.0
726.0
748.0
690.0
836.0
854.0
733.0
733.0
624.0
728.0
651.0
734.0
769.0
792.0
966.0
690.0
820.0
692.0
697.0
746.0
795.0
761.0
766.0
730.0
762.0
697.0
726.0
845.0
752.0
1028.0
675.0
765.0
741.0
787.0
737.0
741.0
905.0
749.0
692.0
749.0
763.0
773.0
829.0
838.0
725.0
721.0
659.0
738.0
702.0
681.0
773.0
784.0
796.0
753.0
608.0
531.0
645.0
822.0
677.0
924.0
841.0
745.0
879.0
729.0
683.0
632.0
606.0
781.0
745.0
998.0
759.0
715.0
808.0
745.0
730.0
715.0
714.0
703.0
712.0
778.0
717.0
728.0
751.0
750.0
653.0
689.0
709.0
721.0
756.0
821.0
739.0
745.0
725.0
707.0
751.0
733.0
728.0
634.0
733.0
680.0
725.0
650.0
675.0
712.0
750.0
737.0
709.0
696.0
870.0
689.0
708.0
758.0
696.0
680.0
789.0
756.0
705.0
736.0
701.0
695.0
711.0
709.0
691.0
697.0
849.0
746.0
803.0
729.0
576.0
771.0
795.0
956.0
813.0
802.0
722.0
713.0
923.0
710.0
726.0
737.0
673.0
774.0
713.0
738.0
705.0
823.0
682.0
772.0
754.0
685.0
692.0
804.0
785.0
803.0
760.0
680.0
699.0
757.0
653.0
693.0
753.0
707.0
710.0
822.0
828.0
773.0
770.0
697.0
868.0
653.0
754.0
760.0
694.0
757.0
750.0
760.0
773.0
628.0
681.0
759.0
763.0
743.0
734.0
548.0
796.0
681.0
736.0
756.0
693.0
874.0
699.0
730.0
709.0
706.0
787.0
805.0
627.0
738.0
722.0
697.0
751.0
784.0
868.0
717.0
733.0
712.0
645.0
708.0
809.0
755.0
722.0
718.0
746.0
587.0
784.0
717.0
741.0
771.0
762.0
618.0
755.0
725.0
736.0
712.0
736.0
723.0
749.0
686.0
741.0
800.0
766.0
780.0
733.0
701.0
787.0
736.0
725.0
770.0
747.0
730.0
701.0
730.0
826.0
712.0
723.0
741.0
693.0
770.0
766.0
736.0
707.0
731.0
746.0
714.0
722.0
804.0
724.0
733.0
773.0
701.0
529.0
698.0
728.0
729.0
798.0
794.0
745.0
695.0
718.0
723.0
582.0
740.0
808.0
733.0
770.0
777.0
759.0
727.0
750.0
536.0
842.0
735.0
846.0
834.0
730.0
761.0
778.0
818.0
784.0
731.0
727.0
783.0
706.0
717.0
718.0
629.0
741.0
849.0
809.0
745.0
714.0
721.0
741.0
692.0
786.0
690.0
836.0
722.0
635.0
698.0
720.0
702.0
694.0
709.0
758.0
815.0
760.0
791.0
749.0
736.0
801.0
734.0
743.0
753.0
820.0
800.0
702.0
690.0
860.0
746.0
721.0
752.0
749.0
864.0
525.0
721.0
708.0
700.0
732.0
850.0
766.0
766.0
733.0
739.0
824.0
777.0
796.0
843.0
765.0
718.0
696.0
727.0
738.0
763.0
736.0
766.0
730.0
696.0
719.0
740.0
749.0
802.0
817.0
699.0
716.0
790.0
650.0
716.0
752.0
694.0
756.0
768.0
749.0
821.0
730.0
705.0
717.0
624.0
763.0
745.0
849.0
880.0
582.0
795.0
839.0
790.0
731.0
715.0
773.0
722.0
720.0
738.0
792.0
750.0
692.0
714.0
741.0
740.0
840.0
873.0
738.0
730.0
632.0
757.0
794.0
745.0
753.0
813.0
754.0
754.0
923.0
795.0
815.0
745.0
701.0
730.0
961.0
773.0
766.0
741.0
714.0
803.0
765.0
716.0
738.0
765.0
712.0
800.0
