0.9499388978185057
0.6472548747989785
0.6604057739389315
0.5850962371226938
0.6774434334541234
0.6439671500139902
0.6604057739389315
0.5487511599113949
0.6774434334541234
0.5245211084371956
0.7189649774397606
0.5578374292142196
0.5699524549513193
0.8652033814457097
0.8493154721258104
0.7340637207072651
0.6078021773791192
0.7302890348903891
1.0518141143867463
0.617665351734084
0.9075711396321076
0.7529371497916457
0.8493154721258104
0.6963168625385039
0.604514452594131
0.6242408013040606
0.5699524549513193
0.5578374292142196
0.5487511599113949
0.7760143669365863
0.9817147164583041
0.6472548747989785
0.9393469582719063
1.0028985955515033
0.604514452594131
0.6439671500139902
1.8768460304162828
0.7302890348903891
0.8147255291920523
0.5850962371226938
0.6275285260890487
0.7076409199891324
2.042991863749616
0.6774434334541234
0.7529371497916457
0.6373917004440136
0.6505425995839667
0.6242408013040606
0.604514452594131
0.5729812113855942
0.49144713120291234
0.5946512782391661
0.7614976810907865
1.1018736381962702
0.6242408013040606
0.70009154835538
1.2443661789886642
0.5729812113855942
0.6209530765190723
0.6925421767216278
0.70009154835538
0.9870106862316039
0.5790387242541439
0.7340637207072651
0.9393469582719063
0.5578374292142196
0.6373917004440136
0.5426936470428451
1.0142694715296035
0.70009154835538
0.6373917004440136
0.6538303243689548
0.771175471654653
0.5946512782391661
0.5979390030241545
0.7614976810907865
1.1206459596248415
0.5979390030241545
0.5820674806884188
0.6887674909047516
0.5699524549513193
0.8002088433462525
0.5275498648714705
1.3679090395074656
0.5426936470428451
0.6887674909047516
0.4962981920574806
1.3193550332017714
0.6078021773791192
0.6373917004440136
0.7265143490735129
0.4962981920574806
1.0392992334343654
0.5669236985170444
1.0267843524819844
1.151933162005794
0.6242408013040606
0.6538303243689548
1.448216731815158
0.4987237224847649
0.7076409199891324
0.5790387242541439
4.499025322173987
0.6308162508740371
0.9340509884986065
0.6505425995839667
0.54572240347712
1.5017551933536195
0.6887674909047516
0.6373917004440136
0.6963168625385039
0.6110899021641074
0.7076409199891324
1.4749859625843889
0.5790387242541439
0.7302890348903891
0.7808532622185195
0.771175471654653
0.6439671500139902
1.5644856210515055
0.7491624639747697
2.269554363749616
0.6209530765190723
0.6636934987239198
0.6078021773791192
0.6143776269490957
1.251865064409975
0.790531052782386
0.771175471654653
0.5946512782391661
0.9340509884986065
0.6963168625385039
0.6702689482938963
0.54572240347712
1.0205269120057938
0.6275285260890487
0.6209530765190723
0.6604057739389315
0.6242408013040606
0.7663365763727197
0.5426936470428451
0.5946512782391661
0.7265143490735129
0.8704993512190095
0.5946512782391661
0.6571180491539431
0.771175471654653
0.6110899021641074
1.5644856210515055
0.5760099678198691
0.7491624639747697
0.70009154835538
0.6439671500139902
0.6736687476372472
0.6571180491539431
0.5850962371226938
0.6774434334541234
0.5820674806884188
0.5979390030241545
0.7076409199891324
0.6702689482938963
0.9764187466850044
1.045556673910556
0.8440195023525106
0.6373917004440136
0.902275169858808
0.5946512782391661
0.5669236985170444
0.6012267278091427
0.5336073777400204
1.1456757215296034
0.6812181192709994
0.5487511599113949
0.6012267278091427
0.604514452594131
0.7416130923410175
0.6472548747989785
2.450804363749616
0.5946512782391661
0.7151902916228846
1.3857551933536196
0.6774434334541234
0.9340509884986065
0.9499388978185057
1.3193550332017714
0.7663365763727197
0.70009154835538
0.501149252912049
0.70009154835538
1.546544287718172
0.6472548747989785
0.7189649774397606
0.6505425995839667
0.8147255291920523
0.7076409199891324
0.5946512782391661
0.6275285260890487
13.04673165571562
0.5820674806884188
0.7529371497916457
0.8704993512190095
0.6439671500139902
0.6505425995839667
0.5820674806884188
0.6538303243689548
0.7076409199891324
0.6736687476372472
0.5154348391343708
0.6604057739389315
0.6925421767216278
0.6472548747989785
1.1707054834343653
1.1081310786724607
0.6110899021641074
0.5729812113855942
0.6963168625385039
0.6963168625385039
0.7453877781578937
0.49144713120291234
0.6736687476372472
0.9817147164583041
0.7340637207072651
0.5979390030241545
0.6275285260890487
0.5913635534541779
0.771175471654653
0.8195644244739856
0.5245211084371956
0.9870106862316039
0.6505425995839667
1.1918739810394892
0.5790387242541439
1.3343528040443928
0.6636934987239198
0.5979390030241545
0.6736687476372472
0.756711835608522
0.8147255291920523
0.5578374292142196
0.6604057739389315
0.5881249935569688
0.8916832303122085
0.8969792000855081
0.5790387242541439
1.3193550332017714
1.1707054834343653
0.7076409199891324
0.6341039756590253
0.6012267278091427
0.4987237224847649
0.8195644244739856
0.6702689482938963
0.5790387242541439
1.151933162005794
0.6373917004440136
0.5881249935569688
0.5760099678198691
0.6774434334541234
0.8147255291920523
0.6242408013040606
0.8195644244739856
0.771175471654653
0.6110899021641074
0.6439671500139902
0.5820674806884188
1.1456757215296034
0.6242408013040606
0.6275285260890487
0.8652033814457097
0.6702689482938963
0.8292422150378521
0.6012267278091427
0.5881249935569688
0.6242408013040606
1.281860606095218
0.6636934987239198
0.6963168625385039
1.0831013167676986
0.7663365763727197
0.617665351734084
0.8916832303122085
0.8493154721258104
0.5669236985170444
0.6604057739389315
0.5946512782391661
0.6774434334541234
0.6209530765190723
0.617665351734084
0.7076409199891324
0.5881249935569688
0.6012267278091427
1.3193550332017714
0.4938726616301965
0.8098866339101191
0.7114156058060085
0.6439671500139902
0.6604057739389315
0.6439671500139902
1.3193550332017714
0.5214923520029207
1.0580715548629367
0.6341039756590253
0.7416130923410175
0.6308162508740371
1.2293684081460428
0.5184635955686457
0.5578374292142196
0.617665351734084
0.7416130923410175
0.6774434334541234
0.5093773262658211
0.6308162508740371
0.6242408013040606
1.1843750956181782
0.6242408013040606
0.7114156058060085
0.6341039756590253
0.5305786213057454
0.6242408013040606
0.6078021773791192
0.7340637207072651
0.5699524549513193
0.9234590489520069
0.7038662341722562
0.5881249935569688
0.6242408013040606
1.0518141143867463
0.9552348675918053
0.5336073777400204
0.5184635955686457
1.1206459596248415
0.5790387242541439
0.666981223508908
0.5548086727799447
0.6636934987239198
0.6636934987239198
0.9393469582719063
0.6242408013040606
0.5979390030241545
0.6925421767216278
0.9711227769117046
0.6275285260890487
0.6143776269490957
0.8916832303122085
1.1018736381962702
0.8389200056017185
0.6571180491539431
0.6078021773791192
0.5426936470428451
0.7076409199891324
0.666981223508908
0.5820674806884188
1.5196322877181723
0.5184635955686457
0.6505425995839667
0.5979390030241545
0.5729812113855942
0.9711227769117046
0.5790387242541439
0.7491624639747697
0.6242408013040606
0.6636934987239198
0.7491624639747697
0.6373917004440136
0.7416130923410175
1.0580715548629367
0.7302890348903891
0.6636934987239198
0.8147255291920523
1.0205269120057938
0.7302890348903891
0.6702689482938963
1.0768438762915082
0.6538303243689548
0.6110899021641074
0.5913635534541779
0.771175471654653
0.5578374292142196
0.6012267278091427
0.70009154835538
0.5979390030241545
0.6209530765190723
0.7808532622185195
0.6472548747989785
0.7378384065241413
0.6143776269490957
0.6636934987239198
0.6702689482938963
0.8050477386281858
0.6925421767216278
0.6406794252290018
0.9234590489520069
0.4987237224847649
0.771175471654653
0.617665351734084
0.6604057739389315
1.6093389543848386
0.8440195023525106
0.5850962371226938
0.5820674806884188
0.7453877781578937
0.5946512782391661
0.6702689482938963
0.7491624639747697
0.5946512782391661
1.457139808738235
0.7808532622185195
0.5979390030241545
0.6887674909047516
0.9181630791787071
0.6636934987239198
0.6702689482938963
0.8863872605389087
0.7189649774397606
0.5366361341742952
0.6110899021641074
0.6604057739389315
0.6963168625385039
0.7529371497916457
0.9923066560049038
0.7151902916228846
0.5669236985170444
0.5669236985170444
0.7302890348903891
0.5729812113855942
1.4928321164305425
0.6849928050878756
0.5699524549513193
0.7378384065241413
0.6012267278091427
1.9372626970829496
0.5760099678198691
1.654192287718172
0.617665351734084
0.5979390030241545
0.6774434334541234
0.5979390030241545
0.6636934987239198
0.6736687476372472
0.5913635534541779
0.6849928050878756
0.7340637207072651
0.9446429280452059
0.6275285260890487
2.269554363749616
0.6774434334541234
0.7227396632566369
0.5336073777400204
0.6505425995839667
0.7340637207072651
1.3768321164305428
0.7453877781578937
0.5517799163456698
1.0643289953391273
0.7529371497916457
0.8546114418991102
0.5979390030241545
0.6472548747989785
0.5790387242541439
0.617665351734084
0.7114156058060085
0.9817147164583041
0.5608661856484944
0.6439671500139902
0.7856921575004528
0.9923066560049038
0.6439671500139902
0.6636934987239198
0.8546114418991102
0.8810912907656089
0.6373917004440136
0.6012267278091427
0.6439671500139902
0.5608661856484944
0.6505425995839667
0.6774434334541234
0.6736687476372472
0.6406794252290018
0.6341039756590253
0.7453877781578937
0.7038662341722562
1.176962923910556
0.5850962371226938
1.2668628352525964
0.8002088433462525
0.5979390030241545
1.1143885191486511
0.5578374292142196
0.6505425995839667
0.790531052782386
0.5517799163456698
0.617665351734084
0.5426936470428451
0.604514452594131
0.7491624639747697
0.9393469582719063
0.8546114418991102
0.70009154835538
0.5548086727799447
0.7491624639747697
0.6702689482938963
0.5669236985170444
0.5638949420827694
0.6505425995839667
1.2893594915165283
0.7529371497916457
0.5305786213057454
0.6275285260890487
0.6341039756590253
0.6604057739389315
0.6925421767216278
0.6439671500139902
0.824403319755919
0.902275169858808
0.5913635534541779
0.8195644244739856
0.9287550187253067
0.7856921575004528
0.5729812113855942
0.6373917004440136
0.7856921575004528
0.5820674806884188
0.6308162508740371
1.0028985955515033
0.7189649774397606
0.8863872605389087
0.6078021773791192
0.9552348675918053
0.5881249935569688
0.7491624639747697
0.5979390030241545
0.6242408013040606
0.6110899021641074
0.6963168625385039
0.6604057739389315
0.8916832303122085
0.6736687476372472
0.7114156058060085
2.3752835304162825
0.5790387242541439
0.8292422150378521
0.7453877781578937
0.6472548747989785
0.5669236985170444
2.4659085304162827
0.7038662341722562
0.6341039756590253
0.8863872605389087
0.6636934987239198
0.8757953209923093
0.5608661856484944
0.49144713120291234
0.5366361341742952
0.5729812113855942
1.1581906024819844
0.5820674806884188
0.6078021773791192
0.8098866339101191
0.6849928050878756
0.6275285260890487
0.8050477386281858
1.0142694715296035
0.7076409199891324
0.9446429280452059
0.9923066560049038
1.5106782702766963
0.7038662341722562
0.6110899021641074
0.6849928050878756
0.965826807138405
0.6308162508740371
0.6925421767216278
0.9923066560049038
0.8493154721258104
0.5578374292142196
0.6849928050878756
0.5979390030241545
0.9075711396321076
0.6925421767216278
0.6209530765190723
0.6849928050878756
1.1918739810394892
0.5820674806884188
1.3118561477804607
0.5729812113855942
0.6538303243689548
0.5729812113855942
0.5913635534541779
0.7076409199891324
0.6209530765190723
0.5979390030241545
0.5820674806884188
0.7189649774397606
0.5578374292142196
0.6736687476372472
0.5517799163456698
0.7614976810907865
0.6604057739389315
0.5578374292142196
0.790531052782386
0.5979390030241545
0.5366361341742952
0.8195644244739856
1.164448042958175
0.8389200056017185
0.7529371497916457
0.604514452594131
0.6078021773791192
0.5820674806884188
0.9923066560049038
1.2293684081460428
0.5946512782391661
0.7808532622185195
0.6341039756590253
0.6341039756590253
0.8546114418991102
0.790531052782386
0.9287550187253067
0.7953699480643193
0.7302890348903891
0.6736687476372472
0.5336073777400204
0.5426936470428451
0.7663365763727197
0.6439671500139902
0.6110899021641074
0.7529371497916457
1.3343528040443928
0.5305786213057454
0.5729812113855942
0.6341039756590253
1.1143885191486511
1.0081945653248028
0.6736687476372472
0.6012267278091427
0.7302890348903891
0.6275285260890487
0.6373917004440136
0.5820674806884188
0.7663365763727197
0.8389200056017185
0.8704993512190095
0.9870106862316039
