585.0
681.0
653.0
688.0
666.0
780.0
683.0
680.0
677.0
741.0
642.0
657.0
746.0
665.0
730.0
609.0
689.0
712.0
630.0
769.0
643.0
759.0
634.0
691.0
821.0
848.0
661.0
686.0
666.0
782.0
738.0
686.0
646.0
668.0
676.0
722.0
743.0
665.0
682.0
763.0
667.0
672.0
671.0
687.0
663.0
688.0
644.0
692.0
751.0
686.0
716.0
673.0
885.0
717.0
720.0
680.0
672.0
688.0
764.0
717.0
651.0
661.0
728.0
685.0
670.0
693.0
752.0
682.0
744.0
758.0
684.0
711.0
686.0
649.0
684.0
652.0
678.0
684.0
663.0
642.0
637.0
663.0
740.0
740.0
646.0
656.0
698.0
721.0
761.0
698.0
693.0
689.0
759.0
680.0
719.0
637.0
712.0
582.0
669.0
761.0
808.0
757.0
661.0
690.0
585.0
833.0
642.0
741.0
669.0
719.0
634.0
700.0
705.0
682.0
714.0
584.0
782.0
702.0
658.0
688.0
665.0
650.0
640.0
665.0
650.0
688.0
730.0
669.0
733.0
674.0
715.0
779.0
664.0
694.0
700.0
665.0
661.0
740.0
694.0
676.0
702.0
689.0
792.0
678.0
698.0
734.0
688.0
720.0
714.0
684.0
789.0
816.0
646.0
697.0
628.0
714.0
667.0
653.0
849.0
653.0
631.0
689.0
724.0
770.0
701.0
665.0
658.0
673.0
717.0
788.0
767.0
674.0
631.0
681.0
672.0
685.0
752.0
707.0
660.0
830.0
660.0
646.0
650.0
632.0
701.0
657.0
762.0
683.0
661.0
747.0
686.0
677.0
714.0
765.0
757.0
694.0
619.0
715.0
602.0
719.0
677.0
707.0
708.0
649.0
659.0
678.0
662.0
682.0
705.0
726.0
709.0
698.0
683.0
652.0
765.0
734.0
705.0
724.0
677.0
649.0
672.0
669.0
661.0
676.0
680.0
666.0
656.0
684.0
715.0
653.0
596.0
629.0
656.0
699.0
628.0
665.0
673.0
653.0
653.0
797.0
673.0
662.0
747.0
670.0
706.0
765.0
666.0
622.0
663.0
683.0
658.0
669.0
731.0
654.0
706.0
710.0
661.0
694.0
664.0
677.0
826.0
658.0
662.0
795.0
651.0
687.0
720.0
702.0
741.0
642.0
718.0
759.0
664.0
650.0
633.0
655.0
689.0
673.0
650.0
690.0
710.0
709.0
645.0
681.0
696.0
677.0
731.0
726.0
701.0
746.0
730.0
676.0
681.0
789.0
667.0
678.0
674.0
673.0
731.0
667.0
802.0
728.0
704.0
717.0
659.0
676.0
683.0
683.0
802.0
750.0
650.0
653.0
695.0
764.0
629.0
771.0
689.0
796.0
685.0
684.0
698.0
669.0
786.0
729.0
665.0
616.0
725.0
675.0
658.0
730.0
597.0
680.0
793.0
584.0
677.0
650.0
679.0
649.0
690.0
728.0
783.0
676.0
638.0
760.0
665.0
677.0
714.0
683.0
751.0
835.0
632.0
634.0
677.0
672.0
698.0
646.0
601.0
695.0
634.0
829.0
685.0
698.0
726.0
646.0
739.0
678.0
697.0
582.0
775.0
656.0
659.0
638.0
689.0
712.0
682.0
697.0
750.0
726.0
632.0
722.0
682.0
686.0
692.0
645.0
742.0
681.0
789.0
742.0
698.0
722.0
742.0
708.0
640.0
666.0
667.0
670.0
609.0
646.0
654.0
617.0
661.0
652.0
776.0
656.0
578.0
675.0
650.0
681.0
715.0
652.0
735.0
757.0
760.0
682.0
668.0
745.0
730.0
634.0
681.0
696.0
637.0
674.0
696.0
694.0
739.0
661.0
670.0
686.0
672.0
661.0
666.0
619.0
765.0
582.0
628.0
697.0
676.0
652.0
750.0
660.0
800.0
759.0
681.0
703.0
680.0
656.0
734.0
661.0
697.0
700.0
680.0
637.0
661.0
701.0
646.0
630.0
727.0
662.0
670.0
706.0
714.0
793.0
665.0
761.0
654.0
740.0
624.0
681.0
635.0
725.0
669.0
701.0
689.0
649.0
800.0
668.0
843.0
640.0
652.0
690.0
686.0
675.0
726.0
665.0
645.0
664.0
694.0
792.0
605.0
724.0
661.0
738.0
680.0
657.0
697.0
658.0
716.0
674.0
650.0
667.0
662.0
667.0
689.0
665.0
763.0
684.0
674.0
740.0
674.0
646.0
666.0
698.0
663.0
733.0
711.0
663.0
704.0
730.0
638.0
987.0
705.0
663.0
735.0
619.0
650.0
694.0
682.0
722.0
714.0
710.0
629.0
656.0
651.0
648.0
715.0
681.0
666.0
677.0
655.0
652.0
722.0
739.0
769.0
711.0
677.0
646.0
625.0
589.0
674.0
701.0
633.0
682.0
617.0
682.0
654.0
662.0
689.0
646.0
692.0
679.0
807.0
658.0
752.0
677.0
701.0
722.0
681.0
713.0
683.0
845.0
649.0
660.0
652.0
681.0
670.0
672.0
769.0
690.0
1064.0
708.0
680.0
733.0
653.0
658.0
686.0
668.0
659.0
681.0
696.0
693.0
660.0
700.0
694.0
726.0
686.0
616.0
784.0
770.0
654.0
688.0
811.0
642.0
617.0
659.0
698.0
669.0
687.0
662.0
708.0
721.0
648.0
674.0
618.0
774.0
681.0
685.0
590.0
674.0
770.0
653.0
615.0
702.0
666.0
702.0
748.0
743.0
662.0
674.0
681.0
737.0
636.0
890.0
628.0
650.0
693.0
614.0
738.0
718.0
656.0
680.0
763.0
666.0
716.0
755.0
654.0
672.0
693.0
794.0
628.0
699.0
649.0
770.0
653.0
662.0
661.0
624.0
734.0
694.0
653.0
653.0
