0.675428191094963
0.6145037932715214
0.6231530904946959
0.7634975711090639
0.5668793764257535
0.8630450297719306
0.7327078385308606
0.5765238718385975
0.6635164775361768
1.0061939659421435
1.6293277545107632
0.6433347840154364
0.6260361895690875
0.4230713712581674
0.7997475711090639
1.0842362795949467
0.9250762354456897
0.8582733985662571
1.0561748848668855
0.6606333784617853
1.1066853953773959
0.6462178830898279
0.5789349956918086
0.7091221013513733
0.7428160116077838
0.6375685858666534
0.7158608834026554
0.8323725711090637
0.6260361895690875
1.0014223347364697
0.6889057551975273
0.7924975711090638
0.9537060226797321
0.9346194978570372
0.8178725711090639
1.5830426692053146
0.6433347840154364
0.7529241846847068
0.7192302744282966
0.600088297899564
0.6087375951227384
0.6375685858666534
0.9059897106229947
0.7124914923770145
0.6289192886434789
0.8142475711090638
0.4366047045915007
0.6462178830898279
1.1235222322142329
0.9203046042400159
0.7961225711090638
0.9584776538854058
0.8439585049492357
0.7091221013513733
0.6318023877178703
0.617386892345913
0.678797582120604
0.6404516849410449
0.4230713712581674
0.6922751462231682
0.7394466205821427
0.6635164775361768
3.3952688830917417
0.6260361895690875
0.877359923388952
0.6721657747593512
1.4260038649506372
0.7529241846847068
0.5972051988251725
0.7259690564795787
0.6519840812386107
1.2125366846986676
1.4031402491826266
0.8396225711090638
0.6548671803130023
0.8142475711090638
0.8396225711090638
0.6433347840154364
0.7461854026334248
0.675428191094963
0.8821315545946259
0.7529241846847068
1.9266471136425987
0.8487301361549094
0.7091221013513733
0.9441627602683845
0.6433347840154364
0.4559380379248341
0.9107613418286684
0.7057527103257323
0.8033725711090638
0.6606333784617853
0.770747571109064
1.0393380480300487
0.9012180794173208
0.8359975711090638
0.6721657747593512
2.3082452986690662
0.7997475711090639
0.6855363641718861
0.5451792617468544
0.7671225711090639
0.7091221013513733
1.284111152783774
0.8821315545946259
0.6202699914203045
1.0061939659421435
0.6404516849410449
0.7461854026334248
0.6519840812386107
1.1403590690510697
0.9441627602683845
0.6821669731462452
1.284111152783774
0.6663995766105683
0.7327078385308606
0.7461854026334248
1.9549136458667813
0.7888725711090638
0.7671225711090639
0.6462178830898279
0.8535017673605833
0.5837572433982305
0.7852475711090638
0.7634975711090639
0.6462178830898279
0.7461854026334248
0.9107613418286684
0.6404516849410449
1.5098371227666771
0.6821669731462452
0.7057527103257323
0.5475903856000653
0.4132684523979061
0.5813461195450195
0.5837572433982305
0.7924975711090638
0.5283013947743774
0.6375685858666534
0.759872571109064
0.9489343914740584
1.1066853953773959
0.5972051988251725
1.028113490138824
0.7816225711090639
0.7461854026334248
0.6606333784617853
0.6635164775361768
0.8178725711090639
0.617386892345913
0.8396225711090638
0.6548671803130023
0.7495547936590659
0.6606333784617853
1.3426720812170434
0.6663995766105683
0.5885794911046526
0.8439585049492357
0.7461854026334248
0.8323725711090637
0.9918790723251223
0.44433803792483406
1.1122976743230084
0.7091221013513733
0.5765238718385975
0.5548237571596984
0.6990139282744502
0.6606333784617853
0.39158920364077116
1.2385637640023426
0.6491009821642194
2.0962463069876955
0.3745555081887365
0.7057527103257323
1.395519043926623
0.8821315545946259
0.7124914923770145
0.5475903856000653
0.7816225711090639
0.7816225711090639
0.6922751462231682
1.028113490138824
0.6202699914203045
0.5524126333064875
0.7461854026334248
0.9250762354456897
0.6519840812386107
0.6404516849410449
0.6433347840154364
0.5620571287193314
0.770747571109064
0.8178725711090639
0.4163654879346397
0.6491009821642194
0.617386892345913
0.5668793764257535
0.9298478666513633
0.6548671803130023
0.7124914923770145
0.7259690564795787
0.6635164775361768
0.6606333784617853
0.46947137125816746
0.7924975711090638
0.6404516849410449
0.7091221013513733
0.6635164775361768
0.7158608834026554
0.9918790723251223
0.7529241846847068
0.7192302744282966
0.5548237571596984
0.7394466205821427
1.2385637640023426
0.5972051988251725
0.7779975711090639
0.3931377214091379
0.7461854026334248
0.6491009821642194
1.1122976743230084
0.5283013947743774
0.6663995766105683
0.7124914923770145
0.6318023877178703
1.5275005668387762
0.9298478666513633
1.0786240006493344
1.4869735069986663
0.3993317924826051
0.6318023877178703
0.6404516849410449
0.7779975711090639
0.6606333784617853
0.8439585049492357
0.6663995766105683
0.47527137125816743
0.5914390006763895
0.5861683672514416
0.915532973034342
0.7779975711090639
0.5972051988251725
0.5789349956918086
0.8069975711090639
1.151583626942294
0.678797582120604
0.617386892345913
1.0393380480300487
0.8142475711090638
0.6029713969739555
0.675428191094963
0.6260361895690875
0.6577502793873939
0.8535017673605833
0.6519840812386107
0.6821669731462452
0.6721657747593512
0.6462178830898279
1.134746790105457
0.9059897106229947
0.6087375951227384
0.5090124039486893
0.6663995766105683
0.5813461195450195
0.7671225711090639
0.6577502793873939
0.7495547936590659
0.39158920364077116
0.9584776538854058
0.675428191094963
0.8287475711090637
0.5331236424807994
0.6087375951227384
0.5548237571596984
0.37145847265200294
0.6462178830898279
1.3101382320874493
0.9393911290627109
0.7124914923770145
0.6922751462231682
0.6260361895690875
0.6519840812386107
1.4488674807186483
2.378911629229524
0.8678166609776046
0.9966507035307959
1.19952314504683
0.9441627602683845
0.5114235278019004
0.5162457755083224
0.5524126333064875
0.7023833193000912
0.8323725711090637
0.7924975711090638
0.6462178830898279
1.1800028355690735
1.3878978386706193
0.6889057551975273
0.7023833193000912
1.2645908433060178
1.3036314622615306
0.7327078385308606
0.7225996654539375
1.2906179226096928
0.6462178830898279
0.7562935757103479
0.6990139282744502
0.3931377214091379
0.7023833193000912
0.5765238718385975
0.675428191094963
0.6404516849410449
0.6821669731462452
0.6433347840154364
0.7192302744282966
0.6375685858666534
0.675428191094963
0.5972051988251725
0.6318023877178703
0.3993317924826051
0.9059897106229947
0.6058544960483471
0.5885794911046526
1.0014223347364697
0.6433347840154364
1.2645908433060178
0.8396225711090638
0.7259690564795787
0.5837572433982305
0.7671225711090639
0.6855363641718861
0.7293384475052196
0.6318023877178703
0.8821315545946259
0.675428191094963
1.1740327427247432
0.7023833193000912
0.6721657747593512
0.6889057551975273
0.7158608834026554
0.6606333784617853
0.4211380379248341
0.678797582120604
1.7994477186337763
0.7394466205821427
0.7124914923770145
0.5813461195450195
0.5717016241321755
0.6855363641718861
0.8821315545946259
1.4183826596946338
0.6318023877178703
0.6260361895690875
0.5972051988251725
1.5830426692053146
0.5596460048661205
0.7158608834026554
0.6663995766105683
3.7320056198284792
0.5789349956918086
0.6433347840154364
0.877359923388952
0.44047137125816743
1.2125366846986676
0.7192302744282966
1.1684204637791311
0.7394466205821427
1.380276633414616
0.9775641787081011
0.8487301361549094
0.7023833193000912
0.6087375951227384
1.0393380480300487
0.7495547936590659
0.6821669731462452
0.9059897106229947
0.6318023877178703
0.6260361895690875
0.7192302744282966
0.8439585049492357
0.8323725711090637
0.7495547936590659
0.8678166609776046
0.46947137125816746
0.678797582120604
0.9250762354456897
0.675428191094963
1.129134511159845
1.1800028355690735
0.9823358099137747
0.6635164775361768
0.6260361895690875
0.7225996654539375
0.7461854026334248
0.4868713712581674
0.6404516849410449
0.6635164775361768
0.5914390006763895
0.8439585049492357
0.6202699914203045
0.6202699914203045
1.6478417886329426
0.7158608834026554
0.6635164775361768
0.7924975711090638
0.8142475711090638
0.7743725711090639
0.8535017673605833
1.2515773036541802
0.4230713712581674
0.8869031858002995
0.678797582120604
0.7461854026334248
0.7997475711090639
0.7461854026334248
0.5914390006763895
1.1179099532686205
0.6375685858666534
0.7816225711090639
0.5914390006763895
0.6635164775361768
0.7779975711090639
0.4366047045915007
0.770747571109064
1.638584771571853
0.7394466205821427
0.5331236424807994
0.7961225711090638
0.6087375951227384
0.8582733985662571
0.4868713712581674
0.759872571109064
0.7293384475052196
0.5861683672514416
0.5741127479853865
0.8439585049492357
0.770747571109064
0.6491009821642194
0.385395132567304
0.6375685858666534
0.8678166609776046
0.6855363641718861
1.2971246924356117
0.6821669731462452
0.7158608834026554
0.7124914923770145
13.77354515112124
0.6433347840154364
0.5162457755083224
0.6116206941971299
0.3652644015785358
0.9775641787081011
0.6433347840154364
0.594322099750781
0.7461854026334248
0.9059897106229947
0.6462178830898279
0.5837572433982305
0.5162457755083224
1.044950326975661
0.7888725711090638
0.9059897106229947
0.7158608834026554
0.5837572433982305
0.8323725711090637
0.5620571287193314
0.6433347840154364
0.6990139282744502
0.6821669731462452
0.5813461195450195
0.6375685858666534
0.8323725711090637
0.6462178830898279
0.6318023877178703
1.0730117217037223
0.7562935757103479
1.2255502243505052
0.8821315545946259
0.5379458901872215
0.8142475711090638
0.7461854026334248
0.7888725711090638
0.6889057551975273
0.9537060226797321
1.3166450019133682
0.5914390006763895
0.5572348810129094
0.8678166609776046
1.134746790105457
0.5813461195450195
0.8582733985662571
1.0337257690844361
0.6922751462231682
0.9203046042400159
0.7852475711090638
0.8287475711090637
1.2515773036541802
0.8323725711090637
0.7495547936590659
0.6318023877178703
0.5914390006763895
0.5524126333064875
0.6318023877178703
0.8487301361549094
0.8106225711090639
1.0061939659421435
1.0786240006493344
0.7634975711090639
0.9393911290627109
0.8142475711090638
0.8869031858002995
0.7562935757103479
0.6519840812386107
0.678797582120604
0.6692826756849598
0.9823358099137747
0.678797582120604
0.5644682525725425
0.6956445372488093
0.6606333784617853
0.6956445372488093
0.9823358099137747
0.4132684523979061
0.770747571109064
0.4132684523979061
0.7461854026334248
0.6519840812386107
0.6721657747593512
0.7495547936590659
0.37920106149383687
0.6318023877178703
0.6606333784617853
1.5830426692053146
0.6889057551975273
0.7124914923770145
0.4055258635560722
0.600088297899564
0.7394466205821427
0.7924975711090638
0.6577502793873939
0.7495547936590659
0.6721657747593512
0.6145037932715214
0.6029713969739555
0.6606333784617853
0.5379458901872215
0.5186568993615333
0.6318023877178703
0.7259690564795787
0.40397734578770544
0.594322099750781
0.7057527103257323
0.6663995766105683
0.8439585049492357
0.8359975711090638
0.5813461195450195
0.594322099750781
0.8359975711090638
0.7924975711090638
0.7888725711090638
0.6889057551975273
1.380276633414616
0.36061884827343543
0.6692826756849598
0.6462178830898279
0.9871074411194486
0.6821669731462452
0.6519840812386107
0.5813461195450195
0.7997475711090639
0.5234791470679554
0.9346194978570372
0.6577502793873939
0.8214975711090639
0.6491009821642194
0.7360772295565017
0.6606333784617853
0.5885794911046526
0.6956445372488093
0.5186568993615333
0.7091221013513733
0.5283013947743774
0.5500015094532765
0.7461854026334248
0.5644682525725425
0.7259690564795787
0.600088297899564
0.5914390006763895
0.7124914923770145
0.678797582120604
0.49267137125816746
0.6577502793873939
0.8678166609776046
0.6318023877178703
0.678797582120604
0.6289192886434789
0.6375685858666534
0.6606333784617853
0.6519840812386107
0.6289192886434789
1.2515773036541802
0.7428160116077838
0.7888725711090638
