0.7299786941276922
0.5999781694440965
0.7412471175309974
1.2387632563276927
0.5784598510076882
0.5756367560093666
0.6501372151697428
0.6434493424063232
0.5699905660127235
0.6401054060246135
1.0779805194771988
0.5784598510076882
0.6534811515514524
0.660169024314872
0.8251029503290888
0.6961734239177771
0.4471202245877554
0.6702008334600011
0.6668568970782914
0.7337348352621273
0.6886611416489071
0.7149541295899522
0.9945834482621724
0.6534811515514524
0.5966342330623869
0.6999295650522122
0.3988347291400185
0.6467932787880329
0.5417596160295076
0.5841060410043313
1.1405192028891507
0.811308527147022
0.6702008334600011
0.8777259779119887
0.6886611416489071
0.6811488593800371
0.6100099785892258
0.5966342330623869
0.9069403454995347
0.6961734239177771
0.9751072032038085
0.7412471175309974
0.43092044473084834
0.811308527147022
0.6568250879331622
0.6736365771111671
0.6886611416489071
0.7036857061866472
0.5163517610446134
0.6668568970782914
0.3724533713089632
0.5899463602989673
0.6367614696429038
0.5784598510076882
0.6961734239177771
0.6434493424063232
0.6811488593800371
0.6668568970782914
0.6635129606965818
0.8874641004411706
0.7187102707243872
1.2311900910868103
0.7975141039649554
0.6267296604977745
1.4914118179766498
0.7299786941276922
0.8251029503290888
0.5332903310345428
0.6367614696429038
0.5728136610110449
0.558698186019437
0.9458928356162627
0.6961734239177771
0.6434493424063232
0.7412471175309974
0.558698186019437
1.64180670329429
0.6501372151697428
2.0536345680813484
1.3528749962712237
0.6702008334600011
0.7149541295899522
0.6133539149709355
1.0404573094300276
0.6367614696429038
0.6886611416489071
0.6467932787880329
0.5304672360362214
0.8972022229703529
0.9020712842349438
0.5966342330623869
0.5932902966806771
0.5899463602989673
0.9702381419392175
0.8021122450256443
0.5841060410043313
0.6434493424063232
0.43323469899612077
0.6267296604977745
0.5869291360026528
0.5784598510076882
0.6702008334600011
2.866266331960477
0.7525155409343024
0.7837196807828886
0.5841060410043313
0.5304672360362214
0.7074418473210823
0.811308527147022
1.0529650461124178
0.6501372151697428
0.5966342330623869
0.36114707509565375
0.6999295650522122
0.5671674710144018
0.6133539149709355
1.377322670689828
0.5474058060261509
0.5699905660127235
0.6367614696429038
0.6133539149709355
1.4995610427828514
0.6100099785892258
0.8728569166473978
0.6568250879331622
0.6233857241160649
0.6434493424063232
0.7412471175309974
0.7337348352621273
0.8533806715890339
0.7111979884555173
0.7745233986615108
0.5248210460395781
0.8342992324504666
0.5999781694440965
1.0717266511360035
1.3220680739774
0.5699905660127235
0.6233857241160649
0.7299786941276922
0.5966342330623869
0.7699252576008219
0.8533806715890339
0.6668568970782914
0.8777259779119887
0.811308527147022
0.7745233986615108
0.7224664118588223
1.5582290635427367
1.0091906320559454
0.7450032586654325
0.9994525095267635
0.7412471175309974
0.5615212810177588
0.660169024314872
0.6401054060246135
0.9556309581454446
1.1029959928419797
0.4378632075266657
0.6886611416489071
0.9702381419392175
0.5615212810177588
0.7262225529932573
0.7791215397221997
0.5999781694440965
0.5643443760160802
0.5276441410378997
0.5966342330623869
0.6367614696429038
0.6434493424063232
0.8251029503290888
0.5841060410043313
0.7262225529932573
0.5643443760160802
0.8251029503290888
0.8251029503290888
1.3296412392182824
1.059218914453613
0.5784598510076882
0.6467932787880329
0.7074418473210823
0.8342992324504666
0.811308527147022
0.5671674710144018
0.6267296604977745
0.5932902966806771
0.9020712842349438
0.9653690806746266
0.7837196807828886
0.6233857241160649
0.7525155409343024
0.6534811515514524
0.9264165905578986
0.6434493424063232
0.6811488593800371
0.9605000194100355
0.6401054060246135
0.6434493424063232
0.5784598510076882
0.6668568970782914
0.8728569166473978
0.6534811515514524
0.6849050005144721
0.811308527147022
0.6534811515514524
0.8874641004411706
1.7138067395500767
2.0536345680813484
0.7450032586654325
0.7525155409343024
0.6811488593800371
1.11550372952437
0.9069403454995347
0.8342992324504666
0.8342992324504666
0.620041787734355
0.5869291360026528
0.6999295650522122
1.0342034410888323
0.6401054060246135
0.9166784680287167
1.027949572747637
0.7149541295899522
0.38752843292670913
0.6849050005144721
0.4748912757710246
0.8388973735111556
0.7525155409343024
0.6501372151697428
0.558698186019437
0.7299786941276922
1.1405192028891507
0.6166978513526453
0.6501372151697428
1.4669641435580452
0.5003480726890213
0.6849050005144721
0.6467932787880329
0.8923331617057617
0.6166978513526453
0.5191748560429349
0.7149541295899522
0.5191748560429349
0.6811488593800371
0.8679878553828069
0.6133539149709355
0.6033221058258064
0.5699905660127235
0.6849050005144721
0.6886611416489071
0.6501372151697428
0.7929159629042664
0.6434493424063232
0.6267296604977745
0.6367614696429038
0.6033221058258064
0.6166978513526453
0.6999295650522122
1.0043215707913544
0.5107055710479702
1.11550372952437
0.6501372151697428
0.8874641004411706
0.5999781694440965
0.9166784680287167
0.5899463602989673
0.6534811515514524
0.8297010913897778
0.7487593997998674
1.1217575978655652
0.6668568970782914
0.6233857241160649
0.7745233986615108
0.8485116103244429
0.7149541295899522
0.815906668207711
0.6811488593800371
0.863118794118216
0.6999295650522122
0.5841060410043313
0.7525155409343024
0.9848453257329904
0.7036857061866472
0.6668568970782914
0.5756367560093666
0.7111979884555173
0.7224664118588223
0.7791215397221997
0.6233857241160649
0.9264165905578986
0.6501372151697428
0.3724533713089632
0.8021122450256443
0.7699252576008219
0.7975141039649554
0.6033221058258064
0.620041787734355
0.6501372151697428
0.7036857061866472
0.7450032586654325
0.4157941734599827
1.337214404459165
0.7074418473210823
0.7929159629042664
0.5869291360026528
0.660169024314872
1.4669641435580452
0.6811488593800371
0.6886611416489071
0.5728136610110449
0.6501372151697428
0.7374909763965624
0.6811488593800371
0.8679878553828069
0.6501372151697428
0.6849050005144721
0.6999295650522122
0.6166978513526453
0.7745233986615108
0.6467932787880329
0.7074418473210823
0.6568250879331622
0.7262225529932573
0.5899463602989673
0.6811488593800371
0.6534811515514524
0.9653690806746266
0.7653271165401331
1.7138067395500767
0.9556309581454446
0.6635129606965818
0.7111979884555173
0.6773927182456021
0.6233857241160649
0.6702008334600011
0.5966342330623869
0.5966342330623869
0.8533806715890339
0.6133539149709355
0.5445827110278292
0.5671674710144018
0.6367614696429038
0.7337348352621273
0.8436425490598518
0.5304672360362214
0.6434493424063232
2.4821131344903433
0.6999295650522122
0.760728975479444
1.2387632563276927
0.6924172827833421
0.6635129606965818
0.7412471175309974
0.6811488593800371
0.558698186019437
0.633417533261194
0.5248210460395781
0.39506596373558206
0.8205048092683999
0.7074418473210823
0.7487593997998674
0.6467932787880329
0.5304672360362214
0.6066660422075161
0.7745233986615108
0.6233857241160649
0.7337348352621273
0.8582497328536249
0.9020712842349438
0.5899463602989673
0.5474058060261509
1.1781779344006331
0.4286061904655759
0.6924172827833421
0.7791215397221997
0.6849050005144721
0.7224664118588223
0.5643443760160802
0.4216634276697586
0.6100099785892258
0.6999295650522122
0.5899463602989673
0.7374909763965624
0.4725770215057521
0.6961734239177771
0.6267296604977745
1.1092498611831747
0.6267296604977745
0.6702008334600011
0.6300735968794843
1.027949572747637
1.2160437606050454
0.8067103860863332
0.4262919362003035
0.7224664118588223
0.5899463602989673
0.7975141039649554
0.5999781694440965
1.2463364215685753
0.6702008334600011
0.8067103860863332
0.9264165905578986
0.6100099785892258
1.4588149187518435
0.5502289010244723
1.1405192028891507
1.0842343878183938
0.5417596160295076
0.6467932787880329
0.7074418473210823
1.2993485782547525
0.6501372151697428
0.7699252576008219
0.6501372151697428
1.0904882561595892
1.0904882561595892
0.7450032586654325
0.5841060410043313
0.8251029503290888
0.7337348352621273
0.8728569166473978
0.5841060410043313
0.5966342330623869
0.5932902966806771
0.7337348352621273
0.370568988606745
0.5869291360026528
0.5932902966806771
0.8485116103244429
0.6434493424063232
0.620041787734355
0.9118094067641256
0.5276441410378997
0.7374909763965624
0.9312856518224898
0.8251029503290888
0.6434493424063232
0.7525155409343024
0.7450032586654325
0.5869291360026528
1.4099195699146343
0.5841060410043313
0.7975141039649554
0.6434493424063232
0.6961734239177771
0.6267296604977745
1.4914118179766498
1.1592808079127361
0.7187102707243872
0.6635129606965818
0.8021122450256443
0.6924172827833421
0.7745233986615108
0.5615212810177588
0.5361134260328645
0.760728975479444
0.6702008334600011
0.7699252576008219
0.6999295650522122
0.7975141039649554
1.964983830203625
0.6166978513526453
0.6702008334600011
0.6300735968794843
0.538936521031186
0.6668568970782914
0.6736365771111671
0.6401054060246135
0.8728569166473978
0.6467932787880329
0.6849050005144721
0.6635129606965818
0.6702008334600011
0.6434493424063232
0.6501372151697428
0.5558750910211155
0.9458928356162627
0.5530519960227939
0.5643443760160802
0.5756367560093666
0.6501372151697428
0.6434493424063232
0.4748912757710246
0.6635129606965818
0.6702008334600011
0.5643443760160802
0.7111979884555173
0.7412471175309974
0.4887768013626591
0.6367614696429038
0.6702008334600011
0.5728136610110449
0.6534811515514524
0.6401054060246135
0.6133539149709355
0.7036857061866472
0.7791215397221997
0.7487593997998674
0.6534811515514524
0.4044878772466733
0.6702008334600011
0.6467932787880329
0.6999295650522122
0.6367614696429038
0.538936521031186
0.8436425490598518
0.6367614696429038
0.9653690806746266
0.5756367560093666
0.8777259779119887
1.7138067395500767
0.7111979884555173
1.021695704406442
1.223616925845928
1.9058833382851432
1.3936211203022313
0.9361547130870806
0.5699905660127235
0.660169024314872
0.7412471175309974
0.5643443760160802
0.8533806715890339
0.4044878772466733
0.5899463602989673
0.7745233986615108
0.5530519960227939
0.6133539149709355
0.6166978513526453
0.6300735968794843
0.5932902966806771
0.6166978513526453
0.6367614696429038
0.6100099785892258
0.8067103860863332
0.7036857061866472
0.7374909763965624
0.7337348352621273
0.7975141039649554
0.5756367560093666
0.6133539149709355
0.6999295650522122
0.6033221058258064
0.6267296604977745
0.7187102707243872
5.356492106139749
0.7262225529932573
0.7412471175309974
0.4841482928321143
0.5445827110278292
0.7745233986615108
0.5999781694440965
1.4832625931704486
0.7450032586654325
0.5756367560093666
0.7299786941276922
0.5699905660127235
0.6999295650522122
0.5869291360026528
0.811308527147022
0.6166978513526453
0.6100099785892258
0.6434493424063232
0.4517487331183002
0.6702008334600011
1.4995610427828514
0.8485116103244429
1.0842343878183938
0.5558750910211155
0.6736365771111671
0.6961734239177771
0.9507618968808536
0.7299786941276922
0.6961734239177771
0.7111979884555173
0.6501372151697428
0.8485116103244429
0.6401054060246135
1.059218914453613
0.5756367560093666
0.5671674710144018
1.4914118179766498
0.7929159629042664
0.7036857061866472
0.660169024314872
0.7883178218435776
1.0967421245007842
0.6635129606965818
0.5841060410043313
0.6100099785892258
0.7745233986615108
0.4633200044446624
1.0967421245007842
0.633417533261194
0.7036857061866472
0.7412471175309974
1.401770345108433
0.811308527147022
0.5699905660127235
0.8533806715890339
0.5841060410043313
0.45406298738357265
0.5699905660127235
0.6367614696429038
0.660169024314872
0.6736365771111671
0.6033221058258064
1.0842343878183938
0.620041787734355
0.8533806715890339
1.2993485782547525
0.620041787734355
0.5530519960227939
0.7525155409343024
0.811308527147022
0.5966342330623869
0.5899463602989673
0.7837196807828886
0.9215475292933077
0.6166978513526453
0.6961734239177771
1.5686762685116808
0.6924172827833421
1.964983830203625
0.8777259779119887
0.6635129606965818
0.4401774617919381
0.6367614696429038
0.6702008334600011
1.337214404459165
0.5756367560093666
1.2084705953641628
0.7224664118588223
0.620041787734355
0.633417533261194
0.38564405022449083
0.6773927182456021
0.5756367560093666
0.620041787734355
0.811308527147022
0.6635129606965818
0.5999781694440965
