0.5497180517644061
1.0525112593784969
0.6750324486710333
0.9735757164736086
0.7487397229918045
0.5968364663580301
1.2187391418674514
0.5658549241660691
0.622813300334864
0.622813300334864
0.6000835706051344
0.3998074280703062
0.48488567925471354
0.7866899216866686
0.7790375104036841
0.6455430300645938
0.6163190918406556
0.6585314470530109
0.8249519781015913
1.5386086302054434
0.8708267855023198
0.6422959258174896
0.7487397229918045
1.2848728246983818
0.7155714495474574
0.6585314470530109
0.8326043893845757
0.8172995668186067
0.7192568132634959
3.3833420458592416
0.7487397229918045
1.0341220465505085
0.4314549295723755
0.6971446309672646
0.6455430300645938
0.555097009231627
0.7303129044116117
0.860551892405191
0.6585314470530109
0.7675588934792074
0.7155714495474574
0.6934592672512262
1.430817317477393
0.7943423329696532
0.5577864879652374
0.6650256555472194
0.8451395527594975
0.4335921595596691
0.9376135906336576
0.6617785513001151
0.9273386975365286
0.7155714495474574
0.5819917965677319
0.8287781837430834
0.8211257724600989
0.8913765716965775
0.5524075304980165
0.7082007221153803
0.6934592672512262
0.576612839100511
0.8211257724600989
0.8708267855023198
1.2922210116795965
0.9376135906336576
0.686088539819149
0.6033306748522387
0.6325546130761768
0.9427510371822221
1.095419422643803
1.0647707345971558
0.6552843428059066
1.2775246377171672
0.7339982681276501
0.8913765716965775
0.425043239610495
0.43572938954696255
0.5793023178341214
0.5041207491403552
0.6195661960877599
1.0525112593784969
0.678717812387072
0.7981685386111455
0.8708267855023198
0.6422959258174896
0.5739233603669005
0.5389601368299641
0.8249519781015913
0.7192568132634959
2.332612713542314
0.5658549241660691
0.6585314470530109
0.6824031761031105
0.6715198640414278
2.4501426288187576
1.5386086302054434
0.622813300334864
0.6065777790993429
0.7599064821962228
0.7118860858314189
0.8402568006675603
0.5819917965677319
0.6163190918406556
1.2995691986608109
0.6455430300645938
0.5093758707602487
0.6971446309672646
0.7450543592757658
0.7082007221153803
0.7339982681276501
0.7413689955597274
0.4421410795088432
0.7008299946833032
0.9735757164736086
0.6195661960877599
0.6650256555472194
0.48061121928012646
0.6682727597943235
0.6585314470530109
1.2628282637547381
0.7599064821962228
0.6422959258174896
1.0709004722064852
0.5903422578638216
0.6000835706051344
0.7450543592757658
1.3752533722201963
0.6897739035351875
0.6422959258174896
0.6130719875935513
1.2260873288486658
0.5604759666988481
0.6897739035351875
0.7450543592757658
0.6585314470530109
0.686088539819149
0.7561104504238815
0.7675588934792074
0.6325546130761768
1.1444573235184388
0.7637326878377151
0.4314549295723755
0.5935893621109257
0.9735757164736086
0.8326043893845757
1.01573283372252
0.7675588934792074
0.6065777790993429
0.6422959258174896
0.6650256555472194
0.6195661960877599
0.7266275406955731
1.7155806583409865
0.7082007221153803
0.6390488215703852
1.3752533722201963
0.9633008233764799
0.7303129044116117
0.7713850991206995
1.150587061127768
0.80582094989413
1.0096030961131905
1.2628282637547381
1.0463815217691672
0.6897739035351875
0.9273386975365286
1.0892896850344738
0.9376135906336576
0.752425086707843
1.058640996987826
0.7828637160451763
0.6163190918406556
0.7790375104036841
0.6033306748522387
0.7599064821962228
0.5935893621109257
0.9016514647937064
0.6195661960877599
0.6325546130761768
0.3980647840587024
0.6325546130761768
0.6455430300645938
0.9273386975365286
0.7637326878377151
0.587370754034953
0.988988056119302
2.2885389953136483
0.5631654454324586
1.0463815217691672
0.5389601368299641
1.9212580100747623
0.7192568132634959
1.4705058498039618
0.7376836318436888
0.6163190918406556
1.567843856161411
0.8708267855023198
0.6682727597943235
0.6358017173232811
0.6422959258174896
0.5846812753013425
0.8249519781015913
0.686088539819149
0.7082007221153803
0.7229421769795346
0.6325546130761768
0.6033306748522387
0.6163190918406556
0.9119263578908353
0.9119263578908353
0.6971446309672646
0.8172995668186067
1.2995691986608109
0.5362706580963535
0.7713850991206995
0.8451395527594975
0.6934592672512262
0.7752113047621918
0.6163190918406556
0.8364305950260681
0.8656893389537554
0.7303129044116117
0.7675588934792074
0.7561104504238815
0.7487397229918045
0.7303129044116117
0.43572938954696255
0.8759642320508841
0.5604759666988481
0.7229421769795346
0.5685444028996796
0.46351337938177833
0.752425086707843
0.5362706580963535
1.3990664916161377
0.6824031761031105
0.953025930279351
1.150587061127768
0.7487397229918045
1.3363101335668834
0.8364305950260681
0.5658549241660691
0.555097009231627
0.7599064821962228
0.7981685386111455
0.7192568132634959
0.6650256555472194
0.860551892405191
0.8364305950260681
1.083159947425144
0.5903422578638216
1.0525112593784969
0.7082007221153803
0.9170638044393997
0.686088539819149
0.7828637160451763
1.4466927304080206
1.0463815217691672
0.5935893621109257
0.7981685386111455
0.7339982681276501
0.9119263578908353
0.6585314470530109
0.6422959258174896
0.5968364663580301
0.8965140182451421
0.7339982681276501
0.6000835706051344
0.8759642320508841
0.6520372385588022
0.7155714495474574
0.7229421769795346
1.3911287851508238
0.5416496155635746
0.41374858016313676
0.6750324486710333
1.3831910786855102
0.4870229092420071
0.4189765121979482
0.7675588934792074
0.6000835706051344
0.8913765716965775
1.548353705524099
0.8172995668186067
0.7266275406955731
0.7155714495474574
0.932476144085093
0.6934592672512262
1.119938373081121
0.6897739035351875
0.6585314470530109
0.622813300334864
1.0647707345971558
0.5658549241660691
0.7155714495474574
0.6358017173232811
0.3684398358614376
0.5846812753013425
0.7229421769795346
0.7713850991206995
0.6195661960877599
0.752425086707843
0.7155714495474574
1.7743456159792081
0.6650256555472194
0.6824031761031105
0.678717812387072
0.9735757164736086
0.7082007221153803
0.8656893389537554
1.2701764507359528
0.5147548282274698
1.6861981795218755
1.1893463939425932
0.7790375104036841
3.6020992712927677
0.80582094989413
0.9273386975365286
0.7155714495474574
0.8451395527594975
0.9119263578908353
0.6650256555472194
1.0341220465505085
0.5470285730307957
0.678717812387072
0.8862391251480131
0.5739233603669005
0.7229421769795346
0.7339982681276501
0.8249519781015913
0.6325546130761768
2.567672544095201
0.7008299946833032
0.9992629492164309
0.35101339574539947
0.7905161273281608
0.8326043893845757
0.7413689955597274
0.8326043893845757
1.01573283372252
0.8913765716965775
0.8287781837430834
0.6163190918406556
0.3771530559194567
0.906788911342271
0.7303129044116117
1.3289619465856688
2.8027323746480874
0.8708267855023198
0.8249519781015913
0.6682727597943235
0.6293075088290726
0.38412363196587196
0.7713850991206995
0.6585314470530109
0.6358017173232811
0.8913765716965775
0.7828637160451763
1.1260681106904502
0.7981685386111455
0.40503536010511765
0.7229421769795346
0.7266275406955731
1.1383275859091093
0.6682727597943235
0.678717812387072
0.6390488215703852
0.80582094989413
0.8326043893845757
0.6163190918406556
0.5685444028996796
1.1893463939425932
0.6520372385588022
0.8211257724600989
0.6824031761031105
0.7981685386111455
2.259156516494537
0.8811016785994488
1.1567167987370977
1.0892896850344738
1.5775889314800668
0.6715198640414278
0.7155714495474574
0.7339982681276501
0.3788956999310605
0.7155714495474574
1.0770302098158144
0.37366776789624906
0.6325546130761768
0.6033306748522387
0.7561104504238815
0.6325546130761768
0.5935893621109257
0.7713850991206995
0.7082007221153803
0.678717812387072
0.6971446309672646
0.6650256555472194
0.9376135906336576
0.8096471555356222
1.162846536346427
0.9427510371822221
0.8708267855023198
0.5793023178341214
0.5903422578638216
0.7008299946833032
0.9633008233764799
0.5793023178341214
0.678717812387072
0.6033306748522387
0.6715198640414278
0.6682727597943235
0.80582094989413
0.6585314470530109
0.5968364663580301
0.953025930279351
0.5903422578638216
1.2187391418674514
0.5120653494938592
0.42076877963590803
0.5577864879652374
0.3945794960354948
0.6750324486710333
0.6033306748522387
0.8656893389537554
0.6260604045819683
0.7790375104036841
0.7713850991206995
0.9376135906336576
1.31426557262324
0.6358017173232811
0.9787131630221733
0.622813300334864
0.8656893389537554
0.8249519781015913
0.7713850991206995
0.7599064821962228
0.6682727597943235
0.7487397229918045
0.6422959258174896
0.6130719875935513
0.7155714495474574
1.3593779592895687
0.6260604045819683
0.6824031761031105
2.743967417009866
0.7561104504238815
0.5793023178341214
0.4102632921399291
0.6897739035351875
0.5903422578638216
0.7599064821962228
0.622813300334864
1.5873340067987227
1.9947142071225394
0.7192568132634959
0.5793023178341214
0.5903422578638216
0.6163190918406556
0.6650256555472194
0.6650256555472194
0.6033306748522387
0.6971446309672646
0.5819917965677319
0.6487901343116981
0.6897739035351875
0.7155714495474574
0.5308917006291326
0.4763367593055394
0.35798397179181474
0.7082007221153803
0.6065777790993429
2.0240966859416503
0.7192568132634959
0.5903422578638216
0.36495454783823
0.8172995668186067
0.678717812387072
0.6824031761031105
0.988988056119302
0.5335811793627431
0.7229421769795346
0.8656893389537554
0.6000835706051344
0.3945794960354948
1.1966945809238076
0.622813300334864
1.4149419045467655
0.7905161273281608
0.5685444028996796
1.1383275859091093
0.5819917965677319
0.5903422578638216
0.43572938954696255
0.6358017173232811
0.8211257724600989
0.9119263578908353
0.5968364663580301
0.6130719875935513
0.6715198640414278
0.5497180517644061
0.6033306748522387
0.6487901343116981
0.6293075088290726
0.7675588934792074
1.175106011565086
0.6422959258174896
0.5685444028996796
0.6897739035351875
0.7752113047621918
0.43786661953425615
0.5470285730307957
1.119938373081121
1.119938373081121
0.7943423329696532
0.7675588934792074
0.6971446309672646
0.7599064821962228
1.4863812627345894
0.6325546130761768
0.622813300334864
0.6130719875935513
0.6065777790993429
1.61656923275469
0.6682727597943235
0.6455430300645938
0.6971446309672646
0.5968364663580301
0.6455430300645938
1.5288635548867875
0.4763367593055394
0.5685444028996796
0.6971446309672646
0.6390488215703852
0.7981685386111455
0.6971446309672646
0.7675588934792074
0.8211257724600989
0.678717812387072
0.686088539819149
0.4955718291911811
0.6358017173232811
1.3363101335668834
0.8172995668186067
0.7045153583993419
0.7008299946833032
0.8402568006675603
0.6065777790993429
0.4189765121979482
1.1966945809238076
0.7082007221153803
0.5685444028996796
1.3673156657548824
1.162846536346427
0.7561104504238815
0.5903422578638216
0.9273386975365286
0.7376836318436888
0.7599064821962228
0.5255127431619117
0.6033306748522387
0.9119263578908353
0.6065777790993429
0.6897739035351875
0.6617785513001151
0.6585314470530109
0.6682727597943235
1.8771842918460961
0.5935893621109257
0.6325546130761768
0.6390488215703852
1.9212580100747623
1.150587061127768
0.6163190918406556
0.6065777790993429
0.8172995668186067
0.5903422578638216
0.9735757164736086
0.7303129044116117
0.5120653494938592
0.860551892405191
0.7487397229918045
0.6552843428059066
1.0709004722064852
0.5935893621109257
0.7752113047621918
0.7082007221153803
0.5712338816332899
0.7118860858314189
0.7413689955597274
0.8019947442526376
0.5685444028996796
0.9478884837307864
0.5577864879652374
0.6260604045819683
0.5819917965677319
0.6682727597943235
0.9941255026678665
0.7413689955597274
0.6293075088290726
0.9273386975365286
0.6824031761031105
1.0402517841598378
0.8759642320508841
0.9273386975365286
0.7561104504238815
0.5968364663580301
1.3593779592895687
0.9222012509879642
1.4943189691999035
0.5793023178341214
0.5604759666988481
0.6455430300645938
0.3858662759774757
0.3771530559194567
1.162846536346427
0.5604759666988481
0.7229421769795346
0.8249519781015913
0.7155714495474574
0.8554144458566264
1.5970790821173784
0.8502769993080619
0.7155714495474574
24.06846418855773
0.425043239610495
0.6934592672512262
0.7082007221153803
0.6033306748522387
0.678717812387072
0.8364305950260681
0.8211257724600989
0.686088539819149
0.6520372385588022
0.7155714495474574
0.6293075088290726
0.678717812387072
0.6585314470530109
1.2040427679050223
