0.7643373965292818
0.7680357254650778
0.6592715341845169
0.6564168159224666
0.7236297583000344
0.6250149150399141
1.3559044856122309
0.7336218375079552
0.6507073793983662
0.7536059959237967
0.6564168159224666
0.746944609785183
0.7336218375079552
0.6135960419917132
0.8087173437588335
0.6021771689435123
1.1717744604041842
1.2232318225476775
0.6335790698260648
0.6307243515640145
0.6869921345376581
0.6021771689435123
1.3639484836992706
0.7069762929534997
1.3961244760474294
0.7502753028544898
0.6736693622604304
0.8087173437588335
0.7169683721614206
0.5831892868624459
0.7865273701440576
0.6706904072327179
0.7754323833366698
0.9053466357495459
0.647852661136316
0.7939240280156495
0.743613916715876
1.2232318225476775
0.7569407386576898
1.3278256818558782
0.6592715341845169
0.5907582958953114
0.7680357254650778
0.7169683721614206
0.7680357254650778
0.9780765290905663
0.6250149150399141
0.647852661136316
0.6221601967778638
0.7754323833366698
0.7269604513693413
0.6250149150399141
1.0523223129574482
0.6736693622604304
0.7169683721614206
0.5907582958953114
0.8762546784131379
0.8956493166374099
0.7236297583000344
0.6078866054676126
0.8087173437588335
0.6564168159224666
0.6421432246122155
0.7606390675934859
0.40795225346547154
0.7606390675934859
0.7791307122724657
0.5783531741539929
0.5396642724863677
1.3278256818558782
0.6936535206762721
0.6307243515640145
0.41115362384994053
0.6535620976604164
0.8050190148230375
0.6392885063501653
0.7569407386576898
0.7036455998841927
0.8859519975252738
0.6078866054676126
0.6507073793983662
0.647852661136316
0.8309073173736093
0.8346056463094053
0.8423140615206617
0.6078866054676126
1.1547098679117935
0.6250149150399141
0.6278696333019643
0.7643373965292818
0.5517545542575005
0.6936535206762721
0.7828290412082616
0.6193054785158136
0.42278882787332106
1.08645149794223
0.7502753028544898
0.6535620976604164
0.7606390675934859
0.7169683721614206
0.4563026581593031
1.897788514689922
0.8520113806327978
0.8198123305662214
0.8383039752452013
0.7502753028544898
0.5396642724863677
0.743613916715876
0.8087173437588335
0.6250149150399141
0.8013206858872416
1.0295695229675936
0.8309073173736093
0.7606390675934859
0.7502753028544898
0.7269604513693413
0.7369525305772621
1.0580105104549118
0.6706904072327179
0.7502753028544898
0.6564168159224666
0.8665573593010019
0.7502753028544898
1.0125049304752027
0.7502753028544898
1.594812934070871
1.5464239812515383
0.5517545542575005
1.428300468395588
0.8087173437588335
1.14902167041433
0.7236297583000344
0.7336218375079552
1.1840091253071021
0.6564168159224666
0.4779880777561151
0.7606390675934859
1.1905462415138646
0.8859519975252738
0.5469184415490475
0.6564168159224666
1.0523223129574482
0.6535620976604164
0.7169683721614206
0.6706904072327179
0.8762546784131379
0.5759351177997664
0.6250149150399141
0.7643373965292818
0.6221601967778638
0.6535620976604164
0.7103069860228065
0.6021771689435123
0.7036455998841927
0.7336218375079552
0.6250149150399141
1.2951401008220655
0.6307243515640145
0.7036455998841927
0.7003149068148858
0.7269604513693413
0.6621262524465672
0.7336218375079552
0.5445003851948209
0.8908006570813419
0.6936535206762721
0.6535620976604164
0.8956493166374099
0.746944609785183
0.915043954861682
0.43264583678096286
0.9732278695344984
0.9635305504223622
1.0580105104549118
0.6592715341845169
0.6903228276069652
0.9441359121980901
2.401596815930829
0.6535620976604164
0.8050190148230375
0.8714060188570698
0.8013206858872416
0.6221601967778638
0.7103069860228065
0.7103069860228065
0.5759351177997664
0.8908006570813419
0.9877738482027024
0.7606390675934859
2.1424954038640767
0.9441359121980901
0.7680357254650778
0.7865273701440576
0.8762546784131379
0.7169683721614206
0.9586818908662942
0.7003149068148858
0.8346056463094053
0.8520113806327978
0.7680357254650778
0.5964677324194118
0.6164507602537634
0.6803307483990443
1.0523223129574482
0.9004979761934779
0.5420823288405943
0.6621262524465672
1.2232318225476775
1.1148924854295483
0.8617086997449337
0.7169683721614206
0.746944609785183
0.647852661136316
1.0523223129574482
0.9974711673148384
0.6936535206762721
2.2288625412196605
0.7902256990798536
0.8762546784131379
0.6836614414683512
0.7103069860228065
0.7865273701440576
0.7169683721614206
0.6021771689435123
0.7828290412082616
0.6736693622604304
0.4858736848822286
0.8956493166374099
1.08645149794223
0.8859519975252738
0.5735170614455397
0.7336218375079552
2.0129446978307004
0.743613916715876
0.7680357254650778
0.7369525305772621
0.48193088131917183
0.915043954861682
0.6021771689435123
0.5759351177997664
0.5807712305082194
0.7680357254650778
0.9295899335298862
0.7717340544008737
0.4779880777561151
0.6193054785158136
0.6706904072327179
0.8050190148230375
0.6706904072327179
1.4443884645696674
0.7643373965292818
0.696984213745579
0.9877738482027024
0.7643373965292818
0.5831892868624459
0.7502753028544898
0.4622168635038882
0.588025399570899
0.6621262524465672
0.5590087233201803
1.3278256818558782
0.7036455998841927
0.7502753028544898
1.0807633004447663
0.6135960419917132
0.6706904072327179
0.7606390675934859
0.6592715341845169
0.7680357254650778
0.6250149150399141
0.7202990652307274
1.0523223129574482
0.8383039752452013
0.8198123305662214
1.1035160904346208
1.1205806829270115
0.8346056463094053
0.9053466357495459
0.5856073432166725
0.6050318872055624
1.4524324626567071
0.9974711673148384
0.6078866054676126
0.5638448360286333
0.5614267796744068
0.7717340544008737
0.6449979428742657
2.4591749075012186
0.8198123305662214
1.0807633004447663
0.7606390675934859
0.746944609785183
0.9538332313102262
0.8956493166374099
0.5686809487370865
0.6449979428742657
0.7069762929534997
0.8087173437588335
0.7536059959237967
0.7069762929534997
0.6836614414683512
0.6869921345376581
0.7902256990798536
0.696984213745579
0.9877738482027024
1.1433334729168665
1.500696451178945
0.6421432246122155
0.46615966706694495
0.6135960419917132
0.7269604513693413
0.6770000553297373
0.6803307483990443
0.7202990652307274
0.8309073173736093
0.915043954861682
0.6836614414683512
0.7791307122724657
0.6307243515640145
1.0071684864269745
0.9198926144177499
0.6592715341845169
0.915043954861682
0.7865273701440576
0.6535620976604164
0.8235106595020173
0.7036455998841927
0.7169683721614206
0.8050190148230375
0.9198926144177499
0.8908006570813419
1.1148924854295483
0.910195295305614
0.915043954861682
0.6770000553297373
0.6803307483990443
0.746944609785183
0.9295899335298862
0.8087173437588335
0.5275739907152348
1.1376452754194026
0.7717340544008737
0.7791307122724657
0.599322450681462
0.7680357254650778
0.6592715341845169
1.8689994689047273
0.7336218375079552
0.9635305504223622
0.7569407386576898
0.6021771689435123
1.0636987079523756
0.6392885063501653
0.6592715341845169
0.5710990050913131
0.5036163009159838
0.7717340544008737
0.44447424747013303
1.0023198268709064
0.5831892868624459
0.6736693622604304
0.46418826528541657
1.3880804779603897
1.2101575901341524
0.6936535206762721
0.42870303321790615
0.9635305504223622
0.8161140016304254
1.14902167041433
0.8198123305662214
1.4122124722215088
0.6392885063501653
0.7236297583000344
0.6936535206762721
0.8520113806327978
0.7069762929534997
0.6507073793983662
0.5082295398814224
1.897788514689922
0.5807712305082194
0.7606390675934859
0.7902256990798536
0.647852661136316
0.7502753028544898
0.8665573593010019
1.1547098679117935
0.5807712305082194
0.4464456492516614
0.6078866054676126
0.8423140615206617
0.6706904072327179
0.7269604513693413
0.49967349735292704
0.7302911444386482
1.0523223129574482
0.6564168159224666
1.275528752201778
0.7754323833366698
0.7069762929534997
0.8013206858872416
0.6021771689435123
1.1319570779219392
0.8617086997449337
0.7236297583000344
0.6421432246122155
1.14902167041433
0.9732278695344984
0.647852661136316
0.8383039752452013
0.8908006570813419
0.6706904072327179
1.811421377334338
0.7791307122724657
0.7791307122724657
0.5565906669659537
0.6678356889706676
0.7902256990798536
0.7939240280156495
0.6564168159224666
0.6421432246122155
0.746944609785183
0.4917878902268137
0.9538332313102262
0.6335790698260648
0.6736693622604304
1.2559174035814902
1.0295695229675936
0.6193054785158136
0.8013206858872416
0.7336218375079552
0.6364337880881151
0.7502753028544898
0.7902256990798536
0.4582740599408315
1.5851351435070047
0.696984213745579
0.7717340544008737
0.5614267796744068
0.8161140016304254
0.7103069860228065
0.7036455998841927
0.7336218375079552
0.743613916715876
0.6364337880881151
0.9489845717541583
1.02388132547013
0.647852661136316
0.7003149068148858
0.6335790698260648
1.0807633004447663
0.7069762929534997
0.7643373965292818
0.6678356889706676
0.8423140615206617
0.6706904072327179
0.4563026581593031
1.040945917962521
0.647852661136316
0.6535620976604164
0.8423140615206617
0.6836614414683512
0.8198123305662214
0.7236297583000344
0.8050190148230375
0.7502753028544898
0.6621262524465672
0.5541726106117271
0.6335790698260648
1.1547098679117935
0.41115362384994053
0.5831892868624459
0.6250149150399141
0.7103069860228065
1.0523223129574482
0.7336218375079552
0.6678356889706676
0.9974711673148384
0.5907582958953114
0.7754323833366698
0.4306744349994345
0.746944609785183
0.6621262524465672
0.7569407386576898
0.6307243515640145
0.7236297583000344
0.7202990652307274
1.22976893875444
1.1603980654092572
0.8087173437588335
0.5759351177997664
0.6903228276069652
1.08645149794223
1.02388132547013
0.6621262524465672
0.6592715341845169
0.8087173437588335
1.7970268544417407
0.7717340544008737
0.7269604513693413
0.7828290412082616
0.7680357254650778
0.8617086997449337
0.7336218375079552
0.647852661136316
0.7336218375079552
0.8198123305662214
0.9974711673148384
0.6250149150399141
0.7069762929534997
0.6507073793983662
0.696984213745579
0.6250149150399141
1.0750751029473027
0.6592715341845169
0.8714060188570698
0.7643373965292818
0.599322450681462
1.3559044856122309
0.746944609785183
0.6678356889706676
0.7828290412082616
0.7069762929534997
0.8050190148230375
0.5036163009159838
0.6392885063501653
1.3408999142694034
0.6078866054676126
1.2363060549612026
0.6050318872055624
0.9586818908662942
0.8272089884378133
0.6078866054676126
0.6278696333019643
0.7502753028544898
0.7136376790921135
0.532410103423688
1.3278256818558782
0.599322450681462
0.7336218375079552
0.6592715341845169
0.6736693622604304
0.6335790698260648
0.6335790698260648
1.040945917962521
0.6021771689435123
1.3559044856122309
0.6221601967778638
0.6250149150399141
0.8714060188570698
0.532410103423688
0.7680357254650778
0.7606390675934859
0.7369525305772621
0.7236297583000344
0.7939240280156495
0.8087173437588335
0.7643373965292818
0.40955293865770603
2.5023584761790105
0.6592715341845169
0.8762546784131379
0.8908006570813419
0.9489845717541583
0.7069762929534997
0.549336497903274
0.8050190148230375
0.6107413237296629
0.7103069860228065
0.8013206858872416
0.915043954861682
0.9053466357495459
0.6392885063501653
0.6278696333019643
0.8161140016304254
0.696984213745579
0.7569407386576898
0.6936535206762721
0.588025399570899
0.8908006570813419
0.7502753028544898
1.0071684864269745
0.47010247063000166
0.7828290412082616
0.6836614414683512
0.915043954861682
1.1262688804244754
0.9780765290905663
0.7003149068148858
1.9409720833677138
0.5590087233201803
1.0352577204650573
0.7103069860228065
0.647852661136316
1.1205806829270115
1.14902167041433
0.8956493166374099
0.6221601967778638
0.7643373965292818
0.6449979428742657
0.7269604513693413
1.3408999142694034
0.7791307122724657
0.5420823288405943
0.6649809707086174
0.5907582958953114
0.7606390675934859
0.56626289238286
0.6903228276069652
0.6649809707086174
0.6164507602537634
0.47995947953764345
0.8013206858872416
1.0352577204650573
0.8087173437588335
0.5759351177997664
0.743613916715876
1.4363444664826277
0.8471627210767296
0.6564168159224666
0.5565906669659537
0.7236297583000344
0.6564168159224666
0.6736693622604304
0.9344385930859541
0.5106475962356489
0.9926225077587705
0.7680357254650778
0.7202990652307274
0.7717340544008737
0.6307243515640145
0.6869921345376581
0.6535620976604164
1.1376452754194026
0.6449979428742657
0.47404527419305836
0.5807712305082194
0.696984213745579
0.8956493166374099
0.6335790698260648
0.8520113806327978
0.6335790698260648
1.0071684864269745
0.5964677324194118
0.4015495126965336
0.7939240280156495
0.6449979428742657
0.6836614414683512
0.6507073793983662
0.7536059959237967
0.5396642724863677
2.4735694303938156
1.0693869054498388
0.9538332313102262
0.5964677324194118
0.6307243515640145
0.47601667597458674
0.6135960419917132
1.288602984615303
0.6250149150399141
0.7502753028544898
0.6564168159224666
0.7502753028544898
