0.9132755495439918
0.6672701086391922
0.7786569440383742
1.8060559016300803
0.5773632189292747
0.7249628436572171
0.9860331959174262
0.6883817214301617
0.8034300184437854
0.8987240202693049
0.8841724909946181
0.8323319385834319
0.774528098304139
0.3828546027797692
0.3524213262103753
0.5401978148888705
0.9132755495439918
0.545507158323214
0.6737492725393396
0.9908837056756552
0.7869146355068446
1.0419312947386634
0.7621415611014334
0.7103303947663949
1.3393967412698276
0.9375280983351366
0.7139885069891004
1.1296518234883954
0.8323319385834319
1.0607285508993203
0.7703992525699037
1.005435234950342
1.496645752360835
0.6323211097725508
1.8791202351711014
2.6682150374141305
1.054462798845768
0.8890230007528471
1.864507368462897
1.6770792866108217
1.005435234950342
0.9666311568845104
0.8890230007528471
1.209101533024341
2.6682150374141305
0.8453684129287865
1.0419312947386634
0.8987240202693049
1.3884171695045493
0.6847236092074562
0.42044865030666756
0.6737492725393396
0.8453684129287865
0.7432534047707446
1.1045888152741863
0.8793219812363892
0.732279068102628
0.8744714714781601
0.8647704519617024
1.3551160670872304
0.8890230007528471
0.758012715367198
0.6482070183482969
0.7910434812410798
0.3918055664766498
0.9908837056756552
0.8034300184437854
0.7662704068356685
0.6847236092074562
1.2380560237455605
1.5999675387598187
1.0607285508993203
1.1296518234883954
1.8060559016300803
0.7432534047707446
2.887408038037195
1.3884171695045493
1.3634413426915601
2.931246638161807
1.5049710279651647
0.6672701086391922
0.9132755495439918
0.717646619211806
0.4793221145091083
1.8937331018793055
0.9860331959174262
1.496645752360835
1.098323063220634
0.7910434812410798
0.7066722825436893
0.8502189226870155
1.1946242876637316
0.7786569440383742
0.9132755495439918
0.7786569440383742
0.6577385634937446
0.7993011727095503
1.0857915591135294
1.0293997906315588
1.0920573111670817
0.8696209617199312
0.4967694246133094
0.7286209558799225
0.7951723269753149
0.6774073847620452
1.346790791482901
0.7827857897726094
0.8696209617199312
1.2163401557046458
0.8034300184437854
0.8075588641780206
0.8647704519617024
1.0857915591135294
0.8453684129287865
0.8034300184437854
2.624376437289518
0.4168682648279154
1.035665542685111
1.2452946464258652
0.7869146355068446
0.9278270788186787
0.8502189226870155
0.9326775885769077
0.758012715367198
0.8793219812363892
0.8647704519617024
0.8744714714781601
0.8987240202693049
1.0795258070599771
1.5710506333156924
0.3595820971678798
0.5561258451919009
0.6920398336528673
0.6513842000634462
1.3717666182958899
0.3613722899072559
1.421718271921868
1.0795258070599771
0.7621415611014334
1.0005847251921132
0.7103303947663949
0.7827857897726094
1.0005847251921132
0.8199454013807262
0.664092926924043
0.6774073847620452
0.9229765690604497
0.6920398336528673
0.8550694324452444
1.9083459685875095
0.7286209558799225
2.0544746356695525
1.0481970467922155
2.0983132357941647
0.4771412007460831
1.0005847251921132
0.8075588641780206
0.7030141703209838
0.9520796276098235
1.5132963035694942
1.6192454757225694
0.9860331959174262
0.7703992525699037
0.7505696292161557
0.7432534047707446
1.2742491371470843
0.6291439280574016
0.7621415611014334
0.6577385634937446
1.098323063220634
0.836460784317667
0.664092926924043
0.7395952925480391
1.1735120878632612
0.9181260593022208
0.8502189226870155
0.4186584575672915
0.7359371803253335
0.6100808377665062
1.0168682865244543
1.4550193743391864
1.3176808732289131
0.7213047314345115
0.8158165556464911
1.005435234950342
0.6737492725393396
0.9035745300275341
0.7395952925480391
0.774528098304139
0.9957342154338842
1.1946242876637316
2.302893369709025
1.3717666182958899
0.7103303947663949
0.7103303947663949
0.9520796276098235
2.5951507038731094
0.8987240202693049
1.3032036278683035
1.732991568089059
0.9084250397857629
0.8502189226870155
0.9278270788186787
1.9083459685875095
0.35600171168912753
1.3967424451088788
1.117120319381291
0.7869146355068446
1.1045888152741863
2.4197963033746586
0.893873510511076
0.9132755495439918
0.33632871392546854
0.8890230007528471
0.7030141703209838
0.8075588641780206
0.7432534047707446
0.5322337997373554
1.4133929963175382
1.446694098734857
0.8550694324452444
0.8075588641780206
1.1045888152741863
0.6883817214301617
1.1547148317026044
1.035665542685111
0.49458851085028427
0.7951723269753149
0.717646619211806
0.8890230007528471
1.9521845687121224
0.6482070183482969
3.208891105617688
1.542133727871566
1.1735120878632612
0.8841724909946181
1.2018629103440364
0.758012715367198
2.7412793709551524
0.4444274943007062
1.288726382507694
0.6810654969847507
1.5049710279651647
0.774528098304139
0.7395952925480391
1.4133929963175382
0.40254672291290644
0.6774073847620452
0.8890230007528471
1.5903285702784433
1.1359175755419477
0.6386754732028492
2.273667636292616
0.6737492725393396
0.6291439280574016
0.9326775885769077
0.7359371803253335
0.7910434812410798
1.5228557909088156
1.5228557909088156
0.6513842000634462
0.8034300184437854
0.732279068102628
0.9375280983351366
0.8647704519617024
0.9520796276098235
0.32644788143134296
0.5375431431716988
0.3380997842953664
0.5879819057979615
1.054462798845768
0.7951723269753149
0.9035745300275341
0.7103303947663949
0.8890230007528471
0.8240742471149615
1.005435234950342
1.0857915591135294
0.5910177474756109
0.7395952925480391
0.7103303947663949
0.6672701086391922
0.5216151128686686
1.2452946464258652
0.7103303947663949
1.561411664834317
0.9472291178515946
1.2163401557046458
0.6920398336528673
0.8240742471149615
1.7768301682136716
1.1484490796490523
0.7827857897726094
0.836460784317667
0.7395952925480391
0.7505696292161557
0.36674286812538426
1.63852341268532
0.6418526549179985
0.8599199422034733
0.774528098304139
0.6956979458755729
0.7213047314345115
0.6847236092074562
1.0419312947386634
0.8744714714781601
0.6810654969847507
0.9472291178515946
1.8060559016300803
0.7703992525699037
1.0293997906315588
1.6192454757225694
0.8075588641780206
0.8696209617199312
0.9278270788186787
0.8034300184437854
1.1735120878632612
0.6037264743362079
2.302893369709025
1.0607285508993203
0.41149768660978703
1.117120319381291
0.7542277414388612
1.5132963035694942
0.7395952925480391
1.8060559016300803
0.8793219812363892
0.6545613817785954
0.564089860343416
0.9860331959174262
1.446694098734857
0.6482070183482969
0.9860331959174262
1.3393967412698276
1.1233860714348431
0.6259667463422524
0.758012715367198
1.5228557909088156
0.9035745300275341
0.9084250397857629
2.375957703250046
0.8158165556464911
1.2742491371470843
1.0419312947386634
0.717646619211806
0.9229765690604497
1.1359175755419477
4.262936738255971
0.893873510511076
0.9132755495439918
0.6956979458755729
0.8550694324452444
0.7827857897726094
2.4344091700828625
1.3884171695045493
0.3828546027797692
0.9326775885769077
0.6037264743362079
0.9569301373680525
0.6920398336528673
0.664092926924043
0.6545613817785954
0.6386754732028492
0.8793219812363892
1.0481970467922155
0.4771412007460831
0.7395952925480391
0.7786569440383742
0.4335229254855805
0.8793219812363892
0.7249628436572171
0.8890230007528471
1.561411664834317
1.747604434797263
0.74691151699345
1.3104422505486084
0.732279068102628
0.8075588641780206
0.6956979458755729
1.4133929963175382
0.6672701086391922
1.1359175755419477
0.7103303947663949
0.7286209558799225
1.1801470423031222
1.1421833275955
0.4793221145091083
2.1275389692105735
1.421718271921868
0.6609157452088937
0.8550694324452444
1.005435234950342
0.9132755495439918
0.9229765690604497
1.3717666182958899
0.4291610979595303
1.1233860714348431
2.960472371578216
0.732279068102628
0.3577919044285036
1.966797435420327
0.9763321764009683
0.8199454013807262
0.7542277414388612
0.8793219812363892
0.8075588641780206
0.7621415611014334
0.717646619211806
0.8696209617199312
0.32080169143469983
1.0231340385780066
1.1946242876637316
0.9375280983351366
1.4050677207132087
0.8240742471149615
0.836460784317667
1.0005847251921132
0.379274217301017
0.7066722825436893
0.6774073847620452
1.1873856649834267
1.117120319381291
0.6704472903543415
0.6259667463422524
2.039861768961348
0.6609157452088937
0.6704472903543415
0.6386754732028492
0.8744714714781601
1.2018629103440364
0.8647704519617024
0.7910434812410798
0.9278270788186787
0.7827857897726094
0.7910434812410798
0.8793219812363892
0.7103303947663949
0.5773632189292747
1.421718271921868
0.893873510511076
0.6577385634937446
1.2742491371470843
0.9326775885769077
1.0857915591135294
1.005435234950342
1.1484490796490523
0.9326775885769077
0.7103303947663949
0.9278270788186787
0.6164352011968046
0.9326775885769077
0.7213047314345115
0.8890230007528471
0.6513842000634462
0.9423786080933656
0.7869146355068446
1.3176808732289131
0.8502189226870155
0.7139885069891004
1.2163401557046458
1.1547148317026044
0.893873510511076
0.7103303947663949
0.7395952925480391
0.6354982914877001
0.8158165556464911
0.8987240202693049
0.8034300184437854
0.33350561892714686
0.6704472903543415
0.8405896300519023
1.209101533024341
1.0231340385780066
0.5773632189292747
0.7786569440383742
0.8453684129287865
1.005435234950342
0.8599199422034733
0.8890230007528471
1.5132963035694942
1.0857915591135294
0.6291439280574016
0.9617806471262814
0.9763321764009683
1.8060559016300803
0.732279068102628
0.7432534047707446
1.0607285508993203
0.836460784317667
0.31515550143805665
0.8502189226870155
0.7066722825436893
0.7432534047707446
0.7213047314345115
1.0231340385780066
0.893873510511076
0.7249628436572171
0.836460784317667
1.421718271921868
1.3884171695045493
0.7662704068356685
0.6774073847620452
0.8599199422034733
0.9326775885769077
0.8075588641780206
0.5295791280201836
0.7993011727095503
1.3032036278683035
0.9035745300275341
0.732279068102628
0.6323211097725508
0.8240742471149615
0.6920398336528673
1.0607285508993203
0.9278270788186787
2.8727951713289905
0.6291439280574016
0.7395952925480391
0.7827857897726094
0.7827857897726094
0.6482070183482969
0.9375280983351366
0.46623663193095743
0.8890230007528471
0.9860331959174262
1.005435234950342
0.6291439280574016
0.8502189226870155
0.9181260593022208
0.9278270788186787
0.7542277414388612
0.38643498825852146
0.7139885069891004
0.8793219812363892
0.7030141703209838
0.7066722825436893
0.34526055525287086
0.8793219812363892
0.6847236092074562
1.1672463358097092
1.0857915591135294
0.717646619211806
1.0005847251921132
0.5614351886262443
0.6883817214301617
0.6704472903543415
0.8116877099122557
0.6672701086391922
0.7249628436572171
0.7395952925480391
1.657801349648071
1.2018629103440364
0.7505696292161557
1.2452946464258652
0.9569301373680525
0.6993560580982783
0.7703992525699037
0.395385951955402
0.7066722825436893
0.8158165556464911
0.7869146355068446
0.7103303947663949
0.717646619211806
1.2814877598273893
0.7395952925480391
1.4300435475261977
0.7213047314345115
1.1233860714348431
1.9960231688367351
1.0732600550064249
0.6672701086391922
1.1873856649834267
0.5033121659023848
0.7030141703209838
0.7432534047707446
1.0732600550064249
0.9326775885769077
0.33350561892714686
1.1359175755419477
0.7993011727095503
0.5401978148888705
0.836460784317667
1.0481970467922155
0.8075588641780206
0.45751297687885695
0.7139885069891004
0.6920398336528673
0.7621415611014334
0.8793219812363892
0.8744714714781601
1.5049710279651647
1.3717666182958899
1.6891529679644461
0.8647704519617024
0.7951723269753149
1.0795258070599771
0.9520796276098235
0.6513842000634462
0.7869146355068446
0.9666311568845104
