730.0
688.0
729.0
703.0
851.0
722.0
870.0
759.0
835.0
794.0
787.0
731.0
712.0
757.0
795.0
731.0
751.0
743.0
667.0
769.0
733.0
732.0
716.0
758.0
806.0
762.0
712.0
713.0
713.0
684.0
727.0
689.0
762.0
772.0
734.0
738.0
720.0
685.0
815.0
713.0
733.0
949.0
705.0
735.0
786.0
724.0
721.0
736.0
725.0
848.0
879.0
781.0
708.0
770.0
715.0
749.0
752.0
694.0
727.0
730.0
740.0
841.0
729.0
762.0
772.0
694.0
754.0
697.0
697.0
770.0
708.0
718.0
744.0
765.0
744.0
736.0
826.0
756.0
896.0
736.0
720.0
725.0
681.0
845.0
740.0
642.0
823.0
697.0
725.0
703.0
700.0
780.0
737.0
692.0
748.0
720.0
683.0
708.0
712.0
905.0
623.0
784.0
770.0
754.0
714.0
742.0
743.0
724.0
672.0
703.0
762.0
662.0
814.0
832.0
730.0
789.0
708.0
778.0
868.0
746.0
747.0
894.0
742.0
688.0
602.0
745.0
762.0
784.0
788.0
716.0
733.0
717.0
648.0
737.0
770.0
731.0
738.0
627.0
1034.0
715.0
697.0
781.0
714.0
724.0
747.0
775.0
730.0
749.0
717.0
685.0
726.0
773.0
725.0
737.0
690.0
716.0
741.0
710.0
746.0
693.0
861.0
724.0
729.0
692.0
776.0
808.0
859.0
681.0
720.0
703.0
712.0
740.0
708.0
830.0
779.0
706.0
711.0
709.0
776.0
689.0
844.0
706.0
689.0
735.0
714.0
724.0
800.0
683.0
702.0
722.0
693.0
732.0
721.0
693.0
712.0
734.0
786.0
859.0
727.0
729.0
687.0
660.0
696.0
716.0
724.0
709.0
730.0
703.0
747.0
833.0
813.0
700.0
723.0
755.0
724.0
762.0
721.0
734.0
749.0
805.0
823.0
762.0
746.0
728.0
713.0
725.0
721.0
794.0
720.0
777.0
741.0
801.0
766.0
693.0
722.0
681.0
865.0
706.0
702.0
714.0
709.0
731.0
814.0
684.0
727.0
721.0
714.0
874.0
733.0
849.0
727.0
705.0
765.0
823.0
701.0
776.0
720.0
718.0
715.0
696.0
751.0
740.0
733.0
718.0
726.0
889.0
725.0
755.0
750.0
710.0
738.0
757.0
678.0
791.0
703.0
733.0
725.0
823.0
946.0
803.0
747.0
653.0
731.0
678.0
715.0
749.0
712.0
726.0
749.0
747.0
723.0
782.0
726.0
763.0
785.0
722.0
733.0
714.0
637.0
753.0
808.0
727.0
794.0
800.0
731.0
685.0
884.0
728.0
699.0
655.0
729.0
756.0
939.0
746.0
714.0
770.0
717.0
693.0
751.0
722.0
709.0
720.0
883.0
706.0
717.0
720.0
734.0
717.0
750.0
587.0
733.0
721.0
710.0
810.0
616.0
785.0
709.0
698.0
771.0
761.0
743.0
864.0
707.0
870.0
751.0
745.0
704.0
729.0
754.0
742.0
688.0
757.0
740.0
709.0
721.0
789.0
694.0
706.0
782.0
621.0
724.0
814.0
717.0
644.0
729.0
948.0
736.0
703.0
804.0
783.0
713.0
682.0
730.0
786.0
719.0
703.0
687.0
705.0
716.0
752.0
752.0
718.0
697.0
731.0
738.0
755.0
602.0
727.0
772.0
733.0
606.0
757.0
590.0
703.0
678.0
703.0
764.0
729.0
703.0
694.0
741.0
731.0
617.0
739.0
692.0
717.0
714.0
725.0
702.0
752.0
708.0
827.0
736.0
742.0
758.0
652.0
722.0
769.0
785.0
710.0
779.0
727.0
700.0
723.0
756.0
622.0
835.0
705.0
769.0
780.0
712.0
701.0
646.0
781.0
748.0
727.0
720.0
708.0
733.0
810.0
763.0
774.0
793.0
703.0
690.0
723.0
743.0
774.0
718.0
722.0
746.0
795.0
727.0
718.0
762.0
702.0
875.0
757.0
694.0
688.0
725.0
721.0
725.0
766.0
752.0
820.0
826.0
914.0
730.0
755.0
743.0
701.0
778.0
734.0
702.0
677.0
779.0
733.0
843.0
824.0
717.0
780.0
762.0
781.0
706.0
773.0
731.0
772.0
709.0
712.0
770.0
701.0
805.0
771.0
706.0
729.0
690.0
708.0
714.0
739.0
816.0
658.0
712.0
814.0
725.0
724.0
725.0
720.0
770.0
782.0
715.0
899.0
688.0
710.0
737.0
729.0
710.0
741.0
674.0
735.0
792.0
861.0
721.0
858.0
593.0
770.0
768.0
693.0
701.0
870.0
709.0
699.0
803.0
747.0
724.0
805.0
620.0
723.0
646.0
898.0
685.0
590.0
736.0
742.0
773.0
733.0
722.0
708.0
715.0
763.0
746.0
729.0
596.0
727.0
733.0
713.0
667.0
712.0
717.0
718.0
703.0
710.0
898.0
728.0
716.0
737.0
838.0
722.0
724.0
714.0
804.0
693.0
640.0
699.0
713.0
952.0
774.0
711.0
736.0
741.0
696.0
735.0
700.0
907.0
710.0
704.0
677.0
719.0
703.0
740.0
757.0
685.0
734.0
783.0
720.0
709.0
737.0
743.0
812.0
773.0
732.0
683.0
682.0
780.0
747.0
744.0
717.0
923.0
727.0
717.0
708.0
701.0
788.0
930.0
730.0
810.0
706.0
708.0
718.0
676.0
766.0
717.0
733.0
810.0
737.0
845.0
777.0
789.0
739.0
705.0
710.0
822.0
763.0
714.0
894.0
723.0
713.0
811.0
712.0
713.0
720.0
706.0
772.0
726.0
750.0
718.0
800.0
696.0
705.0
781.0
730.0
698.0
864.0
758.0
709.0
728.0
709.0
638.0
738.0
862.0
741.0
736.0
722.0
684.0
823.0
720.0
732.0
709.0
