810.0
728.0
805.0
725.0
779.0
1014.0
794.0
755.0
734.0
735.0
744.0
852.0
862.0
843.0
813.0
727.0
754.0
710.0
832.0
738.0
656.0
757.0
661.0
756.0
762.0
722.0
734.0
856.0
809.0
830.0
774.0
733.0
734.0
706.0
757.0
681.0
705.0
696.0
763.0
725.0
907.0
594.0
732.0
729.0
762.0
729.0
739.0
853.0
724.0
726.0
770.0
757.0
728.0
712.0
785.0
699.0
750.0
769.0
778.0
753.0
811.0
716.0
909.0
745.0
806.0
716.0
736.0
764.0
742.0
734.0
782.0
703.0
786.0
716.0
700.0
821.0
751.0
728.0
798.0
804.0
767.0
709.0
808.0
803.0
750.0
769.0
731.0
725.0
895.0
877.0
717.0
861.0
714.0
791.0
714.0
766.0
720.0
746.0
732.0
749.0
802.0
724.0
740.0
723.0
779.0
786.0
694.0
729.0
744.0
781.0
721.0
698.0
729.0
741.0
750.0
766.0
754.0
821.0
779.0
791.0
734.0
718.0
714.0
738.0
757.0
821.0
747.0
707.0
730.0
811.0
781.0
762.0
711.0
750.0
840.0
791.0
790.0
642.0
838.0
620.0
740.0
739.0
852.0
738.0
713.0
774.0
733.0
708.0
729.0
782.0
592.0
669.0
699.0
707.0
744.0
669.0
896.0
761.0
742.0
781.0
728.0
743.0
592.0
746.0
626.0
706.0
722.0
744.0
704.0
784.0
704.0
717.0
746.0
759.0
680.0
822.0
727.0
758.0
863.0
761.0
609.0
712.0
751.0
822.0
752.0
767.0
845.0
737.0
749.0
701.0
714.0
756.0
702.0
750.0
822.0
783.0
786.0
786.0
730.0
711.0
782.0
739.0
708.0
743.0
712.0
744.0
789.0
739.0
925.0
694.0
832.0
772.0
772.0
998.0
738.0
814.0
781.0
729.0
716.0
822.0
730.0
738.0
723.0
602.0
849.0
762.0
612.0
793.0
771.0
849.0
761.0
637.0
711.0
722.0
597.0
708.0
714.0
717.0
735.0
761.0
800.0
746.0
882.0
694.0
703.0
653.0
849.0
710.0
792.0
765.0
710.0
722.0
802.0
910.0
777.0
737.0
840.0
760.0
701.0
748.0
769.0
699.0
704.0
781.0
744.0
766.0
762.0
761.0
727.0
750.0
626.0
713.0
704.0
641.0
767.0
645.0
670.0
867.0
829.0
832.0
690.0
700.0
719.0
786.0
713.0
885.0
652.0
746.0
909.0
749.0
738.0
796.0
901.0
767.0
723.0
762.0
600.0
737.0
723.0
712.0
730.0
831.0
747.0
751.0
754.0
862.0
721.0
757.0
725.0
824.0
790.0
725.0
722.0
853.0
729.0
693.0
900.0
712.0
713.0
832.0
701.0
732.0
817.0
730.0
786.0
773.0
795.0
736.0
698.0
730.0
708.0
633.0
770.0
785.0
861.0
703.0
746.0
735.0
741.0
750.0
706.0
894.0
962.0
833.0
776.0
745.0
771.0
702.0
773.0
821.0
896.0
708.0
834.0
780.0
825.0
635.0
837.0
796.0
729.0
706.0
845.0
640.0
721.0
829.0
778.0
884.0
713.0
765.0
688.0
691.0
811.0
754.0
900.0
1058.0
806.0
770.0
745.0
797.0
723.0
915.0
696.0
800.0
706.0
731.0
715.0
781.0
621.0
640.0
738.0
779.0
708.0
622.0
713.0
779.0
722.0
726.0
719.0
814.0
747.0
909.0
753.0
753.0
750.0
736.0
847.0
729.0
781.0
858.0
785.0
771.0
805.0
698.0
742.0
838.0
770.0
717.0
702.0
841.0
724.0
786.0
604.0
750.0
726.0
796.0
750.0
717.0
770.0
733.0
779.0
738.0
857.0
749.0
781.0
751.0
703.0
740.0
858.0
722.0
1088.0
749.0
776.0
757.0
827.0
765.0
764.0
713.0
683.0
736.0
737.0
745.0
811.0
836.0
721.0
800.0
684.0
728.0
818.0
726.0
797.0
609.0
596.0
712.0
734.0
730.0
837.0
780.0
770.0
837.0
719.0
741.0
615.0
737.0
788.0
752.0
868.0
835.0
745.0
712.0
795.0
723.0
766.0
763.0
788.0
802.0
785.0
852.0
817.0
717.0
788.0
938.0
818.0
705.0
600.0
694.0
736.0
731.0
914.0
810.0
638.0
699.0
892.0
756.0
712.0
693.0
707.0
709.0
725.0
787.0
747.0
828.0
716.0
801.0
780.0
893.0
685.0
813.0
753.0
749.0
836.0
795.0
746.0
725.0
752.0
741.0
769.0
878.0
737.0
834.0
812.0
749.0
754.0
727.0
788.0
737.0
718.0
741.0
749.0
815.0
858.0
761.0
743.0
736.0
797.0
685.0
706.0
898.0
605.0
754.0
712.0
752.0
795.0
709.0
828.0
692.0
715.0
669.0
695.0
742.0
727.0
749.0
722.0
709.0
708.0
718.0
732.0
758.0
724.0
673.0
825.0
737.0
672.0
715.0
828.0
682.0
820.0
730.0
773.0
763.0
717.0
721.0
845.0
848.0
744.0
902.0
716.0
722.0
826.0
715.0
862.0
744.0
866.0
724.0
610.0
710.0
739.0
