868.0
791.0
987.0
629.0
830.0
743.0
752.0
790.0
832.0
885.0
798.0
845.0
829.0
869.0
913.0
914.0
858.0
778.0
754.0
763.0
793.0
798.0
786.0
820.0
813.0
591.0
816.0
843.0
890.0
895.0
886.0
774.0
949.0
815.0
713.0
794.0
855.0
814.0
804.0
589.0
794.0
845.0
769.0
755.0
784.0
631.0
677.0
787.0
849.0
656.0
818.0
835.0
813.0
791.0
763.0
846.0
799.0
802.0
841.0
731.0
772.0
829.0
800.0
858.0
810.0
810.0
789.0
793.0
814.0
826.0
893.0
775.0
829.0
689.0
783.0
789.0
802.0
792.0
728.0
778.0
791.0
864.0
936.0
926.0
696.0
847.0
777.0
837.0
594.0
796.0
773.0
675.0
746.0
805.0
1062.0
765.0
752.0
930.0
832.0
828.0
933.0
964.0
838.0
881.0
760.0
822.0
616.0
880.0
795.0
919.0
907.0
747.0
815.0
586.0
734.0
792.0
734.0
804.0
805.0
770.0
765.0
772.0
782.0
914.0
940.0
878.0
838.0
594.0
836.0
792.0
794.0
936.0
775.0
806.0
766.0
826.0
798.0
806.0
807.0
770.0
582.0
779.0
775.0
812.0
880.0
687.0
580.0
818.0
871.0
797.0
790.0
805.0
781.0
872.0
829.0
762.0
1006.0
580.0
581.0
803.0
775.0
861.0
865.0
772.0
811.0
942.0
784.0
594.0
640.0
786.0
661.0
606.0
774.0
616.0
779.0
918.0
819.0
815.0
791.0
832.0
753.0
769.0
793.0
782.0
825.0
877.0
780.0
1015.0
843.0
887.0
762.0
857.0
1051.0
823.0
893.0
897.0
798.0
893.0
759.0
707.0
877.0
816.0
930.0
785.0
837.0
950.0
770.0
845.0
612.0
769.0
797.0
843.0
850.0
779.0
812.0
784.0
1073.0
852.0
815.0
845.0
763.0
706.0
808.0
738.0
797.0
810.0
778.0
841.0
781.0
832.0
760.0
887.0
839.0
806.0
774.0
837.0
919.0
762.0
757.0
789.0
770.0
913.0
910.0
763.0
791.0
635.0
771.0
850.0
825.0
746.0
824.0
816.0
822.0
774.0
910.0
810.0
803.0
778.0
782.0
774.0
794.0
886.0
886.0
647.0
754.0
617.0
836.0
986.0
889.0
672.0
778.0
799.0
793.0
806.0
895.0
829.0
753.0
770.0
763.0
882.0
826.0
780.0
825.0
784.0
808.0
697.0
830.0
770.0
823.0
809.0
914.0
877.0
736.0
791.0
666.0
961.0
851.0
789.0
802.0
808.0
813.0
700.0
785.0
752.0
775.0
707.0
795.0
817.0
878.0
789.0
805.0
766.0
764.0
789.0
767.0
816.0
774.0
867.0
780.0
780.0
769.0
844.0
777.0
900.0
837.0
757.0
780.0
796.0
897.0
778.0
838.0
820.0
777.0
784.0
926.0
836.0
754.0
826.0
831.0
901.0
804.0
789.0
799.0
756.0
816.0
813.0
861.0
761.0
932.0
794.0
836.0
786.0
811.0
843.0
778.0
837.0
788.0
774.0
810.0
794.0
657.0
854.0
775.0
777.0
755.0
768.0
747.0
894.0
979.0
790.0
794.0
853.0
864.0
838.0
748.0
770.0
789.0
717.0
823.0
850.0
776.0
827.0
897.0
590.0
967.0
885.0
818.0
786.0
819.0
770.0
779.0
824.0
753.0
844.0
894.0
811.0
770.0
953.0
874.0
759.0
800.0
821.0
834.0
840.0
762.0
762.0
893.0
739.0
770.0
784.0
800.0
778.0
859.0
752.0
878.0
805.0
811.0
802.0
881.0
961.0
770.0
838.0
966.0
876.0
824.0
642.0
814.0
808.0
781.0
805.0
904.0
771.0
805.0
610.0
897.0
818.0
831.0
770.0
813.0
683.0
745.0
828.0
770.0
827.0
774.0
786.0
779.0
983.0
625.0
716.0
713.0
814.0
938.0
788.0
789.0
763.0
814.0
773.0
785.0
803.0
845.0
901.0
774.0
770.0
821.0
792.0
586.0
957.0
861.0
754.0
806.0
832.0
912.0
744.0
796.0
745.0
740.0
911.0
814.0
596.0
788.0
786.0
804.0
794.0
790.0
819.0
774.0
778.0
809.0
838.0
830.0
759.0
825.0
789.0
795.0
860.0
855.0
928.0
811.0
652.0
753.0
610.0
753.0
793.0
710.0
736.0
756.0
861.0
795.0
933.0
814.0
750.0
828.0
793.0
774.0
722.0
762.0
801.0
786.0
766.0
853.0
850.0
778.0
673.0
792.0
764.0
813.0
881.0
770.0
898.0
859.0
803.0
802.0
826.0
959.0
837.0
798.0
941.0
632.0
772.0
779.0
977.0
798.0
928.0
786.0
697.0
766.0
762.0
782.0
845.0
805.0
812.0
790.0
752.0
803.0
833.0
877.0
814.0
637.0
1013.0
693.0
709.0
761.0
909.0
771.0
834.0
861.0
818.0
783.0
675.0
761.0
805.0
777.0
850.0
897.0
707.0
636.0
763.0
813.0
893.0
851.0
853.0
855.0
837.0
681.0
637.0
739.0
844.0
843.0
797.0
859.0
942.0
758.0
744.0
854.0
824.0
769.0
777.0
670.0
772.0
754.0
784.0
814.0
823.0
816.0
779.0
753.0
868.0
777.0
757.0
742.0
782.0
820.0
842.0
792.0
821.0
809.0
878.0
777.0
784.0
774.0
836.0
791.0
770.0
749.0
776.0
879.0
727.0
817.0
