0.8074824906937266
0.8031894840576879
1.197934168917829
0.7184186293188581
0.9633814732445175
0.498020630483434
0.9734987664776001
0.9127950070791039
1.0584601027057596
0.7108861617863906
1.571955037127855
0.8622085409136905
0.6285264591618689
0.7602594176972999
1.464894305661501
0.6920549929552218
0.631714480390072
0.7645524243333388
0.8160685039658042
0.943146886778352
0.7688454309693775
0.7688454309693775
2.1935447360032456
1.021247713325229
0.8246545172378817
0.777431444241455
0.5460519291265566
0.7410160319162608
0.43059679296339126
0.9937333529437656
0.9380882401618106
0.6958212267214554
0.7297173306175596
1.1906590824126388
0.3777914666815749
0.6189623954772593
0.7071199280201569
0.448576482968736
0.6253384379336655
1.197934168917829
1.197934168917829
0.6699707351285102
0.3705242383385203
0.841973954447525
1.176299335744108
0.7410160319162608
0.6958212267214554
1.4736003098022876
1.314335553000874
0.9026777138460211
0.8289475238739206
0.756080966981196
1.270685033969732
1.499718322224648
1.0956724920862908
3.3732485245623396
1.4736003098022876
1.0956724920862908
0.3705242383385203
1.2124843419282096
0.3814250808531023
1.1142786867765562
1.1204807516733115
0.7334835643837934
0.943146886778352
0.7372497981500271
0.7946034707856103
1.139086946363577
0.8925604206129384
0.943146886778352
0.8723258341467732
1.8014701439286538
0.8672671875302318
1.2488597744541612
10.547493298768941
0.8875017739963972
7.849696895061137
1.3288857260112545
0.9330295935452694
0.6845225254227542
0.7334835643837934
0.8160685039658042
1.7260711839143097
0.7688454309693775
0.7334835643837934
0.8773844807633145
0.841973954447525
0.8470326010640664
3.2642099682069388
0.9178536536956452
0.7184186293188581
0.7946034707856103
0.8246545172378817
1.1700972708473527
0.703353694253923
0.7259510968513258
0.8031894840576879
0.6920549929552218
1.101874556983046
1.4823063139430743
0.7334835643837934
1.6721825560877686
1.3070604664956835
0.8925604206129384
0.9127950070791039
0.9178536536956452
0.7184186293188581
0.9785574130941416
0.8470326010640664
1.1638952059505976
2.374502240037673
0.9633814732445175
0.7731384376054163
0.7645524243333388
1.2415846879489707
0.9836160597106829
0.9229123003121866
0.8203615106018429
0.9633814732445175
0.943146886778352
0.7731384376054163
0.7334835643837934
1.6084014076587327
1.1142786867765562
1.0894704271895355
0.9734987664776001
1.0522580378090045
1.3691282601128472
0.927970946928728
0.9077363604625626
0.6030222893362434
0.9482055333948933
0.9937333529437656
1.0522580378090045
0.7946034707856103
1.2997853799904933
1.0089092927933896
0.7860174575135327
1.3604222559720602
0.837533537145998
0.6508426077592911
0.9229123003121866
1.0708642324992699
0.8203615106018429
0.4014099587965025
0.6221504167054625
0.7817244508774939
0.5130499670598464
0.6667827139003071
0.9178536536956452
0.9937333529437656
2.299103280023328
0.6444665653028846
0.8203615106018429
0.8074824906937266
1.6959115999085719
0.943146886778352
1.499718322224648
1.0460559729122494
2.4649809920548864
1.1700972708473527
1.5628434444951353
0.5240506210820831
0.498020630483434
0.7108861617863906
1.2488597744541612
0.9633814732445175
0.6995874604876892
0.7447822656824945
0.7334835643837934
1.1204807516733115
1.6630709634550491
0.9178536536956452
1.0770662973960252
0.7184186293188581
0.41412760839684815
0.5763037276877075
1.4474822973799273
0.7410160319162608
0.8117754973297655
0.7688454309693775
1.1700972708473527
1.292510293485303
1.6959115999085719
1.1833839959074484
0.8203615106018429
0.857149894297149
0.7817244508774939
0.9229123003121866
0.7817244508774939
0.5460519291265566
0.5934582256516339
0.8773844807633145
0.798896477421649
0.841973954447525
0.688288759188988
1.5172854813315382
0.5515522561376749
0.42385440921138695
0.943146886778352
0.7688454309693775
1.464894305661501
0.5934582256516339
0.837533537145998
0.6769900578902867
0.9077363604625626
0.8031894840576879
1.1700972708473527
1.1833839959074484
0.8622085409136905
0.9633814732445175
0.43059679296339126
0.5488020926321158
0.8672671875302318
0.7259510968513258
1.2415846879489707
0.41049399422532085
0.6769900578902867
0.8520912476806077
0.9380882401618106
0.6920549929552218
0.7688454309693775
0.4350917154647274
1.0894704271895355
0.7860174575135327
0.9026777138460211
1.5446202592296965
0.7184186293188581
1.4213642849575672
1.0708642324992699
0.8246545172378817
12.679407669852473
1.2852352069801127
0.9734987664776001
1.1204807516733115
1.6630709634550491
0.9532641800114348
0.6253384379336655
0.8622085409136905
0.6995874604876892
0.8925604206129384
0.6769900578902867
0.9583228266279762
0.798896477421649
0.9330295935452694
0.8332405305099593
0.998791999560307
1.2270345149385904
0.8470326010640664
0.9734987664776001
0.9583228266279762
1.1700972708473527
0.40322676588226614
0.7447822656824945
1.292510293485303
0.7071199280201569
1.553731851862416
0.8773844807633145
1.292510293485303
1.6721825560877686
0.7645524243333388
0.756080966981196
0.5543024196432341
1.3216106395060643
1.2561348609593515
0.756080966981196
1.3070604664956835
0.7297173306175596
0.8160685039658042
0.3868755021103932
0.6958212267214554
0.857149894297149
0.9886747063272243
0.7688454309693775
1.5263970739642578
1.4474822973799273
0.6920549929552218
0.688288759188988
0.8031894840576879
0.9532641800114348
0.9127950070791039
0.9127950070791039
1.7863903519257853
1.139086946363577
0.7946034707856103
1.4561883015207142
1.2052092554230192
1.0708642324992699
0.9229123003121866
0.756080966981196
0.998791999560307
0.7221848630850919
0.7071199280201569
1.2197594284334
2.645938496089313
0.7523147332149622
1.021247713325229
2.3141830720261973
0.9734987664776001
0.9178536536956452
0.7447822656824945
0.8875017739963972
1.6357361855568908
0.8773844807633145
0.5130499670598464
0.9482055333948933
1.0522580378090045
1.0150456484284738
1.6084014076587327
0.857149894297149
0.837533537145998
0.5845542182043851
1.5172854813315382
0.7447822656824945
0.837533537145998
1.1833839959074484
0.7602594176972999
0.9178536536956452
0.9583228266279762
0.7731384376054163
0.6667827139003071
1.314335553000874
0.9886747063272243
1.2997853799904933
0.7688454309693775
0.8117754973297655
0.688288759188988
0.7485484994487283
0.9633814732445175
2.4951405760606242
0.777431444241455
3.1737312161897258
1.5084243263654347
0.6508426077592911
1.0894704271895355
1.292510293485303
1.4823063139430743
0.8773844807633145
0.837533537145998
1.3691282601128472
0.9684401198610588
1.292510293485303
0.7645524243333388
2.0125872319688187
0.8622085409136905
0.7372497981500271
0.7372497981500271
0.841973954447525
0.7146523955526244
0.5570525831487934
1.7713105599229164
0.7410160319162608
0.9583228266279762
1.0708642324992699
0.7602594176972999
1.1906590824126388
0.7259510968513258
0.6189623954772593
0.8074824906937266
1.3216106395060643
0.7688454309693775
0.9026777138460211
1.292510293485303
0.7297173306175596
0.837533537145998
0.6958212267214554
0.7485484994487283
0.7410160319162608
0.612586353020853
1.021247713325229
0.8160685039658042
0.6667827139003071
0.9583228266279762
0.7523147332149622
1.0150456484284738
1.101874556983046
0.7447822656824945
1.0150456484284738
0.841973954447525
1.2052092554230192
0.688288759188988
0.7108861617863906
3.6875506662900963
0.8031894840576879
0.9633814732445175
0.756080966981196
0.6572186502156975
0.7946034707856103
0.8031894840576879
0.6807562916565204
0.7688454309693775
0.8622085409136905
1.1142786867765562
0.9229123003121866
0.9077363604625626
0.8976190672294799
0.882443127379856
0.6699707351285102
1.1638952059505976
0.8622085409136905
0.7297173306175596
0.9229123003121866
1.2124843419282096
0.7688454309693775
0.7221848630850919
0.8773844807633145
0.841973954447525
0.7372497981500271
0.5845542182043851
0.756080966981196
0.9836160597106829
0.7334835643837934
0.7146523955526244
0.7410160319162608
0.448576482968736
0.6667827139003071
0.7602594176972999
0.3777914666815749
1.0770662973960252
1.0150456484284738
0.6349025016182752
0.6958212267214554
0.703353694253923
0.7221848630850919
0.6667827139003071
0.7221848630850919
0.8723258341467732
0.837533537145998
0.41049399422532085
0.9077363604625626
0.6667827139003071
0.6769900578902867
0.9532641800114348
0.41412760839684815
1.2270345149385904
0.6667827139003071
0.4068603800537935
3.3732485245623396
0.9229123003121866
0.7688454309693775
1.101874556983046
0.9684401198610588
0.7688454309693775
1.2852352069801127
1.0708642324992699
0.7146523955526244
0.8470326010640664
1.0150456484284738
2.1181457759889013
0.9836160597106829
1.0708642324992699
1.8919488959458677
0.8470326010640664
0.837533537145998
0.7221848630850919
0.798896477421649
1.7713105599229164
0.7485484994487283
1.8919488959458677
0.7860174575135327
1.3691282601128472
0.9785574130941416
0.6444665653028846
0.39959315171073884
0.7946034707856103
0.9836160597106829
0.6444665653028846
1.4126582808167807
0.4373391767153955
1.8919488959458677
1.0274497782219842
0.837533537145998
0.7731384376054163
1.0584601027057596
1.0522580378090045
0.7372497981500271
0.5873043817099444
0.9178536536956452
1.270685033969732
0.8773844807633145
0.6444665653028846
1.0150456484284738
0.9583228266279762
0.8289475238739206
0.6958212267214554
1.0832683622927806
1.4387762932391408
0.882443127379856
0.841973954447525
0.857149894297149
1.7562307679200477
0.8332405305099593
0.8246545172378817
0.6667827139003071
0.6958212267214554
0.6285264591618689
0.8074824906937266
0.41776122256837545
0.9836160597106829
0.8773844807633145
0.6732238241240528
0.6444665653028846
0.7259510968513258
0.9532641800114348
0.8203615106018429
0.837533537145998
0.8246545172378817
0.6444665653028846
1.0460559729122494
1.0460559729122494
0.857149894297149
0.45307140547007213
1.1576931410538425
0.6732238241240528
1.314335553000874
1.021247713325229
0.9229123003121866
0.6635946926721037
1.5446202592296965
0.9178536536956452
0.6995874604876892
1.3691282601128472
0.6769900578902867
2.027667023971688
1.139086946363577
0.9532641800114348
0.7602594176972999
0.9583228266279762
1.197934168917829
0.7688454309693775
0.6667827139003071
0.7221848630850919
1.0274497782219842
1.0584601027057596
0.9380882401618106
1.4910123180838613
0.5934582256516339
1.292510293485303
1.1142786867765562
0.756080966981196
0.6349025016182752
1.0584601027057596
0.7946034707856103
0.8520912476806077
0.7259510968513258
0.631714480390072
0.3705242383385203
0.6508426077592911
1.1700972708473527
1.5628434444951353
0.7688454309693775
2.4951405760606242
1.0770662973960252
0.756080966981196
1.1638952059505976
1.5263970739642578
1.6630709634550491
1.5628434444951353
1.3865402683944203
1.021247713325229
0.42834933171272316
0.631714480390072
0.798896477421649
1.0584601027057596
0.7860174575135327
1.1833839959074484
0.7946034707856103
0.5680532371710301
1.681294148720488
0.6958212267214554
1.8768691039429988
0.6349025016182752
2.661018288092182
