778.0
682.0
705.0
703.0
757.0
728.0
912.0
772.0
708.0
727.0
689.0
720.0
837.0
698.0
717.0
673.0
757.0
694.0
760.0
706.0
746.0
710.0
669.0
833.0
780.0
693.0
724.0
754.0
712.0
693.0
812.0
757.0
742.0
897.0
742.0
692.0
680.0
738.0
797.0
692.0
716.0
717.0
702.0
727.0
838.0
676.0
760.0
724.0
708.0
736.0
688.0
750.0
689.0
669.0
658.0
738.0
715.0
750.0
712.0
847.0
707.0
712.0
725.0
805.0
748.0
820.0
695.0
709.0
764.0
776.0
762.0
735.0
682.0
1042.0
701.0
727.0
867.0
851.0
693.0
730.0
738.0
720.0
730.0
732.0
689.0
686.0
744.0
709.0
841.0
695.0
708.0
681.0
714.0
705.0
810.0
723.0
846.0
832.0
796.0
737.0
760.0
738.0
736.0
700.0
710.0
708.0
901.0
725.0
725.0
727.0
779.0
716.0
727.0
752.0
733.0
804.0
702.0
717.0
614.0
690.0
763.0
703.0
714.0
720.0
693.0
694.0
715.0
786.0
739.0
757.0
694.0
711.0
694.0
763.0
699.0
676.0
670.0
728.0
660.0
720.0
694.0
683.0
694.0
714.0
807.0
731.0
694.0
700.0
745.0
682.0
732.0
707.0
750.0
743.0
699.0
642.0
653.0
675.0
770.0
868.0
715.0
715.0
708.0
708.0
723.0
759.0
665.0
734.0
724.0
713.0
699.0
797.0
699.0
842.0
711.0
726.0
699.0
731.0
801.0
722.0
697.0
732.0
722.0
693.0
821.0
698.0
699.0
730.0
770.0
764.0
748.0
749.0
728.0
700.0
740.0
733.0
806.0
702.0
718.0
697.0
689.0
857.0
735.0
677.0
706.0
728.0
887.0
714.0
690.0
767.0
706.0
696.0
734.0
693.0
708.0
743.0
754.0
736.0
739.0
690.0
696.0
732.0
733.0
697.0
706.0
693.0
696.0
745.0
662.0
728.0
674.0
667.0
760.0
761.0
744.0
836.0
685.0
692.0
716.0
727.0
689.0
716.0
727.0
901.0
682.0
683.0
685.0
718.0
755.0
626.0
627.0
738.0
742.0
701.0
709.0
682.0
867.0
791.0
700.0
702.0
695.0
736.0
754.0
696.0
788.0
839.0
712.0
765.0
712.0
737.0
739.0
759.0
790.0
741.0
655.0
710.0
794.0
641.0
701.0
777.0
836.0
692.0
697.0
701.0
732.0
740.0
717.0
647.0
736.0
697.0
749.0
862.0
729.0
672.0
750.0
791.0
730.0
707.0
784.0
674.0
717.0
747.0
758.0
720.0
957.0
667.0
785.0
718.0
692.0
684.0
698.0
707.0
760.0
842.0
763.0
714.0
697.0
685.0
616.0
732.0
692.0
923.0
682.0
747.0
796.0
791.0
748.0
838.0
731.0
677.0
705.0
733.0
718.0
688.0
698.0
797.0
690.0
786.0
747.0
703.0
800.0
775.0
646.0
653.0
679.0
692.0
842.0
855.0
719.0
751.0
717.0
685.0
729.0
746.0
709.0
717.0
782.0
637.0
738.0
711.0
714.0
724.0
721.0
710.0
713.0
770.0
748.0
805.0
605.0
742.0
840.0
701.0
875.0
753.0
693.0
730.0
773.0
742.0
736.0
707.0
730.0
709.0
701.0
742.0
704.0
691.0
772.0
749.0
691.0
964.0
774.0
749.0
675.0
693.0
708.0
710.0
803.0
794.0
722.0
749.0
779.0
691.0
709.0
683.0
757.0
689.0
703.0
717.0
718.0
762.0
695.0
818.0
701.0
682.0
701.0
649.0
669.0
683.0
805.0
694.0
774.0
770.0
717.0
717.0
821.0
791.0
782.0
742.0
722.0
709.0
649.0
690.0
653.0
693.0
770.0
733.0
661.0
845.0
752.0
695.0
692.0
706.0
694.0
693.0
688.0
729.0
716.0
694.0
651.0
761.0
756.0
712.0
754.0
738.0
702.0
719.0
721.0
720.0
780.0
724.0
705.0
724.0
703.0
708.0
680.0
712.0
722.0
718.0
787.0
774.0
632.0
608.0
765.0
711.0
707.0
733.0
699.0
716.0
727.0
722.0
692.0
695.0
647.0
716.0
789.0
705.0
749.0
715.0
742.0
710.0
732.0
717.0
710.0
724.0
714.0
630.0
689.0
721.0
765.0
701.0
706.0
749.0
708.0
795.0
715.0
718.0
720.0
858.0
728.0
693.0
738.0
704.0
695.0
738.0
721.0
752.0
721.0
606.0
682.0
733.0
794.0
730.0
702.0
781.0
778.0
673.0
711.0
797.0
771.0
709.0
725.0
717.0
720.0
738.0
762.0
702.0
669.0
684.0
705.0
804.0
600.0
668.0
761.0
852.0
772.0
727.0
712.0
762.0
716.0
704.0
705.0
731.0
695.0
771.0
745.0
710.0
729.0
722.0
726.0
688.0
707.0
722.0
744.0
695.0
792.0
728.0
706.0
683.0
725.0
699.0
701.0
769.0
729.0
779.0
720.0
792.0
693.0
681.0
692.0
742.0
712.0
717.0
621.0
682.0
733.0
705.0
685.0
693.0
716.0
722.0
780.0
718.0
727.0
746.0
691.0
761.0
699.0
624.0
753.0
731.0
705.0
733.0
700.0
709.0
740.0
772.0
786.0
672.0
789.0
711.0
687.0
695.0
761.0
731.0
693.0
735.0
769.0
705.0
680.0
670.0
733.0
728.0
706.0
762.0
721.0
716.0
789.0
677.0
725.0
737.0
766.0
745.0
736.0
702.0
