0.6229616700817069
1.065844557436294
0.7007478921613506
0.6897878574089614
0.6138170524666289
0.5637737770286758
0.8487974105548517
0.63820269944017
0.7372813413359813
0.6290580818250922
0.6788278226565722
0.6751744777391091
0.5765432881127937
0.6625883464137112
0.5433425592940874
0.6861345124914983
0.6897878574089614
0.6788278226565722
0.5612198748118523
0.6077206407232436
0.9301227802931907
0.7721639238777146
0.6934412023264245
0.6229616700817069
0.4639842646205257
0.6503955229269406
0.6656365522854039
0.7190146167486661
0.7679589238777146
0.7637539238777146
1.316369297827011
0.7637539238777146
0.7153612718312029
0.5637737770286758
0.6321062876967848
0.5816510925464408
0.5714354836791465
0.8535812558335776
0.9014197086208359
0.5637737770286758
0.7973939238777147
1.0179924948473893
0.5842049947632643
0.6788278226565722
0.7482413760883706
0.9923127689166266
0.7117079269137399
0.8727166369484809
1.1555671747904905
0.7721639238777146
0.5714354836791465
0.5688815814623229
0.7721639238777146
0.5894314054930878
0.7044012370788136
0.6686847581570965
0.671732964028789
0.8142139238777146
0.6656365522854039
0.5663276792454994
0.5637737770286758
0.5152496349090283
0.63820269944017
1.053881541789068
1.125659635672425
0.6503955229269406
0.6503955229269406
1.083789080907133
0.722667961666129
0.6686847581570965
0.551004265944558
0.6788278226565722
0.7445880311709075
1.1495856669668771
0.6077206407232436
0.6351544935684774
0.7117079269137399
0.6656365522854039
1.053881541789068
0.6564919346703258
0.8268289238777146
0.8184189238777146
0.671732964028789
0.6788278226565722
0.6442991111835554
0.6564919346703258
0.6077206407232436
0.5006526411273224
0.6824811675740352
0.7190146167486661
0.7931889238777147
0.6077206407232436
0.6229616700817069
0.6077206407232436
0.6473473170552481
0.7007478921613506
0.63820269944017
0.7763689238777146
0.6686847581570965
0.6077206407232436
0.6351544935684774
0.6016242289798585
0.8775004822272066
0.6290580818250922
0.8775004822272066
0.7299746515010553
0.43810070473337515
0.6321062876967848
0.6788278226565722
0.8352389238777146
0.7117079269137399
0.6788278226565722
0.7153612718312029
0.8058039238777146
0.6503955229269406
0.7080545819962768
0.7117079269137399
0.6412509053118628
0.57398938589597
0.4424146313812336
0.446728558029092
0.9157712444570132
0.6686847581570965
2.9402881772916167
0.6788278226565722
0.8727166369484809
0.8966358633421099
0.8310339238777147
0.9588258519655457
0.5254652437763225
0.6412509053118628
0.9349066255719167
0.9157712444570132
0.5790971903296172
0.6656365522854039
0.6564919346703258
2.13752871877027
0.7153612718312029
0.7409346862534445
0.8775004822272066
0.4294728514376584
0.6260098759533995
0.7721639238777146
4.24929968039701
0.8058039238777146
0.5586659725950287
0.6016242289798585
0.5842049947632643
0.7637539238777146
0.6861345124914983
0.6107688465949362
1.2876417145648418
0.7153612718312029
0.6934412023264245
2.3564631165488192
0.7044012370788136
0.7721639238777146
0.6564919346703258
1.0479000339654547
1.0359370183182286
0.6503955229269406
0.8310339238777147
0.7153612718312029
0.8142139238777146
0.7080545819962768
0.8487974105548517
0.977961233080449
0.5842049947632643
0.604672434851551
0.7482413760883706
0.5407886570772638
0.7445880311709075
2.2980806104745395
0.8226239238777145
0.6199134642100143
0.6077206407232436
0.6897878574089614
10.319146854346512
0.8535812558335776
0.7372813413359813
0.5924796113647804
0.435943741409446
0.9205550897357391
0.7117079269137399
0.7117079269137399
0.7721639238777146
0.6751744777391091
0.5688815814623229
0.604672434851551
0.5535581681613816
0.5867588969800878
0.7007478921613506
0.6321062876967848
0.6107688465949362
0.7336279964185184
0.6351544935684774
0.5765432881127937
0.6656365522854039
0.6412509053118628
0.5790971903296172
0.5765432881127937
0.7044012370788136
0.9205550897357391
0.7117079269137399
0.6442991111835554
0.7007478921613506
0.6290580818250922
0.8822843275059326
0.6564919346703258
0.6534437287986332
0.7263213065835921
0.6351544935684774
0.63820269944017
0.8487974105548517
0.4682981912683842
0.7117079269137399
0.7482413760883706
0.6534437287986332
0.7117079269137399
0.7889839238777145
0.7117079269137399
0.57398938589597
0.6138170524666289
0.6824811675740352
0.6564919346703258
0.5637737770286758
0.6412509053118628
0.6077206407232436
0.8394439238777146
0.7637539238777146
0.7518947210058338
0.6656365522854039
0.6229616700817069
0.5612198748118523
0.8535812558335776
0.7973939238777147
0.5867588969800878
0.5924796113647804
0.8100089238777145
0.6321062876967848
0.5407886570772638
0.533126950426793
0.8058039238777146
0.8268289238777146
0.8015989238777146
0.8184189238777146
1.34509688108918
1.3235511936425532
0.5714354836791465
0.8775004822272066
0.9923127689166266
0.9970966141953524
0.7263213065835921
0.5842049947632643
0.7007478921613506
0.6260098759533995
1.083789080907133
0.6534437287986332
0.7080545819962768
0.9588258519655457
0.57398938589597
0.6861345124914983
1.4287781352145712
0.604672434851551
0.6751744777391091
1.378519171071145
0.6970945472438875
0.7336279964185184
1.4706606053340932
0.6168652583383216
0.6016242289798585
0.6199134642100143
1.1017336043779726
0.8310339238777147
0.6016242289798585
1.0018804594740782
0.6290580818250922
0.8535812558335776
0.9062035538995616
0.9062035538995616
0.8487974105548517
0.6077206407232436
0.6656365522854039
0.5816510925464408
0.7007478921613506
0.7679589238777146
0.7263213065835921
1.1675301904377167
0.5924796113647804
0.7721639238777146
0.6016242289798585
0.7518947210058338
0.6534437287986332
1.2804598187492995
0.5790971903296172
0.6503955229269406
0.7805739238777146
0.46182730129659655
0.5955278172364732
0.8058039238777146
0.6290580818250922
0.7190146167486661
0.722667961666129
0.4747690812401718
0.671732964028789
0.6970945472438875
0.6686847581570965
1.2301865480405036
0.604672434851551
0.6503955229269406
0.6503955229269406
0.6824811675740352
0.5075879282585575
0.6897878574089614
0.9683935425229974
0.4920247878316055
1.3617661830233365
0.8487974105548517
0.5407886570772638
1.0359370183182286
0.8535812558335776
0.7679589238777146
0.5816510925464408
0.722667961666129
0.6321062876967848
0.6656365522854039
0.6168652583383216
0.6656365522854039
0.8870681727846582
0.6788278226565722
0.6168652583383216
1.353389688999432
0.7044012370788136
0.7190146167486661
0.6534437287986332
0.7805739238777146
0.9444743161293683
0.5985760231081657
0.6564919346703258
0.8775004822272066
0.7679589238777146
0.6168652583383216
0.6077206407232436
0.6970945472438875
0.5867588969800878
1.6553964260265641
0.6168652583383216
0.6934412023264245
0.6412509053118628
0.7409346862534445
2.531610634771658
0.8535812558335776
0.671732964028789
0.6016242289798585
0.7409346862534445
0.6595401405420186
0.545896461510911
0.8394439238777146
0.8727166369484809
0.9396904708506424
0.6564919346703258
0.5816510925464408
0.7080545819962768
0.7595489238777147
0.6788278226565722
0.7637539238777146
1.1555671747904905
1.2876417145648418
0.6077206407232436
1.3868956650950495
0.6503955229269406
0.551004265944558
1.2732779229337572
0.4747690812401718
0.6260098759533995
0.6503955229269406
0.7336279964185184
0.6751744777391091
1.294823610380384
0.8966358633421099
0.9683935425229974
0.6168652583383216
0.6656365522854039
1.5125430754536149
0.5714354836791465
0.6412509053118628
0.6970945472438875
0.6534437287986332
0.671732964028789
1.006664304752804
0.6503955229269406
0.5586659725950287
0.7555480659232968
0.46182730129659655
0.6290580818250922
0.4833969345358887
0.5484503637277345
0.7679589238777146
0.6016242289798585
0.6442991111835554
0.7117079269137399
0.9301227802931907
0.7555480659232968
0.5714354836791465
0.6229616700817069
0.7445880311709075
0.7409346862534445
0.7190146167486661
0.7637539238777146
0.7973939238777147
0.6824811675740352
0.6534437287986332
0.6564919346703258
0.9396904708506424
0.4230019614658707
0.6168652583383216
0.7080545819962768
0.9109873991782874
0.6656365522854039
0.7482413760883706
0.6442991111835554
0.5637737770286758
0.604672434851551
0.7409346862534445
0.5535581681613816
0.6077206407232436
0.6503955229269406
0.6625883464137112
0.9875289236379008
2.2251024778816895
0.6861345124914983
0.6788278226565722
0.9396904708506424
0.6321062876967848
1.294823610380384
0.5816510925464408
0.63820269944017
0.867932791669755
0.7805739238777146
0.6351544935684774
0.7080545819962768
0.6595401405420186
0.7847789238777146
0.6686847581570965
1.083789080907133
0.7117079269137399
0.6199134642100143
0.7409346862534445
0.7482413760883706
0.7190146167486661
0.6260098759533995
0.9062035538995616
0.7044012370788136
0.9731773878017232
0.6564919346703258
0.5894314054930878
0.7299746515010553
0.6625883464137112
0.8583651011123034
0.6897878574089614
0.5894314054930878
0.6168652583383216
0.9157712444570132
1.1870951731472497
0.8870681727846582
0.7263213065835921
1.34509688108918
0.7721639238777146
0.6788278226565722
0.6260098759533995
0.722667961666129
0.6290580818250922
0.6016242289798585
1.9039986944731508
0.6168652583383216
0.6503955229269406
0.4855538978598179
0.7973939238777147
0.8058039238777146
0.7263213065835921
1.0897705887307465
0.8310339238777147
0.6824811675740352
0.6351544935684774
0.5356808526436168
0.8184189238777146
0.5816510925464408
0.7117079269137399
0.5714354836791465
0.4833969345358887
1.6996599232131717
0.7044012370788136
0.6107688465949362
0.6503955229269406
0.6897878574089614
0.7595489238777147
0.5816510925464408
0.6751744777391091
1.0120109870237763
0.6229616700817069
0.6686847581570965
0.5924796113647804
0.6107688465949362
0.6229616700817069
0.6442991111835554
0.6970945472438875
0.7805739238777146
0.5816510925464408
0.6686847581570965
0.5612198748118523
0.9923127689166266
1.1555671747904905
0.5714354836791465
0.6503955229269406
0.5955278172364732
0.6934412023264245
0.7007478921613506
0.7263213065835921
0.6199134642100143
0.7805739238777146
0.8058039238777146
0.9109873991782874
0.45751337464873815
0.5663276792454994
0.7679589238777146
0.6442991111835554
0.6290580818250922
0.8583651011123034
0.6138170524666289
0.6016242289798585
0.8918520180633842
0.5305730482099695
0.6934412023264245
0.6824811675740352
0.6168652583383216
0.5867588969800878
0.6686847581570965
0.6503955229269406
0.6168652583383216
5.938153204879225
0.4337867780855168
0.9253389350144651
0.6824811675740352
0.7153612718312029
0.9683935425229974
1.0778075730835204
1.1942770689627922
0.7336279964185184
0.5356808526436168
0.8487974105548517
0.671732964028789
0.6016242289798585
0.9109873991782874
0.5924796113647804
0.7117079269137399
1.053881541789068
1.1136966200251985
0.6412509053118628
0.9923127689166266
0.5535581681613816
0.8058039238777146
0.7080545819962768
0.6897878574089614
0.5433425592940874
0.7889839238777145
0.7973939238777147
0.7336279964185184
0.8142139238777146
0.7263213065835921
0.6824811675740352
0.5178035371258518
0.6138170524666289
0.6595401405420186
0.7931889238777147
0.7409346862534445
0.6290580818250922
0.6351544935684774
0.7299746515010553
0.8184189238777146
0.4898678245076763
0.5028096044512516
0.63820269944017
0.7445880311709075
0.8184189238777146
0.9301227802931907
1.0120109870237763
1.266096027118215
0.6686847581570965
0.6260098759533995
0.9253389350144651
2.7067581529944973
0.604672434851551
1.1555671747904905
0.6016242289798585
0.57398938589597
0.5637737770286758
2.2251024778816895
0.7117079269137399
0.9157712444570132
1.4874135933819022
1.2014589647783342
0.5985760231081657
0.6788278226565722
0.7763689238777146
0.7190146167486661
0.7007478921613506
0.6168652583383216
0.6934412023264245
0.8184189238777146
0.42084499814194154
0.8058039238777146
0.5924796113647804
0.5535581681613816
0.5894314054930878
1.125659635672425
0.7805739238777146
1.3952721591189539
0.5433425592940874
0.6442991111835554
0.6625883464137112
0.6564919346703258
0.5688815814623229
0.5924796113647804
0.6016242289798585
0.8100089238777145
0.7117079269137399
0.5254652437763225
0.8822843275059326
0.6229616700817069
