729.0
754.0
778.0
826.0
751.0
796.0
715.0
662.0
745.0
750.0
779.0
802.0
717.0
554.0
742.0
556.0
698.0
741.0
913.0
781.0
751.0
724.0
790.0
685.0
858.0
885.0
794.0
843.0
712.0
746.0
746.0
733.0
766.0
787.0
842.0
758.0
725.0
774.0
723.0
769.0
749.0
764.0
844.0
794.0
913.0
756.0
754.0
771.0
881.0
818.0
795.0
733.0
706.0
596.0
715.0
750.0
834.0
742.0
683.0
770.0
805.0
766.0
766.0
708.0
732.0
818.0
777.0
928.0
913.0
757.0
782.0
786.0
735.0
800.0
793.0
809.0
715.0
709.0
816.0
779.0
973.0
730.0
612.0
717.0
791.0
770.0
900.0
775.0
869.0
862.0
899.0
717.0
809.0
879.0
725.0
849.0
809.0
765.0
757.0
710.0
926.0
740.0
800.0
770.0
721.0
767.0
677.0
776.0
746.0
598.0
772.0
875.0
702.0
675.0
828.0
738.0
902.0
832.0
754.0
868.0
652.0
848.0
809.0
717.0
800.0
763.0
618.0
707.0
804.0
830.0
884.0
766.0
800.0
728.0
724.0
790.0
702.0
610.0
798.0
770.0
809.0
795.0
868.0
791.0
794.0
661.0
761.0
677.0
766.0
773.0
786.0
760.0
774.0
721.0
661.0
755.0
749.0
738.0
736.0
833.0
822.0
746.0
742.0
849.0
693.0
714.0
795.0
732.0
754.0
741.0
771.0
751.0
799.0
768.0
871.0
747.0
757.0
743.0
744.0
797.0
762.0
739.0
717.0
727.0
734.0
779.0
724.0
950.0
748.0
725.0
763.0
813.0
765.0
765.0
738.0
871.0
753.0
734.0
772.0
746.0
820.0
808.0
728.0
770.0
866.0
722.0
847.0
769.0
790.0
779.0
650.0
584.0
856.0
708.0
770.0
846.0
756.0
813.0
806.0
704.0
897.0
727.0
768.0
689.0
772.0
725.0
623.0
827.0
691.0
909.0
735.0
744.0
728.0
721.0
747.0
836.0
735.0
639.0
811.0
745.0
830.0
830.0
738.0
611.0
712.0
747.0
793.0
744.0
747.0
789.0
742.0
812.0
756.0
761.0
738.0
790.0
734.0
782.0
856.0
729.0
730.0
736.0
794.0
747.0
733.0
690.0
762.0
745.0
742.0
769.0
734.0
729.0
850.0
686.0
868.0
684.0
757.0
740.0
730.0
778.0
866.0
773.0
742.0
948.0
804.0
914.0
788.0
730.0
749.0
1029.0
870.0
720.0
732.0
893.0
756.0
852.0
789.0
912.0
921.0
714.0
791.0
722.0
785.0
654.0
723.0
600.0
763.0
693.0
706.0
849.0
629.0
753.0
865.0
737.0
714.0
670.0
727.0
758.0
713.0
770.0
850.0
714.0
738.0
627.0
784.0
855.0
769.0
642.0
762.0
776.0
782.0
645.0
736.0
830.0
758.0
720.0
726.0
717.0
777.0
778.0
754.0
756.0
757.0
738.0
795.0
603.0
772.0
690.0
685.0
942.0
706.0
744.0
756.0
721.0
700.0
776.0
718.0
851.0
744.0
706.0
852.0
770.0
774.0
855.0
647.0
760.0
753.0
641.0
573.0
705.0
761.0
746.0
764.0
735.0
772.0
731.0
738.0
695.0
981.0
752.0
742.0
816.0
904.0
813.0
592.0
744.0
853.0
704.0
699.0
856.0
718.0
747.0
612.0
719.0
685.0
725.0
861.0
808.0
788.0
733.0
672.0
770.0
809.0
685.0
784.0
885.0
823.0
743.0
621.0
781.0
754.0
724.0
751.0
749.0
706.0
833.0
742.0
733.0
812.0
694.0
736.0
732.0
714.0
714.0
709.0
859.0
746.0
742.0
699.0
731.0
585.0
773.0
774.0
800.0
774.0
730.0
709.0
805.0
738.0
792.0
716.0
730.0
617.0
883.0
866.0
870.0
746.0
747.0
757.0
729.0
765.0
738.0
717.0
708.0
758.0
606.0
756.0
781.0
766.0
849.0
706.0
725.0
754.0
728.0
636.0
758.0
773.0
800.0
696.0
813.0
765.0
701.0
769.0
795.0
759.0
873.0
749.0
727.0
714.0
787.0
752.0
703.0
897.0
749.0
858.0
773.0
754.0
840.0
729.0
717.0
763.0
781.0
614.0
769.0
714.0
729.0
773.0
741.0
718.0
806.0
834.0
666.0
744.0
730.0
747.0
740.0
705.0
720.0
798.0
710.0
841.0
764.0
887.0
748.0
731.0
769.0
612.0
740.0
754.0
724.0
867.0
729.0
753.0
741.0
685.0
729.0
791.0
747.0
827.0
731.0
699.0
733.0
712.0
786.0
726.0
872.0
730.0
859.0
806.0
803.0
753.0
758.0
573.0
827.0
765.0
717.0
768.0
590.0
722.0
858.0
748.0
713.0
664.0
748.0
812.0
779.0
857.0
691.0
745.0
747.0
780.0
862.0
746.0
696.0
682.0
776.0
887.0
727.0
751.0
758.0
730.0
708.0
695.0
763.0
736.0
800.0
658.0
758.0
756.0
742.0
743.0
835.0
721.0
869.0
633.0
759.0
