642.0
684.0
689.0
819.0
650.0
652.0
702.0
633.0
653.0
743.0
669.0
655.0
645.0
641.0
745.0
795.0
706.0
641.0
624.0
670.0
674.0
641.0
715.0
647.0
622.0
642.0
748.0
773.0
633.0
678.0
656.0
694.0
679.0
669.0
704.0
775.0
664.0
653.0
653.0
697.0
677.0
651.0
694.0
834.0
643.0
654.0
639.0
660.0
663.0
697.0
725.0
654.0
664.0
630.0
634.0
712.0
683.0
676.0
639.0
745.0
666.0
661.0
672.0
845.0
672.0
653.0
618.0
666.0
714.0
692.0
702.0
652.0
662.0
684.0
636.0
651.0
662.0
672.0
684.0
683.0
658.0
686.0
657.0
616.0
793.0
646.0
680.0
683.0
643.0
638.0
637.0
657.0
625.0
663.0
659.0
643.0
649.0
649.0
646.0
747.0
654.0
746.0
661.0
640.0
676.0
669.0
693.0
634.0
665.0
666.0
716.0
677.0
660.0
709.0
679.0
682.0
707.0
694.0
678.0
746.0
681.0
691.0
601.0
660.0
681.0
685.0
710.0
689.0
646.0
713.0
626.0
675.0
766.0
662.0
660.0
746.0
691.0
646.0
643.0
678.0
709.0
676.0
612.0
660.0
788.0
608.0
842.0
741.0
665.0
698.0
609.0
724.0
643.0
682.0
663.0
606.0
631.0
647.0
678.0
647.0
712.0
590.0
658.0
662.0
635.0
639.0
733.0
691.0
649.0
686.0
672.0
667.0
686.0
651.0
598.0
584.0
709.0
754.0
629.0
717.0
661.0
646.0
682.0
688.0
580.0
722.0
657.0
665.0
610.0
756.0
681.0
650.0
638.0
652.0
667.0
670.0
650.0
669.0
687.0
674.0
639.0
659.0
811.0
694.0
717.0
697.0
758.0
665.0
685.0
635.0
633.0
681.0
674.0
648.0
693.0
700.0
666.0
646.0
661.0
676.0
643.0
676.0
738.0
708.0
586.0
662.0
617.0
691.0
743.0
645.0
773.0
672.0
655.0
812.0
655.0
621.0
623.0
678.0
650.0
683.0
703.0
658.0
642.0
648.0
714.0
667.0
638.0
666.0
767.0
668.0
645.0
580.0
611.0
680.0
722.0
635.0
649.0
649.0
648.0
622.0
640.0
644.0
646.0
673.0
660.0
765.0
638.0
726.0
688.0
660.0
825.0
826.0
646.0
631.0
603.0
648.0
664.0
662.0
661.0
638.0
729.0
726.0
670.0
638.0
709.0
670.0
657.0
593.0
621.0
672.0
670.0
685.0
840.0
611.0
698.0
650.0
692.0
631.0
767.0
667.0
743.0
815.0
717.0
638.0
713.0
694.0
700.0
612.0
654.0
725.0
709.0
714.0
709.0
648.0
682.0
600.0
640.0
650.0
727.0
673.0
653.0
629.0
675.0
581.0
698.0
643.0
655.0
879.0
683.0
668.0
611.0
623.0
700.0
625.0
726.0
660.0
634.0
645.0
673.0
677.0
649.0
722.0
692.0
677.0
692.0
673.0
690.0
646.0
659.0
719.0
630.0
653.0
706.0
577.0
649.0
598.0
765.0
649.0
688.0
622.0
577.0
652.0
722.0
856.0
664.0
668.0
666.0
647.0
627.0
669.0
673.0
684.0
666.0
734.0
658.0
624.0
703.0
651.0
644.0
668.0
651.0
655.0
668.0
686.0
632.0
654.0
702.0
707.0
694.0
646.0
661.0
658.0
651.0
676.0
699.0
889.0
791.0
608.0
656.0
644.0
652.0
653.0
705.0
666.0
691.0
647.0
660.0
614.0
682.0
693.0
625.0
654.0
642.0
669.0
648.0
653.0
637.0
674.0
653.0
668.0
598.0
729.0
650.0
633.0
663.0
628.0
830.0
648.0
745.0
678.0
675.0
648.0
648.0
818.0
695.0
636.0
666.0
657.0
714.0
660.0
657.0
661.0
718.0
646.0
670.0
682.0
680.0
634.0
633.0
640.0
643.0
650.0
717.0
755.0
640.0
739.0
707.0
616.0
667.0
666.0
645.0
717.0
646.0
710.0
724.0
629.0
678.0
650.0
634.0
670.0
651.0
620.0
579.0
618.0
692.0
689.0
730.0
617.0
679.0
770.0
721.0
654.0
712.0
689.0
652.0
675.0
703.0
644.0
636.0
635.0
625.0
701.0
665.0
667.0
637.0
656.0
1202.0
666.0
663.0
645.0
854.0
625.0
684.0
633.0
678.0
832.0
670.0
653.0
773.0
606.0
687.0
657.0
679.0
641.0
642.0
716.0
648.0
654.0
641.0
800.0
692.0
680.0
650.0
649.0
634.0
682.0
655.0
660.0
678.0
670.0
648.0
712.0
666.0
664.0
638.0
659.0
660.0
682.0
661.0
697.0
647.0
682.0
586.0
653.0
648.0
732.0
645.0
705.0
746.0
631.0
662.0
674.0
648.0
666.0
667.0
676.0
637.0
687.0
697.0
690.0
665.0
699.0
728.0
738.0
644.0
822.0
658.0
642.0
755.0
740.0
754.0
685.0
586.0
647.0
706.0
742.0
645.0
660.0
663.0
693.0
662.0
700.0
656.0
669.0
665.0
658.0
691.0
651.0
649.0
594.0
700.0
654.0
633.0
676.0
681.0
709.0
725.0
652.0
714.0
747.0
628.0
693.0
643.0
578.0
713.0
717.0
641.0
722.0
790.0
660.0
734.0
673.0
797.0
663.0
700.0
686.0
731.0
717.0
687.0
974.0
663.0
653.0
698.0
632.0
648.0
658.0
686.0
618.0
608.0
642.0
661.0
753.0
639.0
645.0
778.0
703.0
653.0
683.0
738.0
677.0
680.0
771.0
629.0
685.0
676.0
657.0
654.0
689.0
638.0
731.0
669.0
631.0
741.0
719.0
667.0
722.0
665.0
668.0
619.0
642.0
731.0
716.0
654.0
650.0
586.0
646.0
673.0
677.0
653.0
729.0
638.0
731.0
651.0
685.0
737.0
651.0
