1.2306984767260927
0.7760516587429918
0.7182800728397248
1.3609908673157647
0.953980376128925
0.6870161323192786
0.6800685899814018
1.1106661322867772
0.5996089644811229
0.5996089644811229
0.5449082699834258
0.9154245022034233
0.6554405507844073
0.9250634706847988
0.5651733302243896
0.6436865326152948
1.4012301017655255
0.7642839348623948
0.7682065094892604
0.519576944682221
0.6054859735656791
0.7917419572504545
0.7425964710222942
0.6835423611503403
1.0875299562207523
0.9780777973323634
0.7425964710222942
0.7009112169950327
0.7760516587429918
0.9587998603696126
1.2449829777876638
0.6525020462421292
0.7530177845291096
2.4137467106891375
0.7252276151776018
0.7078587593329094
0.51451067962198
0.9973557342951141
0.6025474690234011
0.7682065094892604
0.783896807996723
0.5601070651641487
0.7009112169950327
0.6671945689535198
1.6060283202026007
0.7217538440086634
5.110574846034318
1.4092779486554778
1.0875299562207523
0.9154245022034233
1.3851344079856212
0.7682065094892604
0.6172399917347916
1.07596186818774
0.7148063016707865
0.9828972815730509
0.6113629826502354
0.7217538440086634
0.5966704599388448
1.3609908673157647
0.8152774050116482
0.7217538440086634
0.5398420049231849
0.876868628277922
0.8348902781459766
0.7995871065041857
2.990465380327401
0.6835423611503403
0.8152774050116482
1.2806942304415916
1.302120982033948
0.8672296597965465
0.7356489286844172
0.7113325305018481
0.939521923406862
0.39555709084111534
0.9057855337220482
0.819199979638514
1.0181214280226782
0.8431322385931083
0.5702395952846306
0.6495635416998511
0.6319325144461823
0.9009660494813604
0.6765948188124633
0.9347024391661741
0.7799742333698573
0.5727727278147512
0.7878193826235887
0.7530177845291096
0.6466250371575729
0.783896807996723
0.670133073495798
0.807432255757917
0.6525020462421292
1.1627225284353329
0.6054859735656791
0.7321751575154789
0.4964170569733335
0.5398420049231849
0.7078587593329094
0.7252276151776018
0.6800685899814018
1.2021294746029503
0.7321751575154789
0.5423751374533055
0.8961465652406728
0.5727727278147512
0.8431322385931083
0.6495635416998511
0.7287013863465404
1.3851344079856212
0.9009660494813604
0.5854383904653535
0.6289940099039042
0.9491608918882372
0.891327080999985
0.7078587593329094
0.756491555698048
0.7356489286844172
0.8479517228337958
0.7799742333698573
0.36577960801322584
0.5575739326340283
0.6172399917347916
0.6319325144461823
0.6201784962770698
0.5499745350436668
1.2021294746029503
0.7995871065041857
0.807432255757917
0.7287013863465404
0.6289940099039042
0.8035096811310514
0.7252276151776018
1.0817459122042463
0.5879715229954741
0.6642560644112416
0.6671945689535198
0.6939636746571557
0.6525020462421292
0.6378095235307385
0.6407480280730166
0.7217538440086634
0.4038286138488624
0.9202439864441112
0.7148063016707865
0.4984189612818315
0.7917419572504545
0.6084244781079573
0.6172399917347916
0.5373088723930645
0.670133073495798
0.6583790553266855
0.6113629826502354
0.6143014871925135
0.9154245022034233
0.44036373633539017
0.7113325305018481
0.4824037268138477
0.6436865326152948
0.6436865326152948
0.8961465652406728
0.5575739326340283
0.9250634706847988
0.7287013863465404
0.6201784962770698
0.5601070651641487
0.6671945689535198
0.6201784962770698
0.6172399917347916
0.8720491440372344
0.6554405507844073
0.6143014871925135
0.6800685899814018
0.760361360235529
0.5778389928749921
0.8672296597965465
0.830967703519111
0.6289940099039042
0.6835423611503403
0.6800685899814018
1.323547733626305
0.760361360235529
0.6835423611503403
0.7009112169950327
0.7995871065041857
0.6201784962770698
0.7760516587429918
0.5996089644811229
0.7642839348623948
0.6319325144461823
1.1453703963858142
0.6319325144461823
0.4187173552628071
0.4723942052713578
0.7321751575154789
0.7356489286844172
0.6642560644112416
0.7356489286844172
0.6289940099039042
0.783896807996723
0.9154245022034233
0.4824037268138477
0.7760516587429918
0.807432255757917
1.4414693362152864
0.7252276151776018
0.6436865326152948
0.7113325305018481
0.5753058603448715
0.5575739326340283
0.807432255757917
0.9009660494813604
0.6466250371575729
0.6113629826502354
0.6800685899814018
0.6554405507844073
0.7182800728397248
1.5968169291839809
0.819199979638514
0.6731210476435249
0.7078587593329094
0.8479517228337958
1.2592674788492348
0.7682065094892604
0.5879715229954741
0.8270451288922454
0.8113548303847827
0.5907934508542885
0.5778389928749921
0.6583790553266855
0.6378095235307385
0.6466250371575729
1.2306984767260927
1.5139144100164013
0.6765948188124633
0.8816881125186096
0.9636193446103003
0.6642560644112416
0.6407480280730166
0.6731210476435249
0.8961465652406728
1.0990980442537648
0.819199979638514
0.6436865326152948
1.104882088270271
0.7995871065041857
0.6583790553266855
0.7113325305018481
0.5778389928749921
0.79566453187732
0.7425964710222942
0.6642560644112416
0.670133073495798
0.783896807996723
0.6289940099039042
0.6495635416998511
0.704384988163971
0.5778389928749921
0.6939636746571557
0.6765948188124633
0.8113548303847827
0.7642839348623948
0.6201784962770698
0.6835423611503403
0.9587998603696126
0.968438828850988
0.5651733302243896
0.6904899034882171
0.7878193826235887
0.6525020462421292
0.7917419572504545
0.6113629826502354
0.8231225542653797
0.5996089644811229
0.670133073495798
0.7217538440086634
0.6466250371575729
1.559971365109501
1.0933140002372583
0.6974374458260941
0.8388128527728423
0.783896807996723
0.6436865326152948
0.6904899034882171
0.760361360235529
0.8431322385931083
0.7356489286844172
0.7356489286844172
0.6466250371575729
0.783896807996723
0.5778389928749921
0.6671945689535198
0.8152774050116482
0.8152774050116482
0.8152774050116482
0.6495635416998511
0.7642839348623948
1.1106661322867772
0.7321751575154789
0.6407480280730166
0.6731210476435249
0.6378095235307385
1.41732579554543
0.6407480280730166
0.5575739326340283
0.670133073495798
0.5778389928749921
0.7078587593329094
0.8270451288922454
0.8388128527728423
0.760361360235529
0.4383618320268922
0.6939636746571557
0.5677064627545102
0.8231225542653797
0.8575906913151713
0.5996089644811229
0.6904899034882171
0.670133073495798
0.6525020462421292
0.6642560644112416
0.6939636746571557
0.9973557342951141
0.8270451288922454
0.670133073495798
0.38232265402872
0.456378970803374
0.939521923406862
0.6525020462421292
0.5753058603448715
0.7530177845291096
0.5753058603448715
0.6201784962770698
1.0701778241712339
0.6319325144461823
0.6870161323192786
0.807432255757917
1.1949872240721644
2.283985010020528
1.1569384844188266
0.7182800728397248
1.0021752185358017
0.5221100772123416
0.5322426073328235
0.5937319553965666
0.40548291845041184
0.7391226998533557
0.6201784962770698
0.4087915276535107
0.7321751575154789
0.9732583130916758
0.6974374458260941
0.6974374458260941
0.7760516587429918
0.9154245022034233
0.5996089644811229
0.5996089644811229
0.6466250371575729
0.6525020462421292
0.6378095235307385
1.0875299562207523
0.8431322385931083
1.3306899841570905
1.8226100743099167
0.8035096811310514
0.5907934508542885
0.6554405507844073
0.623117000819348
1.3609908673157647
0.6835423611503403
1.0643937801547276
0.7356489286844172
0.5778389928749921
1.012337384006172
0.5829052579352331
1.0181214280226782
0.6554405507844073
0.807432255757917
0.44036373633539017
0.6084244781079573
0.7078587593329094
0.760361360235529
0.807432255757917
0.6765948188124633
1.0643937801547276
0.6583790553266855
0.6378095235307385
0.5499745350436668
0.8231225542653797
0.8479517228337958
0.6289940099039042
0.704384988163971
0.6835423611503403
1.0239054720391843
0.6613175598689635
1.6244511022398405
0.7356489286844172
0.6835423611503403
1.0181214280226782
0.7917419572504545
0.6974374458260941
0.7917419572504545
0.5753058603448715
0.6642560644112416
0.8152774050116482
0.7460702421912326
0.891327080999985
0.5803721254051125
0.7878193826235887
0.6525020462421292
0.7217538440086634
0.7760516587429918
0.7321751575154789
1.7216843071232204
1.0528256921217154
0.7917419572504545
0.9587998603696126
0.6466250371575729
1.5783941471467409
0.7721290841161261
0.9925362500544264
0.7682065094892604
0.7878193826235887
0.9154245022034233
1.1106661322867772
0.6348710189884603
0.5937319553965666
1.7937741408280032
0.6554405507844073
0.6800685899814018
0.7217538440086634
0.5829052579352331
0.6904899034882171
1.0021752185358017
0.6436865326152948
0.4824037268138477
0.6613175598689635
0.4243485018674063
0.623117000819348
0.6554405507844073
1.1685065724518389
0.783896807996723
0.6835423611503403
0.456378970803374
0.7078587593329094
0.5449082699834258
0.7078587593329094
0.9250634706847988
0.6407480280730166
0.5651733302243896
1.012337384006172
0.6583790553266855
0.6583790553266855
0.7113325305018481
0.524643209742462
0.783896807996723
0.7642839348623948
0.6904899034882171
0.6319325144461823
1.2092717251337355
1.67971944835156
0.670133073495798
0.7682065094892604
0.6613175598689635
0.6289940099039042
0.6800685899814018
0.6835423611503403
0.5778389928749921
0.9587998603696126
1.0239054720391843
1.012337384006172
0.6731210476435249
0.5550408001039078
0.6054859735656791
0.7252276151776018
0.760361360235529
0.6084244781079573
0.7321751575154789
0.6731210476435249
0.8527712070744836
0.6974374458260941
0.5829052579352331
0.43435802340989627
0.5575739326340283
0.6466250371575729
0.6765948188124633
1.2949787315031627
0.5937319553965666
0.6348710189884603
0.6765948188124633
0.5803721254051125
0.7425964710222942
0.6113629826502354
1.1164501763032832
0.7252276151776018
0.4804018225053497
0.6974374458260941
0.7182800728397248
1.3529430204258126
0.623117000819348
0.6289940099039042
0.6974374458260941
0.6800685899814018
0.8865075967592974
0.41210013685660946
0.43035421479290026
1.0470416481052092
0.6671945689535198
0.5937319553965666
0.5727727278147512
0.7391226998533557
0.6113629826502354
0.7530177845291096
0.5937319553965666
0.9202439864441112
0.7917419572504545
0.7391226998533557
0.7425964710222942
0.7252276151776018
0.6054859735656791
0.6974374458260941
0.6084244781079573
0.6466250371575729
0.760361360235529
0.5499745350436668
1.1222342203197895
0.704384988163971
0.6054859735656791
0.6201784962770698
0.6642560644112416
1.1338023083528017
0.670133073495798
0.3856312632318189
0.6025474690234011
0.6765948188124633
0.79566453187732
0.7682065094892604
0.456378970803374
0.7642839348623948
0.8113548303847827
0.6974374458260941
1.0069947027764894
19.69346520937958
0.5854383904653535
0.6436865326152948
0.7252276151776018
0.6378095235307385
0.6870161323192786
0.7799742333698573
1.1685065724518389
0.8152774050116482
0.7217538440086634
0.7078587593329094
2.6588521452854
0.5829052579352331
1.323547733626305
1.9523717749785263
0.626055505361626
0.7356489286844172
0.5966704599388448
0.7391226998533557
0.6319325144461823
0.7217538440086634
1.012337384006172
0.6407480280730166
0.7878193826235887
0.6731210476435249
0.7009112169950327
0.7799742333698573
0.6583790553266855
0.7682065094892604
0.7182800728397248
0.42234659755890835
0.6348710189884603
0.8270451288922454
2.2551490765386153
0.9828972815730509
1.6612966663143203
1.2806942304415916
0.9154245022034233
1.139586352369308
0.5651733302243896
0.48840943973934164
0.7078587593329094
0.6525020462421292
1.6520852752957003
0.6495635416998511
0.5879715229954741
0.6436865326152948
0.623117000819348
0.6583790553266855
0.5626401976942692
0.7113325305018481
0.6800685899814018
0.8152774050116482
0.6554405507844073
0.6974374458260941
0.6378095235307385
0.9973557342951141
0.8348902781459766
0.6554405507844073
0.807432255757917
0.5069112820316186
0.7460702421912326
0.6407480280730166
0.9057855337220482
0.9636193446103003
0.6974374458260941
0.6319325144461823
0.819199979638514
0.8479517228337958
0.783896807996723
0.6348710189884603
0.6348710189884603
0.7799742333698573
0.5069112820316186
0.5879715229954741
0.6289940099039042
0.6466250371575729
0.7530177845291096
0.6765948188124633
0.3856312632318189
0.6466250371575729
1.0181214280226782
0.6172399917347916
0.8388128527728423
0.8270451288922454
0.704384988163971
0.891327080999985
0.9347024391661741
1.0239054720391843
1.1685065724518389
0.891327080999985
0.6939636746571557
