0.8452155974782558
1.6307862063680425
0.6547259156882818
0.5877716008628053
0.615056104367527
0.751773978578011
0.719579167859168
0.795844203115636
0.751773978578011
0.6242106762107781
0.6120045804197767
0.6242106762107781
0.6699835354270335
0.9614079157982339
0.6059015325242758
0.5315003113250926
0.6059015325242758
0.8284095467748809
0.6242106762107781
0.5724248855343381
0.6394682959495299
0.6547259156882818
0.8080562069878527
0.6181076283152773
0.599798484628775
0.5161535959966254
0.6272622001585283
0.6577774396360321
0.7410423750050633
0.7836321992434191
0.6364167720017796
1.1033119427817046
0.6028500085765255
0.5724248855343381
0.590643912785524
0.8823971393406489
0.719579167859168
0.6638804875315328
0.7795615312860134
0.5936954367332744
0.7592081914989853
0.5110380242204696
0.6364167720017796
0.599798484628775
0.8638063684094524
0.6364167720017796
0.5698670996462604
0.577540457310494
0.6059015325242758
1.157203007217447
0.574982671422416
0.6120045804197767
0.5698670996462604
0.4882413370514438
0.8121268749452585
0.6669320114792833
0.6333652480540292
0.8039855390304471
0.5366158831012482
0.599798484628775
1.2137885610433712
0.5621937419820269
0.5621937419820269
0.48386909894382746
0.8161975429026641
0.7016931619042552
2.3062625974704294
0.6802299547583601
0.6577774396360321
0.648622867792781
0.5366158831012482
0.6303137241062787
0.6577774396360321
0.5673093137581825
0.7446195761960459
0.7481967773870284
0.6638804875315328
0.9335217594014391
0.404919511538932
0.8963402175390464
0.7673495274137965
0.6547259156882818
0.8243388788174753
0.9428171448670374
0.7877028672008247
1.1512151111690312
0.751773978578011
0.5800982431985718
0.6516743917405313
0.5826560290866497
0.5724248855343381
0.9799986867294305
0.7446195761960459
0.6272622001585283
0.9521125303326357
0.5698670996462604
0.9428171448670374
0.49917193232048457
0.6577774396360321
0.6364167720017796
0.6802299547583601
0.751773978578011
0.574982671422416
0.7446195761960459
0.615056104367527
0.6303137241062787
0.5698670996462604
0.5621937419820269
1.685278653107074
0.7999148710730416
0.7481967773870284
0.49917193232048457
0.7303107714321156
0.45763567029812946
0.6181076283152773
0.6028500085765255
0.48386909894382746
0.7592081914989853
0.6766527535673775
0.8545109829438541
1.2073218174832019
0.648622867792781
0.9149309884702428
0.6547259156882818
0.7088475642862204
0.6181076283152773
0.5800982431985718
0.7481967773870284
0.5936954367332744
0.5724248855343381
0.6516743917405313
0.5967469606810247
0.6242106762107781
0.5826560290866497
0.45107731313670496
0.7836321992434191
0.6394682959495299
0.6802299547583601
1.2913894837654012
0.9149309884702428
0.648622867792781
0.6120045804197767
1.3301899451264163
0.590643912785524
1.400077947760063
1.097324046733289
0.6516743917405313
0.557078170205871
0.6303137241062787
0.6547259156882818
0.5442892407654817
3.1294273609288297
0.6547259156882818
0.6802299547583601
0.557078170205871
0.6303137241062787
2.2484966491575586
0.6638804875315328
0.7303107714321156
0.6547259156882818
0.9707033012638322
0.8284095467748809
1.246122278844217
0.7016931619042552
0.712424765477203
0.6059015325242758
0.615056104367527
0.7303107714321156
0.8243388788174753
0.6638804875315328
0.8039855390304471
0.7338879726230982
0.8161975429026641
0.7754908633286078
1.1943883303628637
0.5936954367332744
0.577540457310494
0.6303137241062787
0.5698670996462604
0.9288740666686401
0.9195786812030418
0.5161535959966254
0.590643912785524
0.5936954367332744
0.6699835354270335
0.5468470266535597
0.6669320114792833
0.6516743917405313
0.6669320114792833
0.6547259156882818
0.5084802383323918
0.7160019666681856
0.6303137241062787
0.6838071559493426
0.6608289635837825
0.6909615583313077
0.6303137241062787
0.6981159607132728
0.4488911940828969
0.8545109829438541
0.6838071559493426
0.5315003113250926
0.763278859456391
0.6909615583313077
0.577540457310494
1.2978562273255705
1.031457190200715
0.8365508826896921
0.8039855390304471
0.5442892407654817
0.6730755523763949
0.6455713438450306
0.7446195761960459
0.8161975429026641
0.6394682959495299
0.6608289635837825
0.6838071559493426
0.719579167859168
0.577540457310494
0.577540457310494
0.7231563690501506
0.6638804875315328
0.5545203843177932
0.574982671422416
0.8638063684094524
0.6059015325242758
0.5826560290866497
0.590643912785524
0.7446195761960459
0.6802299547583601
0.5366158831012482
0.6333652480540292
0.577540457310494
1.6751427464524309
0.577540457310494
0.5826560290866497
0.6028500085765255
0.6945387595222902
1.1512151111690312
0.6945387595222902
0.7338879726230982
0.7303107714321156
0.751773978578011
0.6638804875315328
0.6272622001585283
0.719579167859168
0.6577774396360321
0.7052703630952378
0.5621937419820269
0.6638804875315328
0.8963402175390464
0.590643912785524
0.8161975429026641
0.9428171448670374
0.5877716008628053
1.0613966704427942
0.891692524806247
0.7088475642862204
0.5545203843177932
0.5366158831012482
0.8080562069878527
0.5877716008628053
0.5494048125416375
0.5647515278701047
0.6303137241062787
0.5391736689893261
0.5596359560939489
0.5673093137581825
0.7088475642862204
0.5826560290866497
0.4532634321905131
1.0853482546364572
0.5442892407654817
0.6120045804197767
0.5673093137581825
0.7374651738140807
0.6059015325242758
0.8324802147322865
0.615056104367527
0.574982671422416
1.7863690626545965
0.763278859456391
0.5494048125416375
1.0673845664912098
0.7338879726230982
0.5936954367332744
0.7836321992434191
0.8406215506470978
0.599798484628775
0.795844203115636
0.6669320114792833
0.574982671422416
0.6303137241062787
0.5800982431985718
1.037445086249131
0.599798484628775
0.6638804875315328
0.577540457310494
0.48386909894382746
0.6945387595222902
0.6638804875315328
0.9799986867294305
0.577540457310494
0.6981159607132728
0.6669320114792833
0.5494048125416375
0.4620079084057458
0.6272622001585283
0.5724248855343381
0.5852138149747275
0.719579167859168
0.6608289635837825
0.8963402175390464
0.8684540611422513
0.8324802147322865
0.795844203115636
0.719579167859168
0.6181076283152773
0.6242106762107781
0.6120045804197767
0.8121268749452585
0.6802299547583601
0.5852138149747275
0.6547259156882818
0.7481967773870284
0.6945387595222902
0.5289425254370146
0.5724248855343381
0.6669320114792833
0.5698670996462604
0.574982671422416
0.7374651738140807
1.3918449570601117
0.7553511797689935
0.4335883607062398
0.5135958101085474
0.8684540611422513
0.5800982431985718
0.5826560290866497
0.615056104367527
0.574982671422416
0.6211591522630276
0.7088475642862204
0.719579167859168
0.44451895597528057
0.5724248855343381
0.6638804875315328
0.8823971393406489
0.8684540611422513
0.8963402175390464
0.599798484628775
0.7592081914989853
1.3043229708857396
0.5826560290866497
0.6394682959495299
0.8243388788174753
0.6455713438450306
0.8161975429026641
0.599798484628775
0.5238269536608589
0.6766527535673775
0.5936954367332744
0.4904274561052519
0.8284095467748809
0.6425198198972802
0.5289425254370146
0.6873843571403252
0.5366158831012482
0.751773978578011
0.8324802147322865
1.1751666953626942
0.7052703630952378
0.599798484628775
0.4314022416524316
0.6638804875315328
0.6394682959495299
0.712424765477203
1.0793603585880416
0.5724248855343381
0.6028500085765255
0.599798484628775
0.6608289635837825
0.5621937419820269
0.6766527535673775
0.6394682959495299
0.6838071559493426
0.7410423750050633
0.4554495512443213
0.615056104367527
0.648622867792781
0.5013580513742928
0.6028500085765255
0.719579167859168
0.6577774396360321
1.5686870502498986
1.0913361506848733
0.6838071559493426
0.5826560290866497
0.6242106762107781
0.5442892407654817
0.6272622001585283
0.5519625984297154
0.5289425254370146
0.6909615583313077
1.157203007217447
0.5596359560939489
0.4066481857424264
0.7754908633286078
0.4860552179976356
0.5673093137581825
0.795844203115636
0.7267335702411332
0.6303137241062787
0.6981159607132728
0.5391736689893261
1.031457190200715
0.6120045804197767
1.157203007217447
0.5519625984297154
2.075198804218948
0.5391736689893261
0.6272622001585283
0.7410423750050633
0.7016931619042552
0.7231563690501506
0.8202682108600696
0.6120045804197767
0.5936954367332744
0.6730755523763949
0.6303137241062787
0.7088475642862204
0.9195786812030418
0.574982671422416
0.599798484628775
0.6516743917405313
0.6577774396360321
0.6394682959495299
0.6981159607132728
0.577540457310494
0.5596359560939489
0.7714201953712021
0.7999148710730416
0.5673093137581825
0.6211591522630276
0.6909615583313077
0.6547259156882818
0.712424765477203
0.7410423750050633
0.6303137241062787
0.6608289635837825
0.6802299547583601
0.7754908633286078
0.5621937419820269
0.712424765477203
0.6909615583313077
0.6547259156882818
0.6089530564720261
0.5059224524443139
0.7673495274137965
0.7160019666681856
0.6181076283152773
0.5852138149747275
0.7877028672008247
0.6089530564720261
0.5673093137581825
0.7016931619042552
0.849863290211055
0.8638063684094524
1.0673845664912098
0.5698670996462604
0.5800982431985718
1.1512151111690312
1.3043229708857396
1.2396555352840477
0.6181076283152773
0.6699835354270335
0.7446195761960459
0.7553511797689935
0.795844203115636
0.6059015325242758
0.5212691677727811
0.6730755523763949
0.7267335702411332
0.43796059881385613
0.7088475642862204
0.5391736689893261
0.5263847395489367
0.7231563690501506
0.719579167859168
0.5826560290866497
0.7795615312860134
0.5545203843177932
0.5621937419820269
0.795844203115636
0.40146216313194333
0.8545109829438541
0.8638063684094524
0.5468470266535597
0.6516743917405313
0.7481967773870284
0.6059015325242758
0.599798484628775
0.6766527535673775
0.9660556085310331
0.6547259156882818
0.7410423750050633
0.891692524806247
0.5238269536608589
0.6120045804197767
0.648622867792781
0.5621937419820269
0.6333652480540292
3.042778438459525
0.574982671422416
0.8591586756766533
1.0913361506848733
0.6059015325242758
0.5877716008628053
0.6272622001585283
0.6272622001585283
0.7673495274137965
0.557078170205871
0.6028500085765255
0.6120045804197767
0.6059015325242758
0.7374651738140807
0.8870448320734479
0.6120045804197767
0.5494048125416375
0.5494048125416375
0.5468470266535597
0.45763567029812946
0.5698670996462604
6.108186226108396
0.6394682959495299
0.6181076283152773
1.0254692941522991
0.557078170205871
0.5013580513742928
0.5238269536608589
0.5494048125416375
0.6638804875315328
0.7160019666681856
0.404919511538932
0.5936954367332744
0.6333652480540292
0.6333652480540292
0.6981159607132728
0.5187113818847032
0.7016931619042552
0.5673093137581825
0.5545203843177932
0.6730755523763949
0.6364167720017796
0.891692524806247
0.5724248855343381
0.6425198198972802
0.7303107714321156
0.6909615583313077
0.557078170205871
0.6547259156882818
0.7374651738140807
0.574982671422416
0.6547259156882818
0.557078170205871
0.615056104367527
0.5340580972131704
0.7052703630952378
1.3671459849602585
0.5340580972131704
0.49479969421286824
1.400077947760063
0.7592081914989853
0.5417314548774038
0.7231563690501506
0.7088475642862204
0.5340580972131704
0.5545203843177932
1.613043590334287
0.5698670996462604
0.4467050750290887
0.7374651738140807
0.6802299547583601
0.8870448320734479
0.6181076283152773
0.4860552179976356
0.6272622001585283
0.5800982431985718
0.9009879102718453
0.5621937419820269
0.5212691677727811
0.5698670996462604
0.557078170205871
0.5596359560939489
0.5494048125416375
0.5596359560939489
0.8638063684094524
1.4988738361594751
0.6028500085765255
0.6547259156882818
0.5366158831012482
0.719579167859168
0.599798484628775
0.5936954367332744
0.5289425254370146
0.6699835354270335
0.7267335702411332
0.7374651738140807
0.7410423750050633
0.5315003113250926
0.6608289635837825
0.6909615583313077
0.5417314548774038
0.6455713438450306
0.8161975429026641
0.574982671422416
0.557078170205871
2.4217944940961695
0.5673093137581825
0.5621937419820269
0.6211591522630276
0.6242106762107781
0.6547259156882818
0.6242106762107781
1.0673845664912098
0.6303137241062787
0.6730755523763949
0.7231563690501506
0.4554495512443213
0.6669320114792833
1.037445086249131
0.5621937419820269
0.6802299547583601
0.9521125303326357
0.751773978578011
0.7410423750050633
0.6120045804197767
0.5621937419820269
1.3043229708857396
0.795844203115636
0.712424765477203
0.9939417649278279
0.891692524806247
0.5826560290866497
0.7754908633286078
