0.7182342544779226
2.2527619880798597
0.81735348354634
0.8215045200715126
0.7675410452442668
0.5970309560397896
0.9316816834550128
0.8381086661722037
0.9217729942061175
0.9861794743239376
0.8722295479616405
1.1189085008871897
0.8573665140882973
0.7478730209977464
0.7716920817694395
1.228588357978897
0.6885954879580987
0.6613548418751647
0.7330536377378345
0.8870925818349834
2.107064201746847
0.3130827861117415
1.0471780747511321
1.4449926586148352
1.1727063204892332
0.7182342544779226
0.46761353205576994
0.7758431182946124
0.9069099603327744
0.8920469264594313
0.7841451913449579
0.7675410452442668
0.897001271083879
0.842503480214954
0.580007968837758
0.8090514104959944
0.6644178840578016
0.8524121694638496
0.81735348354634
12.137440204224701
1.4795408574789135
0.8821382372105359
1.8010988504475207
0.6674809262404385
1.3845333106026976
0.8821382372105359
1.124886036398528
0.7293487919228565
1.2995376549537585
0.8090514104959944
0.6582917996925278
2.60243667527909
0.7799941548197851
0.32853717969677326
1.3758962608866778
0.8524121694638496
0.4465299665961599
0.8474578248394018
0.6848906421431208
1.5054520066269728
0.6997100254030326
0.6031570404050635
0.7633900087190941
0.6674809262404385
0.7799941548197851
0.7592389721939213
0.897001271083879
1.0770657523078229
0.7182342544779226
0.7145294086629446
0.9415903727039083
1.3586221614546388
0.9168186495816699
0.7675410452442668
0.7592389721939213
0.6705439684230754
1.349985111738619
0.9267273388305652
0.8090514104959944
1.349985111738619
0.8298065931218581
0.7633900087190941
0.9217729942061175
1.0292454682171177
2.5587273393791863
0.3018432271408093
0.7515778668127244
0.6031570404050635
0.8573665140882973
0.6885954879580987
0.7799941548197851
0.8722295479616405
1.0591331457738082
0.9415903727039083
0.7330536377378345
1.2569680767688414
0.7478730209977464
1.124886036398528
0.9316816834550128
0.7145294086629446
0.6737761046981868
0.6737761046981868
0.7716920817694395
1.089020823330499
0.8474578248394018
0.6582917996925278
0.8672752033371927
0.8821382372105359
0.7108245628479666
0.7145294086629446
0.81735348354634
1.3208224440462166
0.649102673144617
0.6521657153272539
0.6923003337730768
0.7924472643953032
0.8215045200715126
0.9267273388305652
1.1069534298645138
0.8132024470211672
0.6399135465967064
0.6368505044140694
0.6613548418751647
0.8821382372105359
1.990505972680437
0.8007493374456488
0.8256555565966854
0.6811857963281427
0.8132024470211672
0.8007493374456488
0.7404633293677905
0.8920469264594313
1.160751249466557
0.7034148712180107
0.9217729942061175
0.6337874622314326
1.1368411074212041
0.8090514104959944
0.34784414857604207
0.6644178840578016
1.3758962608866778
0.7592389721939213
1.6271332689553304
1.228588357978897
0.911864304957222
0.6737761046981868
0.30605806175490885
0.6774809505131648
0.9217729942061175
0.7675410452442668
1.0770657523078229
0.8256555565966854
0.8672752033371927
0.8049003739708216
0.911864304957222
0.7633900087190941
0.7145294086629446
0.6154092091356111
0.7219391002929006
0.7592389721939213
0.6737761046981868
0.9514990619528036
1.1129309653758517
1.2782528658612997
0.7515778668127244
0.6276613778661587
0.6923003337730768
1.1069534298645138
0.7965983009204761
0.7592389721939213
2.1944828735466544
0.7219391002929006
1.2853477955587862
0.6774809505131648
0.7034148712180107
0.5561591146047854
1.5706242335773715
0.6245983356835217
0.6923003337730768
0.842503480214954
0.9861794743239376
0.9316816834550128
0.7367584835528126
0.6460396309619801
0.8007493374456488
0.9514990619528036
0.6154092091356111
0.8821382372105359
0.8339576296470309
0.7071197170329887
1.6553877866443096
0.8298065931218581
0.7841451913449579
0.490805454061341
2.1944828735466544
0.7841451913449579
0.9514990619528036
0.35499286881439285
0.7034148712180107
0.6923003337730768
1.0949983588418373
0.6399135465967064
0.7330536377378345
1.335012303441189
0.5058115334462877
0.46761353205576994
0.9316816834550128
1.0352230037284558
3.243506935144345
0.580007968837758
1.2356832876763832
0.8007493374456488
0.7219391002929006
0.8870925818349834
0.9366360280794607
0.8870925818349834
0.8339576296470309
0.9663620958261468
1.0949983588418373
0.7034148712180107
0.6000939982224265
0.5720583507601005
1.488177907194933
0.7034148712180107
0.6123461669529743
0.7882962278701305
0.7071197170329887
0.8672752033371927
0.6737761046981868
0.7108245628479666
0.8524121694638496
0.7034148712180107
1.001042508197281
0.8573665140882973
0.8090514104959944
0.81735348354634
0.6215352935008849
0.8672752033371927
0.8381086661722037
0.32291740021130716
0.6276613778661587
0.41396981078078665
0.6885954879580987
0.7293487919228565
0.6644178840578016
1.2569680767688414
1.5423697158883922
0.8256555565966854
1.178923850096494
1.4622667580468744
0.7841451913449579
1.990505972680437
0.8256555565966854
0.7515778668127244
1.4449926586148352
0.618472251318248
0.8090514104959944
1.3066325846512443
0.4212296880446278
0.6960051795880546
0.6811857963281427
1.1667287849778951
2.0196455299470397
0.8381086661722037
0.6811857963281427
0.8090514104959944
0.6774809505131648
0.7675410452442668
2.107064201746847
0.5217107696016027
1.083043287819161
0.30605806175490885
1.2143984985839247
0.9316816834550128
0.6705439684230754
0.946544717328356
0.5376100057569178
0.7799941548197851
1.0292454682171177
0.7256439461078785
0.7478730209977464
0.8215045200715126
1.2924427252562722
0.6774809505131648
0.6811857963281427
0.6000939982224265
0.7882962278701305
0.7965983009204761
0.478155314785575
0.7219391002929006
0.33556190405360586
0.8381086661722037
0.8672752033371927
0.8090514104959944
0.7330536377378345
1.0232679327057794
0.7182342544779226
1.2640630064663276
0.7515778668127244
0.7924472643953032
0.8256555565966854
0.6460396309619801
0.7108245628479666
0.8256555565966854
0.8920469264594313
1.3279173737437027
0.9316816834550128
0.7515778668127244
0.7965983009204761
0.7108245628479666
0.8524121694638496
0.9514990619528036
0.7716920817694395
1.8302384077141236
1.1487961784438805
0.8339576296470309
5.123218975657473
0.7478730209977464
1.001042508197281
0.81735348354634
0.98122512969949
0.8132024470211672
2.2527619880798597
1.3208224440462166
1.2143984985839247
1.1931137094914663
0.6123461669529743
0.649102673144617
0.81735348354634
0.9366360280794607
1.0232679327057794
0.7330536377378345
0.6521657153272539
0.8090514104959944
0.6923003337730768
1.3279173737437027
0.7293487919228565
1.2427782173738693
0.7071197170329887
1.523533370762406
0.7675410452442668
0.7841451913449579
0.8672752033371927
0.9316816834550128
1.1368411074212041
0.5270105149867078
0.47183024514769206
0.490805454061341
0.6674809262404385
0.8049003739708216
0.9614077512016993
1.228588357978897
1.0471780747511321
0.6215352935008849
1.0531556102624702
0.6774809505131648
0.7367584835528126
0.6705439684230754
0.911864304957222
0.9663620958261468
0.7758431182946124
0.8524121694638496
1.124886036398528
0.49291381060730205
0.7478730209977464
0.9366360280794607
1.367259211170658
0.6997100254030326
0.6705439684230754
0.8298065931218581
1.5141151981994128
0.7882962278701305
1.1931137094914663
0.48869709751538004
0.7965983009204761
0.8007493374456488
0.7675410452442668
0.9267273388305652
0.7592389721939213
0.8256555565966854
2.2527619880798597
1.7136801786477134
0.7716920817694395
0.7404633293677905
1.523533370762406
0.6245983356835217
1.598878751266351
0.8132024470211672
0.7758431182946124
0.9069099603327744
0.8672752033371927
0.8573665140882973
0.41933135095954976
0.6923003337730768
0.8821382372105359
1.001042508197281
0.6960051795880546
0.7256439461078785
0.5535092419122328
0.6031570404050635
2.7772740188787046
0.9019556157083267
0.6997100254030326
0.5970309560397896
0.7330536377378345
1.0471780747511321
0.8920469264594313
0.580007968837758
0.81735348354634
0.9614077512016993
1.178923850096494
0.342482608397279
0.7293487919228565
0.9217729942061175
0.8132024470211672
1.0059968528217287
0.6582917996925278
1.1009758943531753
0.6644178840578016
0.6923003337730768
1.2002086391889524
0.649102673144617
1.3279173737437027
1.2002086391889524
0.7219391002929006
0.9366360280794607
1.2427782173738693
0.3130827861117415
1.0591331457738082
0.8474578248394018
0.5747082234526529
0.9069099603327744
0.8132024470211672
0.7293487919228565
0.7758431182946124
0.8821382372105359
1.1487961784438805
0.8007493374456488
1.1860187797939803
0.8090514104959944
0.7071197170329887
0.6245983356835217
0.7758431182946124
0.7330536377378345
0.6644178840578016
0.6674809262404385
0.8090514104959944
0.6923003337730768
0.9267273388305652
0.6215352935008849
0.4507466796880819
0.7965983009204761
0.8474578248394018
0.6997100254030326
1.1667287849778951
0.7924472643953032
1.221493428281411
0.7965983009204761
0.8298065931218581
0.9366360280794607
1.1931137094914663
0.8821382372105359
0.9316816834550128
0.9019556157083267
0.649102673144617
1.0059968528217287
0.5720583507601005
1.5800424061403646
0.8672752033371927
0.7108245628479666
0.7841451913449579
1.9613664154138348
0.8524121694638496
0.6885954879580987
0.7219391002929006
0.6307244200487957
1.2073035688864386
0.7758431182946124
0.7367584835528126
1.3421072331386752
0.7552827126277025
0.81735348354634
0.6245983356835217
0.6644178840578016
0.6644178840578016
0.7219391002929006
0.842503480214954
0.6997100254030326
0.6923003337730768
1.001042508197281
0.6521657153272539
0.490805454061341
1.2498731470713553
1.2640630064663276
0.7758431182946124
0.8870925818349834
0.8573665140882973
3.112378927444633
1.083043287819161
3.243506935144345
0.32994212456813976
1.1069534298645138
0.7330536377378345
1.0651106812851465
0.6399135465967064
2.762704240245403
0.6960051795880546
0.6644178840578016
1.1727063204892332
0.6521657153272539
1.1189085008871897
0.6885954879580987
0.8920469264594313
0.6885954879580987
0.5482094965271278
0.7182342544779226
1.1547737139552188
0.6245983356835217
0.5939679138571526
0.5641087326824429
0.8339576296470309
0.8256555565966854
0.8256555565966854
0.8339576296470309
0.6123461669529743
0.8132024470211672
0.6774809505131648
0.9614077512016993
0.7592389721939213
0.7799941548197851
0.6276613778661587
0.463396818963848
1.419081509466776
0.34784414857604207
0.9267273388305652
0.8049003739708216
0.7330536377378345
0.6885954879580987
0.6774809505131648
1.160751249466557
1.0232679327057794
0.6245983356835217
0.32291740021130716
0.8132024470211672
0.6960051795880546
0.8524121694638496
0.6399135465967064
0.8524121694638496
1.0292454682171177
0.7758431182946124
0.6582917996925278
0.8870925818349834
0.7716920817694395
1.349985111738619
0.9514990619528036
0.946544717328356
0.7182342544779226
1.1189085008871897
0.30605806175490885
0.7758431182946124
0.8672752033371927
0.9316816834550128
0.7256439461078785
0.8722295479616405
0.3327520143108728
0.6031570404050635
0.8870925818349834
1.3931703603187173
0.6613548418751647
0.6582917996925278
0.3341569591822394
0.6885954879580987
2.325610881246366
0.8007493374456488
0.9316816834550128
0.8870925818349834
0.7758431182946124
0.7219391002929006
0.7256439461078785
0.6674809262404385
0.8524121694638496
1.532951543325399
0.6644178840578016
0.8339576296470309
0.8215045200715126
1.178923850096494
0.6613548418751647
0.29481850278397664
0.7758431182946124
0.7182342544779226
0.8920469264594313
0.7675410452442668
0.8672752033371927
0.7515778668127244
0.98122512969949
0.7633900087190941
0.9861794743239376
0.897001271083879
1.9467966367805334
2.238192209446558
