775.0
912.0
826.0
736.0
664.0
695.0
692.0
620.0
711.0
742.0
816.0
681.0
689.0
692.0
711.0
774.0
696.0
765.0
708.0
711.0
737.0
751.0
729.0
605.0
752.0
735.0
708.0
622.0
769.0
869.0
708.0
710.0
767.0
823.0
777.0
776.0
791.0
733.0
697.0
738.0
703.0
690.0
742.0
726.0
715.0
694.0
675.0
716.0
758.0
739.0
712.0
652.0
784.0
814.0
724.0
690.0
739.0
698.0
701.0
756.0
874.0
838.0
684.0
702.0
821.0
724.0
697.0
790.0
602.0
773.0
777.0
580.0
736.0
730.0
672.0
795.0
720.0
724.0
893.0
695.0
769.0
739.0
750.0
744.0
894.0
722.0
713.0
717.0
820.0
753.0
803.0
745.0
2014.0
603.0
821.0
685.0
700.0
806.0
767.0
698.0
782.0
826.0
833.0
780.0
689.0
736.0
709.0
759.0
677.0
696.0
785.0
713.0
698.0
727.0
719.0
739.0
706.0
690.0
752.0
703.0
714.0
867.0
752.0
694.0
792.0
785.0
731.0
762.0
746.0
719.0
771.0
808.0
720.0
725.0
813.0
734.0
758.0
725.0
862.0
690.0
725.0
742.0
785.0
714.0
731.0
675.0
744.0
725.0
736.0
986.0
745.0
734.0
695.0
709.0
681.0
757.0
713.0
829.0
761.0
773.0
843.0
750.0
887.0
708.0
762.0
754.0
786.0
747.0
733.0
695.0
754.0
719.0
743.0
806.0
690.0
698.0
765.0
702.0
730.0
799.0
717.0
729.0
720.0
690.0
853.0
748.0
690.0
751.0
790.0
736.0
694.0
695.0
715.0
703.0
777.0
794.0
712.0
786.0
1917.0
747.0
714.0
658.0
720.0
752.0
932.0
728.0
717.0
685.0
862.0
893.0
854.0
731.0
660.0
797.0
685.0
805.0
732.0
662.0
681.0
709.0
722.0
808.0
730.0
692.0
736.0
734.0
765.0
662.0
722.0
758.0
708.0
738.0
754.0
781.0
778.0
678.0
704.0
758.0
733.0
697.0
765.0
680.0
807.0
726.0
798.0
692.0
695.0
750.0
716.0
754.0
805.0
841.0
745.0
736.0
628.0
693.0
858.0
687.0
720.0
580.0
834.0
716.0
746.0
758.0
772.0
782.0
697.0
701.0
745.0
737.0
870.0
622.0
785.0
784.0
712.0
730.0
670.0
856.0
736.0
754.0
764.0
693.0
756.0
710.0
725.0
751.0
714.0
689.0
675.0
669.0
712.0
911.0
782.0
742.0
734.0
765.0
709.0
806.0
733.0
748.0
730.0
725.0
669.0
674.0
781.0
718.0
765.0
681.0
681.0
741.0
709.0
684.0
756.0
803.0
852.0
795.0
718.0
765.0
674.0
767.0
624.0
703.0
679.0
706.0
922.0
680.0
807.0
731.0
734.0
648.0
971.0
708.0
682.0
689.0
700.0
739.0
778.0
714.0
752.0
692.0
689.0
721.0
867.0
895.0
865.0
718.0
702.0
748.0
724.0
712.0
690.0
713.0
750.0
751.0
706.0
833.0
715.0
714.0
733.0
685.0
794.0
682.0
808.0
702.0
802.0
843.0
677.0
740.0
691.0
725.0
728.0
722.0
756.0
762.0
728.0
714.0
709.0
740.0
782.0
747.0
863.0
813.0
773.0
741.0
618.0
697.0
720.0
852.0
763.0
776.0
706.0
825.0
677.0
714.0
772.0
734.0
840.0
622.0
714.0
702.0
691.0
784.0
820.0
734.0
800.0
759.0
698.0
919.0
875.0
714.0
740.0
706.0
721.0
677.0
725.0
724.0
869.0
742.0
603.0
758.0
699.0
756.0
792.0
678.0
744.0
702.0
714.0
760.0
734.0
754.0
580.0
694.0
584.0
792.0
705.0
684.0
711.0
664.0
801.0
692.0
695.0
704.0
709.0
774.0
696.0
760.0
690.0
604.0
722.0
730.0
707.0
730.0
823.0
722.0
738.0
810.0
761.0
693.0
713.0
747.0
749.0
759.0
578.0
638.0
756.0
713.0
717.0
707.0
669.0
841.0
677.0
657.0
721.0
700.0
843.0
678.0
685.0
742.0
716.0
706.0
701.0
908.0
734.0
692.0
741.0
726.0
730.0
740.0
708.0
650.0
766.0
839.0
681.0
742.0
713.0
590.0
784.0
742.0
670.0
660.0
746.0
717.0
726.0
750.0
758.0
763.0
690.0
778.0
708.0
681.0
742.0
875.0
802.0
643.0
737.0
722.0
767.0
763.0
696.0
697.0
709.0
813.0
720.0
730.0
717.0
736.0
711.0
813.0
703.0
715.0
685.0
682.0
678.0
766.0
892.0
697.0
839.0
797.0
737.0
765.0
690.0
826.0
667.0
841.0
709.0
817.0
826.0
703.0
763.0
696.0
774.0
692.0
713.0
725.0
722.0
689.0
733.0
694.0
700.0
709.0
805.0
729.0
737.0
825.0
703.0
742.0
677.0
685.0
829.0
750.0
731.0
712.0
718.0
720.0
713.0
731.0
685.0
