655.0
666.0
718.0
591.0
644.0
686.0
702.0
653.0
646.0
643.0
658.0
645.0
672.0
748.0
653.0
802.0
605.0
726.0
654.0
781.0
675.0
681.0
656.0
664.0
687.0
806.0
746.0
672.0
732.0
770.0
725.0
701.0
716.0
723.0
693.0
728.0
710.0
710.0
646.0
733.0
743.0
665.0
664.0
710.0
786.0
738.0
754.0
692.0
661.0
683.0
661.0
674.0
713.0
805.0
694.0
678.0
650.0
672.0
618.0
653.0
792.0
772.0
692.0
685.0
722.0
674.0
682.0
667.0
642.0
687.0
656.0
674.0
783.0
761.0
776.0
635.0
776.0
705.0
667.0
586.0
712.0
781.0
701.0
690.0
654.0
713.0
640.0
738.0
649.0
666.0
695.0
673.0
663.0
674.0
672.0
756.0
697.0
705.0
698.0
683.0
882.0
664.0
676.0
680.0
592.0
626.0
666.0
658.0
666.0
660.0
640.0
602.0
717.0
685.0
745.0
630.0
657.0
691.0
650.0
778.0
587.0
753.0
674.0
670.0
667.0
648.0
618.0
669.0
675.0
706.0
773.0
691.0
673.0
717.0
593.0
673.0
601.0
731.0
736.0
647.0
683.0
661.0
666.0
680.0
657.0
587.0
673.0
788.0
642.0
714.0
714.0
672.0
657.0
722.0
777.0
653.0
672.0
648.0
651.0
711.0
673.0
662.0
642.0
768.0
766.0
634.0
656.0
617.0
654.0
677.0
650.0
715.0
648.0
634.0
660.0
736.0
669.0
714.0
674.0
665.0
658.0
692.0
829.0
697.0
656.0
683.0
682.0
778.0
642.0
684.0
584.0
762.0
651.0
710.0
655.0
684.0
640.0
656.0
646.0
688.0
656.0
827.0
786.0
678.0
662.0
692.0
666.0
724.0
600.0
738.0
806.0
666.0
658.0
661.0
798.0
682.0
721.0
653.0
745.0
708.0
741.0
642.0
807.0
718.0
654.0
677.0
680.0
722.0
742.0
649.0
660.0
652.0
754.0
773.0
685.0
734.0
653.0
693.0
685.0
649.0
802.0
715.0
685.0
742.0
642.0
692.0
644.0
689.0
667.0
658.0
747.0
683.0
703.0
656.0
690.0
732.0
677.0
734.0
766.0
612.0
663.0
764.0
743.0
653.0
846.0
659.0
850.0
592.0
677.0
712.0
722.0
596.0
680.0
665.0
674.0
697.0
721.0
694.0
588.0
670.0
706.0
645.0
665.0
669.0
665.0
673.0
743.0
712.0
693.0
669.0
642.0
708.0
709.0
697.0
694.0
733.0
653.0
650.0
642.0
670.0
645.0
676.0
616.0
699.0
674.0
670.0
659.0
695.0
669.0
765.0
645.0
716.0
791.0
761.0
718.0
660.0
742.0
685.0
728.0
715.0
665.0
730.0
681.0
618.0
851.0
688.0
673.0
644.0
699.0
646.0
737.0
631.0
686.0
664.0
783.0
708.0
715.0
808.0
666.0
678.0
660.0
667.0
629.0
825.0
675.0
698.0
707.0
736.0
594.0
717.0
659.0
701.0
622.0
668.0
690.0
648.0
663.0
720.0
833.0
700.0
648.0
750.0
856.0
649.0
637.0
783.0
666.0
683.0
634.0
638.0
669.0
773.0
668.0
801.0
699.0
678.0
654.0
657.0
725.0
682.0
675.0
653.0
668.0
680.0
778.0
653.0
688.0
643.0
646.0
612.0
706.0
729.0
663.0
685.0
642.0
662.0
690.0
710.0
672.0
642.0
662.0
681.0
648.0
678.0
667.0
650.0
673.0
657.0
692.0
677.0
698.0
678.0
702.0
621.0
698.0
630.0
634.0
691.0
771.0
659.0
727.0
725.0
705.0
616.0
750.0
696.0
643.0
661.0
689.0
655.0
713.0
720.0
669.0
706.0
694.0
722.0
660.0
643.0
737.0
675.0
667.0
636.0
578.0
672.0
632.0
674.0
634.0
645.0
647.0
744.0
689.0
677.0
648.0
657.0
688.0
661.0
648.0
765.0
661.0
776.0
635.0
666.0
776.0
640.0
687.0
685.0
672.0
777.0
714.0
711.0
721.0
653.0
658.0
670.0
697.0
699.0
840.0
685.0
678.0
672.0
637.0
654.0
658.0
640.0
641.0
661.0
656.0
683.0
609.0
642.0
664.0
673.0
608.0
672.0
666.0
641.0
709.0
787.0
804.0
729.0
657.0
713.0
733.0
598.0
853.0
677.0
787.0
656.0
655.0
697.0
666.0
657.0
677.0
641.0
700.0
680.0
697.0
593.0
609.0
636.0
663.0
663.0
670.0
670.0
591.0
658.0
717.0
668.0
758.0
626.0
693.0
676.0
668.0
716.0
664.0
660.0
759.0
645.0
687.0
638.0
681.0
770.0
692.0
665.0
661.0
750.0
736.0
650.0
795.0
692.0
666.0
648.0
637.0
662.0
660.0
901.0
676.0
730.0
695.0
725.0
706.0
673.0
695.0
883.0
645.0
667.0
659.0
682.0
711.0
755.0
730.0
669.0
682.0
650.0
706.0
645.0
690.0
683.0
660.0
580.0
603.0
658.0
648.0
640.0
759.0
789.0
698.0
770.0
738.0
705.0
634.0
669.0
649.0
650.0
580.0
622.0
749.0
710.0
674.0
668.0
688.0
680.0
708.0
760.0
730.0
645.0
698.0
729.0
661.0
642.0
588.0
725.0
660.0
672.0
669.0
651.0
682.0
701.0
731.0
701.0
711.0
676.0
644.0
628.0
712.0
687.0
637.0
584.0
653.0
645.0
762.0
604.0
689.0
650.0
648.0
612.0
633.0
578.0
715.0
678.0
695.0
653.0
667.0
669.0
905.0
750.0
691.0
657.0
682.0
658.0
698.0
653.0
653.0
694.0
697.0
683.0
811.0
645.0
744.0
667.0
649.0
713.0
797.0
640.0
581.0
616.0
797.0
702.0
660.0
641.0
686.0
676.0
705.0
604.0
643.0
736.0
659.0
624.0
695.0
660.0
679.0
706.0
633.0
682.0
737.0
603.0
641.0
697.0
634.0
678.0
746.0
679.0
572.0
679.0
612.0
688.0
674.0
834.0
676.0
653.0
665.0
676.0
