778.0
744.0
713.0
701.0
718.0
727.0
689.0
691.0
584.0
776.0
665.0
733.0
696.0
682.0
718.0
713.0
709.0
790.0
709.0
722.0
751.0
586.0
728.0
821.0
763.0
680.0
731.0
731.0
725.0
702.0
713.0
699.0
680.0
813.0
765.0
822.0
746.0
751.0
751.0
770.0
709.0
749.0
696.0
746.0
740.0
700.0
715.0
778.0
805.0
718.0
728.0
744.0
714.0
724.0
968.0
672.0
707.0
784.0
742.0
692.0
666.0
736.0
739.0
765.0
719.0
703.0
785.0
806.0
735.0
814.0
698.0
770.0
619.0
785.0
587.0
664.0
712.0
685.0
707.0
639.0
826.0
732.0
588.0
644.0
741.0
662.0
710.0
735.0
740.0
670.0
701.0
751.0
784.0
741.0
736.0
726.0
719.0
974.0
712.0
717.0
874.0
669.0
698.0
821.0
596.0
759.0
762.0
605.0
674.0
730.0
689.0
766.0
772.0
706.0
755.0
734.0
784.0
653.0
713.0
697.0
689.0
800.0
659.0
670.0
670.0
645.0
715.0
687.0
891.0
663.0
801.0
752.0
794.0
670.0
716.0
734.0
714.0
725.0
680.0
720.0
762.0
742.0
922.0
773.0
762.0
730.0
744.0
752.0
906.0
705.0
577.0
740.0
733.0
769.0
858.0
779.0
729.0
706.0
835.0
693.0
694.0
711.0
589.0
698.0
733.0
790.0
699.0
687.0
696.0
692.0
699.0
629.0
715.0
799.0
713.0
693.0
707.0
616.0
660.0
727.0
725.0
737.0
730.0
827.0
621.0
755.0
776.0
832.0
685.0
745.0
681.0
688.0
725.0
708.0
690.0
725.0
775.0
771.0
730.0
744.0
654.0
617.0
690.0
682.0
696.0
741.0
890.0
707.0
817.0
742.0
792.0
849.0
723.0
694.0
701.0
693.0
806.0
709.0
757.0
745.0
708.0
722.0
708.0
717.0
594.0
832.0
720.0
666.0
805.0
756.0
703.0
685.0
688.0
669.0
772.0
735.0
681.0
793.0
635.0
748.0
725.0
701.0
700.0
700.0
725.0
705.0
834.0
677.0
733.0
661.0
937.0
663.0
700.0
715.0
690.0
778.0
706.0
610.0
857.0
803.0
722.0
788.0
660.0
753.0
713.0
845.0
788.0
723.0
806.0
628.0
696.0
696.0
706.0
695.0
663.0
683.0
714.0
774.0
653.0
705.0
748.0
845.0
688.0
1104.0
752.0
734.0
641.0
576.0
691.0
718.0
718.0
697.0
710.0
753.0
701.0
770.0
788.0
725.0
708.0
753.0
702.0
722.0
605.0
692.0
686.0
762.0
745.0
856.0
704.0
694.0
695.0
714.0
792.0
769.0
697.0
741.0
769.0
674.0
809.0
716.0
696.0
720.0
669.0
718.0
746.0
703.0
728.0
745.0
852.0
690.0
664.0
703.0
713.0
733.0
710.0
798.0
752.0
822.0
963.0
762.0
815.0
701.0
698.0
748.0
680.0
739.0
823.0
674.0
717.0
714.0
730.0
662.0
742.0
758.0
745.0
731.0
609.0
700.0
701.0
705.0
782.0
662.0
766.0
712.0
744.0
683.0
814.0
756.0
737.0
723.0
684.0
763.0
853.0
747.0
818.0
683.0
736.0
722.0
763.0
674.0
746.0
750.0
690.0
692.0
721.0
784.0
949.0
737.0
721.0
849.0
789.0
731.0
819.0
707.0
710.0
698.0
787.0
677.0
722.0
746.0
694.0
751.0
728.0
864.0
712.0
690.0
690.0
765.0
682.0
710.0
700.0
690.0
770.0
779.0
729.0
714.0
837.0
734.0
714.0
714.0
724.0
767.0
754.0
580.0
754.0
709.0
598.0
842.0
679.0
717.0
706.0
783.0
687.0
694.0
806.0
742.0
734.0
701.0
821.0
708.0
710.0
669.0
902.0
707.0
692.0
688.0
713.0
708.0
675.0
669.0
731.0
681.0
726.0
610.0
606.0
703.0
773.0
683.0
718.0
736.0
900.0
744.0
701.0
714.0
752.0
756.0
715.0
730.0
749.0
875.0
710.0
678.0
869.0
711.0
717.0
701.0
721.0
696.0
709.0
744.0
693.0
681.0
712.0
726.0
758.0
682.0
702.0
749.0
682.0
843.0
740.0
731.0
773.0
725.0
705.0
688.0
663.0
721.0
705.0
715.0
691.0
683.0
733.0
735.0
656.0
746.0
722.0
624.0
