816.0
742.0
739.0
714.0
809.0
850.0
747.0
805.0
762.0
834.0
730.0
765.0
650.0
714.0
731.0
764.0
781.0
817.0
810.0
809.0
750.0
694.0
750.0
737.0
754.0
762.0
722.0
856.0
608.0
724.0
751.0
635.0
797.0
778.0
905.0
747.0
729.0
808.0
706.0
733.0
599.0
734.0
717.0
699.0
740.0
884.0
829.0
911.0
804.0
833.0
748.0
819.0
934.0
732.0
840.0
746.0
770.0
858.0
746.0
735.0
716.0
765.0
838.0
725.0
730.0
765.0
734.0
858.0
704.0
611.0
976.0
728.0
623.0
716.0
750.0
809.0
722.0
644.0
814.0
558.0
584.0
747.0
764.0
777.0
765.0
683.0
746.0
757.0
708.0
773.0
566.0
746.0
608.0
727.0
736.0
787.0
740.0
722.0
714.0
765.0
766.0
756.0
750.0
795.0
702.0
829.0
778.0
726.0
754.0
765.0
800.0
664.0
706.0
746.0
725.0
723.0
728.0
614.0
761.0
761.0
634.0
770.0
906.0
795.0
715.0
626.0
945.0
708.0
834.0
725.0
789.0
642.0
795.0
754.0
726.0
785.0
805.0
781.0
853.0
751.0
723.0
887.0
789.0
821.0
773.0
727.0
747.0
778.0
769.0
740.0
785.0
853.0
733.0
767.0
736.0
752.0
815.0
784.0
749.0
827.0
756.0
650.0
672.0
621.0
721.0
765.0
772.0
788.0
766.0
778.0
722.0
762.0
733.0
590.0
730.0
749.0
699.0
708.0
702.0
772.0
754.0
845.0
733.0
585.0
801.0
624.0
728.0
728.0
918.0
790.0
742.0
834.0
723.0
733.0
736.0
760.0
852.0
726.0
609.0
776.0
855.0
741.0
756.0
725.0
765.0
743.0
817.0
742.0
725.0
738.0
854.0
724.0
751.0
726.0
718.0
606.0
860.0
584.0
731.0
774.0
742.0
560.0
757.0
788.0
767.0
765.0
740.0
727.0
728.0
745.0
756.0
773.0
781.0
800.0
850.0
759.0
754.0
689.0
721.0
770.0
733.0
829.0
735.0
780.0
808.0
787.0
715.0
866.0
814.0
789.0
746.0
729.0
753.0
708.0
746.0
733.0
809.0
571.0
794.0
766.0
765.0
821.0
562.0
738.0
880.0
696.0
564.0
817.0
802.0
760.0
665.0
727.0
594.0
762.0
610.0
578.0
745.0
626.0
781.0
752.0
786.0
680.0
757.0
801.0
766.0
637.0
902.0
748.0
598.0
768.0
609.0
854.0
820.0
843.0
599.0
773.0
754.0
749.0
761.0
695.0
745.0
723.0
692.0
654.0
727.0
696.0
697.0
887.0
714.0
567.0
746.0
690.0
762.0
820.0
724.0
720.0
724.0
744.0
733.0
921.0
738.0
724.0
777.0
667.0
689.0
861.0
699.0
713.0
760.0
759.0
760.0
586.0
895.0
854.0
774.0
779.0
758.0
634.0
751.0
731.0
725.0
652.0
779.0
722.0
757.0
747.0
906.0
705.0
898.0
664.0
720.0
814.0
908.0
794.0
745.0
699.0
725.0
833.0
757.0
697.0
722.0
793.0
766.0
733.0
765.0
819.0
733.0
750.0
685.0
635.0
765.0
765.0
780.0
845.0
741.0
724.0
802.0
714.0
873.0
775.0
794.0
767.0
827.0
765.0
741.0
792.0
852.0
858.0
924.0
816.0
1154.0
785.0
899.0
788.0
568.0
791.0
616.0
715.0
764.0
733.0
962.0
752.0
732.0
740.0
773.0
732.0
717.0
649.0
755.0
760.0
784.0
828.0
740.0
750.0
766.0
774.0
872.0
774.0
855.0
704.0
751.0
799.0
800.0
734.0
763.0
740.0
797.0
802.0
747.0
781.0
782.0
760.0
605.0
741.0
830.0
779.0
836.0
743.0
811.0
741.0
722.0
818.0
747.0
757.0
715.0
652.0
800.0
730.0
771.0
738.0
619.0
746.0
705.0
747.0
817.0
769.0
797.0
618.0
778.0
741.0
854.0
752.0
752.0
755.0
785.0
702.0
742.0
695.0
781.0
788.0
777.0
741.0
701.0
766.0
713.0
736.0
752.0
739.0
716.0
703.0
765.0
794.0
779.0
627.0
789.0
737.0
776.0
749.0
725.0
562.0
808.0
794.0
695.0
746.0
778.0
838.0
757.0
770.0
732.0
753.0
812.0
811.0
712.0
782.0
755.0
688.0
713.0
800.0
729.0
738.0
634.0
765.0
730.0
738.0
711.0
763.0
808.0
796.0
725.0
678.0
747.0
753.0
818.0
765.0
724.0
786.0
610.0
811.0
757.0
740.0
761.0
762.0
751.0
774.0
630.0
871.0
886.0
602.0
714.0
718.0
754.0
781.0
764.0
915.0
821.0
786.0
833.0
667.0
873.0
793.0
728.0
750.0
749.0
587.0
730.0
771.0
812.0
592.0
577.0
739.0
806.0
764.0
717.0
727.0
794.0
748.0
661.0
709.0
850.0
676.0
614.0
781.0
692.0
731.0
788.0
778.0
754.0
902.0
715.0
688.0
822.0
729.0
774.0
765.0
722.0
790.0
788.0
1035.0
715.0
804.0
635.0
754.0
592.0
826.0
770.0
741.0
829.0
785.0
573.0
738.0
880.0
726.0
768.0
914.0
559.0
721.0
762.0
833.0
646.0
740.0
737.0
827.0
755.0
888.0
750.0
809.0
950.0
626.0
769.0
879.0
763.0
716.0
698.0
770.0
711.0
785.0
656.0
721.0
