1.1588214848855438
1.086033890222724
0.8175165083504622
0.9072627056893039
0.7238396831862248
1.031443194225609
0.749346615595237
0.6346675193927438
0.4580880571412249
0.4625213729029539
0.809394828002804
0.7972123074813168
2.462393650060112
0.8922224672392294
1.2728812538778473
0.8671554031557719
1.0253775613370406
1.0799682573341558
0.8922224672392294
0.7457027681082352
0.8296990288719495
0.7566343105692404
0.7420589206212335
1.3393051239963203
1.1284933204427023
1.1102964217769973
0.7384150731342317
0.6632837764815906
0.8012731476551459
0.4226215310473926
1.049640092891314
1.4828379876642823
0.9323297697727613
1.1527558519969756
1.1709527506626805
0.7129081407252196
0.6537450241186417
0.9473700082228359
0.4979878989967862
3.6014191909082665
1.031443194225609
0.6664633606025736
0.8134556681766332
0.8621419903390803
0.7165519882122214
0.7850297869598296
1.1770183835512489
0.6601041923606076
1.5356195804004482
0.7056204457512162
0.8256381886981204
0.7687864262645132
0.9122761185059954
1.043574460002746
1.0617713586684505
1.1345589533312708
1.0025175492064422
0.8337598690457785
0.8922224672392294
0.6473858558766757
0.4580880571412249
0.7457027681082352
0.8012731476551459
1.9240579459349343
0.8420883390723144
0.8721688159724634
0.7647255860906842
0.8471017518890059
0.6092308464248799
0.7769081066121715
0.6537450241186417
0.8671554031557719
0.7890906271336587
0.9172895313226869
0.6874012083162075
0.7420589206212335
2.417532341383014
1.6096757168891656
0.8134556681766332
0.7092642932382179
2.462393650060112
0.3960231272111518
0.6946889032902109
0.7931514673074876
0.7972123074813168
0.4580880571412249
1.6744748363167932
1.1648871177741122
0.5769659977867958
0.409967168661929
0.7311273781602283
1.744612711226541
1.1102964217769973
1.4148440513328013
0.9423565954061444
0.6946889032902109
0.5821318454526436
0.7056204457512162
0.8012731476551459
0.809394828002804
1.2655008238646834
0.6728258183682007
2.462393650060112
0.7647255860906842
0.8872090544225377
0.8134556681766332
0.6983327507772128
0.8521151647056974
0.3611630235842088
0.9724370723062933
0.8521151647056974
0.7850297869598296
0.9874773107563677
1.2950225439173382
0.7311273781602283
0.6569246082396246
1.1345589533312708
0.7019765982642144
0.5769659977867958
0.8296990288719495
0.877182228789155
0.7529904630822386
0.8337598690457785
0.8175165083504622
0.7850297869598296
0.7890906271336587
0.7647255860906842
1.5263625633393585
1.3171638339568292
2.3726710327059157
0.6728258183682007
0.7931514673074876
1.0025175492064422
0.7092642932382179
1.0025175492064422
0.6764696658552024
1.5263625633393585
1.2138378137725379
0.749346615595237
1.346850115001321
2.522208728296243
0.8420883390723144
0.9924907235730592
0.6946889032902109
0.6505654399976587
1.0557057257798823
2.402578571823981
0.8378207092196076
0.7092642932382179
1.235979103812029
0.7769081066121715
0.9523834210395272
0.36290602876555594
2.208179567556556
0.7165519882122214
1.655960802194614
0.9373431825894528
2.5820238065323737
0.7850297869598296
0.7606647459168551
0.8053339878289749
1.067836991557019
0.7311273781602283
0.749346615595237
0.680113513342204
1.1648871177741122
0.7092642932382179
0.7238396831862248
0.9724370723062933
1.1990769537462105
1.1588214848855438
1.1284933204427023
0.8872090544225377
1.7296589416675083
0.7687864262645132
0.9624102466729103
0.8215773485242913
0.7238396831862248
0.9122761185059954
1.2138378137725379
0.43370482045171527
0.7850297869598296
0.7165519882122214
0.6283083511507779
0.8821956416058465
0.6874012083162075
0.35070499249612597
0.7647255860906842
0.8296990288719495
1.6374467680724347
0.8053339878289749
0.8821956416058465
0.6060512623038969
0.9323297697727613
0.6314879352717607
1.049640092891314
0.9874773107563677
0.7056204457512162
1.122427687554134
1.3978455672499313
1.3171638339568292
0.7529904630822386
1.235979103812029
0.8621419903390803
0.6505654399976587
0.7311273781602283
1.1588214848855438
0.8420883390723144
1.0557057257798823
0.599692094061931
0.6442062717556928
1.235979103812029
0.6632837764815906
0.7687864262645132
0.9924907235730592
0.8571285775223889
1.474338745622847
0.8420883390723144
1.2802616838910108
0.8471017518890059
1.184316093719883
0.8521151647056974
0.8872090544225377
1.0025175492064422
0.7850297869598296
0.9874773107563677
2.8810991977130285
0.7056204457512162
0.46473803078381853
0.7687864262645132
0.7092642932382179
0.5356392164600144
0.6946889032902109
0.7238396831862248
0.7019765982642144
1.1588214848855438
0.6910450558032093
0.6314879352717607
1.043574460002746
0.7529904630822386
0.8378207092196076
0.7457027681082352
0.8721688159724634
0.7092642932382179
0.6728258183682007
0.9072627056893039
0.6537450241186417
2.2829484153517194
1.1102964217769973
0.7890906271336587
0.7647255860906842
1.0981651559998606
0.8337598690457785
0.9323297697727613
1.4828379876642823
0.6728258183682007
0.7201958356992232
0.809394828002804
0.7566343105692404
0.7728472664383423
1.067836991557019
1.1770183835512489
0.4891212674733282
0.749346615595237
0.8621419903390803
0.6442062717556928
0.4625213729029539
0.6983327507772128
0.9423565954061444
1.2507399638383563
1.049640092891314
0.7566343105692404
0.9273163569560697
0.6473858558766757
0.6874012083162075
0.8296990288719495
0.6537450241186417
1.5911616827669863
1.8791966372578357
0.9323297697727613
0.5408050641258622
0.6569246082396246
0.9423565954061444
0.5356392164600144
0.5872976931184912
0.7850297869598296
0.4935545832350572
1.067836991557019
0.9774504851229849
1.1102964217769973
0.4082241634805819
0.8521151647056974
1.6281897510113452
0.6946889032902109
0.6410266876347098
0.409967168661929
0.9072627056893039
1.0557057257798823
0.43370482045171527
0.7420589206212335
0.7850297869598296
0.9122761185059954
0.5227245972953953
1.0375088271141775
0.7687864262645132
0.6874012083162075
0.6696429447235566
0.6728258183682007
0.7850297869598296
0.8621419903390803
0.6910450558032093
0.7238396831862248
0.809394828002804
0.8521151647056974
0.7129081407252196
0.749346615595237
0.7647255860906842
0.7384150731342317
0.680113513342204
0.4580880571412249
1.1588214848855438
1.6744748363167932
0.749346615595237
0.6442062717556928
0.7931514673074876
1.031443194225609
1.8642428676988032
0.8012731476551459
0.8471017518890059
1.2138378137725379
0.6664633606025736
0.8621419903390803
2.3726710327059157
0.8721688159724634
0.5227245972953953
0.8922224672392294
0.7972123074813168
0.6946889032902109
0.7769081066121715
0.7850297869598296
0.5459709117917099
0.7457027681082352
0.8621419903390803
0.8721688159724634
0.40299514793654045
2.0885494110842937
0.7311273781602283
1.2433595338251926
0.9072627056893039
2.4474398805010793
0.7056204457512162
1.1709527506626805
0.8012731476551459
0.6837573608292058
0.7384150731342317
0.6874012083162075
0.7165519882122214
0.9323297697727613
0.6410266876347098
0.45365474137949585
0.7890906271336587
0.4082241634805819
0.6378471035137268
0.47138800442641204
0.7972123074813168
0.749346615595237
0.7529904630822386
0.7647255860906842
0.9423565954061444
0.593332925819965
0.599692094061931
0.6092308464248799
0.6837573608292058
0.6983327507772128
0.612410430545863
2.462393650060112
0.7566343105692404
0.7606647459168551
0.7019765982642144
0.6910450558032093
0.7165519882122214
0.6946889032902109
1.228598673798865
0.47803797806900555
1.0375088271141775
0.7165519882122214
0.7347712256472301
0.8922224672392294
0.8175165083504622
0.8721688159724634
0.7850297869598296
0.8872090544225377
0.5640513786221767
0.9874773107563677
0.6442062717556928
0.8337598690457785
0.7201958356992232
0.8256381886981204
0.7606647459168551
0.7056204457512162
0.6092308464248799
1.3808470831670614
1.2655008238646834
0.7019765982642144
1.5633906315837174
0.7457027681082352
0.6155900146668459
1.2802616838910108
0.7201958356992232
0.9373431825894528
0.9273163569560697
0.7687864262645132
1.8941504068168689
0.7092642932382179
1.086033890222724
0.6728258183682007
2.417532341383014
0.7238396831862248
1.0617713586684505
0.7274835306732266
0.7809689467860004
0.40299514793654045
0.6505654399976587
0.7347712256472301
0.6837573608292058
0.9674236594896019
0.6764696658552024
0.6632837764815906
0.6505654399976587
0.8671554031557719
0.8922224672392294
0.7931514673074876
0.6764696658552024
0.9724370723062933
0.8621419903390803
0.5769659977867958
1.228598673798865
0.7809689467860004
0.7056204457512162
0.6537450241186417
0.6983327507772128
0.7972123074813168
0.7529904630822386
0.6378471035137268
0.8378207092196076
1.1588214848855438
0.7566343105692404
0.7972123074813168
0.7972123074813168
0.8721688159724634
0.9523834210395272
0.9273163569560697
0.5872976931184912
1.235979103812029
0.8053339878289749
0.8972358800559208
0.8571285775223889
1.4318425354156719
1.0799682573341558
1.031443194225609
0.7931514673074876
0.7274835306732266
0.8012731476551459
1.0739026244455872
0.8134556681766332
0.6569246082396246
0.9573968338562188
0.8378207092196076
0.7566343105692404
1.6652178192557034
0.9423565954061444
0.8296990288719495
0.8621419903390803
0.7850297869598296
0.6410266876347098
0.596512509940948
0.7890906271336587
1.1916965237330466
0.8215773485242913
0.4625213729029539
0.8872090544225377
0.37162105467229173
0.47360466230727655
0.8821956416058465
0.7347712256472301
0.7420589206212335
2.1633182588794577
0.7165519882122214
0.9122761185059954
1.2138378137725379
0.7092642932382179
0.8175165083504622
1.1284933204427023
0.8337598690457785
0.9975041363897508
0.6155900146668459
0.6764696658552024
0.8296990288719495
0.7647255860906842
0.8256381886981204
0.7165519882122214
1.0193119284484722
0.7728472664383423
0.7647255860906842
0.7420589206212335
0.7056204457512162
1.5083357137885876
0.6728258183682007
0.7566343105692404
0.7165519882122214
0.9122761185059954
0.9473700082228359
0.7769081066121715
0.37859307539768033
2.7614690412407668
0.6346675193927438
0.7384150731342317
1.0025175492064422
1.0799682573341558
0.4082241634805819
0.9323297697727613
0.49577124111592175
0.8571285775223889
