0.9999915087235935
0.8151323431135532
0.6175021929196727
1.0900780101751382
0.8109915257821894
0.716873841977209
0.7388320665202899
0.8883436010756863
1.040698193661377
1.753552836658087
0.6985753215246416
0.8234139777762809
0.8109915257821894
7.559885021553963
1.1147679184320192
1.2757154336401908
0.7820058044626422
0.5711816010227596
0.5580039137773821
0.7820058044626422
1.5253589733451915
0.7058947297056685
0.8027098911194617
0.9174691422012273
2.301339123076536
0.753470882882344
0.9805744813065663
0.5869948257172127
0.6667735221031221
0.6985753215246416
1.8275780104984178
1.3468893675988243
0.7654425351371869
0.6985753215246416
0.5990254444758791
1.5350479134373574
0.9174691422012273
0.9029063716384569
0.6729573928910472
0.7613017178058228
1.3112006657077016
0.709554433796182
1.4227310509655577
0.6766170969815606
0.7388320665202899
3.115616035320176
1.15180278081734
0.7498111787918305
0.7351723624297765
0.6513762317332942
0.9223233990554842
0.7461514747013169
0.8399772471017365
0.9417404264725115
0.9757202244523094
0.5030252766421816
0.8543638030958884
0.49661521566657185
0.8399772471017365
1.2260361087456761
2.6862700270462563
0.7902874391253699
1.3805967824284835
0.7022350256151552
0.6875962092531012
0.9126148853469704
0.49875190265844166
0.8980521147842001
0.9563031970352822
1.6803820148198458
0.7654425351371869
1.2757154336401908
0.7944282564567339
1.6416262544511822
0.7351723624297765
0.7388320665202899
1.0962504872393586
1.14563030375312
0.709554433796182
0.9465946833267683
0.9126148853469704
0.9223233990554842
0.8316956124390088
1.0653881019182574
0.716873841977209
1.1976479230916675
1.1905508766781654
0.9126148853469704
0.9077606284927138
0.9854287381608232
0.757160900474459
1.325394758534706
1.4817190269174612
0.7944282564567339
0.7132141378866955
0.8689265736586589
1.046870670725597
0.8316956124390088
0.7351723624297765
0.4538814758291735
0.8275547951076448
0.8786350873671726
0.8275547951076448
0.8275547951076448
1.5447368535295234
0.8446552893873748
0.6636940640291565
0.8834893442214294
0.8109915257821894
0.9951372518693368
0.629820025215535
1.3721699287210685
1.0345257165971569
0.716873841977209
0.5474617639810799
1.7239427671219543
1.1271128725604593
0.6606146059551908
0.7820058044626422
0.7351723624297765
0.8068507084508255
1.4817190269174612
0.7985690737880977
0.7902874391253699
0.9077606284927138
0.6912559133436146
0.8151323431135532
0.8151323431135532
0.5105642396940228
0.8399772471017365
0.8834893442214294
0.9223233990554842
0.6802768010720742
0.6912559133436146
0.7737241697999145
1.7239427671219543
0.6875962092531012
0.6667735221031221
0.819273160444917
0.757160900474459
1.1271128725604593
0.7902874391253699
0.4538814758291735
0.8980521147842001
0.6698529801770876
0.6236611090676039
0.9854287381608232
1.046870670725597
0.7424917706108034
0.8543638030958884
0.8446552893873748
1.0962504872393586
1.0048457655778504
0.5052931647958717
0.8737808305129157
0.8316956124390088
0.7058947297056685
0.9951372518693368
1.15180278081734
0.7461514747013169
1.0592156248540374
0.7205335460677226
0.7902874391253699
0.6985753215246416
0.6606146059551908
0.536919614184778
0.7058947297056685
0.8399772471017365
0.8883436010756863
0.7388320665202899
2.553024714133661
0.8446552893873748
0.864072316804402
1.4817190269174612
0.716873841977209
1.15180278081734
0.7902874391253699
1.2970065728806974
0.6766170969815606
0.9805744813065663
0.9805744813065663
0.7132141378866955
2.1977038797000725
0.8234139777762809
0.7944282564567339
0.7944282564567339
0.716873841977209
0.9320319127639979
0.8027098911194617
0.6766170969815606
0.9417404264725115
1.5834926138981869
1.1834538302646633
1.0160082854044963
0.7058947297056685
0.9029063716384569
0.6912559133436146
0.753470882882344
0.6667735221031221
0.7498111787918305
0.8316956124390088
0.5500973014301556
1.0715605789824776
0.9854287381608232
0.645217315585363
1.14563030375312
0.6802768010720742
0.8068507084508255
0.7498111787918305
4.757151116274679
0.7654425351371869
0.8068507084508255
0.731512658339263
1.0160082854044963
0.9514489401810253
0.6359789413634662
1.5156700332530255
1.1703202120100007
0.4752483457478726
0.7351723624297765
0.8275547951076448
0.9951372518693368
2.0644585667874766
0.9126148853469704
1.1271128725604593
0.757160900474459
2.390169331684933
0.7985690737880977
0.8592180599501453
0.7058947297056685
0.8399772471017365
1.077733056046698
0.7278529542487495
0.8399772471017365
1.1905508766781654
2.094068636323609
0.6985753215246416
0.6698529801770876
0.7654425351371869
0.9563031970352822
0.7861466217940062
0.4880684676990921
0.7461514747013169
0.7461514747013169
2.553024714133661
1.0345257165971569
0.9126148853469704
0.7424917706108034
0.8980521147842001
0.8737808305129157
0.8689265736586589
1.053043147789817
0.8151323431135532
0.9465946833267683
0.9223233990554842
0.8027098911194617
0.9854287381608232
0.5764526759209107
0.7424917706108034
1.3805967824284835
0.8980521147842001
0.9951372518693368
0.7985690737880977
0.7695833524685507
0.7132141378866955
0.753470882882344
0.9757202244523094
1.709137732353888
0.5711816010227596
0.9320319127639979
1.3721699287210685
0.8495095462416316
0.8399772471017365
1.2544242943996846
0.7944282564567339
0.6766170969815606
0.757160900474459
0.7022350256151552
0.9368861696182547
0.8786350873671726
0.6912559133436146
0.757160900474459
1.0283532395329364
0.7058947297056685
1.709137732353888
1.3468893675988243
3.308081487305037
1.456438465795217
0.8027098911194617
0.7737241697999145
0.9854287381608232
0.8834893442214294
0.7498111787918305
0.8495095462416316
0.6839365051625876
0.7132141378866955
0.716873841977209
1.3805967824284835
0.6144227348457072
0.6802768010720742
0.819273160444917
0.8027098911194617
0.7424917706108034
0.7461514747013169
1.046870670725597
0.7205335460677226
1.040698193661377
1.5156700332530255
0.6082638186977759
0.5580039137773821
0.6698529801770876
0.7278529542487495
0.9077606284927138
0.8234139777762809
0.8543638030958884
0.9320319127639979
0.7278529542487495
1.040698193661377
0.8358364297703726
1.7831629061942191
0.8592180599501453
0.6236611090676039
1.0715605789824776
0.6667735221031221
0.8737808305129157
1.753552836658087
0.8399772471017365
0.645217315585363
0.8109915257821894
0.8446552893873748
1.1905508766781654
1.046870670725597
0.8275547951076448
0.6985753215246416
0.9417404264725115
0.9611574538895391
0.8883436010756863
0.7695833524685507
1.325394758534706
0.8543638030958884
0.7132141378866955
0.8109915257821894
0.7613017178058228
0.819273160444917
0.6802768010720742
0.8151323431135532
0.7654425351371869
0.6575351478812252
0.7902874391253699
0.9805744813065663
0.8931978579299432
0.6875962092531012
0.6636940640291565
0.7058947297056685
0.7022350256151552
2.9971757571756465
0.6267405671415694
0.7778649871312784
0.7424917706108034
0.8275547951076448
0.7278529542487495
0.9805744813065663
1.5156700332530255
0.7461514747013169
1.661004134635514
1.0283532395329364
0.7778649871312784
0.8786350873671726
0.8980521147842001
0.7902874391253699
3.263666383000838
0.9660117107437958
0.9417404264725115
0.7654425351371869
0.7944282564567339
0.7861466217940062
0.8446552893873748
0.7902874391253699
0.7985690737880977
2.1680938101639398
0.6802768010720742
1.0048457655778504
0.8109915257821894
1.282812480053693
0.7985690737880977
1.0160082854044963
0.9757202244523094
0.7278529542487495
0.7461514747013169
0.6729573928910472
0.8834893442214294
0.9757202244523094
1.1271128725604593
0.7820058044626422
2.1088736710916756
0.7461514747013169
0.8068507084508255
0.645217315585363
1.0048457655778504
0.9611574538895391
0.7654425351371869
0.49875190265844166
0.8592180599501453
0.8399772471017365
0.864072316804402
1.1332853496246795
0.753470882882344
0.9174691422012273
0.9465946833267683
0.9174691422012273
0.8834893442214294
0.6267405671415694
1.3890236361358985
0.9126148853469704
0.9999915087235935
2.6418549227420582
0.7461514747013169
1.14563030375312
0.9320319127639979
0.6698529801770876
0.6144227348457072
0.7388320665202899
0.7205335460677226
1.3041036192941995
0.7388320665202899
0.7737241697999145
1.176492689074221
0.7985690737880977
0.6606146059551908
1.397450489843313
0.6802768010720742
1.6416262544511822
1.0221807624687163
0.7058947297056685
0.8151323431135532
0.7498111787918305
0.9805744813065663
0.6575351478812252
0.7820058044626422
0.7613017178058228
1.1641477349457805
1.1579752578815603
0.7388320665202899
0.6513762317332942
1.2473272479861823
0.6802768010720742
1.0592156248540374
0.8689265736586589
0.629820025215535
0.6985753215246416
0.8689265736586589
1.0839055331109182
1.3182977121212038
0.5030252766421816
1.077733056046698
0.8151323431135532
0.49661521566657185
1.1147679184320192
0.8027098911194617
0.731512658339263
0.8316956124390088
0.6729573928910472
0.9223233990554842
0.8883436010756863
0.6513762317332942
1.0160082854044963
0.8883436010756863
0.7351723624297765
1.3553162213062389
0.6766170969815606
0.6267405671415694
0.6021049025498448
0.6912559133436146
0.7058947297056685
0.7778649871312784
1.2118420159186718
0.7351723624297765
0.724193250158236
0.7424917706108034
0.7058947297056685
1.405877343550728
1.3805967824284835
1.0221807624687163
0.9805744813065663
2.0644585667874766
1.0048457655778504
1.651315194543348
1.2047449695051697
0.5448262265320045
1.9608233234110135
0.7944282564567339
0.7695833524685507
1.2615213408131867
0.7737241697999145
0.9805744813065663
0.7498111787918305
1.2757154336401908
0.6802768010720742
0.753470882882344
0.7654425351371869
1.108595441367799
1.5350479134373574
0.9126148853469704
0.8316956124390088
0.7058947297056685
0.6482967736593286
0.7778649871312784
0.6729573928910472
0.8275547951076448
0.8689265736586589
0.7132141378866955
0.6328994832895007
1.9312132538748812
0.6985753215246416
0.9611574538895391
0.716873841977209
0.8399772471017365
1.0900780101751382
2.2865340883084695
0.731512658339263
0.864072316804402
0.7058947297056685
1.5350479134373574
0.9854287381608232
0.6667735221031221
1.661004134635514
0.7654425351371869
0.6390583994374318
3.3524965916092353
0.6766170969815606
0.8689265736586589
0.6802768010720742
0.5008885896503117
0.7498111787918305
1.2899095264671954
0.7058947297056685
0.9223233990554842
0.5711816010227596
1.4311579046729723
0.7985690737880977
0.9223233990554842
0.7205335460677226
0.7132141378866955
0.6802768010720742
0.5632749886755332
0.6985753215246416
0.9854287381608232
1.046870670725597
0.7737241697999145
0.7351723624297765
0.7351723624297765
0.6766170969815606
0.6359789413634662
0.731512658339263
1.6416262544511822
1.053043147789817
0.5817237508190617
0.8834893442214294
1.1332853496246795
0.7022350256151552
0.9174691422012273
0.8495095462416316
1.046870670725597
0.6766170969815606
0.9805744813065663
1.3805967824284835
1.077733056046698
0.8151323431135532
1.0048457655778504
0.8316956124390088
2.1532887753958736
2.804710305190786
0.6802768010720742
0.8151323431135532
1.218939062332174
0.7944282564567339
0.8495095462416316
0.6766170969815606
0.8109915257821894
0.7205335460677226
0.819273160444917
0.8980521147842001
0.8689265736586589
0.7461514747013169
0.629820025215535
0.6802768010720742
0.753470882882344
0.6390583994374318
1.4395847583803874
0.6267405671415694
0.8027098911194617
0.6359789413634662
0.8316956124390088
0.7388320665202899
2.345754227380734
0.7424917706108034
0.8068507084508255
0.9368861696182547
0.8446552893873748
1.2615213408131867
1.0962504872393586
0.9999915087235935
1.1703202120100007
0.819273160444917
0.9126148853469704
0.9029063716384569
