789.0
757.0
800.0
742.0
737.0
776.0
781.0
673.0
854.0
990.0
803.0
991.0
772.0
784.0
577.0
943.0
869.0
756.0
770.0
766.0
918.0
853.0
761.0
802.0
686.0
737.0
778.0
812.0
947.0
752.0
744.0
754.0
772.0
769.0
728.0
805.0
928.0
848.0
781.0
725.0
749.0
968.0
757.0
1135.0
747.0
745.0
778.0
786.0
794.0
973.0
757.0
762.0
794.0
701.0
779.0
747.0
758.0
955.0
737.0
744.0
762.0
769.0
869.0
859.0
737.0
706.0
746.0
782.0
829.0
765.0
730.0
817.0
913.0
795.0
908.0
796.0
687.0
793.0
717.0
741.0
736.0
779.0
824.0
753.0
778.0
741.0
652.0
606.0
765.0
863.0
725.0
720.0
744.0
789.0
877.0
748.0
747.0
762.0
745.0
747.0
834.0
631.0
759.0
734.0
750.0
778.0
925.0
753.0
850.0
744.0
732.0
772.0
875.0
765.0
860.0
740.0
797.0
750.0
797.0
761.0
648.0
801.0
836.0
829.0
752.0
603.0
812.0
637.0
794.0
842.0
749.0
808.0
704.0
782.0
769.0
802.0
872.0
785.0
641.0
634.0
761.0
733.0
715.0
632.0
753.0
761.0
744.0
746.0
784.0
596.0
713.0
673.0
853.0
881.0
681.0
767.0
749.0
753.0
902.0
764.0
805.0
764.0
747.0
804.0
761.0
797.0
752.0
724.0
758.0
786.0
767.0
880.0
774.0
722.0
603.0
629.0
782.0
774.0
735.0
763.0
814.0
774.0
789.0
737.0
941.0
727.0
637.0
813.0
733.0
828.0
804.0
778.0
754.0
738.0
734.0
717.0
796.0
794.0
773.0
736.0
962.0
758.0
743.0
789.0
577.0
884.0
750.0
812.0
643.0
798.0
749.0
784.0
774.0
836.0
793.0
806.0
788.0
773.0
758.0
726.0
792.0
942.0
826.0
814.0
859.0
791.0
781.0
660.0
731.0
777.0
757.0
734.0
745.0
781.0
823.0
785.0
619.0
738.0
750.0
733.0
864.0
715.0
777.0
750.0
897.0
738.0
733.0
817.0
743.0
904.0
764.0
738.0
739.0
839.0
748.0
664.0
743.0
754.0
794.0
770.0
781.0
734.0
873.0
783.0
787.0
725.0
919.0
842.0
772.0
901.0
746.0
773.0
788.0
874.0
726.0
586.0
791.0
724.0
811.0
722.0
820.0
778.0
592.0
773.0
825.0
776.0
753.0
745.0
764.0
819.0
741.0
893.0
749.0
750.0
797.0
753.0
838.0
718.0
830.0
762.0
786.0
802.0
758.0
784.0
661.0
973.0
791.0
772.0
845.0
753.0
750.0
618.0
770.0
748.0
790.0
736.0
802.0
828.0
661.0
762.0
790.0
861.0
736.0
825.0
769.0
746.0
866.0
797.0
808.0
891.0
747.0
791.0
606.0
586.0
731.0
794.0
756.0
774.0
661.0
771.0
751.0
757.0
752.0
745.0
800.0
753.0
842.0
808.0
745.0
725.0
775.0
814.0
754.0
689.0
770.0
854.0
747.0
898.0
736.0
816.0
813.0
769.0
762.0
833.0
618.0
631.0
762.0
804.0
770.0
744.0
827.0
788.0
748.0
990.0
746.0
731.0
741.0
847.0
932.0
786.0
590.0
749.0
710.0
949.0
910.0
766.0
581.0
748.0
739.0
765.0
677.0
730.0
821.0
802.0
806.0
756.0
754.0
777.0
785.0
592.0
776.0
653.0
757.0
797.0
769.0
837.0
744.0
759.0
775.0
840.0
828.0
739.0
970.0
724.0
730.0
790.0
763.0
770.0
777.0
792.0
882.0
623.0
741.0
948.0
841.0
823.0
781.0
900.0
763.0
871.0
770.0
742.0
761.0
800.0
753.0
741.0
882.0
804.0
777.0
745.0
730.0
742.0
612.0
725.0
765.0
943.0
747.0
744.0
725.0
783.0
613.0
740.0
811.0
800.0
624.0
769.0
760.0
781.0
854.0
939.0
748.0
789.0
750.0
845.0
800.0
795.0
929.0
621.0
796.0
773.0
943.0
738.0
949.0
730.0
753.0
794.0
692.0
772.0
726.0
750.0
600.0
776.0
680.0
788.0
800.0
638.0
734.0
908.0
722.0
762.0
821.0
860.0
806.0
858.0
778.0
628.0
819.0
793.0
746.0
736.0
913.0
742.0
744.0
762.0
821.0
760.0
742.0
770.0
741.0
733.0
679.0
909.0
762.0
859.0
925.0
706.0
772.0
834.0
784.0
576.0
739.0
732.0
913.0
805.0
830.0
773.0
931.0
766.0
770.0
739.0
810.0
682.0
764.0
770.0
757.0
838.0
746.0
777.0
780.0
728.0
684.0
759.0
876.0
743.0
753.0
620.0
780.0
749.0
754.0
778.0
778.0
769.0
742.0
740.0
731.0
761.0
769.0
729.0
753.0
761.0
577.0
746.0
802.0
781.0
888.0
818.0
749.0
892.0
583.0
738.0
733.0
812.0
824.0
818.0
774.0
777.0
758.0
614.0
826.0
588.0
680.0
702.0
766.0
756.0
742.0
762.0
851.0
670.0
931.0
610.0
710.0
746.0
770.0
763.0
725.0
720.0
779.0
888.0
777.0
761.0
768.0
850.0
762.0
859.0
608.0
621.0
765.0
793.0
741.0
822.0
778.0
759.0
833.0
804.0
762.0
834.0
689.0
770.0
856.0
786.0
773.0
725.0
651.0
814.0
726.0
775.0
823.0
796.0
827.0
