786.0
708.0
606.0
857.0
815.0
768.0
720.0
780.0
795.0
809.0
748.0
726.0
738.0
826.0
654.0
763.0
745.0
753.0
683.0
744.0
749.0
742.0
702.0
770.0
724.0
734.0
746.0
718.0
600.0
722.0
659.0
714.0
673.0
724.0
613.0
733.0
749.0
837.0
817.0
771.0
773.0
739.0
760.0
725.0
666.0
750.0
760.0
780.0
749.0
756.0
761.0
769.0
807.0
776.0
728.0
744.0
794.0
761.0
868.0
889.0
756.0
822.0
774.0
789.0
686.0
744.0
902.0
803.0
754.0
881.0
771.0
749.0
826.0
758.0
798.0
793.0
779.0
628.0
701.0
732.0
812.0
753.0
815.0
802.0
887.0
718.0
702.0
727.0
741.0
734.0
765.0
730.0
746.0
737.0
741.0
757.0
785.0
741.0
770.0
752.0
740.0
746.0
742.0
758.0
739.0
603.0
769.0
722.0
875.0
776.0
752.0
797.0
905.0
758.0
721.0
861.0
744.0
720.0
753.0
595.0
609.0
789.0
724.0
727.0
695.0
728.0
757.0
754.0
744.0
898.0
805.0
781.0
697.0
730.0
817.0
813.0
740.0
750.0
642.0
642.0
807.0
734.0
750.0
593.0
716.0
752.0
686.0
717.0
946.0
729.0
683.0
745.0
725.0
794.0
751.0
736.0
847.0
855.0
725.0
729.0
736.0
719.0
640.0
725.0
709.0
774.0
777.0
736.0
834.0
776.0
746.0
752.0
748.0
942.0
738.0
716.0
740.0
714.0
772.0
764.0
811.0
723.0
757.0
774.0
761.0
782.0
767.0
734.0
843.0
819.0
780.0
957.0
728.0
765.0
706.0
770.0
837.0
741.0
779.0
739.0
729.0
731.0
799.0
842.0
815.0
781.0
715.0
740.0
821.0
745.0
724.0
813.0
741.0
753.0
857.0
820.0
792.0
800.0
731.0
741.0
733.0
742.0
767.0
714.0
789.0
710.0
821.0
733.0
785.0
730.0
747.0
717.0
734.0
742.0
597.0
751.0
866.0
746.0
720.0
767.0
739.0
803.0
719.0
793.0
747.0
846.0
782.0
764.0
613.0
726.0
723.0
709.0
734.0
650.0
753.0
785.0
806.0
714.0
767.0
792.0
724.0
833.0
754.0
749.0
752.0
806.0
701.0
843.0
771.0
815.0
789.0
901.0
772.0
757.0
853.0
741.0
797.0
801.0
901.0
789.0
730.0
741.0
804.0
709.0
729.0
738.0
732.0
645.0
927.0
713.0
785.0
746.0
799.0
753.0
695.0
733.0
775.0
817.0
780.0
733.0
770.0
821.0
710.0
661.0
830.0
779.0
653.0
921.0
758.0
768.0
715.0
708.0
766.0
757.0
750.0
709.0
746.0
1164.0
882.0
757.0
695.0
801.0
795.0
834.0
736.0
753.0
777.0
718.0
754.0
715.0
722.0
843.0
749.0
747.0
828.0
766.0
778.0
749.0
706.0
701.0
869.0
724.0
799.0
871.0
775.0
674.0
923.0
723.0
767.0
750.0
830.0
741.0
744.0
756.0
859.0
736.0
718.0
787.0
761.0
677.0
751.0
751.0
757.0
791.0
794.0
753.0
739.0
748.0
756.0
720.0
727.0
766.0
848.0
759.0
749.0
725.0
756.0
726.0
610.0
730.0
872.0
811.0
717.0
742.0
702.0
913.0
748.0
759.0
730.0
729.0
788.0
859.0
736.0
732.0
638.0
672.0
692.0
723.0
802.0
776.0
727.0
680.0
765.0
834.0
740.0
731.0
802.0
766.0
900.0
841.0
764.0
827.0
714.0
809.0
647.0
765.0
731.0
782.0
736.0
777.0
750.0
826.0
749.0
730.0
737.0
722.0
776.0
715.0
766.0
787.0
801.0
788.0
772.0
709.0
794.0
747.0
736.0
758.0
746.0
717.0
746.0
734.0
924.0
721.0
698.0
730.0
767.0
758.0
718.0
791.0
731.0
718.0
775.0
790.0
773.0
741.0
687.0
742.0
792.0
730.0
734.0
690.0
848.0
713.0
792.0
760.0
637.0
757.0
706.0
731.0
786.0
731.0
654.0
902.0
614.0
740.0
717.0
748.0
732.0
739.0
723.0
773.0
803.0
798.0
742.0
724.0
782.0
736.0
633.0
826.0
790.0
778.0
663.0
734.0
762.0
928.0
827.0
746.0
764.0
738.0
729.0
661.0
765.0
729.0
723.0
719.0
759.0
943.0
818.0
725.0
794.0
733.0
672.0
741.0
731.0
818.0
743.0
755.0
749.0
732.0
813.0
753.0
763.0
786.0
830.0
724.0
758.0
861.0
722.0
738.0
802.0
762.0
717.0
764.0
746.0
766.0
757.0
746.0
808.0
778.0
737.0
693.0
810.0
759.0
807.0
719.0
726.0
810.0
842.0
846.0
762.0
732.0
851.0
729.0
680.0
771.0
718.0
802.0
719.0
756.0
749.0
704.0
746.0
784.0
727.0
849.0
594.0
722.0
724.0
778.0
792.0
646.0
776.0
868.0
831.0
744.0
908.0
774.0
687.0
744.0
731.0
738.0
750.0
738.0
731.0
733.0
726.0
751.0
744.0
764.0
698.0
823.0
726.0
745.0
701.0
644.0
622.0
739.0
685.0
701.0
770.0
795.0
1002.0
855.0
727.0
755.0
1066.0
815.0
833.0
738.0
740.0
877.0
814.0
660.0
748.0
776.0
713.0
786.0
713.0
735.0
643.0
657.0
707.0
854.0
930.0
738.0
