0.623102442804528
0.8051691078513354
0.5617635401435748
0.6587032243089238
0.8913927661565939
0.8499074277077039
1.0772823257167754
0.8683453559072105
0.6587032243089238
0.6789600639986972
0.5929787046085008
0.7624606863532398
0.7695787566029224
0.6723958325798455
1.3601854480827729
1.1684476373698918
0.7354922901750516
0.8300823537252245
0.7055634645522758
0.8499074277077039
0.6587032243089238
0.41266129066605584
0.822964283475542
0.7354922901750516
0.8452979456578272
0.7221905898982623
0.6504876593463711
0.7802558619774463
0.7487939904518409
0.822964283475542
0.6094098345336065
0.6696573109256612
0.7354922901750516
0.5546982923138352
0.5146618879453108
0.5570533749237484
2.166107619742351
0.6011942695710536
0.7088888896214731
0.8194052483507006
0.42438477795145324
0.7487939904518409
0.8051691078513354
0.9789729251042508
0.8372004239749072
0.7660197214780812
0.5929787046085008
0.564118622753488
0.6367950510754495
0.6477491376921868
0.6258409644587124
0.6258409644587124
0.7944920024768115
1.2055491513267738
0.517016970555224
0.8372004239749072
1.1922474510499845
0.9236591405057306
1.6839618375965686
0.575894035803054
0.6450106160380024
0.7454685653826436
0.5806042010228804
0.6367950510754495
0.8960022482064706
0.6587032243089238
0.6822854890678945
0.8087281429761769
0.6285794861128966
0.5287923836047901
0.6176253994961594
0.8637358738573337
0.6258409644587124
0.6922617642754865
0.6504876593463711
0.7255160149674597
0.6532261810005554
0.623102442804528
0.6422720943838182
0.6395335727296338
0.7944920024768115
0.6477491376921868
0.9928013712538809
0.5382127140444428
0.8300823537252245
0.7421431403134462
1.153253418761039
0.7487939904518409
0.9374875866553607
0.6955871893446839
1.0570233675716383
0.564118622753488
0.7731377917277636
0.8158462132258594
0.6450106160380024
1.1329944606159021
0.7660197214780812
0.6955871893446839
0.8452979456578272
0.623102442804528
0.7321668651058543
0.4499889934081277
0.7660197214780812
0.6121483561877908
0.5929787046085008
0.905221212306224
0.8545169097575807
0.8637358738573337
0.623102442804528
0.6641802676172925
0.6367950510754495
0.7022380394830785
0.5311474662147033
0.5735389531931407
0.7155397397598677
1.1076707629344809
0.7354922901750516
0.8913927661565939
0.9144401764059773
0.5829592836327936
0.7255160149674597
0.4421107732676125
0.6039327912252379
0.6559647026547396
0.6955871893446839
0.8300823537252245
0.6367950510754495
0.8499074277077039
0.6258409644587124
0.6395335727296338
0.6450106160380024
0.39239247346175476
0.6176253994961594
0.6395335727296338
1.0570233675716383
1.0924765443256281
1.1583181582973234
0.6504876593463711
0.9144401764059773
0.9651444789546209
0.7660197214780812
0.8158462132258594
0.575894035803054
0.623102442804528
0.5929787046085008
0.575894035803054
0.7321668651058543
0.8775643200069638
0.564118622753488
0.7454685653826436
0.919049658455854
1.1127355024707648
0.7521194155210382
0.6504876593463711
1.1922474510499845
0.6450106160380024
0.6989126144138812
1.0266349303539328
0.614886877841975
0.6789600639986972
0.728841440036657
0.5735389531931407
0.8372004239749072
0.7221905898982623
0.7909329673519702
0.5617635401435748
1.3977300909399155
1.1922474510499845
0.5523432097039219
0.5876694488526198
0.9006117302563473
0.6822854890678945
0.3970698928165935
1.9594737131084443
0.9651444789546209
1.551252648875201
0.9098306943561006
0.623102442804528
0.4204569895907871
0.776696826852605
0.6367950510754495
0.8499074277077039
0.6066713128794222
0.6789600639986972
0.8499074277077039
0.6121483561877908
0.5735389531931407
0.6614417459631082
0.6066713128794222
0.7088888896214731
0.6723958325798455
0.5476330444840956
1.0266349303539328
0.6922617642754865
0.6989126144138812
0.6723958325798455
0.6066713128794222
0.6066713128794222
0.6395335727296338
0.3892741938918623
0.7695787566029224
0.6340565294212651
0.6989126144138812
0.5829592836327936
0.7155397397598677
1.0418291489627856
0.5476330444840956
1.5924781390712794
0.5853143662427067
0.6367950510754495
0.9467065507551141
0.575894035803054
0.6614417459631082
0.7354922901750516
0.7155397397598677
0.6367950510754495
0.614886877841975
0.7354922901750516
0.6856109141370919
0.614886877841975
0.6039327912252379
1.1178002420070492
0.6313180077670809
0.5876694488526198
1.1735123769061762
0.6723958325798455
3.502862417960667
0.7122143146906704
0.6121483561877908
0.9605349969047442
0.40642473152627095
0.7354922901750516
0.7055634645522758
0.6587032243089238
0.5902401829543165
0.42635433298658204
0.7521194155210382
0.8158462132258594
0.5806042010228804
0.575894035803054
0.7554448405902355
0.7088888896214731
0.39551075303164723
0.6696573109256612
1.0266349303539328
0.7221905898982623
0.6203639211503437
0.7221905898982623
0.8407594590997485
0.5806042010228804
0.6039327912252379
0.6856109141370919
0.6395335727296338
1.6089683351497106
0.6285794861128966
0.6989126144138812
0.9098306943561006
0.39083333367680856
0.8637358738573337
0.6559647026547396
0.7487939904518409
0.7554448405902355
1.1431239396884705
0.7122143146906704
0.8913927661565939
0.6285794861128966
0.5264373009948768
0.6532261810005554
0.37991935518218484
0.5735389531931407
0.6422720943838182
0.6723958325798455
0.9974108533037576
0.6039327912252379
0.6723958325798455
0.8637358738573337
0.728841440036657
0.6176253994961594
0.7589016512283986
2.138556432191163
0.6696573109256612
0.6367950510754495
0.7155397397598677
1.8905957442304755
0.9467065507551141
1.0020203353536343
0.5929787046085008
0.614886877841975
0.6450106160380024
0.6367950510754495
1.0215701908176487
1.2853593529875094
1.2986610532642986
0.7354922901750516
0.6641802676172925
0.9006117302563473
0.8336413888500659
0.8913927661565939
2.0834540570887885
0.6176253994961594
0.7838148971022877
0.6094098345336065
0.6587032243089238
0.6922617642754865
0.5829592836327936
1.1127355024707648
0.9282686225556074
0.6756346389294999
0.6066713128794222
0.8499074277077039
0.5617635401435748
0.6989126144138812
1.2454542521571417
0.5570533749237484
0.7088888896214731
1.0215701908176487
0.5929787046085008
0.6504876593463711
0.6856109141370919
0.6258409644587124
0.822964283475542
0.6450106160380024
0.7521194155210382
0.7354922901750516
0.6922617642754865
0.5902401829543165
1.2720576527107201
0.6955871893446839
0.4142204304510021
0.7521194155210382
0.8499074277077039
0.5287923836047901
0.4618063236189005
0.6641802676172925
0.8158462132258594
0.7802558619774463
0.5052415575056581
0.6955871893446839
0.7421431403134462
0.595717226262685
0.7255160149674597
0.6559647026547396
0.5358576314345297
0.6450106160380024
0.728841440036657
0.5902401829543165
0.7521194155210382
0.8637358738573337
0.7980510376016529
0.6066713128794222
1.1228649815433336
0.7221905898982623
0.5876694488526198
0.6669187892714769
0.6395335727296338
2.951316464951197
0.6367950510754495
0.6559647026547396
1.2122000014651684
0.8499074277077039
0.595717226262685
0.6285794861128966
0.6922617642754865
0.8637358738573337
1.0367644094265014
0.8867832841067173
0.9881918892040042
0.6614417459631082
0.5570533749237484
0.7980510376016529
0.6450106160380024
0.6922617642754865
0.7802558619774463
0.5688287879733143
1.0924765443256281
0.6696573109256612
0.8087281429761769
0.7221905898982623
0.6066713128794222
0.6176253994961594
1.3053119034026932
0.5570533749237484
0.5664737053634011
0.6121483561877908
0.6559647026547396
0.623102442804528
0.5146618879453108
0.623102442804528
0.38303763475207736
0.6587032243089238
0.7731377917277636
0.9974108533037576
0.5476330444840956
0.6822854890678945
0.4618063236189005
0.5806042010228804
0.6922617642754865
0.5570533749237484
0.6176253994961594
0.5429228792642691
0.6066713128794222
1.0924765443256281
0.7088888896214731
0.6039327912252379
0.6039327912252379
0.8300823537252245
0.5617635401435748
0.8499074277077039
1.4953461623684865
0.7554448405902355
0.6066713128794222
0.8087281429761769
1.4502925909399154
0.8729548379570872
0.7088888896214731
0.7388177152442489
0.822964283475542
0.8821738020568406
0.7088888896214731
1.37520330522563
0.6395335727296338
0.517016970555224
0.8729548379570872
0.6285794861128966
0.6614417459631082
0.6955871893446839
0.5853143662427067
0.5876694488526198
0.6395335727296338
0.7980510376016529
0.7695787566029224
0.564118622753488
0.6532261810005554
0.5876694488526198
0.5382127140444428
0.6258409644587124
0.5031669793566055
0.6450106160380024
1.4277658052256297
0.4618063236189005
0.7521194155210382
0.6285794861128966
0.6367950510754495
0.47362365382967336
0.6822854890678945
0.6669187892714769
0.7624606863532398
0.7388177152442489
0.623102442804528
1.1431239396884705
0.6756346389294999
0.6955871893446839
0.564118622753488
0.6450106160380024
0.8016100727264941
0.7731377917277636
1.0620881071079227
0.8300823537252245
0.7521194155210382
0.9789729251042508
1.0772823257167754
1.1633828978336076
0.6340565294212651
0.9144401764059773
0.8407594590997485
1.0165054512813645
0.7055634645522758
0.6889363392062892
0.6477491376921868
0.7624606863532398
0.787373932227129
0.6889363392062892
0.37680107561229237
0.6559647026547396
0.5546982923138352
0.6313180077670809
1.1329944606159021
0.5546982923138352
0.6614417459631082
0.6285794861128966
0.7802558619774463
0.614886877841975
0.7454685653826436
0.8499074277077039
0.4933192041809613
0.6614417459631082
0.7487939904518409
0.595717226262685
0.7321668651058543
0.5123068053353977
0.3892741938918623
0.6669187892714769
0.6989126144138812
0.6922617642754865
0.595717226262685
0.7909329673519702
0.9881918892040042
1.3186136036794824
0.7487939904518409
0.6504876593463711
0.6066713128794222
0.6367950510754495
1.0975412838619123
0.9928013712538809
0.5476330444840956
0.5902401829543165
0.9098306943561006
0.5570533749237484
0.6094098345336065
0.7421431403134462
0.8960022482064706
0.6723958325798455
0.5146618879453108
0.6723958325798455
0.6504876593463711
0.7624606863532398
0.7354922901750516
0.7321668651058543
0.776696826852605
0.5546982923138352
0.6285794861128966
0.6587032243089238
0.8452979456578272
0.7421431403134462
0.6789600639986972
1.1431239396884705
0.6989126144138812
0.8300823537252245
0.7221905898982623
0.6955871893446839
0.6955871893446839
0.6532261810005554
1.218850851603563
0.6922617642754865
0.6011942695710536
0.7255160149674597
0.575894035803054
0.5452779618741823
1.0215701908176487
0.6367950510754495
0.595717226262685
0.6176253994961594
0.8452979456578272
0.5876694488526198
0.7802558619774463
0.45786721354864296
0.5929787046085008
0.6258409644587124
1.3977300909399155
0.5735389531931407
0.5546982923138352
0.6477491376921868
0.6121483561877908
0.6285794861128966
0.6532261810005554
1.37520330522563
0.7731377917277636
0.6669187892714769
0.7221905898982623
0.7255160149674597
0.7454685653826436
1.5924781390712794
0.6822854890678945
0.5902401829543165
0.6532261810005554
0.6477491376921868
0.5853143662427067
0.5902401829543165
0.7421431403134462
0.6696573109256612
0.6258409644587124
0.6477491376921868
0.9789729251042508
0.6340565294212651
1.2787085028491147
0.6258409644587124
0.9513160328049908
0.8821738020568406
0.6395335727296338
0.6313180077670809
0.7909329673519702
0.7521194155210382
0.7731377917277636
1.6419487273065736
0.6258409644587124
1.1279297210796178
0.6395335727296338
0.5594084575336616
0.517016970555224
0.7660197214780812
0.8336413888500659
0.5287923836047901
0.8372004239749072
1.1922474510499845
0.623102442804528
0.6989126144138812
0.6285794861128966
0.7838148971022877
0.776696826852605
0.7388177152442489
0.595717226262685
0.6367950510754495
0.5594084575336616
0.6989126144138812
0.8087281429761769
0.6039327912252379
0.6504876593463711
0.7088888896214731
0.6313180077670809
0.7255160149674597
0.7321668651058543
0.6856109141370919
0.7909329673519702
0.6587032243089238
0.39083333367680856
0.6504876593463711
