0.6465990438829956
1.0578116424171462
1.0748647008828438
0.6661766960279907
0.9785100876944923
0.9499532116333718
0.6214277768394305
0.8217009546074429
0.7763640273837232
1.0521272895952467
0.36820196912182745
2.199564946696716
0.7839201819210099
0.9499532116333718
0.8452446660759297
0.7024542994101994
0.7436797896062777
0.6102405470422906
0.6990188418938595
0.5729123472298562
0.5990533172451505
1.357744639380931
0.8368132636820163
0.7650297955777934
0.43585568688688964
0.7058897569265392
0.7196315869918987
0.7299379595409183
0.6661766960279907
1.328421279604389
1.0748647008828438
0.6818415543121602
0.964231649663932
0.712760671959219
0.9404342529463315
0.6605830811294208
0.5990533172451505
1.0521272895952467
0.355614504201341
0.6493958513322807
0.7333734170572581
1.0748647008828438
0.8368132636820163
0.6102405470422906
1.328421279604389
0.9975480050685726
1.7952380236197931
1.0464429367733477
0.4635526993545444
0.5990533172451505
0.7688078728464366
0.8833205008240905
2.2862064302131992
0.6661766960279907
0.45563926722092873
0.6689735034772757
0.6689735034772757
0.8141448000701563
0.5528586959630903
0.6298181991872855
1.3820042547655462
0.6493958513322807
0.7801421046523666
1.0919177593485416
0.7876982591896532
0.7436797896062777
0.7024542994101994
0.8833205008240905
1.1089708178142397
0.6784060967958203
0.7471152471226177
0.7196315869918987
0.3697754022368882
0.3823628671573747
0.7505507046389576
0.7688078728464366
2.8638163203230893
1.114655170636139
0.8217009546074429
0.6633798885787058
0.7093252144428791
0.39180346584773956
0.6102405470422906
0.6354118140858556
1.1908906172985836
0.6382086215351406
0.5779257600465477
0.6661766960279907
12.62619048339301
0.6521926587815657
0.7024542994101994
0.9166368562287311
0.47344448952156387
0.6158341619408606
0.9689911290074521
0.7093252144428791
0.9166368562287311
1.0521272895952467
0.4338773288534858
1.1203395234580382
0.5879525856799307
0.712760671959219
0.712760671959219
0.6130373544915756
0.6521926587815657
1.9974014851582547
2.517250386257156
0.6438022364337106
0.6521926587815657
0.6465990438829956
0.7574736410405067
0.8179228773387998
0.7876982591896532
0.48135792165517954
1.6941562928505622
0.9404342529463315
0.9451937322898517
1.114655170636139
1.5957512037583061
0.6717703109265608
0.7763640273837232
0.7688078728464366
1.0123368198419518
0.6270213917380006
0.6242245842887156
0.7161961294755589
2.430608902740672
0.9594721703204119
0.8028105682642264
0.7230670445082384
0.8028105682642264
0.5478452831463987
1.1317082291018368
0.5990533172451505
0.8292571091447295
0.77258595011508
0.8065886455328697
0.8452446660759297
0.5227782190629413
0.8405913409506595
0.77258595011508
0.8642825834500102
0.9166368562287311
0.7505507046389576
0.6493958513322807
0.4932280698556029
0.8103667228015131
0.6661766960279907
0.6410054289844256
0.6382086215351406
0.7471152471226177
0.5729123472298562
0.8547636247629701
1.7663575291142983
0.7093252144428791
0.8690420627935302
0.9166368562287311
0.6689735034772757
0.5990533172451505
2.3439674192241884
0.8833205008240905
0.6784060967958203
0.9880290463815324
0.8547636247629701
0.5177648062462498
0.6493958513322807
1.1089708178142397
1.1317082291018368
0.6990188418938595
0.6990188418938595
0.7763640273837232
0.8065886455328697
0.6549894662308506
1.2596559484514864
0.7161961294755589
0.7093252144428791
0.7024542994101994
0.6633798885787058
0.8452446660759297
1.1203395234580382
0.6818415543121602
0.736808874573598
0.6493958513322807
0.7161961294755589
1.652257362772864
0.6784060967958203
0.9261558149157714
0.6749706392794804
0.49718478592241083
0.6270213917380006
0.7265025020245784
0.7436797896062777
0.6921479268611798
0.6852770118285
0.585445879271585
0.8292571091447295
1.0919177593485416
1.4628696393809304
2.2428856884549577
0.8738015421370502
0.7058897569265392
0.7333734170572581
1.137392581923736
0.6326150066365706
1.9107600016417707
0.3870831665025571
0.8690420627935302
0.6493958513322807
3.051539534608804
0.47344448952156387
2.0984832159274855
0.6990188418938595
0.5578721087797817
0.6749706392794804
1.2115202166444545
0.6242245842887156
0.585445879271585
0.6887124693448399
0.6102405470422906
1.0350742311295489
0.5553654023714361
0.6214277768394305
0.6818415543121602
0.712760671959219
0.6382086215351406
0.7058897569265392
0.6633798885787058
0.6465990438829956
0.6354118140858556
0.5628855215964733
2.0551624741692436
0.8217009546074429
0.6382086215351406
1.2183967497597445
0.4477258350873132
0.8880799801676107
0.6887124693448399
0.7230670445082384
0.6605830811294208
0.5077379806128669
0.9118773768852111
0.6549894662308506
0.6326150066365706
0.6633798885787058
1.5392450447437487
0.7161961294755589
0.6465990438829956
0.712760671959219
0.4338773288534858
0.6326150066365706
0.6018501246944356
0.6577862736801358
0.6549894662308506
0.76125171830915
1.114655170636139
0.37134883535194907
0.6074437395930056
0.7024542994101994
1.4224369470732383
1.0691803480609448
1.2390263491056155
0.545338576738053
0.8065886455328697
1.4224369470732383
0.6158341619408606
0.6438022364337106
0.6577862736801358
0.77258595011508
0.5302983382879785
0.7230670445082384
1.1908906172985836
1.266532481566777
0.6605830811294208
0.6605830811294208
1.0634959952390455
1.357744639380931
0.5528586959630903
0.7024542994101994
1.6710927491110499
0.6438022364337106
0.6661766960279907
0.77258595011508
0.6298181991872855
0.5177648062462498
1.3820042547655462
0.85000414541945
0.4754228475549677
1.0862334065266426
0.6186309693901455
0.6921479268611798
0.3603348035465234
0.7436797896062777
0.6784060967958203
0.7196315869918987
1.2115202166444545
0.7058897569265392
0.9071178975416908
1.633421976434678
0.9118773768852111
0.8595231041064901
1.0070669637556127
0.8217009546074429
0.9880290463815324
0.7801421046523666
1.0976021121704411
0.9927885257250525
0.8141448000701563
0.8690420627935302
0.8292571091447295
1.867439259883529
0.4338773288534858
0.7688078728464366
0.8065886455328697
0.6921479268611798
0.9547126909768918
0.6633798885787058
0.8217009546074429
0.8738015421370502
0.9309152942592914
0.6921479268611798
0.9213963355722512
0.7265025020245784
0.7196315869918987
0.7574736410405067
0.6382086215351406
0.7024542994101994
1.137392581923736
0.9071178975416908
0.6661766960279907
0.6661766960279907
0.7230670445082384
0.5779257600465477
0.6784060967958203
0.6018501246944356
0.799032490995583
0.6382086215351406
0.4059643638832868
0.7161961294755589
0.6214277768394305
0.6410054289844256
0.7024542994101994
0.8330351864133729
0.9118773768852111
0.6990188418938595
1.0407585839514484
0.7539861621552973
0.5906628948972955
0.5052312742045211
0.8217009546074429
1.2596559484514864
0.6921479268611798
1.5204096584055629
0.7505507046389576
0.6521926587815657
0.6784060967958203
0.7436797896062777
0.8179228773387998
0.7801421046523666
0.7952544137269398
1.3900907932270845
1.1544456403894339
0.565392228004819
0.8065886455328697
2.0984832159274855
0.48333627968858345
0.9499532116333718
0.47344448952156387
0.7471152471226177
0.6158341619408606
0.7436797896062777
1.0976021121704411
0.6633798885787058
0.7914763364582965
0.6955833843775197
0.7471152471226177
0.8595231041064901
1.1260238762799375
0.9832695670380124
0.76125171830915
0.6605830811294208
0.9832695670380124
0.8141448000701563
0.7539861621552973
1.0521272895952467
2.0984832159274855
0.6921479268611798
0.6074437395930056
0.6465990438829956
0.9404342529463315
0.6158341619408606
0.736808874573598
0.6717703109265608
1.4143504086117
0.8065886455328697
0.5879525856799307
1.1317082291018368
0.44376911902050536
0.6921479268611798
0.6214277768394305
0.8179228773387998
0.6242245842887156
0.8738015421370502
1.273409014682067
0.4635526993545444
0.6717703109265608
0.6689735034772757
0.7299379595409183
2.3006466774659464
0.6074437395930056
0.6410054289844256
1.0919177593485416
0.5779257600465477
0.6074437395930056
0.8547636247629701
0.6382086215351406
0.6354118140858556
0.6749706392794804
0.6493958513322807
0.5077379806128669
0.6158341619408606
0.8880799801676107
0.6605830811294208
0.6887124693448399
1.0748647008828438
0.3855097333874963
0.8547636247629701
0.6130373544915756
0.7539861621552973
0.6326150066365706
1.3739177163040077
0.6605830811294208
0.712760671959219
1.624004283265585
0.3949503320778612
0.7024542994101994
0.7539861621552973
1.5580804310819345
0.6549894662308506
0.6990188418938595
0.8292571091447295
0.8254790318760863
0.6852770118285
0.6382086215351406
1.80967827087254
0.9356747736028115
0.9261558149157714
0.6605830811294208
0.6784060967958203
0.44376911902050536
0.7505507046389576
0.5829391728632393
0.6158341619408606
0.6298181991872855
0.6749706392794804
0.8690420627935302
0.6410054289844256
0.6214277768394305
0.9404342529463315
0.7574736410405067
0.47344448952156387
0.9118773768852111
0.6521926587815657
0.6382086215351406
0.6158341619408606
0.6717703109265608
0.5553654023714361
0.6410054289844256
0.9880290463815324
0.6852770118285
0.7876982591896532
0.8065886455328697
0.6521926587815657
0.6818415543121602
0.6852770118285
0.6270213917380006
0.6298181991872855
1.2871620809126476
0.8642825834500102
1.0293898783076498
0.76125171830915
0.9499532116333718
1.1487612875675348
0.7436797896062777
0.7471152471226177
0.9785100876944923
0.449704193120717
0.6326150066365706
0.6990188418938595
0.4516825511541209
0.7801421046523666
0.5779257600465477
1.225273282875035
0.77258595011508
0.9499532116333718
0.3697754022368882
0.6887124693448399
0.6410054289844256
0.8738015421370502
0.6633798885787058
0.9737506083509722
0.6689735034772757
0.6921479268611798
0.4694877734547561
0.6955833843775197
0.4059643638832868
0.5779257600465477
0.9927885257250525
0.6214277768394305
0.6438022364337106
0.712760671959219
0.6633798885787058
0.6749706392794804
0.6382086215351406
0.5990533172451505
0.6887124693448399
0.6852770118285
0.5528586959630903
0.6242245842887156
0.8330351864133729
0.5990533172451505
0.5934597023465805
1.1089708178142397
0.6605830811294208
0.5729123472298562
0.6717703109265608
0.8595231041064901
0.7058897569265392
0.5906628948972955
0.5403251639213615
0.6074437395930056
0.6605830811294208
0.7093252144428791
0.8833205008240905
1.4143504086117
0.6633798885787058
1.232149815990325
0.7402443320899379
0.7024542994101994
1.0293898783076498
0.6493958513322807
1.0350742311295489
0.42012526191883404
0.5779257600465477
1.273409014682067
0.6921479268611798
0.7839201819210099
0.6214277768394305
1.6941562928505622
0.8065886455328697
0.7471152471226177
0.9071178975416908
0.85000414541945
0.9785100876944923
0.5779257600465477
0.5804324664548935
1.018021172663851
0.6158341619408606
0.48333627968858345
0.6382086215351406
0.6521926587815657
0.7230670445082384
1.4305234855347766
0.6661766960279907
0.76125171830915
0.9404342529463315
1.5674981242510273
1.0976021121704411
0.6955833843775197
0.6921479268611798
0.7024542994101994
0.7196315869918987
1.177183051677031
0.8547636247629701
0.6887124693448399
0.7650297955777934
0.6852770118285
0.5052312742045211
0.6158341619408606
0.8368132636820163
0.964231649663932
0.42398553868646627
0.5478452831463987
0.7196315869918987
1.1089708178142397
0.6046469321437205
0.9832695670380124
0.5962565097958655
0.6438022364337106
0.6605830811294208
0.585445879271585
0.4595959832877365
0.6749706392794804
2.517250386257156
0.6887124693448399
0.6493958513322807
1.1840140841832933
0.7161961294755589
0.77258595011508
1.2115202166444545
0.7876982591896532
1.4143504086117
0.712760671959219
0.9309152942592914
1.2046436835291638
0.6214277768394305
0.6955833843775197
0.5202715126545956
0.6298181991872855
0.8368132636820163
0.5403251639213615
0.7265025020245784
0.76125171830915
1.273409014682067
0.6298181991872855
0.8141448000701563
1.0023074844120927
0.8833205008240905
0.8141448000701563
0.7333734170572581
0.7024542994101994
1.0919177593485416
0.6326150066365706
0.6046469321437205
0.5478452831463987
0.9404342529463315
