1.0671695062578543
0.7048023654439187
0.6847626513851419
0.8743845605144724
0.6033297905424292
0.6981224607576598
0.671559067438373
1.1999354966613882
0.7842257928831374
0.6881026037282715
0.6181622420415475
0.6359611838404893
2.0357525896932835
0.6685925771385494
0.6567266159392547
0.7549016505908607
0.8919053938478058
0.5885340428040979
0.43831205182184485
0.6847626513851419
0.9357074771811392
0.5885340428040979
0.36919784436115555
1.249170769255607
0.7382018888752133
0.4491973741102218
0.49926985663675555
0.7315219841889543
0.7879176278260698
0.6448606547399602
0.5642417262240863
0.6947825084145303
0.6003633002426055
0.671559067438373
0.7916094627690022
0.6685925771385494
1.441140724263277
0.6656260868387258
0.9882699771811392
0.5569540312500827
0.6981224607576598
0.6656260868387258
0.6947825084145303
0.6847626513851419
0.662659596538902
0.5715294211980898
0.6656260868387258
0.6151957517417237
0.8396033170271234
0.5253740196960678
0.7348619365320839
0.597396809942782
0.7482217459046017
0.6685925771385494
0.6847626513851419
0.5715294211980898
0.6359611838404893
0.6981224607576598
0.6240952226411947
0.7114822701301775
0.7014624131007893
0.6656260868387258
0.5642417262240863
0.5545247995920817
0.6418941644401366
0.630028203240842
0.6418941644401366
0.6847626513851419
0.8656241438478057
0.6359611838404893
0.5642417262240863
0.5156570930640632
0.7348619365320839
0.7482217459046017
0.5812463478300943
0.597396809942782
0.5944303196429583
0.662659596538902
0.6981224607576598
1.0258427249310735
0.5496663362760794
0.8524835188478058
1.087832896921245
0.7014624131007893
0.721502127159566
0.7415418412183427
0.5944303196429583
2.1568469021482874
0.544807872960077
0.38693365724459106
0.6122292614419002
0.8568637271811391
0.4111188566310941
0.6747427943557536
0.5861048111460967
0.7953012977119346
0.6947825084145303
0.8285278121983262
0.7114822701301775
0.7842257928831374
0.662659596538902
0.8568637271811391
1.4178979789846038
0.721502127159566
0.5375201779860735
0.638927674140313
0.6685925771385494
0.5642417262240863
0.5666709578820874
0.7768421229972726
0.6418941644401366
0.5812463478300943
0.5569540312500827
0.6596931062390784
0.7114822701301775
1.3045604509241033
0.6567266159392547
0.662659596538902
0.6596931062390784
0.6240952226411947
0.762074783225543
0.678082746698883
1.6685288853143807
0.6240952226411947
0.5496663362760794
0.5944303196429583
0.7768421229972726
0.47967627651767714
0.40305712350225975
0.5302324830120702
0.7657666181684755
0.7081423177870481
0.5944303196429583
0.7181621748164365
0.5399494096440748
0.6847626513851419
0.41434354988262784
0.5715294211980898
0.6003633002426055
0.7515616982477311
0.576387884514092
0.6092627711420765
0.5691001895400887
0.5691001895400887
0.6033297905424292
0.6181622420415475
0.7281820318458249
0.6181622420415475
1.2737884055527164
0.6122292614419002
0.721502127159566
0.6881026037282715
0.44048911627952025
0.5569540312500827
0.6240952226411947
0.5691001895400887
0.6814226990420125
0.5691001895400887
0.606296280842253
0.9663689355144724
0.7482217459046017
0.6981224607576598
0.8524835188478058
0.6211287323413711
0.9400876855144724
0.6596931062390784
0.4111188566310941
0.721502127159566
0.8063768025407319
0.6092627711420765
0.7248420795026955
0.817452307369529
0.6092627711420765
0.7482217459046017
0.6448606547399602
0.5885340428040979
0.5914638293431347
0.6418941644401366
0.970749143847806
0.6151957517417237
0.6181622420415475
0.970749143847806
0.7281820318458249
0.970749143847806
0.7348619365320839
0.6685925771385494
0.6448606547399602
0.8100686374836642
1.487626214820624
0.7549016505908607
0.721502127159566
0.606296280842253
0.638927674140313
0.6448606547399602
0.6814226990420125
0.638927674140313
0.5861048111460967
0.6359611838404893
0.6211287323413711
0.5569540312500827
0.6847626513851419
0.5545247995920817
0.5885340428040979
0.7448817935614722
0.6359611838404893
0.5861048111460967
0.5545247995920817
0.671559067438373
0.8026849675977994
0.7448817935614722
0.6211287323413711
0.45790563194092326
3.0583267837577597
0.5593832629080839
0.8137604724265967
0.6211287323413711
0.5944303196429583
0.6211287323413711
0.5302324830120702
0.5666709578820874
0.6270617129410184
0.7181621748164365
0.6847626513851419
0.6847626513851419
0.6448606547399602
0.6181622420415475
0.597396809942782
0.7048023654439187
0.7879176278260698
0.5132278614060619
0.7583829482826107
1.3714124884272572
0.7315219841889543
0.5496663362760794
1.1394913735797219
0.5691001895400887
0.8211441423124615
0.9094262271811392
0.5545247995920817
0.576387884514092
0.630028203240842
0.6881026037282715
0.6448606547399602
0.638927674140313
0.6270617129410184
1.605444028305473
0.5472371046180782
0.6003633002426055
0.6596931062390784
0.5836755794880956
0.662659596538902
0.7081423177870481
0.6448606547399602
0.7583829482826107
0.9313272688478059
0.8743845605144724
0.7114822701301775
0.6596931062390784
0.6359611838404893
0.8248359772553938
0.6947825084145303
0.5399494096440748
0.638927674140313
0.6448606547399602
0.8919053938478058
0.5350909463280724
0.5618124945660851
0.5812463478300943
0.576387884514092
0.7694584531114078
0.7731502880543402
0.5180863247220643
1.3946552337059304
0.662659596538902
0.6211287323413711
0.6914425560714009
0.678082746698883
0.5520955679340805
1.1549889165772647
0.6151957517417237
0.47532214760232644
0.6507936353396075
0.5302324830120702
0.6567266159392547
0.8656241438478057
0.6359611838404893
0.7081423177870481
0.6418941644401366
0.7348619365320839
0.4078941633795603
0.6814226990420125
0.662659596538902
0.6947825084145303
0.6847626513851419
0.6003633002426055
0.6981224607576598
0.6151957517417237
0.671559067438373
0.6685925771385494
0.6240952226411947
0.5914638293431347
1.3045604509241033
0.606296280842253
1.2430163601813298
1.279942814626994
0.7768421229972726
0.6092627711420765
0.6240952226411947
0.6240952226411947
0.5944303196429583
0.48185334097535254
0.6478271450397838
0.6981224607576598
0.7657666181684755
0.606296280842253
0.7014624131007893
0.5375201779860735
0.5229447880380667
0.6359611838404893
0.6122292614419002
0.5944303196429583
0.7768421229972726
0.6914425560714009
0.6122292614419002
0.9882699771811392
0.5618124945660851
0.6329946935406656
3.848984237099197
0.6914425560714009
0.5885340428040979
0.5618124945660851
0.7657666181684755
0.7148222224733071
0.6947825084145303
0.6981224607576598
0.7768421229972726
0.970749143847806
0.544807872960077
0.6656260868387258
0.5496663362760794
0.5885340428040979
0.5739586528560909
0.40305712350225975
0.5642417262240863
0.6478271450397838
0.6478271450397838
0.6092627711420765
0.7916094627690022
0.5836755794880956
1.0258427249310735
0.5691001895400887
0.6092627711420765
0.6478271450397838
0.5423786413020758
0.4666138897716248
0.6881026037282715
0.630028203240842
0.5666709578820874
0.5715294211980898
1.2245531329584975
0.9751293521811392
0.6211287323413711
0.6122292614419002
0.5691001895400887
0.835911482084191
0.44048911627952025
0.7181621748164365
0.6122292614419002
0.835911482084191
0.5812463478300943
0.662659596538902
0.3853213106188242
0.6847626513851419
0.6418941644401366
1.2737884055527164
0.36597315110962175
1.134325525913874
0.606296280842253
0.5107986297480609
1.5739015998010193
0.9050460188478058
0.5885340428040979
0.7448817935614722
0.662659596538902
0.6814226990420125
0.7482217459046017
0.6478271450397838
0.9663689355144724
0.5836755794880956
0.7114822701301775
0.5885340428040979
0.7583829482826107
0.4470203096525464
0.678082746698883
0.597396809942782
0.6448606547399602
0.6596931062390784
0.6596931062390784
0.4426661807371957
0.678082746698883
1.0723353539237022
0.7953012977119346
0.47532214760232644
0.45355150302557257
0.5836755794880956
0.5914638293431347
0.6685925771385494
0.678082746698883
0.5944303196429583
0.6448606547399602
0.8063768025407319
1.230707542032775
0.6211287323413711
0.5861048111460967
0.5375201779860735
0.5642417262240863
0.7181621748164365
0.8743845605144724
0.798993132654867
0.638927674140313
0.5788171161720932
0.638927674140313
0.5885340428040979
1.1136621352504834
0.9050460188478058
0.6181622420415475
0.6033297905424292
0.6507936353396075
0.5944303196429583
0.662659596538902
0.6448606547399602
0.544807872960077
0.7382018888752133
0.7148222224733071
0.606296280842253
0.7382018888752133
0.638927674140313
0.762074783225543
0.544807872960077
0.5836755794880956
0.5302324830120702
1.2183987238842202
0.6947825084145303
0.678082746698883
0.630028203240842
0.49273866326372945
0.5788171161720932
1.1239938305821788
0.6847626513851419
0.638927674140313
0.8962856021811392
0.5788171161720932
0.5788171161720932
0.678082746698883
0.44048911627952025
0.7953012977119346
0.7048023654439187
0.6181622420415475
0.6537601256394312
0.5836755794880956
0.6448606547399602
0.6359611838404893
0.7248420795026955
0.576387884514092
0.7583829482826107
0.6033297905424292
0.7014624131007893
0.4840304054330279
0.7382018888752133
0.5350909463280724
0.6003633002426055
0.630028203240842
0.41434354988262784
0.671559067438373
0.36597315110962175
0.678082746698883
0.6092627711420765
0.6211287323413711
0.4840304054330279
0.5812463478300943
0.5180863247220643
0.6181622420415475
0.6478271450397838
0.6847626513851419
0.5496663362760794
1.0671695062578543
0.5885340428040979
0.597396809942782
0.6003633002426055
0.6211287323413711
0.721502127159566
0.5375201779860735
0.6418941644401366
0.5836755794880956
0.7048023654439187
0.5302324830120702
0.630028203240842
0.5885340428040979
0.7315219841889543
0.6847626513851419
0.7583829482826107
0.5569540312500827
0.5788171161720932
0.3804842707415236
0.997030393847806
0.7014624131007893
0.638927674140313
0.762074783225543
0.6003633002426055
0.8568637271811391
0.7382018888752133
0.8026849675977994
0.576387884514092
1.3168692690726582
0.5666709578820874
0.678082746698883
0.9138064355144725
0.5914638293431347
0.6847626513851419
1.1601547642431123
0.7916094627690022
0.7879176278260698
0.5399494096440748
0.7482217459046017
0.7694584531114078
0.678082746698883
2.0492075132993954
0.5642417262240863
0.5496663362760794
0.43178085844881875
0.7879176278260698
0.5666709578820874
0.7114822701301775
1.0014106021811393
0.6329946935406656
0.6122292614419002
0.6240952226411947
0.8100686374836642
0.6092627711420765
0.42960379399114335
0.5205155563800655
0.6685925771385494
1.279942814626994
0.4175682431341615
0.5691001895400887
0.6507936353396075
0.5593832629080839
0.4230726006181172
0.6418941644401366
0.630028203240842
0.8063768025407319
0.6567266159392547
0.8875251855144725
0.7382018888752133
0.6947825084145303
0.6270617129410184
0.8026849675977994
0.6240952226411947
0.5691001895400887
1.9146582772382799
1.1704864595748077
0.6685925771385494
0.7248420795026955
1.0103451819335303
0.49273866326372945
1.16532061190896
1.0014106021811393
0.4062818167537935
0.7248420795026955
0.7382018888752133
0.5180863247220643
1.0671695062578543
0.6151957517417237
0.6567266159392547
0.7081423177870481
0.8100686374836642
0.8026849675977994
0.6947825084145303
0.7583829482826107
1.2122443148099429
0.544807872960077
0.8568637271811391
0.6122292614419002
0.5399494096440748
0.6685925771385494
1.0057908105144724
0.5472371046180782
0.8481033105144725
0.597396809942782
0.576387884514092
0.5691001895400887
0.8875251855144725
0.4557285674832479
0.662659596538902
0.6003633002426055
0.6685925771385494
0.8063768025407319
0.970749143847806
0.576387884514092
0.957608518847806
0.7148222224733071
0.5914638293431347
0.5666709578820874
0.576387884514092
0.4014447768764929
0.606296280842253
0.8875251855144725
1.2060899057356655
0.5885340428040979
1.103330439918788
0.41273120325686097
0.6122292614419002
0.597396809942782
0.6567266159392547
0.6329946935406656
0.576387884514092
0.7081423177870481
1.3291780872212127
0.5691001895400887
0.6329946935406656
0.5861048111460967
0.6567266159392547
0.6003633002426055
0.6211287323413711
0.6981224607576598
0.6814226990420125
0.5642417262240863
0.6537601256394312
0.6981224607576598
0.835911482084191
1.0310085725969211
0.597396809942782
0.5569540312500827
0.8396033170271234
0.6003633002426055
1.3045604509241033
0.399832430250726
0.5569540312500827
0.7549016505908607
0.5715294211980898
0.5399494096440748
0.8248359772553938
0.4361349873641695
0.671559067438373
0.5569540312500827
0.6947825084145303
0.6567266159392547
0.6685925771385494
0.5739586528560909
0.6122292614419002
0.473145083144651
0.6151957517417237
0.5593832629080839
0.6359611838404893
0.5788171161720932
0.6270617129410184
0.5107986297480609
0.6151957517417237
0.7382018888752133
0.5812463478300943
0.762074783225543
0.6448606547399602
0.5375201779860735
0.6478271450397838
0.6033297905424292
0.5593832629080839
0.5812463478300943
1.1937810875871107
0.7583829482826107
0.6122292614419002
0.6656260868387258
0.7805339579402049
0.6814226990420125
0.47532214760232644
1.2060899057356655
0.6033297905424292
