688.0
715.0
777.0
722.0
697.0
681.0
679.0
716.0
734.0
714.0
674.0
889.0
700.0
736.0
761.0
791.0
675.0
769.0
1298.0
606.0
722.0
872.0
677.0
752.0
798.0
720.0
667.0
652.0
814.0
707.0
655.0
688.0
635.0
672.0
674.0
696.0
770.0
662.0
765.0
662.0
718.0
732.0
680.0
744.0
749.0
713.0
603.0
686.0
668.0
685.0
759.0
675.0
766.0
664.0
690.0
709.0
696.0
632.0
781.0
675.0
651.0
738.0
629.0
804.0
697.0
782.0
719.0
814.0
748.0
704.0
691.0
657.0
641.0
834.0
670.0
676.0
643.0
746.0
726.0
685.0
712.0
700.0
757.0
673.0
660.0
777.0
727.0
731.0
680.0
678.0
671.0
720.0
720.0
758.0
687.0
786.0
713.0
715.0
713.0
740.0
696.0
698.0
682.0
711.0
701.0
694.0
670.0
619.0
582.0
687.0
789.0
689.0
655.0
672.0
872.0
708.0
663.0
678.0
686.0
630.0
805.0
717.0
718.0
729.0
681.0
673.0
706.0
701.0
701.0
692.0
621.0
697.0
744.0
674.0
688.0
762.0
749.0
734.0
702.0
628.0
680.0
706.0
693.0
739.0
686.0
697.0
745.0
737.0
658.0
674.0
670.0
710.0
713.0
664.0
699.0
745.0
758.0
664.0
667.0
714.0
709.0
604.0
730.0
688.0
666.0
686.0
667.0
665.0
682.0
589.0
701.0
725.0
720.0
726.0
679.0
694.0
656.0
726.0
692.0
734.0
692.0
712.0
714.0
754.0
795.0
725.0
690.0
682.0
928.0
697.0
769.0
757.0
754.0
726.0
706.0
645.0
769.0
650.0
715.0
715.0
726.0
625.0
698.0
656.0
651.0
683.0
717.0
914.0
731.0
663.0
693.0
724.0
679.0
685.0
709.0
752.0
765.0
710.0
703.0
674.0
757.0
749.0
674.0
708.0
682.0
698.0
721.0
732.0
724.0
758.0
673.0
890.0
729.0
765.0
692.0
808.0
685.0
668.0
681.0
744.0
751.0
727.0
718.0
756.0
667.0
696.0
717.0
739.0
681.0
667.0
759.0
680.0
840.0
714.0
715.0
701.0
731.0
683.0
727.0
728.0
677.0
669.0
733.0
664.0
746.0
691.0
677.0
714.0
630.0
808.0
705.0
584.0
647.0
748.0
693.0
821.0
709.0
669.0
725.0
641.0
673.0
656.0
734.0
817.0
679.0
644.0
709.0
698.0
836.0
813.0
714.0
708.0
716.0
681.0
754.0
836.0
686.0
697.0
726.0
784.0
594.0
698.0
640.0
614.0
717.0
705.0
710.0
782.0
708.0
689.0
617.0
720.0
724.0
822.0
729.0
722.0
721.0
686.0
791.0
743.0
674.0
669.0
722.0
597.0
704.0
678.0
720.0
665.0
692.0
678.0
838.0
670.0
590.0
677.0
725.0
672.0
789.0
778.0
690.0
712.0
805.0
730.0
692.0
691.0
697.0
674.0
666.0
688.0
750.0
698.0
706.0
597.0
708.0
657.0
640.0
666.0
739.0
801.0
736.0
673.0
682.0
661.0
697.0
661.0
700.0
693.0
636.0
720.0
699.0
675.0
729.0
840.0
707.0
776.0
757.0
756.0
648.0
720.0
869.0
648.0
703.0
722.0
689.0
697.0
686.0
686.0
701.0
701.0
691.0
691.0
692.0
837.0
693.0
703.0
687.0
715.0
739.0
672.0
688.0
789.0
654.0
715.0
736.0
630.0
675.0
714.0
673.0
677.0
731.0
710.0
710.0
611.0
733.0
746.0
683.0
678.0
728.0
613.0
665.0
690.0
827.0
748.0
734.0
656.0
672.0
673.0
680.0
669.0
680.0
750.0
698.0
871.0
725.0
725.0
806.0
722.0
658.0
808.0
608.0
800.0
765.0
720.0
627.0
709.0
718.0
686.0
693.0
681.0
657.0
674.0
781.0
781.0
765.0
672.0
722.0
684.0
680.0
705.0
672.0
698.0
683.0
663.0
750.0
676.0
658.0
692.0
672.0
666.0
843.0
700.0
674.0
676.0
738.0
676.0
806.0
708.0
671.0
655.0
680.0
710.0
734.0
695.0
686.0
678.0
654.0
708.0
691.0
677.0
767.0
697.0
667.0
629.0
777.0
699.0
708.0
742.0
818.0
735.0
643.0
713.0
636.0
720.0
721.0
756.0
582.0
731.0
717.0
731.0
624.0
683.0
588.0
674.0
785.0
678.0
694.0
634.0
660.0
733.0
658.0
648.0
665.0
738.0
758.0
798.0
798.0
707.0
670.0
754.0
718.0
756.0
685.0
667.0
709.0
710.0
763.0
842.0
739.0
709.0
695.0
664.0
727.0
761.0
676.0
855.0
677.0
706.0
851.0
674.0
718.0
697.0
736.0
676.0
816.0
654.0
912.0
677.0
677.0
721.0
892.0
708.0
693.0
786.0
787.0
698.0
691.0
678.0
786.0
706.0
625.0
626.0
710.0
693.0
717.0
692.0
655.0
745.0
725.0
750.0
688.0
650.0
712.0
716.0
762.0
757.0
703.0
668.0
672.0
652.0
722.0
812.0
701.0
700.0
789.0
718.0
670.0
694.0
687.0
713.0
732.0
693.0
1017.0
692.0
713.0
686.0
741.0
668.0
717.0
701.0
663.0
740.0
692.0
685.0
687.0
680.0
715.0
707.0
633.0
692.0
710.0
806.0
697.0
766.0
743.0
793.0
718.0
703.0
695.0
684.0
608.0
695.0
700.0
742.0
689.0
