0.6377488078334286
1.2176977448997472
0.5249246163341126
0.6788909311810954
0.6827754577399868
0.6983135639755527
0.6579086160635523
0.7874890462708053
0.9327258781274048
1.8332974873064132
0.8558520207233831
0.6276689037183667
0.5712531970210862
0.6713484882169682
0.675006404622204
1.4994502917364125
0.778645723452719
0.6579086160635523
0.6310288717567206
0.71773619677001
0.7216207233289015
0.4437133123602811
0.7410433561233588
0.6679885201786142
0.5412758801059856
0.6041491274498888
0.4723187545371518
0.40099639909764334
0.5767036182783772
0.7698024006346328
0.5767036182783772
1.2253327880227614
0.5821540395356681
0.9634754210890137
2.253235070899815
0.6411087758717825
0.702198090534444
0.460399820296789
0.5658027757637951
0.6983135639755527
0.6827754577399868
0.6343888397950747
0.6827754577399868
0.778645723452719
1.7583086330933055
0.7060826170933355
0.6612685841019063
0.7138516702111185
0.6377488078334286
0.8507270968964484
0.6209489676416587
0.6944290374166612
0.7919107076798483
0.6478287119484905
0.4794701150813695
0.6545486480251984
0.8917264875119266
1.0222417656769187
0.6377488078334286
0.8095973533160208
0.6827754577399868
0.6411087758717825
0.5712531970210862
1.0159656462739337
0.6142290315649508
0.7449278826822501
0.5767036182783772
0.7919107076798483
0.8456021730695135
0.5876044607929592
0.6007891594115349
0.6788909311810954
0.6713484882169682
0.6788909311810954
0.6142290315649508
0.6788909311810954
0.778645723452719
0.7332743030055758
0.6142290315649508
0.8272839989521933
2.028268508260493
1.2864131330068742
0.709967143652227
0.9019763351657961
0.7293897764466843
0.36298509966261516
0.6377488078334286
0.3610845346908637
3.7241220180796084
0.6679885201786142
0.4723187545371518
2.3132261542703008
0.6713484882169682
0.71773619677001
1.1414880343336353
0.6142290315649508
0.7874890462708053
0.7449278826822501
0.6545486480251984
0.5739784076497317
0.9583504972620789
0.6788909311810954
0.6377488078334286
0.6209489676416587
0.6041491274498888
0.7371588295644673
0.6612685841019063
0.6679885201786142
0.9019763351657961
0.6377488078334286
0.9122261828196657
0.6646285521402603
0.7565814623589245
0.6343888397950747
0.9686003449159484
0.5876044607929592
0.4913890493217323
0.36488566463436656
0.7565814623589245
0.6209489676416587
0.7698024006346328
0.7874890462708053
1.004474811704492
0.8661018683772526
0.6866599842988783
0.6511886799868444
0.8272839989521933
0.6545486480251984
0.5974291913731811
0.6983135639755527
0.7609590778165466
0.7255052498877929
0.6444687439101365
0.8228623375431502
1.004474811704492
0.3952947041823891
0.6007891594115349
0.3838913143518807
0.5440010907346311
0.907101258992731
0.6646285521402603
0.6788909311810954
0.7488124092411416
0.7449278826822501
0.5140237738195307
0.7293897764466843
0.6679885201786142
0.7874890462708053
0.5876044607929592
0.7919107076798483
0.7919107076798483
0.5303750375914036
0.607509095488243
0.8661018683772526
0.6377488078334286
0.3515817098321067
0.6579086160635523
1.1414880343336353
0.7919107076798483
0.7449278826822501
0.9891000402236876
0.8184406761341071
0.5848792501643137
0.6983135639755527
0.675006404622204
1.4741570586537058
0.5767036182783772
0.41239978892815193
0.594069223334827
0.8272839989521933
0.4580160334487165
0.607509095488243
0.6511886799868444
0.5630775651351497
0.9686003449159484
0.5848792501643137
0.7293897764466843
0.6209489676416587
2.8381481337620533
0.778645723452719
0.5603523545065042
0.6579086160635523
0.7963323690888915
0.7410433561233588
0.983975116396753
1.1414880343336353
0.702198090534444
0.7216207233289015
0.6827754577399868
0.6905445108577698
0.6713484882169682
0.6310288717567206
0.6511886799868444
0.7293897764466843
0.8968514113388615
0.6276689037183667
0.6276689037183667
0.5303750375914036
0.6377488078334286
0.7410433561233588
0.7216207233289015
0.533100248220049
1.116383556721695
0.7293897764466843
0.594069223334827
0.709967143652227
0.5521767226205676
1.0598984820948294
0.4294105912718458
1.0410701238858742
0.6905445108577698
0.7488124092411416
0.6478287119484905
0.594069223334827
0.6905445108577698
0.8095973533160208
0.8272839989521933
2.4482060918538946
0.460399820296789
0.7410433561233588
0.6444687439101365
1.2100627017767334
1.2482379173918037
1.1603163925425908
0.5521767226205676
0.5974291913731811
0.607509095488243
0.6579086160635523
1.3814152040171146
1.0598984820948294
0.7653807392255898
0.7609590778165466
0.41430035389990333
0.6612685841019063
0.752696935800033
0.7830673848617622
0.6713484882169682
0.4246430175757007
0.6788909311810954
0.8558520207233831
1.2329678311457755
0.5712531970210862
0.6478287119484905
0.7371588295644673
0.4460970992083537
0.6866599842988783
0.675006404622204
0.752696935800033
0.4484808860564262
1.187157572407691
0.7332743030055758
0.978850192569818
0.6243089356800126
0.7565814623589245
0.6142290315649508
0.8228623375431502
0.533100248220049
0.7565814623589245
0.6007891594115349
0.5412758801059856
0.6377488078334286
0.6243089356800126
3.2730834881980764
0.5794288289070227
0.7371588295644673
0.5848792501643137
0.6905445108577698
0.881476639858057
1.6983175497228198
0.8228623375431502
0.6175889996033048
1.1352119149306505
0.7919107076798483
0.9224760304735353
0.7060826170933355
0.5412758801059856
0.7371588295644673
0.7919107076798483
1.27877808988386
1.2482379173918037
0.6343888397950747
0.5821540395356681
0.7332743030055758
0.4104992239564005
0.6343888397950747
2.598183800280109
0.7410433561233588
0.6646285521402603
0.6444687439101365
0.5794288289070227
0.752696935800033
0.8095973533160208
0.8051756919069777
0.40669809401289764
0.5630775651351497
0.5058481419335941
0.7963323690888915
0.8051756919069777
0.8558520207233831
0.6209489676416587
0.6041491274498888
0.7698024006346328
0.8456021730695135
0.7565814623589245
0.9686003449159484
0.7293897764466843
0.752696935800033
0.6377488078334286
1.2176977448997472
0.43179437811991833
0.7874890462708053
0.6612685841019063
0.6411087758717825
0.7371588295644673
0.9993498878775571
0.6007891594115349
0.6713484882169682
0.5794288289070227
1.1540402731396058
1.116383556721695
0.6511886799868444
0.40099639909764334
0.8361273217702795
0.6713484882169682
0.6209489676416587
0.6646285521402603
0.7293897764466843
0.6579086160635523
0.702198090534444
0.4484808860564262
0.709967143652227
0.533100248220049
1.2024276586537193
0.5603523545065042
0.6646285521402603
0.814019014725064
1.3093182623759163
0.9583504972620789
1.2482379173918037
0.9122261828196657
0.6007891594115349
0.7371588295644673
0.5630775651351497
0.6444687439101365
0.6343888397950747
0.3591839697191123
0.9429757257812744
0.6866599842988783
0.7565814623589245
0.6713484882169682
0.6411087758717825
0.71773619677001
0.7449278826822501
0.71773619677001
0.71773619677001
0.7138516702111185
0.5603523545065042
0.40099639909764334
1.8332974873064132
0.6377488078334286
0.6444687439101365
0.6944290374166612
0.6175889996033048
1.187157572407691
0.5467263013632767
0.6108690635265969
0.5848792501643137
0.5712531970210862
0.6444687439101365
1.0473462432888594
0.814019014725064
0.8866015636849919
1.1477641537366208
0.3553828397756095
0.8095973533160208
0.778645723452719
0.6411087758717825
0.6310288717567206
0.594069223334827
0.9891000402236876
0.6545486480251984
0.5876044607929592
0.6377488078334286
0.6108690635265969
0.7255052498877929
0.5767036182783772
0.6612685841019063
0.6679885201786142
0.4341781649679909
0.6041491274498888
0.6579086160635523
0.6310288717567206
0.6209489676416587
0.6944290374166612
0.7293897764466843
0.5303750375914036
1.0912790791097549
0.6142290315649508
0.607509095488243
0.4818539019294421
0.7653807392255898
0.5549019332492131
0.5385506694773401
0.45324845975257133
0.6944290374166612
0.7449278826822501
0.9327258781274048
0.6276689037183667
0.6579086160635523
1.0536223626918442
0.49854040986594994
0.7293897764466843
0.6343888397950747
0.7449278826822501
0.6679885201786142
0.6276689037183667
0.5739784076497317
1.0850029597067699
0.5974291913731811
0.8272839989521933
0.6511886799868444
0.6478287119484905
0.778645723452719
1.187157572407691
0.6788909311810954
0.6142290315649508
0.6866599842988783
0.6343888397950747
0.6827754577399868
0.6983135639755527
0.9891000402236876
0.71773619677001
0.6866599842988783
0.8763517160311223
0.5848792501643137
0.6377488078334286
0.778645723452719
0.5767036182783772
0.6411087758717825
0.6142290315649508
0.907101258992731
0.5085733525622396
0.6612685841019063
0.6377488078334286
0.7963323690888915
0.5821540395356681
0.881476639858057
1.4572949032652347
0.3914935742388863
0.36678622960611795
0.5876044607929592
0.5974291913731811
0.8405489831793226
1.004474811704492
1.2482379173918037
0.6646285521402603
0.6788909311810954
0.6944290374166612
0.4270268044237732
0.6713484882169682
0.7565814623589245
0.6411087758717825
0.8051756919069777
0.6827754577399868
0.3591839697191123
0.5794288289070227
0.7742240620436759
0.6545486480251984
0.9224760304735353
0.5494515119919221
0.6243089356800126
0.4200020488151575
0.7963323690888915
0.6377488078334286
1.179522529284677
0.6142290315649508
0.49854040986594994
0.7488124092411416
0.6827754577399868
0.6983135639755527
0.3610845346908637
0.5848792501643137
0.4580160334487165
0.5848792501643137
0.9942249640506224
0.6478287119484905
0.8609769445503179
0.9583504972620789
0.6041491274498888
1.5948995537560389
0.6007891594115349
0.6041491274498888
0.6827754577399868
0.881476639858057
1.2100627017767334
0.5876044607929592
0.6905445108577698
0.5440010907346311
0.6944290374166612
0.4913890493217323
0.814019014725064
0.7565814623589245
0.6444687439101365
0.6944290374166612
0.6944290374166612
0.7293897764466843
0.8095973533160208
0.6905445108577698
0.7565814623589245
0.709967143652227
0.7293897764466843
0.46993496768907933
0.7138516702111185
0.6377488078334286
0.5767036182783772
0.8866015636849919
0.6343888397950747
0.5848792501643137
0.6983135639755527
0.6612685841019063
0.6209489676416587
0.6310288717567206
0.7488124092411416
0.6041491274498888
0.5276498269627581
0.3724879245213722
0.5658027757637951
0.6827754577399868
0.8917264875119266
0.702198090534444
0.6209489676416587
0.6444687439101365
0.7216207233289015
0.6411087758717825
0.9686003449159484
0.6175889996033048
0.7449278826822501
1.5167124532330871
0.5794288289070227
0.6108690635265969
0.34778057988860384
0.778645723452719
0.3705873595496208
0.6905445108577698
0.6612685841019063
0.9481006496082093
0.594069223334827
0.6827754577399868
0.8712267922041875
0.7371588295644673
0.6944290374166612
1.3982773594055857
0.7138516702111185
0.6444687439101365
0.5767036182783772
0.5521767226205676
0.6377488078334286
0.6679885201786142
0.49854040986594994
0.6905445108577698
0.5821540395356681
0.9583504972620789
0.6276689037183667
0.6944290374166612
0.8007540304979347
0.9173511066466007
0.6545486480251984
0.6243089356800126
1.5167124532330871
0.6411087758717825
0.752696935800033
0.6175889996033048
0.7138516702111185
0.6411087758717825
0.6788909311810954
0.6007891594115349
0.7698024006346328
0.7874890462708053
0.6788909311810954
0.7919107076798483
0.5821540395356681
1.2024276586537193
0.7449278826822501
0.814019014725064
0.6612685841019063
0.5739784076497317
0.6444687439101365
0.8228623375431502
0.7742240620436759
0.953225573435144
0.6905445108577698
0.594069223334827
0.41239978892815193
0.594069223334827
0.7742240620436759
0.6276689037183667
0.6788909311810954
0.7565814623589245
2.4931994043817585
0.778645723452719
0.5385506694773401
0.5440010907346311
0.7449278826822501
0.3591839697191123
0.778645723452719
0.7565814623589245
0.503307983562095
0.8051756919069777
0.6788909311810954
0.3572834047473609
0.5576271438778586
0.9224760304735353
0.7565814623589245
1.172868631348561
1.1414880343336353
0.5821540395356681
0.709967143652227
0.6007891594115349
0.5712531970210862
0.7919107076798483
0.5876044607929592
0.6788909311810954
0.6276689037183667
0.7609590778165466
0.6343888397950747
0.8712267922041875
0.9327258781274048
0.6788909311810954
0.6646285521402603
0.7371588295644673
0.9583504972620789
0.814019014725064
0.6175889996033048
0.5058481419335941
0.5385506694773401
0.709967143652227
0.8317056603612365
0.7742240620436759
1.6046729413214078
0.7255052498877929
1.5655793910599318
1.0975551985127399
0.9224760304735353
0.6983135639755527
0.7742240620436759
0.983975116396753
0.6511886799868444
0.6944290374166612
0.6243089356800126
0.6444687439101365
0.5549019332492131
1.7583086330933055
0.40669809401289764
0.6478287119484905
0.5630775651351497
0.5821540395356681
0.8661018683772526
0.6612685841019063
1.9682774248900068
0.6377488078334286
0.5630775651351497
0.7874890462708053
0.6646285521402603
0.6944290374166612
0.5630775651351497
0.709967143652227
0.6041491274498888
1.526485840798456
0.6827754577399868
1.1540402731396058
0.7565814623589245
