0.820464568623197
0.9345315684797877
1.0627101488314417
0.7389859703781813
1.1927185688528148
1.2001054814571186
0.8248654058811773
0.7720553587854159
0.776456196043396
1.1714739373441838
0.7896587078173364
0.8248654058811773
0.665652801349129
0.8072620568492568
0.7632536842694557
0.731122482767148
0.6800098132954322
0.7896587078173364
0.8529058481279524
0.8529058481279524
1.374038577931351
0.7036002761285319
0.7547129456002476
0.7940595450753164
0.8072620568492568
1.956600988757281
0.7808570333013761
2.017006806677913
0.7468494579892144
0.7507812017947311
0.8478042406059627
0.9702428211337155
1.4601184141647185
0.9600396060897362
0.731122482767148
0.8116628941072369
2.4398475321223376
1.5117663159047392
1.0755058886564703
2.470050441082654
0.9345315684797877
0.8529058481279524
0.944734783523767
1.0307207992688705
0.9039219233478494
0.9753444286557054
0.8028612195912768
0.8733122782159112
1.5976487948110694
0.7984603823332965
1.5689457231387143
1.0115271895313278
1.069108018743956
0.816063731365217
1.0883016284814988
0.8380679176551176
1.408470512424698
0.8072620568492568
0.9039219233478494
1.0115271895313278
0.7153955075450816
0.8248654058811773
0.7984603823332965
0.944734783523767
0.8028612195912768
1.017925059443842
0.7350542265726647
0.7114637637395651
0.7271907389616314
0.535939734846802
0.816063731365217
0.8988203158258599
0.4560170739538353
0.7984603823332965
0.6590541352055432
0.5670146424719279
1.2813615201044617
0.8835154932598908
1.1714739373441838
0.9498363910457568
4.529244199641593
0.683941557100949
2.3341373507612317
0.8072620568492568
0.776456196043396
0.9498363910457568
1.1010973683065273
0.8631090631719319
0.7507812017947311
2.3341373507612317
0.8886171007818804
0.8478042406059627
0.6878733009064655
0.9753444286557054
1.655054938155779
1.578513413696166
1.8961951708366493
0.820464568623197
1.926398079796965
0.7940595450753164
0.8072620568492568
0.6957367885174986
0.731122482767148
0.6590541352055432
0.944734783523767
0.7588528470114756
0.6878733009064655
0.7808570333013761
1.1010973683065273
0.6425574698465789
1.2222662192700307
0.8478042406059627
0.8631090631719319
0.7676545215274359
0.7153955075450816
1.0059540737876436
1.3109091705216773
0.8784138857379009
0.46763630578583304
2.9381955299675524
0.7232589951561148
0.8292662431391574
0.8682106706939214
0.6623534682773361
0.8336670803971374
0.9345315684797877
0.5444147096536546
0.7588528470114756
0.9549379985677466
0.731122482767148
0.8631090631719319
0.7852578705593563
0.5783146088810647
0.9345315684797877
0.8682106706939214
0.9498363910457568
0.6957367885174986
0.8292662431391574
0.7720553587854159
0.9549379985677466
0.6722514674927146
0.8478042406059627
0.7547129456002476
0.929429960957798
1.0307207992688705
0.9243283534358083
0.6425574698465789
1.1330867178690982
0.683941557100949
0.7075320199340485
0.8835154932598908
0.8835154932598908
0.4560170739538353
1.2001054814571186
0.7940595450753164
0.6128634722004432
0.7389859703781813
0.8248654058811773
0.7036002761285319
2.062311170118387
1.3568226106846775
0.6689521344209217
0.9549379985677466
0.7232589951561148
0.7984603823332965
1.1394845877816127
1.1394845877816127
0.6800098132954322
1.12029097804407
0.9141251383918289
0.7271907389616314
0.7271907389616314
0.820464568623197
0.7676545215274359
0.7153955075450816
0.8248654058811773
0.7632536842694557
1.382646561554688
0.8886171007818804
0.8072620568492568
0.8988203158258599
1.5031583322814024
1.069108018743956
0.7153955075450816
0.6590541352055432
1.2370400444786382
1.25920078229155
0.7468494579892144
0.7808570333013761
2.7871809851659717
1.0563122789189274
0.9039219233478494
0.8116628941072369
0.9039219233478494
0.820464568623197
0.9549379985677466
0.9804460361776951
1.2518138696872463
0.46996015215223264
0.4327786102898397
1.1586781975191551
0.8072620568492568
0.776456196043396
0.6996685323230153
0.5996661399132718
0.7271907389616314
0.995750858743664
1.12029097804407
1.1586781975191551
1.094699498394013
0.7676545215274359
0.6878733009064655
1.0059540737876436
0.7153955075450816
1.382646561554688
0.7940595450753164
0.7429177141836979
0.6491561359901646
0.6524554690619575
0.7429177141836979
0.6425574698465789
0.7232589951561148
0.7271907389616314
0.8336670803971374
0.683941557100949
1.1394845877816127
0.9396331760017773
0.8427026330839731
0.6689521344209217
0.7720553587854159
0.8988203158258599
0.5783146088810647
0.944734783523767
1.5402426514663596
0.7114637637395651
0.6623534682773361
0.929429960957798
1.2518138696872463
1.6646226287132309
0.9804460361776951
2.636166440364392
1.7149777170747527
0.7588528470114756
1.485942365034729
0.7468494579892144
1.5031583322814024
0.929429960957798
0.816063731365217
0.9090235308698392
0.683941557100949
1.6072164853685211
0.8478042406059627
1.1650760674316696
0.7940595450753164
0.776456196043396
0.6491561359901646
1.2444269570829423
0.9906492512216742
1.5402426514663596
0.9345315684797877
1.1138931081315557
0.8682106706939214
0.929429960957798
1.25920078229155
0.8116628941072369
0.7114637637395651
0.7114637637395651
0.7632536842694557
0.6996685323230153
0.6996685323230153
1.0755058886564703
0.7429177141836979
0.683941557100949
0.7720553587854159
2.062311170118387
0.8784138857379009
1.3330699083345894
0.7232589951561148
1.399862528801361
1.0499144090064132
1.5402426514663596
3.1949202561302386
0.7075320199340485
0.8427026330839731
0.49087476944982855
0.8248654058811773
0.7588528470114756
0.7389859703781813
0.9753444286557054
0.683941557100949
0.6996685323230153
0.6957367885174986
0.6227614714158218
0.8580074556499423
0.619462138344029
0.7468494579892144
1.0755058886564703
1.1138931081315557
0.8631090631719319
0.7468494579892144
0.820464568623197
0.9753444286557054
1.0563122789189274
0.9600396060897362
1.3482146270613407
0.816063731365217
2.862688257566762
0.6458568029183718
0.6623534682773361
0.820464568623197
0.8072620568492568
0.5444147096536546
0.9192267459138186
1.273974607500158
1.3404568209388932
0.7271907389616314
1.4515104305413817
1.0563122789189274
1.4429024469180451
0.683941557100949
0.5444147096536546
0.639258136774786
1.0115271895313278
0.731122482767148
1.1779447436442072
0.639258136774786
1.417078496048035
0.6996685323230153
0.7389859703781813
1.2813615201044617
0.7896587078173364
1.3482146270613407
0.8028612195912768
0.9141251383918289
0.8478042406059627
0.8937187083038701
0.7389859703781813
0.7389859703781813
0.7389859703781813
0.9804460361776951
0.7896587078173364
1.417078496048035
0.8028612195912768
0.8336670803971374
1.2222662192700307
0.7896587078173364
0.9039219233478494
1.0307207992688705
1.0563122789189274
1.1522803276066411
0.43742630302263885
1.2518138696872463
0.8886171007818804
1.408470512424698
0.8937187083038701
0.9498363910457568
0.4443978421218375
1.017925059443842
0.7632536842694557
0.7676545215274359
0.6491561359901646
0.683941557100949
0.6557548021337504
0.8028612195912768
0.944734783523767
0.7468494579892144
0.8937187083038701
0.776456196043396
0.5783146088810647
0.820464568623197
0.9141251383918289
1.043516539093899
0.731122482767148
1.2518138696872463
0.8380679176551176
0.7632536842694557
0.6957367885174986
0.731122482767148
0.7193272513505983
0.9396331760017773
0.9753444286557054
0.4443978421218375
0.7429177141836979
0.9906492512216742
0.7720553587854159
0.7676545215274359
1.4601184141647185
7.203753361385299
0.8580074556499423
0.7350542265726647
0.6326594706312003
0.9906492512216742
0.5897681406978932
0.7808570333013761
0.776456196043396
2.9834998934080263
0.8028612195912768
1.2296531318743344
0.5331147432445179
0.6227614714158218
1.069108018743956
0.7547129456002476
0.6557548021337504
0.8380679176551176
1.4429024469180451
1.12029097804407
0.8529058481279524
0.8784138857379009
0.7808570333013761
0.7984603823332965
0.6996685323230153
0.7468494579892144
0.816063731365217
1.3330699083345894
1.0371186691813847
1.0819037585689844
0.7720553587854159
0.7588528470114756
1.5031583322814024
0.9906492512216742
1.6167841759259727
0.8336670803971374
0.8292662431391574
1.578513413696166
0.8835154932598908
0.8072620568492568
0.7940595450753164
0.8580074556499423
0.731122482767148
0.7720553587854159
2.1076155335588616
4.977379190760599
1.12029097804407
0.6722514674927146
0.820464568623197
0.7676545215274359
0.8886171007818804
0.5811396004833489
0.776456196043396
0.6800098132954322
0.7036002761285319
0.8116628941072369
0.8886171007818804
0.665652801349129
0.4536932275874357
0.8336670803971374
1.0627101488314417
1.699876262594595
1.7300791715549109
0.8835154932598908
0.9141251383918289
0.8116628941072369
1.094699498394013
0.6957367885174986
1.0499144090064132
1.790484989475543
0.7852578705593563
1.6454872475983275
0.6326594706312003
0.7940595450753164
0.7720553587854159
0.683941557100949
0.6293601375594075
0.7507812017947311
1.3330699083345894
1.2222662192700307
0.8072620568492568
0.7984603823332965
0.776456196043396
0.7232589951561148
0.6957367885174986
0.7389859703781813
0.665652801349129
1.1522803276066411
0.8937187083038701
0.6957367885174986
0.9753444286557054
0.6623534682773361
0.7114637637395651
1.1586781975191551
1.7602820805152268
0.6800098132954322
0.683941557100949
2.3190358962810733
1.1458824576941269
0.4443978421218375
0.8886171007818804
0.995750858743664
0.8028612195912768
0.8427026330839731
1.25920078229155
1.2222662192700307
0.8631090631719319
0.9498363910457568
1.0627101488314417
0.8988203158258599
0.7588528470114756
0.665652801349129
0.9753444286557054
0.42115937845784196
1.017925059443842
1.5498103420238112
0.9345315684797877
0.8292662431391574
0.7588528470114756
0.7114637637395651
0.9345315684797877
0.6326594706312003
0.7468494579892144
0.7852578705593563
0.9855476436996847
0.929429960957798
0.6996685323230153
0.6029654729850646
0.6425574698465789
0.5189897852330969
0.4397501493890384
0.7984603823332965
0.7852578705593563
1.1330867178690982
0.4769316912514312
0.6957367885174986
0.929429960957798
0.5783146088810647
0.446721688488237
0.6689521344209217
0.7940595450753164
0.8380679176551176
0.7632536842694557
2.0925140790787036
0.6760780694899157
0.7468494579892144
0.7940595450753164
0.8682106706939214
0.7896587078173364
