0.7366067518693518
1.0091737207950806
0.8078868972633493
0.7676284003748858
0.6402391247190976
0.7797059494414249
0.7480178780565973
0.8449760392819626
0.6985696645785331
0.8911566372075269
0.7797059494414249
0.9424684126803764
0.9578619453222311
0.8239902960187346
0.7518215867856792
0.9219437024912366
0.7917834985079639
1.101484616453082
1.412784266512934
0.7595767009971931
0.617948325779302
0.702373373307615
0.7636025506860395
0.9424684126803764
0.7480178780565973
0.7442141693275154
1.2043655541409768
0.702373373307615
0.6593455238103508
1.8540123710081893
0.8655007494711023
0.504198042680987
0.41232239030513235
0.8962878147548121
0.8962878147548121
1.027631707561754
0.9424684126803764
0.7877576488191177
0.8808942821129572
0.538688883812622
0.7917834985079639
0.9219437024912366
0.755625295514761
0.46517784617443686
1.3368064990228667
0.7595767009971931
0.8038610475745029
0.7917834985079639
0.6985696645785331
0.9168125249439516
1.3525283811495767
0.6625299236588932
1.027631707561754
0.8119127469521957
0.6529767241132665
0.828016145707581
0.8239902960187346
0.815938596641042
0.7518215867856792
1.0891757983045274
1.1261022527501914
1.3955682992662606
2.1543426986575063
1.412784266512934
0.8706319270183874
1.2411547054970575
1.2411547054970575
0.7442141693275154
0.9989113657005106
0.9322060575858064
0.7595767009971931
0.8078868972633493
0.7797059494414249
0.8239902960187346
0.5440049394384122
0.6529767241132665
0.6833548296622057
0.9219437024912366
0.8501072168292475
0.8706319270183874
0.7328030431402699
0.7998351978856566
1.4644321682529549
1.2190812146834091
0.828016145707581
0.8078868972633493
0.9270748800385216
0.5147666334965666
0.8119127469521957
0.8501072168292475
0.646607924416182
0.7797059494414249
0.4261576496678867
1.2117233844121928
2.0492270839802456
0.3708494057425251
0.3672430592588201
1.0707125710816954
0.3708494057425251
0.7213919169530243
0.9475995902276614
0.7061770820366968
1.0830213892302503
0.9322060575858064
0.7716542500637322
3.01028413245806
0.47435906888186047
0.8603695719238174
1.1691831162701327
1.3525283811495767
0.8603695719238174
0.8757631045656723
0.8552383943765325
0.7328030431402699
0.5466629672513074
0.7917834985079639
0.5493209950642024
0.48813090294299577
1.1568742981215783
1.3783523320195872
1.0891757983045274
0.40510969733772234
0.7917834985079639
0.7797059494414249
0.8239902960187346
0.901418992302097
1.5918546079541118
0.5865333844447335
0.9681243004168011
0.7998351978856566
0.828016145707581
0.7797059494414249
0.9681243004168011
0.8199644463298883
0.7958093481968104
0.7797059494414249
0.7756800997525786
0.8911566372075269
0.646607924416182
0.7137844994948606
0.6688987233559776
0.9424684126803764
0.8119127469521957
0.6871585383912875
1.7338802399484625
0.7213919169530243
0.46517784617443686
0.886025459660242
1.1630287071958556
2.3195243788646307
1.0707125710816954
0.9270748800385216
1.027631707561754
1.3697443483962501
0.9783866555113709
0.7442141693275154
0.8078868972633493
0.9475995902276614
0.7636025506860395
0.6593455238103508
0.6497923242647241
0.7480178780565973
2.484706059071755
0.886025459660242
0.6561611239618087
0.815938596641042
0.5626111341286777
0.6211327256278442
0.728999334411188
0.9116813473966667
0.421567038314175
1.7639132727133944
1.386960315642924
3.310614460107377
0.617948325779302
2.244441796952301
0.6657143235074353
0.6909622471203694
0.7213919169530243
0.7917834985079639
0.8119127469521957
1.554078077914808
0.7676284003748858
0.9065501698493819
0.9937801881532257
2.4246399935418914
0.7404104605984336
1.0953302073788047
0.8552383943765325
2.93520155054573
0.7756800997525786
0.46288254049758104
0.9475995902276614
0.7756800997525786
0.8239902960187346
0.48813090294299577
0.9424684126803764
0.9835178330586558
0.9886490106059407
1.150719889047301
0.7366067518693518
0.9681243004168011
0.8320419953964274
1.1199478436759143
0.6688987233559776
0.6243171254763864
0.9424684126803764
1.3073751779380023
0.504198042680987
0.8078868972633493
0.9886490106059407
0.725195625682106
0.6871585383912875
0.8552383943765325
0.6593455238103508
0.7797059494414249
2.739986837573674
1.0337861166360311
0.6720831232045198
0.8320419953964274
0.7877576488191177
1.1199478436759143
1.2264390449546252
0.9219437024912366
0.7917834985079639
0.7797059494414249
0.8119127469521957
1.027631707561754
1.3000173476667862
1.0830213892302503
0.728999334411188
0.8808942821129572
1.2558703660394896
0.7213919169530243
0.7676284003748858
0.7175882082239424
1.027631707561754
0.7099807907657787
0.6833548296622057
0.7636025506860395
0.7518215867856792
0.901418992302097
0.7917834985079639
0.8320419953964274
0.7061770820366968
0.728999334411188
0.48583559726613995
1.2337968752258412
0.8038610475745029
0.8199644463298883
0.7917834985079639
0.7636025506860395
0.8199644463298883
0.7404104605984336
0.7917834985079639
0.7518215867856792
2.184375731422438
1.1753375253444103
0.6947659558494512
0.4996074313272752
0.3726525789843776
0.8655007494711023
0.828016145707581
0.815938596641042
0.8603695719238174
1.1261022527501914
1.5351898128951564
1.3955682992662606
0.7061770820366968
0.9270748800385216
0.728999334411188
0.646607924416182
0.962993122869516
0.8757631045656723
0.9270748800385216
0.7958093481968104
1.3783523320195872
0.6871585383912875
0.8655007494711023
0.728999334411188
0.7213919169530243
0.6211327256278442
0.7716542500637322
0.9681243004168011
0.6497923242647241
0.9424684126803764
0.9835178330586558
0.7518215867856792
0.7213919169530243
0.7480178780565973
0.7518215867856792
2.3345408952470965
1.9891610184503818
1.101484616453082
1.0091737207950806
0.6909622471203694
0.7213919169530243
0.728999334411188
1.027631707561754
0.7958093481968104
1.1445654799730236
0.7137844994948606
0.7636025506860395
1.5351898128951564
0.728999334411188
1.064558162007418
1.0522493438588636
0.7636025506860395
0.7404104605984336
0.9270748800385216
0.8119127469521957
0.7797059494414249
0.7175882082239424
1.4472162010062812
0.9424684126803764
0.7595767009971931
0.9475995902276614
1.046094934784586
1.076866980155973
1.1137934346016367
1.5163015478755046
0.9681243004168011
3.448366419286944
0.728999334411188
0.8706319270183874
0.725195625682106
1.027631707561754
0.9424684126803764
0.6985696645785331
0.4159287367888373
0.7958093481968104
1.0399405257103087
0.8706319270183874
0.9989113657005106
0.7837317991302712
1.455824184629618
1.1753375253444103
0.5838753566318382
0.7404104605984336
0.84009369477412
0.8360678450852735
0.7797059494414249
0.728999334411188
1.027631707561754
1.2705860265819218
0.6985696645785331
1.0707125710816954
2.544772124601618
1.076866980155973
0.8757631045656723
0.6370547248705554
2.815069419486004
0.7518215867856792
2.529755608219152
1.1445654799730236
0.815938596641042
1.3000173476667862
0.7099807907657787
0.728999334411188
0.6871585383912875
0.7716542500637322
1.3294486687516505
0.725195625682106
0.8603695719238174
0.828016145707581
1.3147330082092183
1.2853016871243539
0.8239902960187346
0.6757474122040419
0.38347161843549255
1.0953302073788047
0.8603695719238174
1.9290949529205184
0.8911566372075269
0.7404104605984336
0.8449760392819626
0.6871585383912875
0.6211327256278442
0.5652691619415728
1.2337968752258412
0.7958093481968104
1.8540123710081893
0.702373373307615
0.6688987233559776
0.7595767009971931
0.728999334411188
0.6909622471203694
1.1822920633273286
0.7328030431402699
1.1753375253444103
0.6306859251734709
1.386960315642924
0.5174246613094616
0.5067925500578813
0.6593455238103508
0.9322060575858064
0.8078868972633493
0.7797059494414249
0.7518215867856792
0.39609383112845997
0.755625295514761
0.8199644463298883
1.150719889047301
0.8603695719238174
0.7404104605984336
0.7137844994948606
0.7676284003748858
0.589288727142422
1.1445654799730236
0.8449760392819626
0.7756800997525786
0.6370547248705554
0.9835178330586558
0.9116813473966667
0.7676284003748858
0.8449760392819626
0.9835178330586558
0.9681243004168011
0.7756800997525786
0.7366067518693518
0.6147639259307598
1.5351898128951564
0.901418992302097
0.8706319270183874
1.0522493438588636
2.544772124601618
0.8552383943765325
0.7797059494414249
0.8603695719238174
0.7756800997525786
0.7518215867856792
0.8962878147548121
0.6402391247190976
1.0337861166360311
0.9783866555113709
0.8962878147548121
0.6871585383912875
0.9116813473966667
0.8038610475745029
2.1393261822750405
0.9886490106059407
0.886025459660242
0.7797059494414249
1.2117233844121928
0.8360678450852735
1.1822920633273286
0.886025459660242
1.058403752933141
0.4195350832725423
0.6985696645785331
0.6985696645785331
0.45599662346701336
2.274474829717233
0.8501072168292475
0.728999334411188
1.4644321682529549
0.7404104605984336
0.7958093481968104
1.1568742981215783
1.0522493438588636
0.633870325022013
0.7366067518693518
0.815938596641042
0.8757631045656723
0.7099807907657787
0.702373373307615
0.9270748800385216
1.3525283811495767
0.6625299236588932
1.1137934346016367
0.8808942821129572
2.93520155054573
0.3870779649191975
0.9424684126803764
0.828016145707581
0.6871585383912875
0.6833548296622057
0.6370547248705554
0.6052107263851331
0.755625295514761
0.6985696645785331
0.7595767009971931
0.725195625682106
0.7837317991302712
0.901418992302097
1.1076390255273596
0.42845295534474265
0.7837317991302712
0.8808942821129572
0.8199644463298883
0.9886490106059407
0.7636025506860395
0.725195625682106
1.3000173476667862
0.6688987233559776
0.8199644463298883
0.8552383943765325
1.046094934784586
0.6757474122040419
0.6688987233559776
1.3294486687516505
1.2264390449546252
0.9424684126803764
0.8808942821129572
1.101484616453082
1.1568742981215783
2.289491346099699
1.6579635355228932
1.3525283811495767
15.274314416694954
0.815938596641042
0.7480178780565973
0.7442141693275154
0.6947659558494512
0.7328030431402699
0.9116813473966667
1.046094934784586
1.1896498935985447
0.7175882082239424
0.7366067518693518
0.8911566372075269
1.4472162010062812
1.058403752933141
0.7480178780565973
0.7442141693275154
0.9373372351330914
0.9065501698493819
0.7137844994948606
0.4904262086198517
0.4307482610215985
0.9424684126803764
0.39248748464475497
0.9937801881532257
0.9219437024912366
1.0040425432477955
0.9116813473966667
0.9270748800385216
0.9219437024912366
0.6561611239618087
0.9681243004168011
0.6985696645785331
0.9475995902276614
0.37445575222623007
0.39429065788660744
0.7213919169530243
0.4674731518512928
0.6593455238103508
0.886025459660242
0.6593455238103508
0.7837317991302712
0.5838753566318382
0.8078868972633493
1.1822920633273286
