806.0
718.0
632.0
699.0
619.0
809.0
710.0
661.0
601.0
661.0
675.0
912.0
670.0
677.0
694.0
837.0
721.0
718.0
762.0
704.0
658.0
587.0
686.0
746.0
702.0
726.0
600.0
713.0
682.0
690.0
690.0
661.0
811.0
681.0
727.0
665.0
796.0
693.0
722.0
680.0
638.0
690.0
714.0
684.0
785.0
753.0
790.0
672.0
693.0
725.0
703.0
721.0
645.0
651.0
669.0
1092.0
683.0
747.0
741.0
679.0
789.0
793.0
696.0
761.0
781.0
701.0
756.0
647.0
718.0
856.0
669.0
680.0
732.0
734.0
728.0
869.0
801.0
662.0
772.0
677.0
727.0
634.0
678.0
662.0
702.0
804.0
681.0
631.0
701.0
681.0
691.0
798.0
702.0
602.0
679.0
680.0
689.0
826.0
685.0
878.0
710.0
694.0
689.0
674.0
718.0
736.0
731.0
714.0
791.0
681.0
634.0
779.0
673.0
693.0
812.0
606.0
664.0
673.0
728.0
578.0
750.0
698.0
688.0
694.0
569.0
704.0
797.0
680.0
694.0
700.0
690.0
692.0
756.0
624.0
686.0
722.0
806.0
710.0
691.0
687.0
847.0
698.0
686.0
709.0
668.0
688.0
650.0
734.0
724.0
800.0
730.0
711.0
710.0
734.0
686.0
757.0
682.0
694.0
699.0
680.0
796.0
679.0
707.0
702.0
683.0
669.0
669.0
637.0
686.0
660.0
672.0
729.0
705.0
706.0
780.0
728.0
619.0
701.0
679.0
736.0
744.0
677.0
693.0
677.0
677.0
702.0
695.0
687.0
732.0
663.0
677.0
673.0
693.0
661.0
810.0
776.0
705.0
690.0
713.0
698.0
667.0
683.0
664.0
693.0
678.0
702.0
692.0
790.0
874.0
683.0
695.0
669.0
702.0
649.0
692.0
798.0
661.0
707.0
675.0
756.0
694.0
706.0
718.0
706.0
710.0
674.0
749.0
664.0
685.0
745.0
685.0
694.0
679.0
710.0
652.0
661.0
604.0
694.0
707.0
686.0
657.0
737.0
576.0
580.0
685.0
695.0
644.0
695.0
677.0
777.0
765.0
779.0
698.0
732.0
670.0
690.0
725.0
689.0
721.0
690.0
579.0
715.0
843.0
696.0
660.0
689.0
688.0
679.0
680.0
702.0
668.0
726.0
712.0
682.0
672.0
683.0
666.0
757.0
716.0
813.0
705.0
677.0
690.0
696.0
675.0
676.0
736.0
714.0
687.0
676.0
721.0
714.0
766.0
660.0
730.0
738.0
705.0
776.0
727.0
757.0
697.0
655.0
674.0
741.0
701.0
658.0
681.0
829.0
664.0
729.0
621.0
665.0
619.0
694.0
697.0
637.0
756.0
701.0
741.0
853.0
686.0
683.0
699.0
852.0
672.0
654.0
698.0
767.0
775.0
658.0
690.0
676.0
797.0
725.0
672.0
778.0
723.0
682.0
663.0
696.0
800.0
674.0
674.0
766.0
696.0
684.0
706.0
702.0
687.0
694.0
703.0
670.0
693.0
780.0
669.0
741.0
644.0
680.0
862.0
688.0
722.0
672.0
706.0
685.0
681.0
675.0
736.0
753.0
753.0
631.0
698.0
687.0
698.0
845.0
661.0
677.0
671.0
733.0
688.0
671.0
688.0
670.0
689.0
620.0
749.0
693.0
729.0
878.0
700.0
668.0
693.0
664.0
604.0
682.0
749.0
789.0
705.0
703.0
668.0
586.0
642.0
665.0
676.0
670.0
669.0
686.0
668.0
662.0
669.0
661.0
694.0
816.0
685.0
684.0
601.0
696.0
736.0
705.0
726.0
681.0
705.0
686.0
739.0
670.0
758.0
714.0
741.0
709.0
665.0
692.0
750.0
755.0
678.0
683.0
769.0
664.0
741.0
714.0
692.0
694.0
701.0
670.0
706.0
783.0
637.0
806.0
723.0
686.0
656.0
741.0
683.0
718.0
697.0
687.0
717.0
620.0
722.0
746.0
721.0
698.0
751.0
697.0
641.0
673.0
694.0
696.0
720.0
692.0
687.0
693.0
684.0
705.0
689.0
684.0
773.0
772.0
674.0
659.0
744.0
689.0
607.0
640.0
709.0
708.0
733.0
710.0
709.0
692.0
713.0
714.0
672.0
677.0
718.0
686.0
672.0
658.0
695.0
672.0
763.0
838.0
642.0
695.0
664.0
798.0
684.0
681.0
706.0
673.0
669.0
669.0
678.0
645.0
684.0
669.0
722.0
725.0
668.0
677.0
667.0
901.0
753.0
746.0
676.0
714.0
767.0
746.0
669.0
660.0
665.0
772.0
701.0
663.0
714.0
697.0
678.0
698.0
717.0
578.0
729.0
646.0
725.0
725.0
842.0
674.0
714.0
665.0
662.0
645.0
709.0
703.0
697.0
721.0
735.0
663.0
774.0
634.0
658.0
690.0
727.0
637.0
703.0
660.0
791.0
714.0
578.0
693.0
698.0
747.0
689.0
673.0
663.0
637.0
704.0
680.0
688.0
731.0
736.0
741.0
615.0
696.0
709.0
745.0
676.0
702.0
652.0
675.0
581.0
698.0
674.0
646.0
685.0
695.0
804.0
674.0
576.0
702.0
682.0
691.0
710.0
797.0
684.0
672.0
645.0
726.0
705.0
645.0
617.0
725.0
706.0
751.0
789.0
733.0
744.0
751.0
661.0
782.0
667.0
669.0
686.0
655.0
664.0
669.0
674.0
817.0
650.0
682.0
778.0
791.0
733.0
664.0
613.0
714.0
672.0
661.0
688.0
653.0
610.0
648.0
683.0
736.0
682.0
687.0
667.0
662.0
677.0
712.0
680.0
658.0
676.0
672.0
687.0
710.0
596.0
697.0
677.0
649.0
643.0
806.0
695.0
713.0
660.0
664.0
650.0
791.0
685.0
683.0
709.0
651.0
685.0
822.0
749.0
722.0
673.0
666.0
677.0
708.0
714.0
682.0
688.0
633.0
701.0
709.0
657.0
571.0
707.0
696.0
740.0
653.0
595.0
602.0
700.0
635.0
662.0
695.0
