0.7829201000957267
0.8260885555320308
0.7750712900163987
0.5931494344596178
0.6253840070928104
1.0295453987487924
0.6060432635128948
1.0295453987487924
1.0412707385884579
0.5995963489862562
0.8420619442200706
0.7205200713320141
0.6608420369893224
0.8897707371605056
0.8897707371605056
0.9851883230413758
1.1643868069049443
0.5931494344596178
1.952830376371591
0.4709241984529048
0.609266720776214
0.9003726911472689
0.667288951515961
0.9639844150678492
0.5162027767179865
0.7554646696699642
1.0471334085082904
0.9215765991207957
0.8685668291869789
0.457215966994062
0.6933409392913861
0.631830921619449
0.6060432635128948
1.2048428782953324
1.441187738135235
0.8064665303337109
1.1761121467446096
0.8685668291869789
0.7011064055887083
0.596372891722937
1.1830647168797086
0.7321682707779975
0.9957902770281392
0.7750712900163987
0.7829201000957267
0.6640654942526417
0.8420619442200706
1.0881720979471192
2.520385316672681
0.7011064055887083
0.689458206142725
0.4686394932097643
0.6739272735480804
0.6479482079360452
1.9673830671485424
0.5597779062516652
0.631830921619449
0.6543951224626839
0.9904893000347574
0.9692853920612307
0.7127546050346919
0.7011064055887083
0.7750712900163987
0.7829201000957267
0.5434372326765357
1.0236827288289596
0.609266720776214
1.0295453987487924
0.8143153404130389
0.7946933152147188
0.9056736681406506
0.6060432635128948
0.9003726911472689
0.7986177202543827
0.6705124087792802
0.6286074643561298
0.6608420369893224
0.609266720776214
0.596372891722937
0.9268775761141774
0.644724750672726
0.6286074643561298
0.5652247974433752
0.667288951515961
0.5931494344596178
0.6189370925661718
0.6415012934094068
0.7829201000957267
0.9268775761141774
0.8143153404130389
0.7750712900163987
0.7127546050346919
0.7789956950560628
0.596372891722937
0.685575472994064
0.7554646696699642
0.9798873460479941
0.6350543788827682
0.6221605498294912
0.689458206142725
1.0588587483479557
0.6060432635128948
0.7282855376293363
0.5434372326765357
0.5243731135055513
0.884469760167124
0.8064665303337109
0.9427805070943224
1.8073034686020812
0.6739272735480804
0.689458206142725
0.5407137870806809
0.8791687831737423
0.5842889166143597
0.6157136353028526
0.5625013518475201
0.7205200713320141
1.3588578311357247
0.9268775761141774
1.2701773625422033
1.2048428782953324
0.37723005257044556
0.8420619442200706
0.8143153404130389
0.7515819365213031
0.7244028044806752
0.689458206142725
0.5788420254226497
0.667288951515961
0.8103909353733748
0.8473629212134522
0.7593736698577427
1.2048428782953324
0.6816927398454027
0.6221605498294912
0.9268775761141774
1.2556585882651208
0.9427805070943224
0.6543951224626839
0.9056736681406506
0.8300129605716948
0.8738678061803606
0.6543951224626839
0.9533824610810857
0.8221641504923668
0.8300129605716948
0.596372891722937
0.5931494344596178
0.7205200713320141
0.6060432635128948
0.7088718718860306
0.7166373381833528
0.5788420254226497
0.7907689101750547
0.47777831418232614
0.6221605498294912
0.7554646696699642
1.0529960784281232
0.9427805070943224
0.8685668291869789
0.6189370925661718
0.8339373656113588
0.8897707371605056
0.362764346270725
0.5815654710185046
0.667288951515961
0.6816927398454027
0.8300129605716948
0.8579648752002156
1.2483992011265796
0.8025421252940468
0.6778100066967416
0.7360510039266585
0.4549312617509215
0.5842889166143597
0.7515819365213031
0.6933409392913861
0.8685668291869789
1.4823526916349898
0.6415012934094068
0.48234772466860704
0.644724750672726
0.667288951515961
0.644724750672726
0.7127546050346919
1.1233481174661153
0.6705124087792802
0.6608420369893224
0.6415012934094068
0.8579648752002156
0.6608420369893224
0.7554646696699642
0.6060432635128948
0.7986177202543827
0.8260885555320308
0.5788420254226497
0.6739272735480804
0.6543951224626839
1.3753238125356269
0.7166373381833528
0.8685668291869789
0.644724750672726
0.7750712900163987
0.9056736681406506
2.3020949550184158
0.7986177202543827
0.6382778361460876
0.5899259771962984
0.7205200713320141
0.7554646696699642
0.685575472994064
0.5815654710185046
0.631830921619449
0.7205200713320141
0.9056736681406506
0.667288951515961
0.4206606831038147
0.8897707371605056
0.5625013518475201
1.017820058909127
0.7321682707779975
0.667288951515961
1.2846961368192857
0.8579648752002156
0.6739272735480804
0.9480814840877041
0.5570544606558104
0.7011064055887083
0.6576185797260032
0.6608420369893224
0.8378617706510229
0.7011064055887083
1.0998974377867847
0.6608420369893224
0.8897707371605056
0.37542183928298045
0.7711468849767347
0.689458206142725
0.7399337370753197
1.4164887660353818
0.7476992033726421
0.7321682707779975
0.884469760167124
0.7946933152147188
0.362764346270725
0.6221605498294912
1.0647214182677884
0.8897707371605056
0.685575472994064
0.9533824610810857
0.916275622127414
2.5785960797804854
0.7868445051353908
0.43436891456265747
0.7554646696699642
0.7438164702239808
0.8897707371605056
0.689458206142725
0.4229453883469552
1.441187738135235
1.7781980870481788
0.7049891387373696
0.3844629057203057
1.2919555239578269
0.5652247974433752
0.7476992033726421
1.0998974377867847
1.0705840881876212
0.7282855376293363
0.6221605498294912
0.6189370925661718
0.7205200713320141
0.7127546050346919
0.6739272735480804
0.6189370925661718
1.6112576829882097
0.6350543788827682
0.8103909353733748
1.2411398139880385
0.7127546050346919
0.884469760167124
0.6705124087792802
0.39712039873256116
1.441187738135235
0.884469760167124
0.7011064055887083
0.6286074643561298
0.7829201000957267
0.6415012934094068
0.7321682707779975
0.8260885555320308
0.7438164702239808
0.8103909353733748
0.8420619442200706
0.7868445051353908
1.11162277762645
0.8143153404130389
0.6253840070928104
0.6739272735480804
0.6608420369893224
0.6778100066967416
0.7282855376293363
0.7282855376293363
0.6933409392913861
0.40073682530749133
0.5931494344596178
0.6221605498294912
0.7205200713320141
0.4252300935900956
0.9056736681406506
0.8473629212134522
0.8632658521935972
0.6479482079360452
0.609266720776214
0.631830921619449
0.5679482430392301
1.2846961368192857
0.6189370925661718
0.9639844150678492
0.689458206142725
0.6221605498294912
0.6350543788827682
0.6253840070928104
1.1761121467446096
0.6576185797260032
0.6060432635128948
2.0838045933641505
0.7360510039266585
0.8064665303337109
0.7049891387373696
0.7011064055887083
0.7789956950560628
0.644724750672726
0.7515819365213031
0.6157136353028526
0.6253840070928104
0.5652247974433752
0.644724750672726
1.035408068668625
0.9427805070943224
0.6511716651993646
1.0412707385884579
0.7166373381833528
0.9056736681406506
0.6221605498294912
1.0998974377867847
0.8143153404130389
0.7672224799370707
0.7946933152147188
0.7205200713320141
1.226621039710956
0.4025450385949564
0.5488841238682456
0.8473629212134522
0.9692853920612307
0.7282855376293363
0.6382778361460876
0.631830921619449
0.7011064055887083
0.8685668291869789
0.7829201000957267
0.7321682707779975
0.7011064055887083
0.5842889166143597
0.5488841238682456
0.7244028044806752
0.884469760167124
0.932178553107559
0.7049891387373696
0.7282855376293363
0.5029100718568711
0.7554646696699642
0.6543951224626839
1.0295453987487924
0.7829201000957267
0.37903826585791056
0.7205200713320141
0.9109746451340324
0.4435077355352192
0.7789956950560628
0.6350543788827682
0.7049891387373696
0.4869171351548879
0.5842889166143597
0.6576185797260032
0.570671688635085
0.6221605498294912
0.5516075694641006
0.6415012934094068
0.5842889166143597
0.6415012934094068
0.631830921619449
0.5006253666137307
1.035408068668625
0.631830921619449
0.5407137870806809
0.8143153404130389
0.7321682707779975
0.6511716651993646
1.1585241369851114
0.5995963489862562
0.6221605498294912
0.7946933152147188
1.0063922310149025
0.6576185797260032
0.39350397215763105
1.1975834911567909
0.8064665303337109
0.6816927398454027
0.631830921619449
0.6933409392913861
1.0823094280272865
1.076446758107454
0.631830921619449
0.9904893000347574
0.6739272735480804
0.596372891722937
0.7049891387373696
0.6415012934094068
1.3753238125356269
0.8025421252940468
0.6253840070928104
1.0471334085082904
0.685575472994064
0.7632980748974066
1.2338804268494972
0.5733951342309399
0.689458206142725
0.6608420369893224
0.7049891387373696
0.6479482079360452
0.609266720776214
0.644724750672726
0.6350543788827682
2.5785960797804854
0.685575472994064
0.631830921619449
0.6608420369893224
0.6060432635128948
0.4686394932097643
0.5597779062516652
0.6028198062495755
0.7515819365213031
0.7711468849767347
0.7750712900163987
0.7360510039266585
0.7049891387373696
0.6221605498294912
1.1903241040182497
0.6933409392913861
1.1975834911567909
1.0119573889892945
0.5931494344596178
1.0236827288289596
1.0647214182677884
0.6221605498294912
0.8473629212134522
0.6382778361460876
0.689458206142725
0.6157136353028526
0.8221641504923668
0.5842889166143597
0.6157136353028526
0.5597779062516652
0.6124901780395333
0.5899259771962984
0.39712039873256116
0.7166373381833528
0.6972236724400472
0.9957902770281392
0.644724750672726
0.6511716651993646
0.9268775761141774
0.4503618512646406
0.6382778361460876
0.7438164702239808
0.6350543788827682
0.7321682707779975
1.2048428782953324
0.884469760167124
0.7515819365213031
0.9427805070943224
0.5815654710185046
2.418516481234024
0.5625013518475201
0.9268775761141774
2.1129099749180527
1.2846961368192857
1.441187738135235
0.5815654710185046
1.6495502270974873
0.8632658521935972
1.1643868069049443
0.7632980748974066
0.7360510039266585
0.6028198062495755
0.8103909353733748
0.5788420254226497
0.7868445051353908
0.932178553107559
0.8738678061803606
0.6286074643561298
0.5298200046972612
1.226621039710956
0.8025421252940468
0.9745863690546124
0.6221605498294912
0.6350543788827682
0.7750712900163987
0.8791687831737423
0.916275622127414
0.685575472994064
1.146798797145446
0.5597779062516652
0.7321682707779975
0.9533824610810857
0.7282855376293363
0.5407137870806809
0.7750712900163987
0.7244028044806752
0.6028198062495755
0.6972236724400472
0.6189370925661718
0.7789956950560628
0.5006253666137307
0.7593736698577427
0.6705124087792802
0.6816927398454027
0.6608420369893224
0.8182397454527027
0.5899259771962984
0.6778100066967416
0.7672224799370707
0.7593736698577427
0.5815654710185046
0.5815654710185046
0.4709241984529048
0.6816927398454027
0.609266720776214
0.7205200713320141
0.609266720776214
1.2992149110963682
0.8064665303337109
0.6028198062495755
0.7049891387373696
1.4164887660353818
0.6189370925661718
0.6157136353028526
0.5733951342309399
2.0110411394793957
1.1233481174661153
0.6972236724400472
0.37361362599551534
0.6608420369893224
0.5652247974433752
0.7321682707779975
0.5931494344596178
0.6705124087792802
0.7049891387373696
1.11162277762645
0.8738678061803606
0.7554646696699642
0.6350543788827682
1.3835568032355774
1.6304039550428486
0.5788420254226497
0.596372891722937
0.7750712900163987
0.6286074643561298
0.7360510039266585
1.1702494768247769
0.5625013518475201
0.9533824610810857
0.8473629212134522
1.2048428782953324
0.644724750672726
0.7554646696699642
0.4079696784573515
0.9056736681406506
0.4686394932097643
0.8339373656113588
0.6060432635128948
0.7011064055887083
0.6739272735480804
0.6933409392913861
0.7986177202543827
0.6511716651993646
0.8579648752002156
0.6221605498294912
0.8182397454527027
0.5815654710185046
1.2121022654338736
0.6350543788827682
0.596372891722937
0.8897707371605056
0.5870123622102145
0.6705124087792802
0.7205200713320141
1.2846961368192857
0.4503618512646406
0.9056736681406506
0.609266720776214
0.5570544606558104
0.6705124087792802
0.6933409392913861
0.5298200046972612
0.7515819365213031
0.7205200713320141
0.6739272735480804
0.6543951224626839
0.7166373381833528
0.6382778361460876
0.5189262223138416
0.7399337370753197
0.7986177202543827
