0.6145268447915555
0.5921598235149598
0.690598255696758
0.6564650096851726
0.6871472913963889
0.7285588630008205
0.5844997022196087
0.8181240455910663
0.6940492199971274
0.6089350894724066
0.558285477226693
0.6767943984952809
0.5559023658637006
0.5344543635967695
0.7816539675338245
0.7780069597281002
0.6033433341532576
0.5511361431377159
0.6033433341532576
0.6536691320255982
0.4270463205016778
0.46534689576534033
0.7389117559019284
0.6940492199971274
0.8400060924254116
0.6836963270960195
0.9614386580200385
0.5535192545007083
0.6592608873447472
0.7925949909509971
0.5296881408707848
0.6871472913963889
0.7561665774037749
0.6836963270960195
1.8263717572024587
0.6340979884085768
0.6871472913963889
0.7044021128982353
0.7492646488030363
0.7251078987004511
0.6767943984952809
0.4145734740155868
0.41615281673859145
1.2134973105045468
0.7078530771986047
0.7597719206994793
0.6733434341949115
0.6767943984952809
0.6836963270960195
0.5773503681306317
0.6005474564936831
0.8071830221738938
0.7147550057993433
0.711304041498974
1.164032714941612
0.6452814990468747
0.6368938660681513
0.5977515788341086
0.628506233089428
0.8327120768139631
0.6424856213873003
0.7816539675338245
1.2999583623036772
0.7743599519223762
0.6564650096851726
0.6201186001107045
0.5058570272408612
1.143248037771393
0.9520760084236011
0.5016316512782837
0.7962419987567213
0.7780069597281002
0.7780069597281002
0.5702010340416546
0.6648526426638961
0.6592608873447472
0.6676485203234706
0.7182059700997125
0.6340979884085768
0.5296881408707848
0.7670659363109278
0.700951148597866
0.5921598235149598
0.6676485203234706
4.085962483756918
0.6620567650043216
0.6340979884085768
0.5106232499668459
0.5921598235149598
0.8400060924254116
0.43309377975383506
0.6145268447915555
0.5559023658637006
0.9708013076164762
1.0082519060022264
0.7285588630008205
0.9614386580200385
0.5977515788341086
0.5654348113156699
0.8327120768139631
0.6508732543660237
0.6005474564936831
1.354482218322191
0.572584145404647
0.46736271551605935
0.6836963270960195
0.700951148597866
1.0082519060022264
1.0705016676756252
0.5921598235149598
0.5487530317747235
0.5392205863227542
0.6145268447915555
0.6648526426638961
0.6340979884085768
0.6871472913963889
0.7389117559019284
0.6396897437277258
0.6368938660681513
1.33321261299565
0.572584145404647
0.6767943984952809
0.5844997022196087
0.6648526426638961
0.586882813582601
0.6340979884085768
0.44518869825814955
0.5893639458553853
1.354482218322191
0.6704443979830451
0.5249219181448
0.7078530771986047
0.9848452820111323
1.3622909462701946
1.377908402166202
0.5949557011745343
1.0133438054575221
0.6940492199971274
0.7216569344000818
1.2134973105045468
0.6836963270960195
0.6061392118128321
1.3700996742181983
0.5821165908566163
0.7216569344000818
0.6033433341532576
0.628506233089428
1.95218625188331
0.8959001108449758
0.8865374612485383
1.0035705812040074
0.586882813582601
0.6452814990468747
0.7389117559019284
1.5768436597266886
1.0289323133351866
0.6592608873447472
0.9848452820111323
0.711304041498974
0.7423627202022977
0.5130063613298383
0.9146254100378509
0.628506233089428
0.5225388067818076
0.6592608873447472
0.39878004678553985
0.6592608873447472
1.0289323133351866
0.6145268447915555
1.0133438054575221
0.745813684502667
1.0497169905054058
0.4177321594615962
0.7527156131034056
0.6396897437277258
0.7285588630008205
0.5606685885896853
0.6005474564936831
0.44115705875671135
0.622914477770279
0.7389117559019284
0.711304041498974
0.7078530771986047
0.6975001842974967
1.0808940062607348
0.8181240455910663
0.7078530771986047
0.6480773767064493
1.3857171301142057
0.7853009753395487
0.9473946836253822
0.8144770377853422
2.0780007465641614
0.5606685885896853
0.8363590846196873
1.6349295008712375
0.5821165908566163
0.6836963270960195
0.7285588630008205
0.6368938660681513
1.1276595298937284
0.6704443979830451
0.622914477770279
1.3132600625804662
0.5702010340416546
1.1224633606011734
0.5511361431377159
0.690598255696758
0.6975001842974967
0.6648526426638961
0.6564650096851726
0.7634189285052035
0.572584145404647
0.6005474564936831
0.5797334794936241
0.6396897437277258
0.7423627202022977
0.5797334794936241
0.6836963270960195
0.6173227224511301
0.745813684502667
0.7182059700997125
0.7527156131034056
0.5821165908566163
1.044520821212851
0.8865374612485383
0.7423627202022977
0.5949557011745343
0.6536691320255982
0.6396897437277258
0.6313021107490024
0.9895266068093511
0.5702010340416546
0.6368938660681513
0.9052627604414134
0.7780069597281002
0.6257103554298535
0.6767943984952809
0.7780069597281002
0.7251078987004511
0.6424856213873003
0.7389117559019284
0.7492646488030363
2.2317740178407566
0.6676485203234706
0.6145268447915555
1.1276595298937284
0.5773503681306317
0.7816539675338245
0.7670659363109278
0.40193873223154925
0.6767943984952809
0.8254180612025148
0.9614386580200385
0.711304041498974
0.5893639458553853
0.6648526426638961
1.0549131597979609
0.6257103554298535
1.174425053526722
0.6201186001107045
0.5921598235149598
0.6033433341532576
0.5797334794936241
0.41299413129258217
0.5630516999526776
0.9942079316075698
0.5606685885896853
0.4814734537710929
0.5821165908566163
0.8108300299796181
0.5893639458553853
0.6201186001107045
0.6089350894724066
0.6620567650043216
0.6005474564936831
0.558285477226693
0.8912187860467572
0.7182059700997125
0.7962419987567213
0.5654348113156699
0.6173227224511301
0.622914477770279
1.2134973105045468
0.6620567650043216
0.7816539675338245
1.0808940062607348
0.6767943984952809
0.6940492199971274
0.6033433341532576
0.5797334794936241
0.6089350894724066
0.7285588630008205
0.9052627604414134
0.7889479831452728
0.6033433341532576
0.6033433341532576
0.6368938660681513
0.7147550057993433
0.7251078987004511
0.690598255696758
0.9661199828182573
1.226799010781336
0.6257103554298535
0.6452814990468747
0.9239880596342884
0.6975001842974967
0.611730967131981
0.8490868628627881
0.6424856213873003
0.6648526426638961
0.7182059700997125
0.6536691320255982
0.5749672567676394
0.7998890065624454
0.9567573332218199
0.6648526426638961
0.6648526426638961
0.6340979884085768
0.8181240455910663
0.6452814990468747
4.924168463823363
0.6033433341532576
0.6368938660681513
0.6005474564936831
0.8217710533967907
0.6201186001107045
1.448186953698235
0.8584495124592257
0.4177321594615962
0.6802453627956502
0.43107796000311593
0.8724934868538821
0.6975001842974967
0.770712944116652
1.2933075121652826
1.143248037771393
0.7527156131034056
0.7182059700997125
0.7320098273011898
0.4391412390059922
0.4713943550174975
0.5949557011745343
0.6257103554298535
0.44115705875671135
0.7423627202022977
0.8363590846196873
0.8327120768139631
0.6201186001107045
0.7182059700997125
0.6089350894724066
0.9333507092307259
1.7145366508194801
0.611730967131981
0.6767943984952809
0.7816539675338245
0.745813684502667
1.8543305337982035
0.8217710533967907
0.711304041498974
0.5821165908566163
0.6648526426638961
0.7285588630008205
0.9988892564057886
0.6480773767064493
0.5893639458553853
0.7423627202022977
0.5392205863227542
0.8181240455910663
0.7492646488030363
0.586882813582601
0.5893639458553853
0.9614386580200385
0.622914477770279
0.5416036976857466
0.6733434341949115
0.611730967131981
1.0035705812040074
0.8724934868538821
0.8181240455910663
0.8327120768139631
0.5225388067818076
0.5535192545007083
0.7044021128982353
0.44115705875671135
0.8363590846196873
0.7816539675338245
0.5678179226786623
0.7670659363109278
0.8327120768139631
1.2800058118884932
0.39562136133953046
0.8537681876610069
0.770712944116652
0.7320098273011898
0.558285477226693
0.7147550057993433
0.628506233089428
0.5036474710290026
1.4872305934382537
0.6802453627956502
0.7962419987567213
1.3466734903741875
0.5702010340416546
0.5773503681306317
0.6452814990468747
1.51875781858214
0.6033433341532576
0.5463699204117312
1.9242274752875652
0.8724934868538821
0.9099440852396321
0.6424856213873003
0.7998890065624454
0.6173227224511301
0.5844997022196087
0.6536691320255982
0.6940492199971274
0.7998890065624454
0.7670659363109278
0.5630516999526776
0.711304041498974
1.0705016676756252
0.6508732543660237
0.8327120768139631
0.6536691320255982
0.8181240455910663
0.8865374612485383
1.1868939099509683
0.7492646488030363
0.7182059700997125
0.9099440852396321
0.9848452820111323
0.6836963270960195
0.6368938660681513
0.6313021107490024
1.2401007110581255
0.5702010340416546
0.6313021107490024
0.7962419987567213
0.6940492199971274
1.9242274752875652
0.6676485203234706
0.4814734537710929
0.8400060924254116
1.1328556991862833
0.622914477770279
1.1276595298937284
0.6173227224511301
0.8959001108449758
0.6173227224511301
0.8254180612025148
1.0289323133351866
0.9661199828182573
0.6257103554298535
0.6940492199971274
1.3935258580622094
0.5678179226786623
1.1224633606011734
0.5821165908566163
0.6452814990468747
0.5749672567676394
0.6313021107490024
0.711304041498974
0.628506233089428
0.6005474564936831
0.5392205863227542
0.7962419987567213
0.6975001842974967
0.5392205863227542
0.6871472913963889
0.6089350894724066
0.6340979884085768
0.4794576340203738
0.6145268447915555
0.6368938660681513
0.6201186001107045
0.532071252233777
0.6940492199971274
0.8035360143681696
0.745813684502667
0.6871472913963889
0.5921598235149598
0.5511361431377159
0.9333507092307259
0.5797334794936241
0.9567573332218199
0.9052627604414134
1.0653054983830705
1.1224633606011734
0.7527156131034056
0.4177321594615962
0.7320098273011898
0.5296881408707848
0.46534689576534033
0.7816539675338245
0.6424856213873003
0.37666924866347407
0.6767943984952809
0.6836963270960195
1.1328556991862833
0.6396897437277258
0.7962419987567213
0.690598255696758
0.6508732543660237
0.6648526426638961
1.0082519060022264
0.8678121620556631
0.5606685885896853
0.5036474710290026
1.0705016676756252
0.9614386580200385
0.5821165908566163
0.6005474564936831
0.5893639458553853
2.273712182734374
1.0341284826277413
0.7889479831452728
0.5977515788341086
0.5977515788341086
0.6676485203234706
0.6975001842974967
0.9473946836253822
0.6940492199971274
0.5893639458553853
0.8912187860467572
0.6836963270960195
0.6564650096851726
0.6173227224511301
0.8678121620556631
0.6005474564936831
1.8962686986918205
0.6648526426638961
0.7078530771986047
0.6648526426638961
0.8912187860467572
0.6564650096851726
0.6676485203234706
0.5630516999526776
1.0497169905054058
0.622914477770279
1.1068748527235088
0.5130063613298383
0.6201186001107045
1.1068748527235088
0.5130063613298383
1.2001956102277576
0.7962419987567213
0.8108300299796181
0.5392205863227542
0.6340979884085768
0.7216569344000818
0.6145268447915555
0.49961583152756456
0.586882813582601
0.8363590846196873
0.7780069597281002
0.7998890065624454
0.7998890065624454
0.6396897437277258
0.4391412390059922
0.6536691320255982
0.6536691320255982
0.42301468100023965
0.6145268447915555
1.1536403763565024
0.711304041498974
0.6536691320255982
0.7320098273011898
0.6089350894724066
1.6432274781776013
0.9708013076164762
0.7182059700997125
0.6257103554298535
0.586882813582601
0.8363590846196873
0.8537681876610069
0.8444055380645694
1.0912863448458445
1.0237361440426318
3.000640374223736
0.408256103123568
0.6620567650043216
0.7561665774037749
0.5296881408707848
0.7780069597281002
0.7182059700997125
0.6033433341532576
0.8181240455910663
0.9380320340289448
1.112071022016064
0.7216569344000818
0.9052627604414134
0.7492646488030363
0.6940492199971274
0.622914477770279
0.8818561364503195
1.1935447600893632
0.8584495124592257
0.6145268447915555
0.8865374612485383
0.9708013076164762
0.5106232499668459
0.572584145404647
0.7889479831452728
0.5893639458553853
0.9099440852396321
0.4935683722754074
0.5273050295077923
0.6033433341532576
0.6592608873447472
0.7670659363109278
0.5949557011745343
0.3782485913864788
0.517772584055823
0.6802453627956502
0.6592608873447472
0.6452814990468747
0.6033433341532576
