0.4827719737992863
0.5258342651858744
0.5629330096717922
0.5572255105201126
0.5229805156100344
0.43938614702763273
0.5919750419184803
0.41910184211189494
0.962548300475294
0.6941825300500151
0.5714942583993118
0.5401030130650735
0.5886167558543507
0.5857630062785109
0.443953076161491
0.5343955139133939
0.5953484875662942
0.4919058320670029
0.6493236179313164
0.6189626071009914
0.4759215800984989
0.5058580181549954
0.6594439548747582
0.49875622576779033
0.7632884257620308
0.5343955139133939
0.6392032809878748
0.5229805156100344
0.6425767266356888
0.6493236179313164
1.0073617995871944
0.47820504466542807
0.6122157158053636
0.7154205358064017
0.49875622576779033
0.5857630062785109
0.49647276120086115
0.9924239665498943
0.5258342651858744
0.3922573368679369
0.5058580181549954
0.5286880147617141
0.5058580181549954
0.47820504466542807
0.7083412005542729
0.5629330096717922
0.6526970635791304
0.5714942583993118
0.9077762460051934
0.443953076161491
0.5515180113684329
0.5033231549016486
0.4553703989961367
1.0073617995871944
0.5572255105201126
0.48733890293314464
0.7224998710585306
0.8081531724989486
0.4804885092323572
0.5515180113684329
0.7224998710585306
0.47363811553156976
0.47820504466542807
0.5919750419184803
1.4910171397119283
0.5033231549016486
0.5486642617925931
1.0500536846174149
0.5258342651858744
0.635829835340061
0.5600792600959523
0.384587478226806
1.3963898541985669
0.48505543836621545
0.5401030130650735
0.6392032809878748
0.4827719737992863
0.5515180113684329
0.5201267660341947
0.5629330096717922
0.598721933214108
0.9476104674379938
0.8828798576096931
0.6223360527488053
0.6392032809878748
0.5572255105201126
0.598721933214108
0.7012618653021441
0.48505543836621545
1.2203222398303224
0.5343955139133939
0.5429567626409133
0.598721933214108
0.6493236179313164
0.7048015329282085
0.4508034698622784
0.48733890293314464
0.5229805156100344
0.7083412005542729
0.5743480079751515
0.676484191919693
0.6459501722835025
0.5486642617925931
0.4919058320670029
0.9077762460051934
0.635829835340061
0.5258342651858744
0.5600792600959523
0.47820504466542807
0.7154205358064017
0.5657867592476321
0.6189626071009914
0.5429567626409133
0.6729445242936285
0.5657867592476321
0.5401030130650735
0.4348192178937745
1.1055042340679644
0.5229805156100344
0.4667877218307824
0.43938614702763273
0.676484191919693
0.6800238595457574
0.7782433413410035
0.5953484875662942
0.5629330096717922
0.8629627468932931
0.5286880147617141
0.4804885092323572
0.459937328129995
0.5172730164583549
0.5886167558543507
0.4645042572638532
0.459937328129995
0.5033231549016486
0.7632884257620308
0.4325357533268453
0.5486642617925931
0.5058580181549954
0.47135465096464063
1.5149578627363622
0.5144192668825149
0.6290829440444331
1.2766841354741711
0.47363811553156976
0.5743480079751515
0.6835635271718219
0.5572255105201126
0.598721933214108
0.5315417643375541
0.5572255105201126
0.6122157158053636
0.6661908461703858
0.6122157158053636
0.48733890293314464
0.49647276120086115
0.5572255105201126
0.5686405088234718
0.4827719737992863
0.4919058320670029
0.6189626071009914
0.4827719737992863
0.5600792600959523
0.5572255105201126
0.4667877218307824
0.5172730164583549
0.49647276120086115
0.5829092567026711
0.5743480079751515
0.5829092567026711
0.459937328129995
0.5857630062785109
1.2444773379634004
0.6941825300500151
0.783228313200661
0.6425767266356888
0.49647276120086115
0.49647276120086115
0.4553703989961367
0.5800555071268311
0.5686405088234718
1.3727330328202267
0.598721933214108
0.5258342651858744
0.45765386356306587
0.5886167558543507
0.6122157158053636
0.6088422701575497
0.5372492634892337
0.8430456361768929
0.7782433413410035
0.7048015329282085
0.7543568796931105
0.5458105122167531
0.676484191919693
0.5629330096717922
0.635829835340061
0.494189296633932
0.8031682006392911
0.5572255105201126
0.494189296633932
1.0023825219080944
0.5458105122167531
0.5010396903347195
0.5115655173066752
0.5886167558543507
0.5115655173066752
0.494189296633932
0.5429567626409133
0.7154205358064017
0.49875622576779033
0.7331188739367238
0.48962236750007376
0.632456389692247
0.5714942583993118
0.6661908461703858
2.46814191412938
0.5429567626409133
0.47820504466542807
1.080859545423276
0.5600792600959523
0.49647276120086115
0.459937328129995
0.5800555071268311
0.4667877218307824
0.6493236179313164
0.5087117677308354
1.2364256385857078
1.3569618185679997
0.494189296633932
0.9426311897588938
0.8181231162182637
0.6290829440444331
0.5714942583993118
0.5172730164583549
0.7012618653021441
0.6526970635791304
0.602095378861922
0.5714942583993118
1.1671159556796864
0.5800555071268311
0.5229805156100344
0.6290829440444331
0.5515180113684329
0.6290829440444331
1.7859694577724758
0.9874446888707943
0.5743480079751515
0.5172730164583549
1.4279322827030207
0.7543568796931105
1.0073617995871944
0.6088422701575497
0.6155891614531775
0.6054688245097359
0.443953076161491
1.1055042340679644
0.5657867592476321
0.5953484875662942
0.7331188739367238
0.5800555071268311
0.6800238595457574
1.412161068450794
0.7472775444409816
1.1424712670349975
0.6290829440444331
0.40759705415019865
0.5886167558543507
0.5429567626409133
0.6493236179313164
0.5010396903347195
0.5714942583993118
0.7632884257620308
0.6290829440444331
0.43025228875991617
0.632456389692247
0.5033231549016486
0.5800555071268311
0.5857630062785109
0.6290829440444331
0.726039538684595
0.6088422701575497
0.7882132850603185
0.6223360527488053
0.676484191919693
0.7048015329282085
0.6526970635791304
0.6425767266356888
0.5857630062785109
0.5686405088234718
0.5857630062785109
0.5600792600959523
0.5201267660341947
0.8430456361768929
0.48962236750007376
1.3088909329849419
0.632456389692247
0.3903398722076542
0.598721933214108
0.5115655173066752
0.5429567626409133
0.5829092567026711
0.5886167558543507
0.6223360527488053
0.676484191919693
0.7583034539023732
0.5315417643375541
0.7083412005542729
0.5229805156100344
1.2444773379634004
0.4056795894899159
0.7048015329282085
0.5286880147617141
0.7437378768149172
0.6526970635791304
0.9027969683260932
1.3008392336072492
0.4325357533268453
1.9490976538578229
0.7154205358064017
0.783228313200661
0.5372492634892337
0.5686405088234718
0.47820504466542807
0.5229805156100344
0.5172730164583549
0.7508172120670461
0.6257094983966194
1.09318188974562
0.7083412005542729
0.6729445242936285
0.7882132850603185
1.1486324391961695
0.6526970635791304
0.6122157158053636
0.6661908461703858
2.987186174400937
0.6526970635791304
1.3249943317403272
0.7224998710585306
0.45308693442920756
0.676484191919693
0.5829092567026711
0.5258342651858744
0.7331188739367238
0.5343955139133939
0.3654128316239788
0.7882132850603185
0.9077762460051934
0.36733029628426156
0.662817400522572
0.632456389692247
0.5372492634892337
0.632456389692247
0.5714942583993118
0.5058580181549954
0.5315417643375541
0.5458105122167531
0.8629627468932931
0.8530041915350929
0.4919058320670029
0.662817400522572
0.5429567626409133
0.5058580181549954
0.5743480079751515
0.662817400522572
0.7882132850603185
0.4827719737992863
0.676484191919693
0.4667877218307824
0.726039538684595
0.6054688245097359
0.5058580181549954
0.7543568796931105
0.7224998710585306
0.5172730164583549
0.4553703989961367
0.7882132850603185
0.7882132850603185
0.5629330096717922
0.6800238595457574
0.7154205358064017
0.632456389692247
0.5857630062785109
0.5372492634892337
0.5172730164583549
0.5115655173066752
0.5829092567026711
0.6941825300500151
0.6871031947978863
0.5515180113684329
0.5953484875662942
0.5229805156100344
1.4831315325858148
0.662817400522572
1.019247823811554
0.49647276120086115
0.5572255105201126
0.9824654111916942
0.5458105122167531
0.6122157158053636
0.5953484875662942
0.6459501722835025
0.35774297298284796
0.7632884257620308
0.49647276120086115
0.662817400522572
0.4256853596260579
0.41910184211189494
0.5429567626409133
0.9077762460051934
0.783228313200661
0.5372492634892337
0.49647276120086115
0.5714942583993118
0.36349536696369616
0.45765386356306587
0.5229805156100344
0.5600792600959523
0.5486642617925931
0.6871031947978863
0.877900579930593
0.5886167558543507
0.5953484875662942
0.6392032809878748
0.7118808681803374
0.5572255105201126
0.34432072036086897
1.4279322827030207
0.5486642617925931
0.602095378861922
0.5172730164583549
0.8679420245723929
0.726039538684595
0.36924776094454426
0.49875622576779033
0.5886167558543507
0.5315417643375541
0.726039538684595
0.5572255105201126
0.7882132850603185
0.4804885092323572
0.41718437745161224
0.5033231549016486
0.6290829440444331
0.5372492634892337
0.5258342651858744
0.5629330096717922
0.6223360527488053
0.5458105122167531
0.4256853596260579
0.4325357533268453
0.6088422701575497
1.080859545423276
0.44166961159456186
0.6526970635791304
0.5010396903347195
0.5953484875662942
0.6088422701575497
0.9824654111916942
0.5429567626409133
0.4371026824607036
0.602095378861922
0.5515180113684329
0.7331188739367238
1.2686324360964785
0.5372492634892337
0.5629330096717922
0.5686405088234718
0.8828798576096931
0.6257094983966194
0.6257094983966194
0.6729445242936285
0.5172730164583549
0.6906428624239507
0.5743480079751515
0.4827719737992863
0.6054688245097359
0.7366585415627883
0.49875622576779033
0.6088422701575497
0.4919058320670029
0.48733890293314464
0.6459501722835025
0.5172730164583549
0.5857630062785109
0.718960203432466
0.5286880147617141
0.6871031947978863
1.6969904417259236
0.6088422701575497
0.5343955139133939
0.494189296633932
0.6493236179313164
0.5033231549016486
0.6871031947978863
0.6392032809878748
0.7224998710585306
0.5686405088234718
0.5229805156100344
0.5144192668825149
0.4645042572638532
0.35582550832256526
0.5600792600959523
0.6594439548747582
0.9276933567215937
0.5800555071268311
0.5686405088234718
0.5919750419184803
0.3404857910403035
0.4508034698622784
0.9476104674379938
0.5172730164583549
0.46222079269692407
0.5172730164583549
0.47363811553156976
0.7048015329282085
0.4645042572638532
0.9077762460051934
0.9077762460051934
0.5515180113684329
0.5144192668825149
0.9376519120797938
0.5429567626409133
0.5172730164583549
0.5286880147617141
0.4827719737992863
0.49875622576779033
0.5172730164583549
0.4919058320670029
0.4827719737992863
0.602095378861922
0.49875622576779033
0.6560705092269442
0.5144192668825149
0.5572255105201126
0.602095378861922
0.5772017575509913
0.8430456361768929
0.7154205358064017
0.5115655173066752
1.6403243223636912
0.5172730164583549
0.5458105122167531
0.5714942583993118
0.37500015492539246
0.5315417643375541
0.6088422701575497
0.4462365407284202
0.5714942583993118
0.5714942583993118
0.5172730164583549
0.411431983470764
0.49875622576779033
0.5258342651858744
0.726039538684595
0.7048015329282085
0.7632884257620308
0.5953484875662942
0.5953484875662942
0.5429567626409133
0.5115655173066752
0.5372492634892337
1.2444773379634004
0.5919750419184803
0.5401030130650735
0.459937328129995
0.5800555071268311
0.5572255105201126
0.48733890293314464
0.6526970635791304
0.6290829440444331
0.8280930599375788
0.5486642617925931
0.8480249138559929
0.6835635271718219
0.6661908461703858
0.8131381443586062
0.46222079269692407
0.49875622576779033
0.44166961159456186
0.9177348013633935
0.48733890293314464
0.5572255105201126
0.6223360527488053
0.5258342651858744
0.3922573368679369
0.5429567626409133
0.48733890293314464
0.5258342651858744
0.5115655173066752
0.4211184304921996
0.5286880147617141
0.411431983470764
0.8629627468932931
0.5286880147617141
0.47363811553156976
0.5600792600959523
0.5172730164583549
0.5572255105201126
0.6122157158053636
0.5201267660341947
1.1363100948738254
0.5800555071268311
0.5486642617925931
0.4211184304921996
0.7437378768149172
0.5886167558543507
0.4759215800984989
0.6054688245097359
0.5686405088234718
0.967527578154394
0.6155891614531775
0.5800555071268311
1.0993430619067923
0.4759215800984989
0.47135465096464063
0.5372492634892337
0.4211184304921996
0.962548300475294
0.5087117677308354
0.5058580181549954
1.0746983732621036
0.602095378861922
0.5286880147617141
0.48505543836621545
0.598721933214108
0.6054688245097359
0.48962236750007376
0.5144192668825149
0.6695642918181998
0.5572255105201126
0.5857630062785109
0.6054688245097359
0.494189296633932
0.4462365407284202
0.49647276120086115
0.6871031947978863
0.598721933214108
0.47820504466542807
0.5486642617925931
0.6189626071009914
0.877900579930593
0.6871031947978863
0.5058580181549954
0.718960203432466
0.6871031947978863
0.5258342651858744
0.5429567626409133
0.5343955139133939
0.6054688245097359
