0.8131102934497058
0.6158020002531142
1.3051675526228432
1.042860420755093
0.6728852423779583
1.0861471854609757
0.6875176912687805
1.0490442442845052
1.0065315316197931
1.1541692442845048
0.8044846524240648
0.8483497134379745
0.9633910357520243
1.024308950166858
1.9988613034385347
2.3422484861120663
0.7131244768277192
0.7167825890504247
0.8579364902974788
0.7423893746093634
0.6802014668233693
0.7613564472958596
1.0985148325197993
1.9988613034385347
1.0614118913433286
0.7350731501639522
0.7167825890504247
1.3672708938469373
1.460999363958386
0.7387312623866576
0.7497055990547744
0.9825645894710328
0.705808252382308
0.8346743960138083
0.9585976473222724
0.7021501401596025
0.7786077293471417
0.6665325632557949
1.626730343830406
0.705808252382308
1.297757860992887
2.5064771386950593
0.7742949088343212
0.8389872165266289
0.9825645894710328
1.9540716709159005
0.8260487549881673
0.7829205498599622
0.8483497134379745
0.7872333703727827
0.8346743960138083
0.7872333703727827
0.934630705173512
0.8260487549881673
0.7829205498599622
0.7131244768277192
0.6538499225051249
1.6171626532729542
1.1356177736962698
0.6697032234434626
0.8675232671569828
0.6802014668233693
0.7497055990547744
0.691175803491486
0.7094663646050136
0.6665325632557949
0.7314150379412468
0.9633910357520243
1.5121239840191762
1.626730343830406
0.8579364902974788
0.8044846524240648
0.553604141391229
0.7656692678086802
0.872316655586735
0.9394240936032641
0.8483497134379745
0.7699820883215007
1.5693242004856964
0.7786077293471417
1.2681190944730634
0.8217359344753468
0.6506792623174572
0.9921513663305369
0.8531431018677266
4.1171127226103925
1.1792027949135917
0.6506792623174572
0.44428578978311634
0.7240988134958358
0.7167825890504247
0.9777712010412806
0.676543354600664
2.3422484861120663
1.4780409039786495
0.8866968208759911
1.3672708938469373
0.8174231139625264
0.7204407012731301
0.7350731501639522
0.8483497134379745
1.5036032140090447
0.6506792623174572
1.375791663857069
0.7423893746093634
0.4952554867528132
0.944217482033016
0.7958590113984237
0.8627298787272308
0.6284846410037843
0.8771100440164868
0.9873579779007847
1.0552280678139168
0.8217359344753468
0.45536615868957214
0.7786077293471417
0.7533637112774799
0.7958590113984237
1.4269162839178593
0.6221433206284491
0.9921513663305369
0.6538499225051249
0.8174231139625264
1.024308950166858
0.8579364902974788
0.8435563250082224
0.9921513663305369
0.6570205826927924
0.9633910357520243
1.9839314259309904
0.8087974729368852
1.3843124338672008
0.7240988134958358
0.7240988134958358
0.7460474868320688
0.7786077293471417
0.5249060164774003
0.8866968208759911
0.8483497134379745
1.2458900195831955
0.9538042588925201
0.9873579779007847
1.1541692442845048
0.934630705173512
1.0366765972256815
0.7872333703727827
0.7350731501639522
0.8389872165266289
0.9681844241817764
0.7656692678086802
0.8131102934497058
2.5064771386950593
0.7533637112774799
0.6665325632557949
0.8675232671569828
0.92983731674376
0.7915461908856032
0.676543354600664
0.705808252382308
0.7570436267830392
0.8435563250082224
0.8044846524240648
0.8174231139625264
0.9681844241817764
0.6538499225051249
1.1665368913433283
0.9490108704627681
0.8771100440164868
1.0366765972256815
0.683859579046075
1.2755287861030196
0.7240988134958358
1.073779538402152
0.8866968208759911
0.9729778126115286
0.7460474868320688
1.8943521608857212
0.7167825890504247
3.118602116504398
0.7497055990547744
0.8087974729368852
0.8483497134379745
0.683859579046075
0.7699820883215007
0.8174231139625264
1.3587501238368056
0.7240988134958358
0.7204407012731301
0.8389872165266289
0.6475086021297897
1.5121239840191762
0.872316655586735
0.7314150379412468
1.0799633619315636
0.8771100440164868
0.8303615755009879
0.7533637112774799
0.6948339157141915
1.1866124865435477
0.7350731501639522
0.44428578978311634
1.0861471854609757
0.8579364902974788
2.7602850563233217
0.8914902093057432
1.8644924058706318
1.1541692442845048
0.7240988134958358
1.5036032140090447
0.92983731674376
0.944217482033016
1.0366765972256815
0.7460474868320688
0.6475086021297897
0.7460474868320688
0.7915461908856032
2.8946539538912246
0.6601912428804598
1.1727207148727403
0.6875176912687805
0.7699820883215007
0.8044846524240648
0.8483497134379745
0.7958590113984237
0.7699820883215007
0.8044846524240648
0.9394240936032641
0.8675232671569828
1.297757860992887
0.9873579779007847
1.4183955139077278
0.7742949088343212
0.9154571514545037
0.7829205498599622
1.0985148325197993
0.5875201071984814
0.9058703745949995
1.6171626532729542
1.1356177736962698
1.1541692442845048
0.7314150379412468
0.9490108704627681
0.7915461908856032
0.7131244768277192
1.2532997112131514
0.7460474868320688
1.3125772442527992
1.6458657249453092
0.8531431018677266
0.705808252382308
0.872316655586735
0.6948339157141915
0.7497055990547744
0.8044846524240648
0.6665325632557949
3.133531994011942
0.6875176912687805
0.7021501401596025
1.0799633619315636
0.5875201071984814
0.7021501401596025
0.8483497134379745
0.7131244768277192
0.8483497134379745
0.4509340111269899
0.6633619030681274
0.9777712010412806
0.8914902093057432
2.2078795885441624
0.7314150379412468
0.7497055990547744
0.6411672817544545
0.8346743960138083
0.7497055990547744
0.9154571514545037
0.7423893746093634
0.8866968208759911
0.8914902093057432
0.7497055990547744
0.5118614142438418
1.6075949627155026
0.4620143800334457
0.9154571514545037
0.8044846524240648
1.0552280678139168
0.9058703745949995
0.7786077293471417
0.7742949088343212
1.0065315316197931
0.683859579046075
0.8131102934497058
0.9729778126115286
0.944217482033016
0.9106637630247515
1.2014318698034596
0.683859579046075
0.6475086021297897
0.8260487549881673
0.5875201071984814
0.8217359344753468
1.2162512530633713
0.9825645894710328
0.9154571514545037
0.7387312623866576
0.9873579779007847
0.7387312623866576
1.1170663031080343
0.9873579779007847
0.683859579046075
0.9490108704627681
1.2310706363232835
1.2088415614334156
0.8044846524240648
0.8771100440164868
0.934630705173512
1.1108824795786225
0.6348259613791195
1.0614118913433286
0.7460474868320688
0.8579364902974788
0.7423893746093634
0.7497055990547744
0.6875176912687805
0.7533637112774799
0.7277569257185412
0.9490108704627681
0.7958590113984237
0.7786077293471417
0.9969447547602888
0.676543354600664
0.8962835977354952
1.001738143190041
1.319986935882755
0.9585976473222724
0.7497055990547744
2.2228094660517077
0.6158020002531142
0.7533637112774799
0.537950618710959
0.6411672817544545
1.073779538402152
0.9490108704627681
1.001738143190041
1.2014318698034596
1.001738143190041
0.7656692678086802
0.9010769861652473
0.9538042588925201
0.676543354600664
1.3928332038773323
0.7350731501639522
0.504119781877978
0.7277569257185412
0.8483497134379745
1.042860420755093
0.9154571514545037
0.8579364902974788
0.8675232671569828
0.7656692678086802
0.7314150379412468
1.834632650855542
0.9585976473222724
0.7656692678086802
0.7656692678086802
1.1541692442845048
0.9490108704627681
0.6538499225051249
0.8044846524240648
0.5353416982642472
1.1356177736962698
0.8389872165266289
0.6601912428804598
0.7204407012731301
0.9394240936032641
0.6189726604407816
0.8174231139625264
0.8579364902974788
0.8044846524240648
0.644337941942122
0.6506792623174572
0.9250439283140077
0.7533637112774799
0.8579364902974788
0.9729778126115286
0.6379966215667869
1.0065315316197931
1.0119413031080347
0.6062900196901114
0.6475086021297897
0.6475086021297897
0.705808252382308
1.297757860992887
1.0366765972256815
0.7314150379412468
0.7131244768277192
0.8346743960138083
1.1418015972256814
1.1541692442845048
0.9825645894710328
0.8001718319112442
0.6221433206284491
1.0119413031080347
1.1665368913433283
0.7829205498599622
1.1170663031080343
0.7533637112774799
1.2532997112131514
1.2088415614334156
0.8303615755009879
0.7872333703727827
0.691175803491486
1.1603530678139167
0.8579364902974788
1.0923310089903873
1.1792027949135917
1.3125772442527992
0.6506792623174572
0.691175803491486
0.9538042588925201
0.8819034324462391
2.01379118094608
0.9538042588925201
1.2458900195831955
0.8579364902974788
0.8044846524240648
0.9729778126115286
0.9106637630247515
0.7786077293471417
0.7872333703727827
0.8389872165266289
0.8435563250082224
1.0985148325197993
0.7460474868320688
0.7167825890504247
0.6875176912687805
0.7829205498599622
1.03049277369627
0.92983731674376
0.9825645894710328
0.7167825890504247
0.9921513663305369
0.7497055990547744
0.7350731501639522
0.7958590113984237
0.5066435733504183
1.6853338757800935
0.7131244768277192
0.9154571514545037
0.6411672817544545
0.7829205498599622
1.2014318698034596
0.8627298787272308
0.6948339157141915
1.0490442442845052
1.03049277369627
0.8914902093057432
0.4509340111269899
0.8914902093057432
0.6379966215667869
0.7240988134958358
0.5875201071984814
1.0552280678139168
0.4908233391902309
1.8794222833781762
0.8531431018677266
1.0861471854609757
1.1294339501668578
0.7872333703727827
1.5406211288133413
1.745053385810273
0.7915461908856032
0.8260487549881673
1.0065315316197931
0.7423893746093634
1.0366765972256815
2.9394435864138595
0.7699820883215007
0.6601912428804598
1.342216010772623
0.8531431018677266
0.6633619030681274
1.578891891043148
0.8346743960138083
0.9202505398842556
0.9394240936032641
0.7958590113984237
0.8819034324462391
0.8531431018677266
0.8914902093057432
1.2014318698034596
0.8914902093057432
0.705808252382308
0.8260487549881673
0.7094663646050136
2.2675990985743413
0.8483497134379745
2.237739343559252
0.683859579046075
0.7131244768277192
1.0552280678139168
0.6665325632557949
0.6948339157141915
0.8001718319112442
0.7915461908856032
0.7204407012731301
1.0181251266374463
0.6253139808161168
0.8627298787272308
0.8531431018677266
0.7829205498599622
0.7204407012731301
1.1232501266374462
0.9921513663305369
0.7699820883215007
0.7829205498599622
0.872316655586735
3.0887423614893077
0.7350731501639522
0.5327327778175354
1.334806319142667
1.319986935882755
0.6348259613791195
0.8044846524240648
0.683859579046075
0.4575822324708633
0.8819034324462391
1.0366765972256815
0.9202505398842556
1.2088415614334156
0.7387312623866576
0.7167825890504247
0.7204407012731301
1.5693242004856964
0.7204407012731301
1.9242119159008109
0.7021501401596025
1.626730343830406
1.2755287861030196
0.8217359344753468
0.944217482033016
0.7570436267830392
0.8483497134379745
0.8435563250082224
1.3273966275127111
3.297760646594935
1.03049277369627
0.8131102934497058
0.7240988134958358
0.8962835977354952
0.6348259613791195
0.7021501401596025
0.8389872165266289
0.944217482033016
0.6875176912687805
1.2903481693629313
1.5980272721580508
0.6253139808161168
0.4974715605341044
0.872316655586735
1.4183955139077278
0.9394240936032641
0.7094663646050136
0.6728852423779583
0.8819034324462391
0.8174231139625264
0.8346743960138083
0.7460474868320688
1.0861471854609757
0.7533637112774799
1.2014318698034596
1.7002637532876383
0.7204407012731301
0.7387312623866576
1.0490442442845052
1.0065315316197931
0.7131244768277192
2.7005655462931424
0.8174231139625264
0.9969447547602888
0.7699820883215007
0.8346743960138083
0.9394240936032641
1.073779538402152
0.6802014668233693
1.073779538402152
0.9681844241817764
0.9538042588925201
0.6633619030681274
0.6316553011914519
0.8579364902974788
0.6948339157141915
0.683859579046075
0.7423893746093634
0.7021501401596025
1.1541692442845048
0.7387312623866576
0.872316655586735
0.7742949088343212
1.2458900195831955
1.0552280678139168
0.8579364902974788
0.9538042588925201
0.691175803491486
