722.0
857.0
947.0
734.0
732.0
737.0
779.0
791.0
827.0
738.0
820.0
846.0
597.0
697.0
752.0
862.0
786.0
820.0
769.0
801.0
734.0
600.0
962.0
793.0
729.0
685.0
748.0
763.0
810.0
825.0
722.0
705.0
898.0
733.0
754.0
770.0
722.0
743.0
758.0
849.0
716.0
750.0
808.0
791.0
796.0
737.0
850.0
770.0
713.0
877.0
722.0
738.0
759.0
757.0
761.0
826.0
742.0
800.0
588.0
703.0
821.0
560.0
744.0
805.0
715.0
747.0
603.0
805.0
759.0
715.0
774.0
770.0
984.0
727.0
736.0
618.0
857.0
726.0
880.0
810.0
716.0
861.0
724.0
752.0
674.0
738.0
746.0
781.0
706.0
729.0
795.0
773.0
760.0
752.0
738.0
631.0
848.0
750.0
746.0
730.0
830.0
749.0
720.0
734.0
825.0
667.0
809.0
779.0
751.0
679.0
818.0
765.0
734.0
776.0
714.0
788.0
884.0
718.0
820.0
720.0
722.0
731.0
763.0
733.0
836.0
774.0
744.0
938.0
797.0
762.0
766.0
900.0
725.0
812.0
729.0
629.0
777.0
737.0
830.0
630.0
737.0
739.0
717.0
736.0
914.0
851.0
769.0
795.0
772.0
727.0
744.0
744.0
741.0
743.0
801.0
870.0
769.0
822.0
809.0
593.0
720.0
725.0
732.0
728.0
759.0
734.0
749.0
797.0
804.0
720.0
700.0
836.0
783.0
755.0
837.0
745.0
778.0
752.0
756.0
773.0
877.0
740.0
812.0
553.0
717.0
821.0
813.0
754.0
781.0
635.0
734.0
815.0
874.0
736.0
748.0
861.0
872.0
833.0
789.0
871.0
800.0
557.0
805.0
750.0
766.0
782.0
944.0
727.0
914.0
816.0
822.0
740.0
807.0
722.0
751.0
762.0
800.0
797.0
771.0
854.0
777.0
785.0
798.0
723.0
769.0
820.0
809.0
772.0
608.0
723.0
587.0
962.0
818.0
786.0
779.0
721.0
738.0
736.0
720.0
709.0
722.0
738.0
822.0
741.0
749.0
729.0
724.0
566.0
710.0
727.0
918.0
784.0
805.0
776.0
844.0
754.0
555.0
741.0
771.0
713.0
855.0
731.0
725.0
616.0
732.0
561.0
795.0
874.0
687.0
565.0
760.0
574.0
719.0
800.0
607.0
721.0
759.0
674.0
853.0
622.0
732.0
875.0
778.0
766.0
774.0
756.0
743.0
708.0
840.0
795.0
763.0
726.0
759.0
720.0
881.0
580.0
781.0
693.0
678.0
855.0
781.0
778.0
813.0
679.0
736.0
918.0
749.0
740.0
769.0
801.0
810.0
757.0
727.0
755.0
745.0
698.0
770.0
855.0
725.0
656.0
743.0
805.0
735.0
710.0
931.0
823.0
699.0
866.0
812.0
785.0
704.0
731.0
730.0
856.0
566.0
765.0
905.0
693.0
726.0
810.0
742.0
780.0
740.0
771.0
806.0
805.0
791.0
722.0
747.0
738.0
750.0
599.0
738.0
662.0
785.0
797.0
781.0
715.0
937.0
772.0
657.0
753.0
753.0
726.0
730.0
642.0
789.0
722.0
793.0
784.0
786.0
794.0
857.0
733.0
779.0
956.0
749.0
765.0
775.0
646.0
961.0
648.0
741.0
750.0
687.0
778.0
813.0
770.0
717.0
726.0
774.0
740.0
733.0
693.0
747.0
622.0
718.0
798.0
779.0
838.0
807.0
786.0
733.0
762.0
959.0
737.0
742.0
729.0
888.0
775.0
754.0
792.0
779.0
750.0
693.0
734.0
701.0
774.0
554.0
877.0
794.0
571.0
739.0
706.0
730.0
768.0
661.0
776.0
717.0
727.0
746.0
626.0
741.0
754.0
757.0
776.0
720.0
769.0
806.0
857.0
786.0
706.0
736.0
718.0
698.0
716.0
745.0
721.0
809.0
726.0
761.0
774.0
813.0
699.0
753.0
733.0
914.0
745.0
732.0
708.0
770.0
804.0
759.0
730.0
628.0
709.0
773.0
749.0
813.0
842.0
740.0
660.0
775.0
790.0
782.0
880.0
905.0
786.0
705.0
816.0
778.0
762.0
848.0
753.0
764.0
628.0
554.0
758.0
699.0
738.0
798.0
834.0
760.0
701.0
773.0
793.0
790.0
720.0
755.0
750.0
709.0
748.0
733.0
811.0
716.0
696.0
712.0
745.0
745.0
696.0
661.0
732.0
747.0
737.0
808.0
780.0
724.0
717.0
772.0
752.0
586.0
757.0
757.0
868.0
788.0
716.0
741.0
761.0
712.0
768.0
625.0
766.0
853.0
936.0
740.0
782.0
725.0
743.0
750.0
822.0
794.0
819.0
1017.0
760.0
795.0
737.0
788.0
789.0
726.0
751.0
642.0
844.0
709.0
836.0
