1.0635346585669303
0.6850305893963491
0.51542184941364
0.7994808993878709
0.7794951579430041
0.7321642963619218
0.728797603007238
0.9224895376565065
0.8154694925437644
0.8979634367524527
1.0577065227387943
0.728797603007238
0.6363953840784319
1.578119097205823
0.5688590657525204
0.6099025594372001
0.7954837510988976
0.8074751959658177
0.6099025594372001
1.2799567557437437
0.9421104183797494
0.5408681429083451
0.42881728630032967
0.6816638960416653
0.6687755030843822
0.7834923062319774
0.6157898538019182
0.551046660306227
1.9031885147064276
0.6687755030843822
0.6363953840784319
0.8832477762100207
1.4473248337086668
0.5688590657525204
0.7388976830712893
0.8234637891217111
1.3515298645582157
0.8074751959658177
0.5688590657525204
0.7321642963619218
0.8114723442547911
0.8394523822776047
0.755731149844708
0.6782972026869816
0.6099025594372001
0.6850305893963491
0.5739483244514615
0.7456310697806567
0.6275644425313547
0.9077738771140742
0.8074751959658177
0.6687755030843822
0.6275644425313547
0.7754980096540307
0.8274609374106846
0.8354552339886313
0.586671471198814
1.9031885147064276
0.7595094164981373
0.2646114287124291
0.6481699728078684
0.8394523822776047
0.6157898538019182
0.581582212499873
0.40272525059608344
0.3075606786326333
0.7220642162978705
0.5586805483546385
0.6069589122548408
0.501092292268341
0.6951306694604005
0.5739483244514615
0.6782972026869816
0.6481699728078684
1.046050251082523
1.0926753377076093
0.36343383537319063
0.755731149844708
0.6917639761057167
0.9519208587413709
0.7186975229431868
0.5892970291606862
0.7635065647871107
0.586671471198814
1.3366852549005734
0.715330829588503
1.1334722885045603
0.8440060147635348
1.4074102632293122
0.5922406763430452
0.9126790972948851
1.0285658435981153
0.5714036951019911
0.29145470991255673
0.8783425560292099
0.5892970291606862
0.5951843235254044
0.581582212499873
0.5383235135588745
0.6658318559020231
0.728797603007238
0.7119641362338192
1.0810190660513377
0.6363953840784319
0.6452263256255094
0.3142714989326652
0.6816638960416653
0.6010716178901226
0.6749305093322979
0.9126790972948851
1.6455918765754503
0.8074751959658177
0.8636268954867775
0.9372051981989385
0.6363953840784319
0.6917639761057167
0.6334517368960729
0.7321642963619218
0.29145470991255673
0.6816638960416653
1.1218160168482887
0.6422826784431502
0.6099025594372001
0.6275644425313547
0.8685321156675883
0.6275644425313547
0.6040152650724817
0.46294715022966837
0.6782972026869816
0.3330617957727545
1.0343939794262513
0.6917639761057167
0.36343383537319063
1.005878280730289
0.6658318559020231
0.8394523822776047
0.728797603007238
0.7914866028099242
0.7321642963619218
0.755731149844708
0.7489977631353405
0.7321642963619218
0.7489977631353405
0.5714036951019911
0.8930582165716421
0.5485020309567564
0.7874894545209509
0.8783425560292099
1.0693627943950659
0.7635065647871107
0.9813521798262353
0.4268096472456626
0.6010716178901226
0.6069589122548408
0.9911626201878567
0.728797603007238
0.7018640561697679
0.7715008613650574
0.5434127722578155
0.34215098546079037
0.6099025594372001
0.7119641362338192
0.3650709776741445
0.5637698070535795
0.6540572671725866
0.6246207953489954
0.5951843235254044
1.4473248337086668
0.48101590172167114
0.7052307495244516
1.0009730605494782
0.581582212499873
0.8114723442547911
0.581582212499873
0.6040152650724817
0.6599445615373049
0.6099025594372001
0.3699824045770061
0.6069589122548408
0.6599445615373049
0.42279436913632873
0.9568260789221815
0.6951306694604005
0.6452263256255094
0.6658318559020231
0.7456310697806567
1.431359005516925
0.6511136199902275
1.439341919612796
0.5383235135588745
1.5492021917616972
0.6157898538019182
0.5790375831504025
0.6511136199902275
3.4966279223789876
1.1043316093638809
0.7018640561697679
0.8034780476768443
0.6422826784431502
0.5892970291606862
0.505243332015758
0.3156136629926716
1.0693627943950659
0.662888208719664
0.6599445615373049
0.49506937510433996
0.6040152650724817
0.6917639761057167
0.9568260789221815
0.5981279707077636
0.6917639761057167
0.6275644425313547
0.43885548157366455
0.9862574000070462
0.6305080897137137
1.7142977061369735
0.530689625510463
0.6917639761057167
0.7220642162978705
1.685237581741673
0.6481699728078684
0.5408681429083451
0.8440060147635348
0.3236666473527099
0.6216771481666364
0.9077738771140742
0.556135919005168
2.484391002612442
0.5535912896556976
0.6040152650724817
0.6917639761057167
0.8538164551251561
0.9322999780181279
1.1451285601608319
0.7052307495244516
0.6481699728078684
0.9126790972948851
0.6951306694604005
0.8194666408327378
0.5841268418493435
0.9175843174756957
0.7119641362338192
0.6749305093322979
0.6687755030843822
0.7422643764259731
0.9126790972948851
1.2232282565869141
0.8832477762100207
0.6883972827510328
2.4262707538218407
0.7754980096540307
0.8194666408327378
0.7186975229431868
0.7754980096540307
0.8685321156675883
0.6540572671725866
0.6305080897137137
0.6883972827510328
0.7018640561697679
0.6275644425313547
0.755731149844708
0.3781681160817755
0.6481699728078684
0.8734373358483991
0.7523644564900244
1.0518783869106587
0.7018640561697679
1.5492021917616972
0.7715008613650574
0.662888208719664
0.8783425560292099
1.0009730605494782
0.3896281121884525
0.551046660306227
0.5205111081125811
0.6040152650724817
0.6570009143549458
1.2161371941923105
1.5684801287244476
1.3515298645582157
0.551046660306227
1.230319318981518
1.2657746309545364
0.7914866028099242
0.6717191502667412
0.7186975229431868
1.0635346585669303
0.8881529963908312
0.9568260789221815
0.6816638960416653
0.6099025594372001
0.7874894545209509
0.6069589122548408
0.662888208719664
0.9175843174756957
0.7321642963619218
0.5892970291606862
0.8685321156675883
0.5739483244514615
0.8538164551251561
0.6040152650724817
0.6187335009842773
0.6850305893963491
0.6816638960416653
0.6246207953489954
0.9715417394646138
0.44487839873766544
0.6393390312607911
0.34051384315983646
0.556135919005168
0.9322999780181279
0.6540572671725866
0.8538164551251561
0.5714036951019911
0.6187335009842773
0.43484020346433055
0.662888208719664
0.6850305893963491
0.5922406763430452
0.5030999313230079
0.6816638960416653
0.7321642963619218
0.7052307495244516
0.6570009143549458
0.8194666408327378
0.6481699728078684
0.8354552339886313
0.6717191502667412
0.6216771481666364
0.7754980096540307
0.6187335009842773
0.5637698070535795
0.6511136199902275
0.7754980096540307
0.5714036951019911
0.6305080897137137
0.6099025594372001
0.9224895376565065
0.715330829588503
0.7388976830712893
0.6422826784431502
0.6275644425313547
1.1742692393015108
0.7834923062319774
1.4632906619004087
1.1393004243326958
0.37653097378082157
0.6481699728078684
0.6917639761057167
1.0518783869106587
0.5485020309567564
0.3699824045770061
0.2699800849524546
0.8074751959658177
0.586671471198814
0.755731149844708
0.8734373358483991
0.9764469596454246
0.6422826784431502
1.5032052323797631
0.9715417394646138
1.0868472018794737
0.7595094164981373
0.6334517368960729
1.0343939794262513
0.6917639761057167
0.6452263256255094
0.6040152650724817
0.6782972026869816
0.5841268418493435
0.5922406763430452
0.7388976830712893
0.8489112349443454
0.8881529963908312
0.5790375831504025
0.46294715022966837
0.7422643764259731
0.8489112349443454
0.755731149844708
0.7186975229431868
0.6481699728078684
1.2374103813761217
0.6850305893963491
0.37653097378082157
0.5790375831504025
0.6305080897137137
0.6334517368960729
0.7874894545209509
0.9077738771140742
0.755731149844708
0.6422826784431502
0.7321642963619218
0.5714036951019911
0.44688603779233244
0.6570009143549458
1.1742692393015108
0.715330829588503
0.9470156385605601
1.3674956927499575
1.1742692393015108
0.8314580856996578
0.7754980096540307
0.5981279707077636
0.5790375831504025
0.8636268954867775
0.40272525059608344
0.5637698070535795
0.6275644425313547
0.6216771481666364
0.7874894545209509
0.6782972026869816
0.6816638960416653
0.6917639761057167
0.7119641362338192
1.1334722885045603
0.5332342548599335
1.322503130111366
0.2699800849524546
0.8930582165716421
4.006472033233491
0.7456310697806567
0.9175843174756957
0.47097770644833614
0.7523644564900244
0.6040152650724817
0.9813521798262353
0.7018640561697679
0.6275644425313547
0.715330829588503
0.6951306694604005
0.6452263256255094
0.7018640561697679
0.6187335009842773
0.46897006739366925
0.7052307495244516
0.6570009143549458
0.7186975229431868
0.6157898538019182
0.5790375831504025
0.8734373358483991
0.5922406763430452
0.6187335009842773
0.7834923062319774
0.8314580856996578
0.8114723442547911
0.5332342548599335
0.6187335009842773
0.728797603007238
0.5951843235254044
0.6305080897137137
0.33037746765274173
1.0518783869106587
0.31964015517269073
1.4153931773251829
0.5637698070535795
1.1509566959889677
0.501092292268341
0.487038818885672
0.6246207953489954
0.43484020346433055
0.6816638960416653
0.551046660306227
1.1684411034733753
0.6334517368960729
0.7595094164981373
0.6305080897137137
0.7874894545209509
0.7456310697806567
0.9372051981989385
0.6128462066195591
0.6069589122548408
0.6481699728078684
0.6816638960416653
0.6246207953489954
0.9911626201878567
0.6187335009842773
0.8274609374106846
1.258683568559933
0.5485020309567564
0.9715417394646138
1.301229942927555
0.9126790972948851
0.5485020309567564
1.0110814361137077
0.6128462066195591
0.6951306694604005
0.7754980096540307
0.7422643764259731
0.6749305093322979
0.5739483244514615
0.6658318559020231
0.6951306694604005
0.6452263256255094
0.7018640561697679
0.6782972026869816
0.728797603007238
0.6570009143549458
0.35361098156746745
0.6275644425313547
0.6157898538019182
0.505243332015758
0.6452263256255094
0.5922406763430452
1.3154120677167624
0.5205111081125811
0.8783425560292099
0.6422826784431502
0.545957401607286
0.6984973628150842
0.33037746765274173
1.1509566959889677
0.6883972827510328
0.8274609374106846
0.3552481238684213
0.9666365192838032
0.8440060147635348
0.5981279707077636
0.4248020081909957
0.6782972026869816
0.29011254585255036
0.5841268418493435
0.6246207953489954
0.7754980096540307
0.7456310697806567
0.6069589122548408
0.3748938314798677
0.7754980096540307
1.0926753377076093
0.755731149844708
0.5688590657525204
0.7186975229431868
0.7834923062319774
0.7456310697806567
0.8440060147635348
0.7754980096540307
0.7321642963619218
0.7321642963619218
0.6305080897137137
0.41582238900371443
0.316955827052678
0.556135919005168
0.8685321156675883
0.6511136199902275
0.5892970291606862
0.6422826784431502
0.7994808993878709
0.46897006739366925
0.7456310697806567
0.6951306694604005
0.6275644425313547
0.7874894545209509
0.501092292268341
0.5790375831504025
0.7422643764259731
0.6816638960416653
0.7254309096525542
0.5841268418493435
0.7635065647871107
0.8783425560292099
0.6540572671725866
0.6275644425313547
0.8074751959658177
1.917718576904078
0.38799096988749865
0.7595094164981373
1.0577065227387943
0.5790375831504025
0.5739483244514615
0.9470156385605601
0.26729575683244183
0.728797603007238
0.41909667360562214
0.5739483244514615
0.5281449961609925
0.5030999313230079
0.7489977631353405
0.6717191502667412
0.6128462066195591
0.8489112349443454
0.8538164551251561
0.6481699728078684
0.29413903803256947
0.8394523822776047
1.1509566959889677
0.6187335009842773
0.6951306694604005
0.7635065647871107
0.6540572671725866
0.9322999780181279
1.1043316093638809
0.7794951579430041
0.6187335009842773
0.38799096988749865
0.561225177704109
0.5637698070535795
0.7914866028099242
0.6305080897137137
0.9322999780181279
0.6687755030843822
0.5485020309567564
0.8234637891217111
0.7456310697806567
0.9813521798262353
0.6099025594372001
0.2834017255525184
0.6850305893963491
0.581582212499873
0.9519208587413709
0.6917639761057167
0.4059995351979912
0.6452263256255094
0.37325668917891386
0.7489977631353405
0.7254309096525542
0.6599445615373049
1.3366852549005734
0.5408681429083451
0.6187335009842773
0.6452263256255094
0.6040152650724817
0.6363953840784319
0.29011254585255036
0.8440060147635348
0.6040152650724817
0.8034780476768443
0.8881529963908312
0.5951843235254044
0.7388976830712893
1.578119097205823
0.6816638960416653
0.7085974428791355
0.5981279707077636
0.755731149844708
0.662888208719664
0.6511136199902275
0.7085974428791355
0.9568260789221815
1.0110814361137077
0.7321642963619218
0.561225177704109
0.5951843235254044
0.755731149844708
0.8074751959658177
0.6850305893963491
0.6658318559020231
0.7489977631353405
0.47097770644833614
