693.0
616.0
727.0
632.0
712.0
605.0
654.0
700.0
625.0
616.0
625.0
681.0
577.0
713.0
640.0
586.0
657.0
772.0
678.0
629.0
637.0
646.0
717.0
826.0
641.0
634.0
632.0
668.0
672.0
657.0
609.0
664.0
660.0
618.0
606.0
629.0
688.0
551.0
730.0
638.0
683.0
771.0
721.0
567.0
587.0
688.0
606.0
637.0
651.0
663.0
611.0
590.0
621.0
740.0
651.0
676.0
562.0
647.0
618.0
608.0
629.0
631.0
629.0
829.0
730.0
630.0
621.0
714.0
646.0
686.0
771.0
628.0
629.0
678.0
938.0
681.0
623.0
698.0
643.0
615.0
677.0
565.0
632.0
658.0
676.0
814.0
629.0
685.0
692.0
650.0
694.0
648.0
765.0
613.0
649.0
619.0
673.0
645.0
624.0
631.0
618.0
629.0
629.0
614.0
658.0
763.0
633.0
978.0
642.0
595.0
691.0
626.0
793.0
626.0
625.0
675.0
646.0
619.0
621.0
655.0
630.0
605.0
645.0
755.0
619.0
641.0
618.0
604.0
626.0
663.0
650.0
663.0
665.0
699.0
558.0
657.0
609.0
621.0
624.0
661.0
644.0
614.0
649.0
603.0
774.0
674.0
706.0
622.0
739.0
658.0
608.0
688.0
721.0
772.0
645.0
642.0
638.0
644.0
724.0
612.0
694.0
660.0
666.0
725.0
653.0
710.0
588.0
669.0
633.0
617.0
665.0
631.0
735.0
722.0
693.0
668.0
681.0
640.0
654.0
617.0
601.0
649.0
622.0
640.0
666.0
615.0
617.0
651.0
598.0
631.0
629.0
631.0
676.0
666.0
594.0
651.0
755.0
629.0
704.0
741.0
622.0
715.0
574.0
637.0
643.0
637.0
612.0
663.0
795.0
627.0
667.0
638.0
605.0
669.0
649.0
709.0
666.0
612.0
693.0
712.0
709.0
716.0
626.0
592.0
680.0
646.0
658.0
648.0
605.0
633.0
741.0
649.0
618.0
721.0
637.0
612.0
622.0
622.0
650.0
694.0
610.0
600.0
749.0
678.0
635.0
644.0
638.0
644.0
686.0
603.0
581.0
650.0
661.0
673.0
641.0
692.0
607.0
637.0
644.0
676.0
728.0
646.0
709.0
594.0
618.0
612.0
660.0
640.0
613.0
609.0
672.0
659.0
672.0
694.0
659.0
683.0
644.0
649.0
641.0
603.0
586.0
782.0
642.0
685.0
628.0
624.0
653.0
647.0
619.0
635.0
677.0
572.0
626.0
645.0
678.0
602.0
602.0
723.0
619.0
572.0
619.0
609.0
652.0
628.0
832.0
672.0
717.0
662.0
622.0
629.0
738.0
641.0
694.0
615.0
643.0
604.0
606.0
619.0
598.0
608.0
626.0
613.0
674.0
616.0
675.0
603.0
572.0
612.0
653.0
657.0
674.0
613.0
717.0
687.0
616.0
624.0
676.0
654.0
610.0
702.0
634.0
618.0
738.0
850.0
648.0
605.0
639.0
778.0
703.0
611.0
705.0
630.0
672.0
676.0
641.0
698.0
686.0
702.0
594.0
674.0
701.0
601.0
613.0
618.0
642.0
649.0
625.0
637.0
717.0
767.0
612.0
714.0
663.0
601.0
669.0
670.0
878.0
586.0
628.0
644.0
798.0
660.0
650.0
630.0
609.0
644.0
637.0
694.0
634.0
686.0
637.0
665.0
614.0
615.0
691.0
616.0
685.0
613.0
688.0
630.0
603.0
626.0
627.0
648.0
605.0
656.0
630.0
642.0
713.0
618.0
736.0
612.0
616.0
668.0
604.0
611.0
661.0
597.0
686.0
607.0
618.0
656.0
618.0
620.0
643.0
642.0
648.0
632.0
725.0
674.0
634.0
661.0
579.0
634.0
752.0
614.0
666.0
629.0
681.0
734.0
597.0
650.0
704.0
658.0
622.0
635.0
622.0
644.0
642.0
606.0
644.0
777.0
614.0
686.0
625.0
657.0
707.0
622.0
589.0
634.0
740.0
778.0
669.0
821.0
647.0
716.0
752.0
562.0
617.0
662.0
647.0
668.0
690.0
590.0
603.0
620.0
681.0
630.0
666.0
654.0
608.0
677.0
628.0
616.0
646.0
724.0
662.0
656.0
684.0
640.0
564.0
589.0
658.0
666.0
725.0
604.0
763.0
656.0
645.0
656.0
590.0
654.0
628.0
614.0
679.0
612.0
670.0
626.0
640.0
646.0
699.0
634.0
608.0
626.0
680.0
660.0
601.0
911.0
642.0
658.0
646.0
635.0
617.0
701.0
564.0
605.0
610.0
658.0
629.0
701.0
603.0
633.0
634.0
674.0
745.0
634.0
630.0
613.0
654.0
678.0
650.0
616.0
674.0
674.0
618.0
657.0
