0.6585284975971133
0.6262691957175583
0.6327210560934693
1.2721537143699402
1.0032653033307768
0.7944595901847538
1.6768537606700498
0.8442109298083184
0.7809748226807453
0.6391729164693803
0.5907839636500478
0.6165914051536918
0.9336790149147012
0.6101395447777808
0.6939044974057939
0.7014742543814915
0.7014742543814915
0.908826769051817
0.5624863689555731
0.9933244049856231
1.0780734317814888
0.7468927962356768
1.0908206845287414
0.6133654749657363
0.8394088151981158
0.6863347404300963
1.5349527482965961
0.6976893758936427
1.2721537143699402
0.7544625532113743
0.7203986468207354
0.6976893758936427
0.5680911673561062
4.289612752498329
0.6036876844018698
0.8541518281534719
0.5793007641571725
0.8541518281534719
0.9734426082953157
0.9237381165695475
0.7279684037964329
0.8169342026914347
0.5877079617579721
0.6863347404300963
0.8442109298083184
0.7764799001794089
0.8034494351874262
0.6294951259055137
0.6553025674091577
0.6423988466573357
0.6198173353416473
0.8259240476941071
0.6327210560934693
0.5793007641571725
1.2721537143699402
0.7128288898450378
0.7166137683328866
0.6327210560934693
0.7166137683328866
0.6649803579730242
0.4808444001189717
0.8079443576887623
0.6976893758936427
0.7203986468207354
0.7393230392599793
1.1882063459488879
0.8491813789808951
0.8079443576887623
0.6359469862814248
1.2111010827909932
0.5940098938380032
0.7899646676834176
0.6787649834543988
0.6456247768452913
0.6553025674091577
2.002677080568108
0.5907839636500478
0.6649803579730242
0.8591222773260487
1.357091750978822
1.1163151900232469
0.9684721591227391
0.743107917747828
0.8591222773260487
0.6939044974057939
1.0589525526606096
0.7544625532113743
0.8034494351874262
0.6327210560934693
0.6787649834543988
0.5512767721545068
0.8124392801900986
0.5821031633574392
0.5596839697553064
0.6682062881609797
0.6262691957175583
0.8889449723615098
0.6939044974057939
0.4601753668038434
0.8939154215340867
0.6976893758936427
0.8442109298083184
0.6787649834543988
0.6682062881609797
0.7279684037964329
1.0334580471661041
0.7128288898450378
0.7506776747235255
0.5316599777526406
0.6553025674091577
0.5821031633574392
0.5793007641571725
0.6069136145898253
0.6327210560934693
1.7187069366192893
0.7203986468207354
0.6423988466573357
0.6901196189179452
0.6488507070332468
0.883974523188933
0.5849055625577058
0.6825498619422475
0.7203986468207354
0.6359469862814248
0.7764799001794089
0.5972358240259588
1.1609305746386318
1.1958379248962563
2.032568674667983
1.1418096955177526
0.5456719737539736
0.5764983649569059
0.7468927962356768
0.7544625532113743
1.0908206845287414
0.6553025674091577
0.6294951259055137
0.6901196189179452
0.5568815705550398
0.5972358240259588
0.758500210174064
0.8740336248437793
0.7764799001794089
0.6649803579730242
0.5624863689555731
0.6682062881609797
0.5288575785523741
0.7764799001794089
0.6133654749657363
0.7809748226807453
0.6682062881609797
0.5540791713547732
0.8304189701954434
0.7279684037964329
0.49003063714791767
0.6714322183489352
0.6294951259055137
0.6391729164693803
0.6939044974057939
0.6165914051536918
1.0270844207924776
0.7355381607721306
1.135436069144126
1.4155525255567762
0.5316599777526406
0.743107917747828
0.9038563198792401
0.7241835253085841
0.6825498619422475
0.9833835066404694
0.6976893758936427
1.4072009863313542
0.5680911673561062
0.6165914051536918
0.9336790149147012
1.325574767001519
0.7809748226807453
0.7393230392599793
0.5972358240259588
0.9237381165695475
0.6682062881609797
0.6585284975971133
0.6585284975971133
0.8349138926967795
0.7899646676834176
0.6101395447777808
0.5680911673561062
0.7629951326754003
0.8034494351874262
0.6036876844018698
0.5652887681558396
1.014337168045225
0.8259240476941071
0.6036876844018698
0.7468927962356768
0.6423988466573357
0.5708935665563728
0.5540791713547732
0.8541518281534719
0.4762512816044988
0.6825498619422475
0.5907839636500478
0.6391729164693803
0.5940098938380032
1.808381718918916
0.9535608116050086
0.523252780151841
0.5793007641571725
0.5764983649569059
0.6682062881609797
1.0082357525033536
0.7674900551767365
1.1736778273858846
0.6262691957175583
0.6262691957175583
0.6488507070332468
1.1099415636496206
0.5288575785523741
0.7468927962356768
0.6649803579730242
0.7629951326754003
0.5821031633574392
0.7203986468207354
0.5624863689555731
0.6359469862814248
0.6939044974057939
0.7393230392599793
0.7544625532113743
1.1163151900232469
0.7899646676834176
0.6649803579730242
0.6327210560934693
0.5764983649569059
0.8541518281534719
0.943619913259855
1.0780734317814888
0.79895451268609
0.5940098938380032
0.7317532822842818
0.7719849776780727
0.5821031633574392
0.5120431833507746
0.7809748226807453
0.743107917747828
0.7279684037964329
0.6649803579730242
0.5568815705550398
0.8169342026914347
0.5680911673561062
0.5877079617579721
0.6682062881609797
0.6004617542139143
0.7355381607721306
0.7052591328693403
0.5680911673561062
0.6617544277850688
0.9535608116050086
0.5972358240259588
0.7809748226807453
0.6069136145898253
0.8740336248437793
0.7279684037964329
0.8124392801900986
0.758500210174064
1.0525789262869831
0.8690631756712024
0.938649464087278
0.6069136145898253
0.6133654749657363
0.8939154215340867
0.6649803579730242
0.9336790149147012
0.7317532822842818
0.8394088151981158
0.6004617542139143
0.5821031633574392
0.7203986468207354
0.6787649834543988
1.0653261790342359
1.4406071432330425
0.5316599777526406
0.8214291251927709
0.6036876844018698
0.6198173353416473
1.0716998054078624
0.9287085657421243
0.5680911673561062
0.6004617542139143
0.5176479817513078
0.5540791713547732
0.6682062881609797
0.7674900551767365
0.7393230392599793
0.5793007641571725
0.6423988466573357
1.1958379248962563
0.5877079617579721
0.8304189701954434
0.7854697451820812
0.6488507070332468
0.542869574553707
0.6391729164693803
0.4647684853183163
0.6069136145898253
0.5849055625577058
1.357091750978822
0.5652887681558396
0.7719849776780727
1.2568905564752033
0.8394088151981158
0.8640927264986257
0.6520766372212023
0.5344623769529072
0.6069136145898253
1.0207107944188514
0.6069136145898253
0.79895451268609
0.5400671753534404
0.6553025674091577
0.5877079617579721
0.5940098938380032
0.7090440113571891
0.5344623769529072
1.8681649071186672
0.9933244049856231
0.8214291251927709
0.5764983649569059
1.382146368655088
0.8442109298083184
0.6036876844018698
0.6939044974057939
0.6327210560934693
0.5849055625577058
0.7014742543814915
0.5793007641571725
0.743107917747828
0.48773407789068113
0.6714322183489352
1.1609305746386318
0.6198173353416473
0.7128288898450378
0.5400671753534404
0.6787649834543988
0.6198173353416473
1.0082357525033536
0.6939044974057939
0.6262691957175583
0.6714322183489352
0.7506776747235255
0.883974523188933
2.25675563041705
0.9187676673969707
0.7279684037964329
0.5821031633574392
0.5596839697553064
0.9734426082953157
0.6294951259055137
1.2721537143699402
0.8259240476941071
0.8790040740163562
0.8640927264986257
0.7809748226807453
0.5568815705550398
0.6456247768452913
0.7203986468207354
0.6069136145898253
0.5940098938380032
0.908826769051817
1.3408379248962556
0.7629951326754003
0.6327210560934693
0.6069136145898253
1.0462052999133569
0.7317532822842818
0.6787649834543988
1.2568905564752033
0.6787649834543988
0.7014742543814915
1.1163151900232469
0.8259240476941071
0.5940098938380032
0.7544625532113743
0.7764799001794089
0.6198173353416473
0.8591222773260487
0.6359469862814248
0.7128288898450378
0.6294951259055137
0.7203986468207354
0.9485903624324317
0.6036876844018698
0.6101395447777808
0.6520766372212023
1.3332063459488872
1.3904979078805102
0.5372647761531738
1.3487402117534
0.6939044974057939
0.9336790149147012
0.6327210560934693
1.0971943109023679
0.9237381165695475
1.1958379248962563
0.6165914051536918
0.7128288898450378
0.6863347404300963
0.79895451268609
1.1099415636496206
0.6391729164693803
0.8304189701954434
0.5764983649569059
0.6901196189179452
0.5821031633574392
0.743107917747828
0.8259240476941071
0.6165914051536918
0.6553025674091577
0.6165914051536918
1.0398316735397304
0.7128288898450378
0.7014742543814915
0.5680911673561062
0.6456247768452913
0.9585312607775854
0.8259240476941071
0.6787649834543988
0.9833835066404694
0.8349138926967795
1.2187326617383614
0.6682062881609797
0.8690631756712024
0.5372647761531738
0.6069136145898253
0.6327210560934693
0.6004617542139143
1.0082357525033536
0.6262691957175583
0.7506776747235255
0.7544625532113743
0.6004617542139143
0.5708935665563728
1.3179431880541503
0.48773407789068113
1.135436069144126
0.6391729164693803
0.5849055625577058
0.6294951259055137
0.5821031633574392
0.758500210174064
0.5120431833507746
0.6069136145898253
0.6939044974057939
1.8532191100687296
0.8169342026914347
0.8541518281534719
0.6004617542139143
0.758500210174064
0.7854697451820812
0.6617544277850688
0.6649803579730242
0.7317532822842818
1.2797852933173086
0.4624719260610799
0.7544625532113743
0.5148455825510412
0.8740336248437793
0.67498010496655
0.6230432655296028
0.8124392801900986
0.5372647761531738
0.6391729164693803
0.6787649834543988
0.6682062881609797
0.5821031633574392
0.5877079617579721
0.6520766372212023
0.5972358240259588
0.7014742543814915
0.6585284975971133
0.6553025674091577
0.6198173353416473
0.6165914051536918
0.7128288898450378
0.8889449723615098
0.6262691957175583
0.7674900551767365
0.5680911673561062
11.233408469517773
0.5568815705550398
0.5652887681558396
0.7090440113571891
0.6359469862814248
0.5793007641571725
0.6069136145898253
0.6036876844018698
0.5680911673561062
0.8259240476941071
0.8259240476941071
0.5793007641571725
0.5596839697553064
0.5940098938380032
0.7090440113571891
1.499067917810997
0.6004617542139143
0.6133654749657363
0.7241835253085841
1.167304201012258
0.7544625532113743
0.9038563198792401
0.8889449723615098
0.6069136145898253
1.2111010827909932
0.8939154215340867
0.6488507070332468
0.5907839636500478
0.6863347404300963
1.1099415636496206
0.5907839636500478
0.6359469862814248
0.5821031633574392
0.9137972182243939
0.5764983649569059
0.6585284975971133
0.8740336248437793
0.6198173353416473
0.6488507070332468
1.499067917810997
1.0780734317814888
0.8124392801900986
0.5877079617579721
0.4624719260610799
1.1805747670015196
0.7241835253085841
0.8690631756712024
0.6327210560934693
0.5764983649569059
0.5568815705550398
0.6036876844018698
0.7764799001794089
0.9485903624324317
0.8591222773260487
0.7674900551767365
0.8491813789808951
0.6230432655296028
0.6488507070332468
0.5456719737539736
0.9336790149147012
0.6488507070332468
0.6004617542139143
0.8169342026914347
0.6036876844018698
0.6069136145898253
0.6262691957175583
0.6262691957175583
0.5821031633574392
0.6787649834543988
0.5708935665563728
0.6456247768452913
0.6101395447777808
0.9883539558130462
0.5877079617579721
0.7203986468207354
0.5344623769529072
0.7317532822842818
0.5764983649569059
0.5064383849502414
0.6069136145898253
0.6133654749657363
0.6714322183489352
0.5793007641571725
0.6423988466573357
0.8259240476941071
0.6423988466573357
0.6230432655296028
1.1418096955177526
0.5624863689555731
0.9287085657421243
0.8889449723615098
0.5316599777526406
1.7485985307191647
0.5821031633574392
0.6327210560934693
1.553872883279723
0.6488507070332468
0.883974523188933
0.5288575785523741
0.6863347404300963
0.6069136145898253
0.6585284975971133
0.5877079617579721
0.6004617542139143
0.6198173353416473
0.6423988466573357
0.758500210174064
0.7052591328693403
0.6327210560934693
0.542869574553707
0.6004617542139143
0.6165914051536918
1.0334580471661041
3.048882874063754
1.0207107944188514
0.758500210174064
0.8259240476941071
1.135436069144126
0.5877079617579721
0.4854375186334447
0.7544625532113743
0.5204503809515743
0.743107917747828
0.8740336248437793
0.5764983649569059
0.6901196189179452
1.0462052999133569
0.7809748226807453
0.7393230392599793
0.6391729164693803
0.7854697451820812
0.6069136145898253
0.8259240476941071
0.5940098938380032
0.7317532822842818
0.7279684037964329
0.758500210174064
0.79895451268609
0.6682062881609797
0.6423988466573357
0.8214291251927709
0.6262691957175583
0.8491813789808951
0.5940098938380032
0.9833835066404694
0.6101395447777808
0.5849055625577058
0.5849055625577058
0.6423988466573357
0.8640927264986257
0.6004617542139143
0.7279684037964329
0.6230432655296028
0.5940098938380032
0.5907839636500478
0.6863347404300963
0.5204503809515743
0.6553025674091577
0.5680911673561062
0.5372647761531738
0.7317532822842818
1.3179431880541503
0.47165816309002584
1.582253085754414
1.3026800301594137
0.5680911673561062
0.6004617542139143
0.6423988466573357
0.6901196189179452
