738.0
708.0
724.0
666.0
752.0
631.0
762.0
730.0
734.0
842.0
708.0
587.0
693.0
665.0
757.0
702.0
665.0
746.0
690.0
670.0
666.0
673.0
713.0
642.0
696.0
667.0
680.0
817.0
670.0
710.0
683.0
671.0
662.0
677.0
680.0
660.0
665.0
703.0
665.0
645.0
693.0
648.0
654.0
726.0
796.0
654.0
654.0
661.0
836.0
665.0
672.0
684.0
662.0
745.0
665.0
582.0
668.0
664.0
724.0
669.0
639.0
703.0
666.0
754.0
618.0
618.0
683.0
738.0
746.0
709.0
720.0
700.0
720.0
586.0
583.0
729.0
670.0
776.0
674.0
658.0
666.0
695.0
628.0
777.0
667.0
669.0
585.0
662.0
768.0
666.0
818.0
668.0
620.0
682.0
675.0
672.0
688.0
698.0
650.0
696.0
651.0
690.0
708.0
670.0
637.0
692.0
737.0
669.0
725.0
738.0
649.0
648.0
722.0
715.0
861.0
688.0
687.0
666.0
733.0
788.0
884.0
668.0
684.0
658.0
797.0
677.0
621.0
652.0
688.0
651.0
673.0
853.0
698.0
754.0
693.0
689.0
660.0
702.0
770.0
700.0
685.0
677.0
660.0
676.0
672.0
691.0
656.0
752.0
657.0
693.0
651.0
651.0
656.0
749.0
671.0
653.0
664.0
798.0
632.0
678.0
746.0
745.0
725.0
660.0
658.0
666.0
677.0
731.0
711.0
705.0
693.0
623.0
646.0
762.0
663.0
702.0
680.0
694.0
678.0
630.0
724.0
689.0
678.0
664.0
718.0
722.0
644.0
793.0
669.0
690.0
650.0
776.0
656.0
676.0
773.0
712.0
698.0
677.0
810.0
628.0
685.0
693.0
849.0
656.0
791.0
680.0
661.0
718.0
812.0
646.0
729.0
681.0
661.0
647.0
665.0
824.0
757.0
822.0
733.0
644.0
746.0
665.0
720.0
670.0
699.0
670.0
630.0
727.0
717.0
791.0
698.0
648.0
717.0
639.0
667.0
710.0
741.0
728.0
669.0
631.0
668.0
668.0
679.0
681.0
658.0
723.0
700.0
666.0
644.0
668.0
679.0
629.0
859.0
674.0
606.0
678.0
794.0
729.0
677.0
654.0
830.0
661.0
705.0
697.0
767.0
688.0
783.0
639.0
724.0
818.0
758.0
682.0
693.0
688.0
693.0
694.0
682.0
621.0
684.0
742.0
694.0
650.0
663.0
670.0
617.0
712.0
642.0
718.0
688.0
699.0
695.0
655.0
643.0
646.0
654.0
654.0
859.0
657.0
659.0
634.0
707.0
718.0
657.0
749.0
672.0
690.0
585.0
674.0
733.0
669.0
681.0
698.0
667.0
954.0
677.0
704.0
686.0
654.0
703.0
706.0
645.0
745.0
620.0
642.0
716.0
653.0
690.0
724.0
682.0
670.0
664.0
733.0
746.0
734.0
632.0
798.0
678.0
676.0
654.0
651.0
694.0
661.0
694.0
680.0
726.0
682.0
729.0
728.0
715.0
693.0
642.0
677.0
822.0
703.0
704.0
676.0
701.0
610.0
728.0
651.0
657.0
687.0
585.0
708.0
755.0
644.0
649.0
706.0
728.0
711.0
677.0
701.0
711.0
727.0
774.0
646.0
692.0
665.0
680.0
742.0
666.0
644.0
714.0
820.0
622.0
680.0
885.0
701.0
590.0
710.0
685.0
754.0
833.0
692.0
778.0
702.0
669.0
773.0
714.0
674.0
650.0
675.0
694.0
604.0
693.0
803.0
698.0
663.0
679.0
673.0
669.0
761.0
679.0
700.0
642.0
704.0
678.0
681.0
798.0
695.0
672.0
777.0
686.0
657.0
674.0
687.0
861.0
670.0
674.0
707.0
691.0
677.0
758.0
735.0
656.0
646.0
672.0
633.0
692.0
676.0
699.0
661.0
681.0
674.0
718.0
681.0
688.0
750.0
730.0
856.0
657.0
694.0
640.0
677.0
738.0
773.0
649.0
809.0
593.0
658.0
654.0
642.0
678.0
724.0
668.0
592.0
706.0
666.0
657.0
667.0
708.0
649.0
660.0
701.0
692.0
600.0
766.0
708.0
821.0
653.0
678.0
766.0
754.0
652.0
648.0
689.0
688.0
629.0
707.0
651.0
699.0
644.0
710.0
645.0
670.0
664.0
710.0
672.0
717.0
649.0
673.0
809.0
724.0
721.0
683.0
737.0
778.0
662.0
648.0
596.0
893.0
685.0
704.0
656.0
656.0
658.0
664.0
704.0
656.0
798.0
713.0
622.0
685.0
672.0
690.0
795.0
696.0
731.0
724.0
817.0
632.0
597.0
723.0
693.0
633.0
647.0
672.0
679.0
617.0
650.0
668.0
613.0
709.0
660.0
708.0
675.0
677.0
640.0
672.0
695.0
727.0
707.0
666.0
696.0
689.0
822.0
677.0
694.0
693.0
709.0
669.0
739.0
650.0
685.0
647.0
683.0
646.0
693.0
703.0
650.0
696.0
642.0
897.0
659.0
678.0
640.0
702.0
660.0
742.0
693.0
810.0
814.0
687.0
676.0
781.0
668.0
679.0
704.0
641.0
706.0
639.0
697.0
641.0
805.0
650.0
661.0
726.0
661.0
676.0
688.0
656.0
686.0
616.0
708.0
629.0
691.0
713.0
670.0
648.0
666.0
706.0
705.0
704.0
733.0
656.0
654.0
705.0
662.0
736.0
698.0
678.0
694.0
657.0
698.0
685.0
715.0
613.0
698.0
612.0
634.0
672.0
691.0
697.0
703.0
764.0
749.0
629.0
680.0
654.0
800.0
687.0
797.0
673.0
659.0
747.0
649.0
848.0
685.0
729.0
658.0
654.0
765.0
655.0
688.0
