0.4773266599280762
0.5323644338638106
0.4773266599280762
0.462917002607204
0.47444472846390173
0.39723090586634635
0.44130251662589554
0.5563106064301824
0.4816495571243378
0.6105781889668073
0.629481594617665
0.46579893407137835
0.5415745002354921
0.7980575458475674
0.692725710922915
0.4773266599280762
0.4730037627318145
1.077346307539645
0.5784147657222177
0.5286804073151381
0.6357827298346175
0.8383929515803085
0.521312354217793
0.5802567789965539
0.462917002607204
0.9911444186633529
0.4888543857847741
0.5065762480231027
0.4931772829810357
0.6693887843250312
0.31028216187566393
0.6900242508320649
0.44418444809006996
0.761083423925888
0.5268383940408018
1.2766717527289213
0.5581526197045186
0.4874134200526868
0.6168793241837599
0.508418261297439
0.4931772829810357
0.5176283276691204
0.5937751617216004
0.47012183126764007
0.5360484604124832
0.4542712082146806
0.4975001801772974
0.7359490723765167
0.4802085913922507
0.4773266599280762
0.8709542611830378
0.44130251662589554
0.47012183126764007
0.5710467126248726
0.6462846218628718
0.47588569419598903
0.4643579683392911
0.48597245432059955
0.4975001801772974
0.5102602745717754
0.4816495571243378
0.4773266599280762
0.4975001801772974
0.47444472846390173
0.5784147657222177
0.4975001801772974
0.4888543857847741
0.5032640431056463
0.8047801134696909
0.5489425533328371
0.8636700092145339
0.47012183126764007
0.5139443011204478
0.4499483110184189
0.462917002607204
0.5784147657222177
0.5139443011204478
0.5636786595275274
0.5916747833159495
0.47012183126764007
0.4355386536975466
0.8563857572460298
0.521312354217793
0.49173631724894845
0.5047342347487664
0.4283338250371105
0.5360484604124832
0.4398615508938083
0.5636786595275274
0.46579893407137835
0.4802085913922507
0.4456254138221572
0.4902953515168612
1.208210841912982
0.5452585267841645
0.4975001801772974
0.5360484604124832
0.3015238186803976
0.457153139678855
0.5489425533328371
0.5157863143947842
0.5018230773735591
0.5710467126248726
0.47588569419598903
0.5360484604124832
0.41388270586634635
0.457153139678855
0.4845314885885124
0.521312354217793
0.5121022878461114
0.4960592144452102
0.4485073452863317
0.7359490723765167
0.597975918532902
0.4989411459093846
0.7711672753590733
0.4802085913922507
0.4456254138221572
0.45138927675050605
0.7440534526490669
0.4312157565012849
0.5032640431056463
0.6981286311046152
0.4874134200526868
0.4470663795542444
0.5507845666071735
0.5065762480231027
0.4643579683392911
0.4773266599280762
0.4931772829810357
0.33776019158063203
0.6042770537498547
0.5820987922708902
0.47876762566016345
0.4643579683392911
0.4355386536975466
0.5655206728018637
0.4115038772949177
0.5003821116414718
0.5673626860761999
0.43409768796545944
0.4312157565012849
0.5378904736868195
0.5655206728018637
0.4931772829810357
0.4830905228564251
0.5581526197045186
0.7521578329216173
0.5655206728018637
0.46723989980346564
0.9328704029153212
0.5916747833159495
0.5032640431056463
0.4456254138221572
0.45283024248259335
0.43409768796545944
0.5471005400585008
0.4557121739467677
0.47444472846390173
0.5102602745717754
0.5194703409434567
1.0877961349635548
0.4499483110184189
0.5802567789965539
0.7494563728307673
0.9437967808680772
0.47012183126764007
0.4585941054109423
0.39009442015206064
0.587624832093899
0.46723989980346564
0.5286804073151381
0.5784147657222177
0.5157863143947842
0.6336823514289667
0.6651880275137296
0.5765727524478814
0.5047342347487664
0.5032640431056463
0.5747307391735451
0.5032640431056463
0.4557121739467677
0.6399834866459192
0.6252808378063632
0.5507845666071735
0.4902953515168612
0.47012183126764007
0.7035315512863154
0.5047342347487664
0.5563106064301824
0.42689285930502324
0.587624832093899
0.43409768796545944
0.5102602745717754
0.4456254138221572
0.5194703409434567
0.4398615508938083
0.47444472846390173
0.3758214487234892
0.5471005400585008
0.5157863143947842
0.46003507114302944
0.6063774321555055
0.5857828188195627
0.4931772829810357
0.6168793241837599
0.4715627969997273
0.5342064471381469
0.4614760368751167
0.4802085913922507
0.5323644338638106
0.35084374872348917
0.3496543344377749
0.4989411459093846
0.5231543674921293
0.4989411459093846
0.5176283276691204
0.4975001801772974
0.6063774321555055
0.7197403118314161
0.4427434823579828
0.6273812162120141
0.4369796194296338
0.41269329158063206
0.3639273058663463
0.6738154902869643
0.47444472846390173
0.4931772829810357
0.5342064471381469
0.4643579683392911
0.5157863143947842
0.5489425533328371
0.5102602745717754
0.5895744049102987
0.5802567789965539
0.4643579683392911
0.5636786595275274
1.0146473429961873
0.48597245432059955
0.6792184104686645
0.4470663795542444
0.3448966772949177
0.46003507114302944
0.4830905228564251
0.5747307391735451
0.46579893407137835
0.39960973443777487
0.4816495571243378
0.36154847729491774
0.46003507114302944
0.5489425533328371
0.5018230773735591
0.4355386536975466
0.5032640431056463
0.4773266599280762
0.3448966772949177
0.5065762480231027
0.4989411459093846
0.48597245432059955
0.4643579683392911
0.5047342347487664
0.5194703409434567
0.46579893407137835
0.4975001801772974
0.4960592144452102
0.4845314885885124
0.6378831082402684
0.5032640431056463
0.5360484604124832
0.3413284344377749
0.42689285930502324
0.4975001801772974
0.4874134200526868
0.6651880275137296
0.5121022878461114
0.7170388517405659
0.4830905228564251
0.5139443011204478
0.4830905228564251
0.4730037627318145
0.6252808378063632
0.5728887258992088
0.5636786595275274
0.9656495367735889
0.521312354217793
0.46723989980346564
0.4091250487234892
0.5636786595275274
0.9437967808680772
0.5581526197045186
0.5249963807664656
0.5544685931558461
0.4427434823579828
0.6084778105611564
0.7035315512863154
0.7778898429811968
0.6819198705595146
0.5784147657222177
0.5618366462531913
0.42256996210876163
0.39960973443777487
0.7143373916497158
0.4643579683392911
0.5937751617216004
0.5895744049102987
0.7846124106033203
0.5958755401272513
0.4845314885885124
0.5003821116414718
0.4240109278408488
0.4989411459093846
0.4902953515168612
0.47444472846390173
0.6546861354854753
0.4470663795542444
0.5018230773735591
0.5065762480231027
0.4888543857847741
0.5194703409434567
0.5047342347487664
0.4369796194296338
0.7359490723765167
0.6042770537498547
0.5784147657222177
0.4456254138221572
0.4456254138221572
0.6399834866459192
0.5018230773735591
0.4830905228564251
0.5102602745717754
0.6336823514289667
0.4802085913922507
0.5452585267841645
0.457153139678855
0.47444472846390173
0.5784147657222177
0.43409768796545944
0.4542712082146806
0.37463203443777493
0.30918736897625565
0.44130251662589554
0.45283024248259335
0.6105781889668073
0.6105781889668073
0.462917002607204
0.47444472846390173
0.6672884059193803
0.5857828188195627
0.6105781889668073
0.6126785673724581
0.5323644338638106
0.462917002607204
0.42689285930502324
0.6189797025894106
0.5176283276691204
0.5526265798815098
0.5102602745717754
0.4773266599280762
0.30918736897625565
0.5194703409434567
0.4931772829810357
0.4103144630092035
0.4398615508938083
0.4931772829810357
0.4773266599280762
0.4398615508938083
0.4470663795542444
0.4198297772949177
0.6954271710137652
0.5784147657222177
0.5268383940408018
0.4312157565012849
0.362737891580632
0.4816495571243378
0.7143373916497158
0.6609872707024277
0.6126785673724581
0.47876762566016345
0.47444472846390173
0.6567865138911261
0.4845314885885124
0.46003507114302944
0.521312354217793
0.7467549127399171
0.5728887258992088
0.5065762480231027
0.5452585267841645
0.4989411459093846
0.5286804073151381
0.4542712082146806
0.5452585267841645
0.44130251662589554
0.5710467126248726
0.5784147657222177
0.5839408055452265
0.5249963807664656
0.425451893572936
0.4989411459093846
0.362737891580632
0.4816495571243378
0.4312157565012849
0.4888543857847741
0.5121022878461114
0.4874134200526868
0.7251432320131163
0.45283024248259335
0.43409768796545944
0.4874134200526868
0.5434165135098284
0.49173631724894845
0.5544685931558461
0.5047342347487664
0.4643579683392911
0.6210800809950615
0.5323644338638106
0.5102602745717754
0.6084778105611564
1.0721213938276903
0.5032640431056463
0.5802567789965539
0.4975001801772974
0.4031779772949178
0.4485073452863317
0.5378904736868195
0.46003507114302944
0.371063791580632
0.46579893407137835
0.5268383940408018
0.5102602745717754
0.4643579683392911
0.3722532058663463
0.4830905228564251
0.4816495571243378
0.7577221401148262
0.425451893572936
0.47012183126764007
0.4384205851617211
0.7278446921039664
0.4773266599280762
0.4816495571243378
0.31575612637270534
0.7251432320131163
0.4902953515168612
0.4830905228564251
0.5489425533328371
0.6483850002685226
0.47588569419598903
0.4816495571243378
0.46579893407137835
0.4874134200526868
0.7143373916497158
0.5378904736868195
0.5342064471381469
0.4902953515168612
0.5018230773735591
0.5249963807664656
0.45283024248259335
0.4730037627318145
0.4960592144452102
0.4585941054109423
0.49461824871312293
0.4816495571243378
0.4960592144452102
0.4830905228564251
0.457153139678855
0.6630876491080787
0.5820987922708902
0.4802085913922507
0.4773266599280762
0.4585941054109423
0.47588569419598903
0.692725710922915
0.6252808378063632
0.47444472846390173
0.4902953515168612
0.4499483110184189
0.4715627969997273
0.35084374872348917
0.5397324869611557
0.4874134200526868
0.6651880275137296
0.4715627969997273
0.4456254138221572
0.5916747833159495
0.40555680586634635
0.49173631724894845
0.457153139678855
0.4902953515168612
0.4730037627318145
0.6462846218628718
0.4456254138221572
0.5728887258992088
0.40436739158063206
0.4585941054109423
0.5397324869611557
0.587624832093899
0.4369796194296338
0.5563106064301824
0.6210800809950615
0.46003507114302944
0.5415745002354921
0.7305461521948163
0.5673626860761999
0.5937751617216004
0.5286804073151381
0.5618366462531913
0.5581526197045186
0.5765727524478814
0.5655206728018637
0.5194703409434567
0.41388270586634635
0.4888543857847741
0.5194703409434567
0.4398615508938083
0.4283338250371105
0.3770108630092035
0.4888543857847741
0.47012183126764007
0.5937751617216004
0.4816495571243378
0.4845314885885124
0.45283024248259335
0.3841473487234892
0.692725710922915
0.4773266599280762
0.5176283276691204
0.7386505324673668
0.47444472846390173
0.4902953515168612
0.4485073452863317
0.4902953515168612
0.4830905228564251
0.4585941054109423
0.4816495571243378
0.4312157565012849
0.6000762969385529
0.42689285930502324
0.521312354217793
0.47444472846390173
0.47444472846390173
0.5139443011204478
0.4384205851617211
0.4384205851617211
0.5032640431056463
0.7143373916497158
0.4802085913922507
0.3817685201520606
0.5710467126248726
0.4816495571243378
0.45138927675050605
0.43409768796545944
0.6021766753442039
0.4326567222333722
0.43409768796545944
0.5249963807664656
0.42689285930502324
0.47588569419598903
0.4211289963766744
0.508418261297439
0.457153139678855
0.5839408055452265
0.6609872707024277
0.5415745002354921
0.6792184104686645
0.5194703409434567
0.41507212015206063
0.46579893407137835
0.9437967808680772
0.7467549127399171
0.3817685201520606
0.4174509487234892
0.5452585267841645
0.4989411459093846
0.41269329158063206
0.4355386536975466
0.9183018989783134
0.4283338250371105
0.4773266599280762
0.6189797025894106
0.5249963807664656
0.3651167201520606
0.4931772829810357
0.4715627969997273
0.5157863143947842
0.4384205851617211
0.5065762480231027
0.5728887258992088
0.4874134200526868
0.3015238186803976
0.5802567789965539
0.8600278832302818
0.521312354217793
0.5710467126248726
0.4874134200526868
0.5065762480231027
0.4802085913922507
0.4975001801772974
0.7089344714680157
0.6021766753442039
0.5323644338638106
0.5581526197045186
0.508418261297439
0.44418444809006996
0.5047342347487664
0.4931772829810357
0.5342064471381469
0.6981286311046152
0.47012183126764007
0.42977479076919767
0.7711672753590733
0.4369796194296338
0.4802085913922507
0.44418444809006996
0.5820987922708902
0.3026186115798059
0.9255861509468172
0.4326567222333722
0.5249963807664656
0.6981286311046152
0.6630876491080787
0.35679082015206065
0.4975001801772974
0.47588569419598903
1.192412170186227
0.5018230773735591
0.521312354217793
0.5618366462531913
0.457153139678855
0.4816495571243378
0.32779884826619643
0.4384205851617211
0.5802567789965539
0.5857828188195627
0.658886892296777
0.5286804073151381
0.46003507114302944
0.5434165135098284
0.49173631724894845
0.5268383940408018
0.4989411459093846
0.7778898429811968
0.4198297772949177
0.4773266599280762
0.658886892296777
1.0930210486755094
0.4643579683392911
1.0616715664037806
0.425451893572936
0.5434165135098284
0.5121022878461114
0.5268383940408018
0.4398615508938083
0.5784147657222177
0.4585941054109423
0.47012183126764007
0.4470663795542444
0.5563106064301824
0.5194703409434567
0.462917002607204
0.4975001801772974
0.4975001801772974
0.5102602745717754
0.42256996210876163
0.5581526197045186
0.5047342347487664
0.8782385131515418
0.7305461521948163
0.5121022878461114
