747.0
695.0
660.0
667.0
598.0
640.0
885.0
667.0
706.0
758.0
686.0
678.0
720.0
712.0
771.0
674.0
744.0
658.0
669.0
648.0
735.0
716.0
698.0
661.0
872.0
676.0
849.0
673.0
564.0
649.0
658.0
660.0
762.0
665.0
599.0
698.0
702.0
710.0
871.0
713.0
648.0
658.0
766.0
682.0
737.0
704.0
649.0
642.0
810.0
689.0
762.0
817.0
711.0
680.0
677.0
685.0
732.0
654.0
638.0
727.0
640.0
717.0
766.0
658.0
718.0
669.0
662.0
722.0
756.0
587.0
646.0
701.0
668.0
946.0
716.0
681.0
733.0
818.0
693.0
649.0
847.0
674.0
654.0
778.0
746.0
738.0
713.0
812.0
666.0
640.0
702.0
737.0
637.0
680.0
700.0
766.0
644.0
635.0
662.0
685.0
594.0
676.0
665.0
714.0
745.0
651.0
677.0
651.0
673.0
684.0
677.0
660.0
707.0
727.0
699.0
663.0
685.0
663.0
741.0
690.0
665.0
765.0
658.0
699.0
661.0
829.0
798.0
744.0
605.0
670.0
733.0
757.0
685.0
714.0
643.0
612.0
701.0
645.0
723.0
673.0
682.0
668.0
806.0
709.0
673.0
611.0
652.0
691.0
708.0
694.0
647.0
731.0
690.0
759.0
857.0
737.0
768.0
676.0
670.0
712.0
685.0
774.0
714.0
717.0
795.0
726.0
668.0
671.0
674.0
648.0
722.0
667.0
661.0
633.0
798.0
708.0
650.0
698.0
710.0
673.0
726.0
736.0
697.0
658.0
601.0
672.0
717.0
752.0
816.0
806.0
690.0
694.0
770.0
725.0
701.0
665.0
690.0
657.0
655.0
685.0
680.0
762.0
669.0
611.0
806.0
664.0
572.0
685.0
635.0
743.0
707.0
647.0
708.0
674.0
713.0
666.0
666.0
691.0
882.0
687.0
658.0
712.0
682.0
656.0
673.0
663.0
709.0
625.0
629.0
714.0
678.0
709.0
804.0
697.0
645.0
627.0
594.0
865.0
664.0
581.0
690.0
648.0
728.0
571.0
704.0
666.0
648.0
642.0
797.0
798.0
661.0
697.0
750.0
746.0
750.0
578.0
794.0
717.0
650.0
680.0
669.0
774.0
789.0
682.0
691.0
716.0
698.0
672.0
721.0
682.0
810.0
742.0
649.0
855.0
667.0
713.0
756.0
717.0
677.0
684.0
730.0
590.0
942.0
647.0
676.0
692.0
678.0
667.0
689.0
650.0
672.0
684.0
652.0
676.0
668.0
715.0
674.0
877.0
752.0
691.0
725.0
599.0
685.0
651.0
685.0
738.0
682.0
546.0
712.0
678.0
675.0
711.0
665.0
771.0
706.0
701.0
830.0
562.0
721.0
684.0
709.0
689.0
656.0
622.0
795.0
666.0
635.0
992.0
667.0
653.0
661.0
725.0
652.0
678.0
702.0
569.0
757.0
656.0
642.0
744.0
690.0
662.0
662.0
677.0
693.0
714.0
659.0
708.0
677.0
670.0
717.0
789.0
709.0
659.0
695.0
694.0
749.0
861.0
698.0
776.0
723.0
585.0
874.0
650.0
628.0
786.0
754.0
638.0
726.0
743.0
701.0
739.0
709.0
647.0
647.0
684.0
688.0
669.0
840.0
704.0
668.0
647.0
740.0
721.0
706.0
699.0
642.0
680.0
610.0
849.0
672.0
669.0
674.0
740.0
758.0
690.0
787.0
627.0
848.0
826.0
722.0
696.0
660.0
685.0
661.0
660.0
661.0
682.0
656.0
674.0
849.0
636.0
715.0
832.0
728.0
677.0
660.0
707.0
618.0
822.0
709.0
660.0
688.0
709.0
789.0
685.0
701.0
672.0
660.0
804.0
677.0
681.0
730.0
660.0
669.0
560.0
660.0
665.0
661.0
784.0
672.0
709.0
884.0
686.0
730.0
666.0
661.0
637.0
691.0
730.0
828.0
680.0
666.0
578.0
677.0
654.0
683.0
786.0
765.0
752.0
733.0
674.0
639.0
715.0
655.0
659.0
735.0
718.0
669.0
731.0
600.0
660.0
834.0
577.0
678.0
698.0
681.0
653.0
702.0
752.0
712.0
711.0
651.0
646.0
674.0
676.0
690.0
666.0
699.0
713.0
665.0
680.0
765.0
622.0
637.0
738.0
707.0
774.0
827.0
687.0
862.0
635.0
690.0
710.0
674.0
717.0
697.0
866.0
653.0
673.0
653.0
699.0
735.0
647.0
797.0
646.0
706.0
714.0
668.0
714.0
650.0
680.0
728.0
735.0
708.0
712.0
666.0
672.0
762.0
777.0
740.0
894.0
770.0
751.0
738.0
656.0
617.0
736.0
686.0
660.0
660.0
656.0
746.0
674.0
677.0
661.0
677.0
672.0
701.0
708.0
715.0
746.0
684.0
686.0
645.0
766.0
695.0
602.0
706.0
723.0
664.0
665.0
800.0
747.0
698.0
704.0
648.0
702.0
736.0
734.0
701.0
669.0
660.0
650.0
690.0
669.0
709.0
631.0
693.0
706.0
693.0
673.0
643.0
672.0
658.0
662.0
812.0
658.0
750.0
721.0
746.0
619.0
648.0
790.0
