1.23222694899214
0.9125286211264865
1.178273460620047
0.7439451753000444
0.4539122562238232
0.6723122173448496
0.8826617966221952
0.6388788960582575
0.660154645967907
0.6631940388121427
0.7628457681951347
0.9075508170424378
0.6723122173448496
0.6419182889024931
0.6571152531236715
1.166716947635449
0.6419182889024931
0.6723122173448496
0.6948522251428823
0.8876396007062436
0.6723122173448496
2.935354770898113
0.5241341709696546
0.9324398374626807
0.6723122173448496
0.8083052276545941
0.8196700925194589
0.7401687945187242
0.6986286059242025
0.834823245672612
0.3861048781552385
0.5663159891514729
0.8627505802860009
0.5689523527878365
0.6948522251428823
0.669272824500614
0.9623066619669719
0.7175105098308032
0.3895808029330851
0.8478171680338554
1.0239325673298465
1.333389739689815
0.4052224644333951
0.6723122173448496
0.6835230827989218
0.593288003394723
0.39827061487770177
0.8727061884540981
0.5452250800605638
0.8975952088743407
0.7855754979248644
0.7326160329560839
0.660154645967907
0.8083052276545941
0.6759703212362815
0.834823245672612
0.37220117904385175
0.6571152531236715
1.0467780681787429
0.9025730129583893
0.5993667890831943
0.6145637533043724
1.4241461094346461
1.1324486963621043
0.7931520745014409
0.5993667890831943
0.7779989213482879
0.6419182889024931
1.0410666929665187
0.8007286510780175
0.617603146148608
0.593288003394723
0.834823245672612
0.660154645967907
0.6236819318370793
0.7024049867055225
0.8310349573843238
0.5083159891514728
1.2996688094572566
0.7439451753000444
0.9125286211264865
2.1609665025035354
0.587406898242382
1.0981804450887598
0.7628457681951347
1.1917618327130701
0.579497807333291
0.6449576817467289
2.1609665025035354
0.6571152531236715
0.669272824500614
0.6024061819274299
0.6328001103697863
0.7401687945187242
0.5557705346060182
0.6115243604601368
0.6835230827989218
0.6948522251428823
0.7439451753000444
0.617603146148608
0.8926174047902923
0.7666340564834229
0.7590574799068464
0.9374176415467291
1.2929246234107448
1.2119943908526052
0.4139122763780117
0.669272824500614
0.7099577482681629
0.7099577482681629
1.8454749857501893
0.5425887164242001
0.484831373870882
0.34265581843215515
1.6877292273735158
0.6449576817467289
0.6236819318370793
0.7931520745014409
0.7855754979248644
0.9224842292945835
0.6449576817467289
0.6328001103697863
0.6419182889024931
0.9374176415467291
0.9772400742191174
0.6948522251428823
0.8478171680338554
0.6662334316563784
1.0467780681787429
0.5993667890831943
1.2052502048060936
0.8120935159428823
0.6948522251428823
0.5663159891514729
1.0353553177542947
0.8234583808077471
0.8234583808077471
0.587406898242382
0.5083159891514728
0.669272824500614
0.626721324681315
0.6328001103697863
0.6206425389928437
0.5033828444591172
0.8627505802860009
0.6479970745909646
0.660154645967907
0.7137341290494832
0.834823245672612
0.8478171680338554
0.7931520745014409
0.7401687945187242
0.6479970745909646
0.8196700925194589
0.3496076679878485
0.8196700925194589
0.6479970745909646
0.7137341290494832
0.7477215560813646
0.9125286211264865
1.3547693908278633
0.8045169393663056
0.5963273962389586
0.8083052276545941
0.6115243604601368
0.617603146148608
0.687299463580242
0.6419182889024931
0.6540758602794358
0.7288396521747639
0.8045169393663056
0.8428393639498069
0.626721324681315
0.669272824500614
0.6948522251428823
0.6835230827989218
0.6723122173448496
0.6419182889024931
0.6759703212362815
0.7326160329560839
0.6084849676159013
0.5902486105504874
0.6986286059242025
1.063912193815415
0.4745250013218624
1.3701864394071486
1.0467780681787429
0.7742106330599995
0.9971512905553116
0.8776839925381466
0.6024061819274299
0.5993667890831943
0.6328001103697863
1.0867576946643114
0.6948522251428823
0.6540758602794358
0.6206425389928437
0.7704223447717112
0.7590574799068464
0.6328001103697863
0.7099577482681629
1.0524894433909668
0.6419182889024931
0.6540758602794358
0.6723122173448496
0.7742106330599995
0.5847705346060182
0.6910758443615622
0.5425887164242001
0.6328001103697863
0.617603146148608
0.6910758443615622
0.8083052276545941
0.834823245672612
0.6571152531236715
1.3701864394071486
0.7099577482681629
0.7855754979248644
0.7704223447717112
0.7514979368626848
0.5993667890831943
0.4786475503414702
0.550497807333291
0.4052224644333951
0.9324398374626807
0.660154645967907
0.3704632166549285
0.8045169393663056
0.7175105098308032
0.6419182889024931
0.6328001103697863
0.6797467020176016
0.7250632713934435
0.3826289533773918
0.7969403627897292
0.7326160329560839
0.6948522251428823
0.7893637862131526
0.5636796255151091
0.6835230827989218
0.7326160329560839
0.5320432618787456
0.972262270135069
1.4858143037517861
0.579497807333291
0.6986286059242025
0.7175105098308032
0.7326160329560839
0.7931520745014409
0.6297607175255507
0.593288003394723
0.36177340471031183
0.8577727762019524
0.36177340471031183
1.53480959978197
0.579497807333291
0.6358395032140218
0.35134563037677186
0.6054455747716655
0.6571152531236715
1.3701864394071486
0.3861048781552385
0.8577727762019524
0.7893637862131526
0.6449576817467289
0.5993667890831943
0.4951377464199016
1.53480959978197
0.6986286059242025
0.7931520745014409
0.7326160329560839
0.7969403627897292
0.6571152531236715
0.6206425389928437
0.5963273962389586
0.8083052276545941
0.617603146148608
0.8234583808077471
1.1495828219987765
0.7326160329560839
0.8975952088743407
0.5241341709696546
0.6948522251428823
1.1552941972110007
0.5768614436969275
0.617603146148608
0.7212868906121235
0.4786475503414702
0.9224842292945835
2.1036044085483816
0.7628457681951347
0.7552743176440049
0.8727061884540981
0.6662334316563784
1.198506018759582
0.7477215560813646
0.660154645967907
0.7893637862131526
0.8975952088743407
1.0524894433909668
1.0524894433909668
0.6948522251428823
0.9921734864712631
0.5993667890831943
0.6358395032140218
0.6662334316563784
0.7704223447717112
0.6948522251428823
0.7477215560813646
0.7628457681951347
1.3199013675967914
0.6479970745909646
1.0924690698765358
3.25084628765146
0.3861048781552385
0.6510364674352002
1.31315718155028
0.7779989213482879
0.6571152531236715
0.7326160329560839
0.7288396521747639
2.2613501669250544
1.2119943908526052
0.9921734864712631
0.5452250800605638
0.9324398374626807
0.6054455747716655
0.7326160329560839
0.3791530285995451
0.972262270135069
0.3530835927656951
0.6910758443615622
0.5742250800605637
0.5768614436969275
0.6948522251428823
0.7969403627897292
0.7590574799068464
0.7099577482681629
0.7250632713934435
0.6236819318370793
0.7477215560813646
0.9672844660510204
0.6540758602794358
0.7099577482681629
0.7628457681951347
0.5963273962389586
0.6328001103697863
0.5963273962389586
0.6835230827989218
0.7326160329560839
0.6910758443615622
1.0524894433909668
0.8677283843700494
0.8428393639498069
0.3669872918770818
1.0753349442398634
1.0182211921176223
0.6759703212362815
0.669272824500614
0.9224842292945835
1.31315718155028
0.5847705346060182
0.6723122173448496
0.7477215560813646
0.7250632713934435
0.5847705346060182
0.8234583808077471
0.7590574799068464
0.9423954456307777
1.0467780681787429
2.2470096434362663
0.626721324681315
0.5689523527878365
0.7137341290494832
0.6115243604601368
0.5742250800605637
0.5993667890831943
0.781787209636576
0.6759703212362815
0.5452250800605638
0.8083052276545941
0.9921734864712631
1.988880220638074
0.7250632713934435
0.7401687945187242
0.781787209636576
1.0867576946643114
1.2592036931781865
0.626721324681315
1.2254827629456284
0.8727061884540981
0.8926174047902923
0.9772400742191174
0.9025730129583893
0.6540758602794358
0.6948522251428823
0.6449576817467289
0.7779989213482879
0.7779989213482879
0.617603146148608
1.0410666929665187
1.00212909463936
0.5267705346060184
0.7024049867055225
0.7288396521747639
0.7099577482681629
1.8454749857501893
0.48277009936107806
0.7137341290494832
0.8120935159428823
0.5963273962389586
0.6986286059242025
0.7288396521747639
1.1038918203009838
0.7893637862131526
0.7288396521747639
0.6571152531236715
0.8627505802860009
0.7137341290494832
0.7326160329560839
0.8876396007062436
0.6419182889024931
0.7099577482681629
0.6084849676159013
0.5663159891514729
0.7024049867055225
0.5993667890831943
0.6236819318370793
0.6054455747716655
0.6084849676159013
0.6571152531236715
0.5963273962389586
0.6297607175255507
1.0182211921176223
0.579497807333291
0.7326160329560839
0.37220117904385175
0.5993667890831943
0.669272824500614
0.3861048781552385
0.6948522251428823
0.579497807333291
0.579497807333291
0.8083052276545941
0.6479970745909646
0.6236819318370793
0.6571152531236715
0.7477215560813646
1.362477915117506
0.6358395032140218
0.34265581843215515
0.6662334316563784
0.6986286059242025
0.7099577482681629
0.5083159891514728
0.6986286059242025
0.7024049867055225
0.617603146148608
0.6835230827989218
0.7024049867055225
0.6115243604601368
0.6358395032140218
0.834823245672612
0.3826289533773918
0.4539122562238232
0.6479970745909646
0.5663159891514729
0.927462033378632
0.5821341709696547
0.617603146148608
0.6723122173448496
1.333389739689815
0.6236819318370793
0.7212868906121235
0.6297607175255507
0.7893637862131526
0.6479970745909646
1.7164102743510927
0.3687252542660051
0.8045169393663056
0.7552743176440049
0.6054455747716655
0.7401687945187242
0.6948522251428823
0.852794972117904
0.6835230827989218
0.7931520745014409
0.7250632713934435
0.6723122173448496
0.6835230827989218
0.6328001103697863
1.0296439425420707
0.982217878303166
0.7477215560813646
1.0353553177542947
0.42505441308656833
1.012509816905398
1.063912193815415
0.5768614436969275
1.3199013675967914
0.669272824500614
0.6358395032140218
0.6835230827989218
1.1724283228476728
1.063912193815415
0.8196700925194589
0.6358395032140218
0.5663159891514729
0.8478171680338554
0.7024049867055225
0.8727061884540981
0.5742250800605637
0.6145637533043724
0.6835230827989218
1.362477915117506
0.6723122173448496
0.6540758602794358
0.687299463580242
1.4241461094346461
1.0810463194520876
0.7628457681951347
0.4951377464199016
0.43742206014539187
0.8577727762019524
0.6571152531236715
1.2794362513177215
1.623475915016551
0.8627505802860009
0.587406898242382
0.6206425389928437
0.5636796255151091
0.669272824500614
0.39653265248877845
0.687299463580242
0.4017465396555484
0.7099577482681629
0.7552743176440049
0.6723122173448496
0.6571152531236715
0.617603146148608
0.8478171680338554
1.058200818603191
0.6328001103697863
0.6054455747716655
1.1438714467865525
0.852794972117904
0.7893637862131526
0.6206425389928437
0.7477215560813646
0.7250632713934435
0.7363924137374042
1.2929246234107448
0.9672844660510204
0.6835230827989218
0.6236819318370793
2.11794493203717
0.8577727762019524
0.7250632713934435
0.8876396007062436
0.852794972117904
0.669272824500614
0.7893637862131526
0.593288003394723
0.7552743176440049
0.5993667890831943
0.9224842292945835
0.7704223447717112
0.5993667890831943
0.8727061884540981
1.3933120122760758
0.5636796255151091
0.6328001103697863
0.7779989213482879
0.6054455747716655
1.0182211921176223
0.660154645967907
0.617603146148608
0.5557705346060182
0.6571152531236715
0.458034805243431
1.23222694899214
2.1036044085483816
0.5294068982423819
0.8876396007062436
0.8310349573843238
0.5083159891514728
0.5742250800605637
0.982217878303166
0.6328001103697863
0.7779989213482879
0.5636796255151091
1.2119943908526052
