742.0
706.0
705.0
788.0
701.0
849.0
701.0
776.0
931.0
898.0
689.0
718.0
692.0
729.0
715.0
751.0
724.0
742.0
731.0
706.0
724.0
754.0
714.0
739.0
693.0
714.0
764.0
714.0
698.0
697.0
728.0
706.0
780.0
665.0
765.0
672.0
754.0
652.0
758.0
697.0
680.0
699.0
717.0
665.0
781.0
931.0
724.0
710.0
693.0
735.0
747.0
704.0
690.0
713.0
735.0
803.0
722.0
700.0
685.0
748.0
854.0
802.0
618.0
695.0
602.0
680.0
728.0
806.0
756.0
705.0
674.0
708.0
703.0
689.0
605.0
681.0
780.0
822.0
762.0
685.0
689.0
724.0
786.0
697.0
692.0
716.0
691.0
721.0
686.0
778.0
705.0
699.0
813.0
710.0
760.0
693.0
701.0
713.0
636.0
705.0
698.0
698.0
722.0
726.0
697.0
780.0
692.0
718.0
842.0
687.0
683.0
797.0
754.0
813.0
696.0
599.0
703.0
690.0
705.0
608.0
737.0
701.0
739.0
794.0
709.0
733.0
676.0
724.0
821.0
725.0
711.0
726.0
816.0
727.0
722.0
742.0
680.0
707.0
752.0
672.0
756.0
688.0
670.0
697.0
680.0
729.0
646.0
716.0
692.0
733.0
716.0
684.0
700.0
695.0
786.0
691.0
750.0
698.0
745.0
679.0
781.0
718.0
684.0
596.0
669.0
742.0
698.0
697.0
610.0
747.0
750.0
1290.0
785.0
724.0
770.0
702.0
695.0
738.0
713.0
692.0
634.0
744.0
683.0
676.0
684.0
908.0
773.0
678.0
809.0
690.0
733.0
722.0
742.0
765.0
679.0
683.0
696.0
787.0
703.0
739.0
676.0
698.0
854.0
706.0
634.0
624.0
742.0
672.0
705.0
684.0
736.0
749.0
692.0
686.0
685.0
680.0
759.0
703.0
686.0
773.0
645.0
763.0
685.0
676.0
648.0
682.0
676.0
721.0
699.0
717.0
712.0
684.0
698.0
713.0
723.0
756.0
604.0
693.0
697.0
749.0
823.0
714.0
757.0
688.0
702.0
635.0
708.0
629.0
715.0
810.0
730.0
814.0
794.0
685.0
717.0
753.0
782.0
737.0
705.0
777.0
714.0
693.0
741.0
773.0
722.0
762.0
706.0
667.0
680.0
769.0
633.0
791.0
656.0
741.0
778.0
687.0
790.0
725.0
709.0
701.0
795.0
812.0
678.0
698.0
735.0
677.0
752.0
725.0
978.0
779.0
800.0
731.0
717.0
746.0
682.0
716.0
713.0
733.0
727.0
748.0
707.0
712.0
739.0
684.0
636.0
675.0
687.0
697.0
684.0
737.0
702.0
707.0
715.0
607.0
718.0
706.0
661.0
669.0
712.0
685.0
743.0
604.0
678.0
672.0
702.0
687.0
682.0
712.0
712.0
770.0
767.0
708.0
660.0
693.0
726.0
763.0
717.0
708.0
703.0
700.0
703.0
734.0
785.0
716.0
825.0
770.0
843.0
698.0
695.0
717.0
693.0
699.0
656.0
732.0
721.0
736.0
721.0
674.0
784.0
713.0
716.0
730.0
756.0
696.0
690.0
759.0
716.0
761.0
745.0
769.0
745.0
670.0
697.0
750.0
779.0
762.0
733.0
777.0
708.0
683.0
746.0
710.0
690.0
712.0
746.0
824.0
690.0
638.0
757.0
694.0
688.0
749.0
693.0
726.0
709.0
791.0
729.0
773.0
692.0
683.0
703.0
688.0
763.0
712.0
675.0
687.0
688.0
686.0
663.0
730.0
826.0
736.0
702.0
702.0
686.0
701.0
750.0
710.0
674.0
728.0
702.0
693.0
679.0
739.0
608.0
728.0
727.0
697.0
728.0
714.0
689.0
776.0
709.0
660.0
801.0
706.0
731.0
790.0
709.0
710.0
746.0
715.0
766.0
772.0
712.0
689.0
654.0
716.0
734.0
688.0
692.0
709.0
701.0
601.0
762.0
712.0
701.0
696.0
690.0
703.0
709.0
711.0
693.0
730.0
769.0
756.0
706.0
734.0
680.0
834.0
667.0
700.0
685.0
696.0
730.0
702.0
708.0
706.0
740.0
706.0
702.0
738.0
773.0
693.0
725.0
683.0
759.0
695.0
709.0
817.0
698.0
693.0
742.0
741.0
773.0
676.0
689.0
692.0
713.0
672.0
725.0
697.0
727.0
683.0
716.0
737.0
697.0
765.0
713.0
830.0
767.0
698.0
702.0
638.0
690.0
808.0
743.0
653.0
746.0
678.0
664.0
849.0
708.0
810.0
733.0
784.0
749.0
801.0
704.0
666.0
732.0
727.0
764.0
725.0
776.0
685.0
699.0
725.0
770.0
717.0
676.0
780.0
678.0
714.0
688.0
775.0
723.0
733.0
628.0
682.0
831.0
676.0
695.0
714.0
700.0
704.0
714.0
713.0
736.0
706.0
686.0
693.0
786.0
725.0
733.0
760.0
720.0
701.0
659.0
609.0
705.0
684.0
741.0
747.0
755.0
708.0
712.0
662.0
796.0
718.0
719.0
714.0
753.0
724.0
693.0
776.0
694.0
674.0
802.0
735.0
687.0
696.0
699.0
777.0
690.0
677.0
694.0
720.0
750.0
709.0
722.0
676.0
688.0
732.0
736.0
702.0
850.0
733.0
701.0
691.0
678.0
687.0
699.0
788.0
851.0
722.0
688.0
733.0
747.0
824.0
710.0
717.0
615.0
665.0
702.0
608.0
761.0
695.0
709.0
739.0
657.0
954.0
743.0
672.0
842.0
721.0
710.0
750.0
730.0
619.0
723.0
748.0
689.0
682.0
678.0
789.0
816.0
746.0
691.0
692.0
708.0
761.0
714.0
727.0
732.0
710.0
731.0
742.0
717.0
790.0
