712.0
769.0
791.0
788.0
827.0
729.0
712.0
673.0
731.0
601.0
714.0
794.0
756.0
699.0
715.0
1049.0
574.0
902.0
785.0
727.0
731.0
869.0
723.0
845.0
722.0
773.0
808.0
741.0
817.0
774.0
767.0
678.0
630.0
720.0
746.0
827.0
873.0
698.0
731.0
709.0
755.0
755.0
928.0
736.0
684.0
803.0
836.0
741.0
734.0
838.0
693.0
718.0
773.0
705.0
740.0
689.0
840.0
782.0
718.0
722.0
739.0
723.0
699.0
746.0
692.0
739.0
702.0
769.0
765.0
800.0
781.0
678.0
914.0
715.0
738.0
571.0
709.0
708.0
758.0
760.0
675.0
767.0
777.0
735.0
714.0
739.0
750.0
733.0
715.0
732.0
809.0
943.0
707.0
733.0
701.0
751.0
971.0
593.0
826.0
697.0
756.0
703.0
786.0
711.0
729.0
720.0
802.0
800.0
756.0
947.0
706.0
594.0
736.0
696.0
777.0
745.0
779.0
604.0
736.0
840.0
758.0
714.0
750.0
728.0
861.0
728.0
788.0
756.0
780.0
728.0
745.0
845.0
710.0
716.0
739.0
673.0
724.0
759.0
942.0
852.0
936.0
853.0
753.0
592.0
827.0
756.0
726.0
747.0
757.0
710.0
804.0
947.0
753.0
653.0
755.0
872.0
682.0
769.0
767.0
744.0
717.0
695.0
721.0
727.0
674.0
793.0
673.0
723.0
718.0
802.0
837.0
779.0
880.0
729.0
696.0
741.0
700.0
760.0
741.0
826.0
693.0
773.0
741.0
682.0
758.0
715.0
710.0
788.0
698.0
869.0
890.0
701.0
854.0
725.0
690.0
628.0
730.0
824.0
753.0
724.0
699.0
682.0
764.0
788.0
690.0
781.0
643.0
817.0
769.0
805.0
709.0
740.0
785.0
751.0
774.0
735.0
750.0
789.0
731.0
794.0
713.0
703.0
712.0
737.0
725.0
717.0
630.0
802.0
774.0
701.0
793.0
750.0
714.0
784.0
754.0
770.0
760.0
718.0
772.0
712.0
712.0
747.0
825.0
726.0
730.0
670.0
738.0
773.0
689.0
752.0
801.0
687.0
737.0
703.0
698.0
772.0
728.0
838.0
714.0
701.0
778.0
781.0
705.0
747.0
695.0
705.0
833.0
712.0
748.0
785.0
893.0
744.0
722.0
760.0
706.0
749.0
747.0
699.0
631.0
902.0
838.0
702.0
814.0
655.0
705.0
765.0
756.0
740.0
704.0
735.0
763.0
701.0
758.0
673.0
772.0
660.0
817.0
730.0
716.0
611.0
727.0
695.0
739.0
770.0
858.0
716.0
774.0
778.0
732.0
807.0
701.0
852.0
606.0
724.0
576.0
866.0
690.0
926.0
708.0
807.0
686.0
774.0
725.0
755.0
727.0
717.0
721.0
786.0
737.0
705.0
713.0
927.0
712.0
728.0
725.0
873.0
704.0
731.0
693.0
725.0
682.0
685.0
769.0
702.0
866.0
722.0
730.0
714.0
824.0
746.0
758.0
685.0
701.0
749.0
759.0
712.0
726.0
745.0
754.0
717.0
842.0
573.0
711.0
732.0
695.0
747.0
685.0
732.0
597.0
731.0
750.0
759.0
690.0
735.0
885.0
696.0
698.0
732.0
848.0
741.0
812.0
795.0
800.0
738.0
751.0
786.0
778.0
734.0
718.0
723.0
685.0
712.0
768.0
847.0
748.0
695.0
855.0
738.0
720.0
689.0
712.0
754.0
713.0
733.0
630.0
740.0
763.0
796.0
745.0
713.0
840.0
737.0
721.0
733.0
706.0
732.0
904.0
722.0
769.0
695.0
703.0
730.0
749.0
727.0
600.0
711.0
715.0
793.0
604.0
720.0
692.0
726.0
749.0
786.0
758.0
720.0
649.0
752.0
728.0
725.0
724.0
825.0
749.0
747.0
684.0
689.0
712.0
706.0
693.0
709.0
748.0
690.0
693.0
750.0
691.0
649.0
698.0
731.0
773.0
753.0
770.0
729.0
723.0
731.0
700.0
741.0
710.0
739.0
739.0
720.0
714.0
909.0
709.0
692.0
797.0
718.0
711.0
731.0
594.0
874.0
715.0
751.0
713.0
708.0
874.0
844.0
697.0
742.0
674.0
746.0
725.0
666.0
706.0
674.0
1021.0
784.0
748.0
682.0
773.0
750.0
746.0
726.0
794.0
703.0
746.0
711.0
713.0
677.0
863.0
686.0
825.0
718.0
716.0
731.0
785.0
780.0
733.0
712.0
806.0
882.0
745.0
736.0
795.0
716.0
725.0
715.0
692.0
781.0
784.0
777.0
720.0
872.0
802.0
658.0
760.0
