0.7612974467966954
0.6910414622865567
0.6611742437650084
0.612278894927799
1.0371800919317524
0.6546548639200472
0.6253176546177215
1.524443690872363
0.6910414622865567
0.6416161042301246
0.664433933687489
0.6481354840750859
0.6090192050053185
0.8321184994282744
0.664433933687489
0.6513951739975665
1.030678352465189
0.6611742437650084
1.8149054131499405
0.7922816573230113
2.9006504373565023
0.8276921836388008
0.8834267269887798
0.8099869204809059
0.664433933687489
0.6745835366505488
0.8462730507502185
0.6951559436955586
0.6253176546177215
0.6416161042301246
0.7745763941651165
1.2462676639876056
1.1086992260639519
0.6951559436955586
0.6416161042301246
0.6546548639200472
0.8188395520598533
0.7157283507405683
0.638356414307644
0.7157283507405683
0.612278894927799
0.7321862763765761
0.664433933687489
0.8834267269887798
0.612278894927799
0.6416161042301246
0.8365448152177482
0.7239573135585722
0.9842724196363027
1.2170662750987167
0.9418110753636615
0.6285773445402022
0.7157283507405683
0.6951559436955586
0.7486442020125839
0.6828124994685527
0.6155385848502797
0.7922816573230113
0.6253176546177215
0.6828124994685527
1.5633788760575482
0.622057964695241
0.638356414307644
0.638356414307644
1.0891940076642614
0.823265867849327
0.7198428321495702
1.3490291698587784
1.0176748735320615
0.7198428321495702
1.4797545584598149
0.74041523919458
0.7198428321495702
0.8993497310910203
0.6155385848502797
1.030678352465189
0.7657237625861691
0.6416161042301246
2.7046131413192067
0.6745835366505488
0.7745763941651165
0.7657237625861691
0.6745835366505488
0.6709533135324504
0.6350967243851635
1.030678352465189
0.6828124994685527
0.6155385848502797
0.6416161042301246
0.6318370344626828
0.823265867849327
0.8365448152177482
0.7445297206035819
0.6285773445402022
0.7834290257440639
0.6869269808775547
0.7157283507405683
0.6285773445402022
0.6155385848502797
0.6187982747727604
0.8188395520598533
0.7745763941651165
0.7074993879225644
0.957734079465902
0.6992704251045606
0.9365034073295814
1.0055030917726233
0.7157283507405683
0.6611742437650084
0.6611742437650084
0.6155385848502797
0.622057964695241
0.6676936236099696
0.6155385848502797
0.664433933687489
1.1347061839302064
0.638356414307644
0.8728113909206194
0.664433933687489
0.9736570835681424
0.7922816573230113
2.1315810452101878
1.2097659278764945
0.6318370344626828
0.6869269808775547
0.7486442020125839
0.7157283507405683
0.7568731648305878
0.6910414622865567
0.6481354840750859
1.0001954237385433
0.6828124994685527
0.7445297206035819
1.297370094543161
0.7321862763765761
0.8011342889019586
0.957734079465902
0.7790027099545902
0.664433933687489
0.7157283507405683
0.796707973112485
0.6546548639200472
0.7198428321495702
0.6350967243851635
1.0696887892645706
0.6786980180595508
0.6285773445402022
0.6828124994685527
0.6350967243851635
0.7280717949675741
0.6992704251045606
0.823265867849327
0.6024998251603572
0.9099650671591807
0.6285773445402022
0.6951559436955586
0.7239573135585722
0.7922816573230113
0.6253176546177215
1.8601447891585472
0.6350967243851635
0.7486442020125839
0.7157283507405683
0.612278894927799
0.6910414622865567
0.612278894927799
0.6285773445402022
0.796707973112485
0.7116138693315663
1.173716620729588
0.8011342889019586
0.7486442020125839
0.7116138693315663
0.6869269808775547
0.8365448152177482
1.1152009655305155
0.622057964695241
0.7074993879225644
0.6318370344626828
1.1086992260639519
0.622057964695241
1.5058996361800223
1.0566853103314433
0.7280717949675741
0.6992704251045606
0.8675037228865392
0.8099869204809059
0.7116138693315663
0.6676936236099696
0.6318370344626828
0.6318370344626828
0.8365448152177482
2.010942709187236
0.6090192050053185
0.638356414307644
0.7280717949675741
0.6786980180595508
0.6024998251603572
0.8515807187842989
0.7239573135585722
1.6801844316131038
0.9418110753636615
0.796707973112485
0.7527586834215858
0.6869269808775547
0.74041523919458
0.9046573991251005
1.6120478575390298
0.622057964695241
1.4274644030194004
0.6546548639200472
0.8781190589546997
0.8834267269887798
0.9524264114318218
0.6786980180595508
0.612278894927799
0.8321184994282744
0.7527586834215858
0.7834290257440639
1.154211402329897
0.6709533135324504
0.6992704251045606
0.6513951739975665
0.638356414307644
0.7568731648305878
1.0055030917726233
0.6869269808775547
0.9152727351932607
1.6120478575390298
0.622057964695241
0.638356414307644
0.6285773445402022
0.6992704251045606
0.6546548639200472
0.7157283507405683
0.9683494155340623
0.7116138693315663
1.3664592216722502
0.823265867849327
0.7445297206035819
0.6416161042301246
2.312538549244614
0.6828124994685527
0.6090192050053185
1.1805645389876058
0.6951559436955586
0.856888386818379
0.7745763941651165
0.6285773445402022
0.7790027099545902
0.6513951739975665
0.7198428321495702
0.6910414622865567
1.0241766129986254
0.6285773445402022
0.7198428321495702
0.6546548639200472
0.8365448152177482
1.0631870497980067
0.6481354840750859
0.612278894927799
1.5147098945760664
0.638356414307644
1.4623245066463435
0.6090192050053185
0.6546548639200472
0.638356414307644
0.9842724196363027
0.6481354840750859
0.9099650671591807
1.173716620729588
0.6285773445402022
0.9418110753636615
0.6709533135324504
0.6253176546177215
0.638356414307644
0.8728113909206194
0.6350967243851635
0.612278894927799
0.622057964695241
2.37285771725609
0.7239573135585722
0.638356414307644
0.7445297206035819
0.6285773445402022
0.6709533135324504
0.6951559436955586
0.6513951739975665
0.6253176546177215
0.638356414307644
0.9736570835681424
0.6869269808775547
0.6187982747727604
0.6546548639200472
0.612278894927799
0.7157283507405683
1.1347061839302064
0.6709533135324504
0.8144132362703796
0.8675037228865392
1.2097659278764945
0.8055606046914322
0.6253176546177215
0.7612974467966954
0.6285773445402022
0.796707973112485
0.6285773445402022
0.612278894927799
0.6546548639200472
1.304670441765383
0.8728113909206194
0.6416161042301246
0.6155385848502797
0.6611742437650084
0.736300757785578
0.6285773445402022
0.7157283507405683
0.6155385848502797
1.0055030917726233
0.9365034073295814
0.8321184994282744
0.6676936236099696
0.7157283507405683
0.7527586834215858
0.6318370344626828
1.7847458291442024
0.664433933687489
1.1086992260639519
0.7445297206035819
0.6745835366505488
0.7445297206035819
0.8462730507502185
0.6481354840750859
0.6155385848502797
0.7321862763765761
1.231666969543161
1.173716620729588
0.612278894927799
0.6828124994685527
0.6676936236099696
0.6951559436955586
0.8055606046914322
0.6155385848502797
0.6481354840750859
0.7568731648305878
0.6090192050053185
0.638356414307644
0.7033849065135624
1.0501835708648797
0.6992704251045606
1.4187493771126647
0.6416161042301246
0.7790027099545902
0.638356414307644
0.7321862763765761
0.9842724196363027
1.268168705654272
0.7157283507405683
0.6253176546177215
0.9789647516022226
1.3338718306542718
0.6951559436955586
0.7074993879225644
0.6992704251045606
0.6416161042301246
1.297370094543161
0.8621960548524591
1.297370094543161
0.6481354840750859
1.4013193252991931
0.7486442020125839
0.9842724196363027
0.8188395520598533
0.6745835366505488
0.8188395520598533
0.6090192050053185
0.856888386818379
0.6416161042301246
0.6155385848502797
0.6416161042301246
0.8188395520598533
0.7527586834215858
0.6828124994685527
0.8781190589546997
0.8515807187842989
0.8276921836388008
0.6745835366505488
0.6155385848502797
1.1607131417964607
0.6611742437650084
0.9046573991251005
0.6481354840750859
0.6285773445402022
0.7745763941651165
0.6992704251045606
0.6448757941526053
0.8365448152177482
0.6318370344626828
0.6828124994685527
0.664433933687489
0.6546548639200472
0.6546548639200472
0.6951559436955586
0.9895800876703829
0.7116138693315663
0.8011342889019586
0.6828124994685527
0.612278894927799
0.7116138693315663
0.6546548639200472
0.6745835366505488
0.6951559436955586
0.6350967243851635
0.9524264114318218
1.1217027049970791
0.8144132362703796
0.8321184994282744
0.7527586834215858
0.9471187433977417
0.6745835366505488
2.026022501190105
0.7074993879225644
1.26086835843205
1.0696887892645706
0.6676936236099696
0.6745835366505488
0.6253176546177215
0.7790027099545902
0.8188395520598533
0.7198428321495702
0.6187982747727604
0.8188395520598533
0.6546548639200472
1.2535680112098275
0.7745763941651165
0.6951559436955586
0.9365034073295814
0.6951559436955586
0.7922816573230113
0.7486442020125839
1.2024655806542723
0.7922816573230113
0.6481354840750859
0.7321862763765761
0.9524264114318218
0.6745835366505488
0.6448757941526053
0.6786980180595508
1.1477096628633334
1.3338718306542718
0.6992704251045606
0.6090192050053185
0.6992704251045606
0.7568731648305878
2.1768204212187943
0.7445297206035819
0.6448757941526053
0.9046573991251005
0.6546548639200472
0.6951559436955586
0.8781190589546997
0.736300757785578
0.6318370344626828
0.638356414307644
0.9046573991251005
0.638356414307644
0.664433933687489
0.6187982747727604
1.0956957471308246
0.7157283507405683
0.74041523919458
1.6412492464279187
1.173716620729588
0.6676936236099696
0.638356414307644
0.9311957392955011
1.304670441765383
1.621781653835326
0.6709533135324504
0.6155385848502797
0.7280717949675741
0.7790027099545902
0.7657237625861691
0.6481354840750859
0.6828124994685527
1.043681831398316
0.8011342889019586
0.6253176546177215
0.6416161042301246
0.8621960548524591
0.6285773445402022
0.7280717949675741
