701.0
638.0
650.0
672.0
658.0
692.0
628.0
656.0
645.0
635.0
650.0
661.0
646.0
695.0
644.0
720.0
832.0
660.0
634.0
651.0
650.0
610.0
652.0
643.0
631.0
664.0
602.0
649.0
691.0
664.0
723.0
666.0
635.0
653.0
738.0
816.0
793.0
653.0
632.0
619.0
628.0
663.0
612.0
634.0
647.0
648.0
673.0
648.0
633.0
660.0
645.0
653.0
630.0
628.0
727.0
597.0
632.0
621.0
664.0
673.0
651.0
629.0
731.0
674.0
749.0
609.0
744.0
650.0
685.0
643.0
626.0
674.0
734.0
631.0
711.0
622.0
618.0
617.0
621.0
654.0
621.0
678.0
635.0
648.0
642.0
670.0
642.0
717.0
629.0
653.0
651.0
637.0
638.0
642.0
692.0
649.0
584.0
613.0
659.0
672.0
660.0
645.0
632.0
733.0
638.0
722.0
719.0
757.0
688.0
614.0
616.0
719.0
689.0
661.0
622.0
717.0
683.0
614.0
629.0
631.0
641.0
633.0
661.0
648.0
675.0
679.0
737.0
624.0
630.0
722.0
634.0
717.0
602.0
663.0
644.0
637.0
762.0
649.0
581.0
610.0
629.0
613.0
723.0
656.0
634.0
674.0
594.0
640.0
711.0
674.0
669.0
645.0
648.0
635.0
689.0
620.0
653.0
660.0
698.0
686.0
669.0
732.0
654.0
637.0
648.0
634.0
624.0
664.0
670.0
668.0
703.0
652.0
598.0
698.0
682.0
681.0
634.0
632.0
743.0
700.0
650.0
636.0
652.0
635.0
669.0
744.0
675.0
611.0
646.0
594.0
697.0
667.0
644.0
698.0
750.0
647.0
616.0
624.0
718.0
666.0
628.0
752.0
618.0
604.0
727.0
677.0
653.0
661.0
630.0
653.0
644.0
587.0
658.0
715.0
584.0
688.0
721.0
705.0
618.0
750.0
733.0
713.0
656.0
615.0
637.0
629.0
628.0
613.0
680.0
640.0
609.0
650.0
624.0
650.0
655.0
710.0
592.0
832.0
590.0
643.0
608.0
665.0
634.0
642.0
689.0
676.0
721.0
613.0
674.0
715.0
650.0
770.0
672.0
616.0
621.0
650.0
663.0
651.0
678.0
634.0
658.0
678.0
644.0
646.0
752.0
646.0
630.0
634.0
618.0
661.0
672.0
664.0
621.0
601.0
645.0
798.0
673.0
862.0
630.0
661.0
719.0
786.0
721.0
709.0
699.0
629.0
677.0
640.0
690.0
619.0
629.0
611.0
637.0
641.0
635.0
669.0
718.0
631.0
629.0
635.0
638.0
667.0
613.0
666.0
682.0
653.0
680.0
646.0
644.0
637.0
649.0
644.0
641.0
659.0
651.0
616.0
634.0
762.0
657.0
666.0
645.0
632.0
715.0
653.0
649.0
651.0
751.0
592.0
634.0
764.0
746.0
630.0
641.0
663.0
631.0
650.0
680.0
619.0
702.0
663.0
729.0
592.0
638.0
644.0
622.0
646.0
747.0
633.0
745.0
713.0
742.0
837.0
618.0
656.0
739.0
650.0
658.0
631.0
632.0
618.0
619.0
712.0
660.0
701.0
672.0
665.0
727.0
669.0
646.0
722.0
662.0
650.0
635.0
699.0
705.0
643.0
821.0
678.0
748.0
715.0
626.0
701.0
769.0
624.0
634.0
666.0
647.0
644.0
711.0
618.0
657.0
751.0
638.0
688.0
669.0
659.0
743.0
610.0
614.0
622.0
733.0
642.0
620.0
646.0
617.0
669.0
695.0
632.0
658.0
645.0
610.0
626.0
695.0
651.0
606.0
619.0
651.0
635.0
629.0
696.0
674.0
642.0
682.0
585.0
781.0
710.0
668.0
683.0
610.0
679.0
589.0
608.0
684.0
662.0
681.0
680.0
618.0
642.0
648.0
653.0
640.0
621.0
678.0
649.0
628.0
669.0
630.0
646.0
640.0
600.0
621.0
633.0
662.0
602.0
684.0
652.0
657.0
617.0
693.0
645.0
740.0
774.0
650.0
674.0
647.0
707.0
619.0
642.0
674.0
752.0
650.0
730.0
720.0
621.0
663.0
665.0
610.0
630.0
650.0
627.0
694.0
715.0
657.0
644.0
673.0
654.0
729.0
745.0
655.0
606.0
658.0
689.0
638.0
672.0
827.0
664.0
629.0
630.0
657.0
752.0
638.0
616.0
693.0
650.0
635.0
663.0
621.0
682.0
673.0
670.0
686.0
746.0
653.0
702.0
672.0
672.0
693.0
631.0
632.0
697.0
680.0
618.0
670.0
617.0
725.0
660.0
650.0
601.0
649.0
709.0
779.0
650.0
632.0
645.0
644.0
667.0
660.0
622.0
673.0
610.0
633.0
747.0
642.0
660.0
631.0
683.0
625.0
738.0
749.0
692.0
659.0
646.0
612.0
693.0
669.0
619.0
623.0
638.0
645.0
658.0
642.0
617.0
775.0
637.0
619.0
674.0
649.0
645.0
598.0
622.0
658.0
613.0
641.0
638.0
630.0
660.0
680.0
630.0
664.0
638.0
632.0
630.0
644.0
638.0
730.0
699.0
632.0
653.0
621.0
631.0
636.0
709.0
604.0
737.0
629.0
628.0
687.0
647.0
649.0
704.0
619.0
657.0
690.0
651.0
657.0
720.0
675.0
659.0
603.0
653.0
651.0
605.0
650.0
669.0
644.0
718.0
632.0
627.0
638.0
650.0
691.0
826.0
716.0
703.0
602.0
645.0
624.0
627.0
752.0
663.0
674.0
625.0
676.0
613.0
665.0
637.0
669.0
651.0
852.0
648.0
734.0
692.0
625.0
703.0
766.0
684.0
658.0
646.0
639.0
624.0
706.0
710.0
712.0
598.0
