720.0
750.0
741.0
728.0
845.0
698.0
705.0
781.0
731.0
752.0
745.0
605.0
742.0
740.0
705.0
731.0
705.0
717.0
738.0
708.0
709.0
636.0
751.0
746.0
814.0
714.0
794.0
855.0
752.0
798.0
685.0
706.0
809.0
768.0
789.0
747.0
725.0
868.0
841.0
714.0
794.0
725.0
794.0
797.0
708.0
727.0
637.0
722.0
731.0
734.0
681.0
726.0
793.0
717.0
738.0
723.0
754.0
738.0
708.0
704.0
735.0
685.0
725.0
766.0
685.0
708.0
734.0
766.0
721.0
709.0
751.0
720.0
786.0
725.0
699.0
830.0
709.0
693.0
883.0
740.0
689.0
764.0
610.0
706.0
896.0
706.0
738.0
941.0
708.0
744.0
722.0
679.0
744.0
763.0
659.0
767.0
756.0
693.0
703.0
723.0
711.0
747.0
711.0
746.0
684.0
736.0
730.0
725.0
768.0
688.0
707.0
760.0
668.0
757.0
688.0
751.0
838.0
779.0
730.0
752.0
767.0
703.0
606.0
832.0
772.0
718.0
733.0
697.0
741.0
758.0
720.0
726.0
733.0
752.0
740.0
764.0
796.0
791.0
687.0
707.0
722.0
828.0
776.0
746.0
704.0
645.0
737.0
704.0
704.0
759.0
718.0
761.0
730.0
714.0
719.0
760.0
689.0
756.0
765.0
926.0
693.0
743.0
715.0
710.0
699.0
830.0
754.0
731.0
670.0
720.0
789.0
730.0
756.0
834.0
666.0
596.0
737.0
748.0
738.0
709.0
705.0
766.0
694.0
718.0
753.0
917.0
710.0
778.0
725.0
742.0
781.0
743.0
621.0
794.0
864.0
737.0
763.0
749.0
753.0
730.0
706.0
653.0
738.0
676.0
689.0
749.0
762.0
708.0
713.0
727.0
721.0
620.0
739.0
749.0
840.0
707.0
721.0
725.0
714.0
724.0
796.0
645.0
726.0
725.0
759.0
727.0
718.0
710.0
882.0
741.0
839.0
830.0
788.0
711.0
722.0
697.0
795.0
720.0
836.0
706.0
598.0
745.0
727.0
772.0
725.0
723.0
730.0
700.0
729.0
756.0
764.0
791.0
774.0
777.0
717.0
776.0
710.0
708.0
778.0
745.0
756.0
725.0
702.0
720.0
759.0
779.0
793.0
710.0
710.0
684.0
738.0
906.0
772.0
698.0
680.0
707.0
742.0
709.0
713.0
660.0
746.0
588.0
699.0
742.0
766.0
788.0
729.0
867.0
810.0
717.0
794.0
739.0
701.0
780.0
763.0
815.0
730.0
726.0
701.0
631.0
678.0
733.0
738.0
862.0
724.0
886.0
702.0
729.0
768.0
698.0
744.0
737.0
711.0
806.0
725.0
713.0
754.0
752.0
727.0
729.0
678.0
736.0
723.0
702.0
728.0
701.0
720.0
729.0
770.0
806.0
729.0
609.0
737.0
782.0
674.0
725.0
717.0
716.0
697.0
781.0
694.0
809.0
648.0
741.0
757.0
703.0
702.0
843.0
697.0
773.0
720.0
753.0
730.0
713.0
706.0
786.0
738.0
756.0
708.0
784.0
690.0
701.0
818.0
795.0
716.0
726.0
747.0
732.0
763.0
705.0
756.0
773.0
714.0
678.0
644.0
727.0
774.0
726.0
850.0
731.0
716.0
794.0
736.0
728.0
757.0
850.0
799.0
817.0
588.0
690.0
706.0
806.0
688.0
698.0
919.0
717.0
985.0
781.0
734.0
844.0
895.0
758.0
716.0
846.0
746.0
789.0
728.0
733.0
750.0
628.0
741.0
690.0
764.0
606.0
922.0
702.0
729.0
682.0
721.0
729.0
748.0
782.0
748.0
734.0
721.0
638.0
688.0
850.0
769.0
830.0
706.0
741.0
731.0
708.0
748.0
887.0
766.0
698.0
950.0
805.0
701.0
704.0
700.0
731.0
724.0
714.0
699.0
845.0
613.0
732.0
743.0
714.0
755.0
777.0
744.0
749.0
590.0
701.0
588.0
728.0
755.0
722.0
730.0
758.0
689.0
813.0
739.0
714.0
785.0
714.0
592.0
699.0
767.0
814.0
901.0
751.0
763.0
741.0
715.0
737.0
705.0
767.0
734.0
992.0
692.0
791.0
689.0
827.0
779.0
749.0
777.0
746.0
885.0
838.0
748.0
714.0
770.0
604.0
741.0
780.0
589.0
715.0
741.0
752.0
776.0
750.0
694.0
712.0
734.0
733.0
721.0
838.0
745.0
634.0
740.0
712.0
608.0
672.0
706.0
694.0
692.0
682.0
904.0
722.0
708.0
621.0
717.0
710.0
719.0
731.0
706.0
726.0
733.0
696.0
753.0
747.0
732.0
861.0
841.0
755.0
733.0
700.0
722.0
834.0
729.0
689.0
698.0
627.0
687.0
774.0
742.0
666.0
750.0
752.0
723.0
747.0
861.0
834.0
729.0
725.0
751.0
738.0
757.0
769.0
761.0
708.0
773.0
691.0
756.0
862.0
706.0
738.0
700.0
698.0
748.0
756.0
741.0
761.0
697.0
708.0
715.0
862.0
778.0
959.0
832.0
773.0
701.0
692.0
732.0
686.0
688.0
734.0
714.0
726.0
686.0
603.0
709.0
717.0
783.0
738.0
729.0
734.0
749.0
776.0
826.0
743.0
683.0
868.0
786.0
759.0
715.0
732.0
829.0
795.0
786.0
748.0
738.0
724.0
906.0
820.0
731.0
739.0
751.0
758.0
625.0
773.0
818.0
735.0
746.0
786.0
730.0
706.0
689.0
741.0
733.0
774.0
755.0
694.0
740.0
834.0
699.0
752.0
714.0
717.0
766.0
654.0
738.0
649.0
690.0
716.0
855.0
722.0
683.0
654.0
710.0
753.0
686.0
690.0
765.0
780.0
761.0
778.0
761.0
696.0
704.0
746.0
772.0
791.0
701.0
771.0
709.0
