816.0
665.0
596.0
937.0
720.0
754.0
808.0
718.0
737.0
765.0
794.0
905.0
865.0
751.0
732.0
762.0
604.0
749.0
871.0
773.0
749.0
738.0
780.0
810.0
760.0
759.0
743.0
796.0
800.0
738.0
907.0
906.0
821.0
666.0
774.0
770.0
770.0
740.0
759.0
820.0
585.0
785.0
734.0
790.0
699.0
827.0
703.0
772.0
794.0
732.0
794.0
795.0
840.0
778.0
753.0
824.0
884.0
816.0
840.0
756.0
808.0
919.0
644.0
782.0
753.0
777.0
863.0
788.0
776.0
772.0
808.0
708.0
754.0
904.0
872.0
726.0
778.0
753.0
675.0
740.0
881.0
742.0
867.0
771.0
898.0
763.0
893.0
747.0
793.0
974.0
759.0
764.0
936.0
808.0
970.0
756.0
737.0
859.0
829.0
762.0
836.0
759.0
869.0
754.0
806.0
736.0
727.0
778.0
745.0
781.0
805.0
784.0
784.0
757.0
741.0
754.0
781.0
865.0
931.0
769.0
810.0
753.0
787.0
914.0
771.0
781.0
766.0
749.0
707.0
732.0
765.0
855.0
597.0
817.0
782.0
709.0
789.0
856.0
764.0
746.0
773.0
771.0
664.0
725.0
802.0
916.0
898.0
810.0
899.0
879.0
946.0
738.0
841.0
797.0
877.0
804.0
733.0
783.0
929.0
759.0
740.0
765.0
794.0
752.0
747.0
790.0
869.0
605.0
788.0
825.0
741.0
766.0
742.0
702.0
851.0
756.0
770.0
765.0
770.0
795.0
745.0
834.0
756.0
809.0
728.0
725.0
767.0
814.0
727.0
774.0
745.0
810.0
797.0
626.0
867.0
765.0
852.0
842.0
919.0
830.0
789.0
814.0
738.0
847.0
885.0
762.0
883.0
781.0
778.0
816.0
863.0
749.0
755.0
756.0
759.0
782.0
795.0
796.0
754.0
794.0
870.0
742.0
792.0
742.0
973.0
802.0
784.0
771.0
786.0
923.0
848.0
730.0
802.0
750.0
775.0
801.0
776.0
837.0
789.0
767.0
674.0
906.0
614.0
796.0
816.0
739.0
742.0
717.0
837.0
730.0
726.0
780.0
846.0
751.0
785.0
769.0
794.0
1024.0
855.0
740.0
822.0
811.0
717.0
757.0
706.0
700.0
753.0
782.0
733.0
756.0
596.0
785.0
753.0
637.0
812.0
733.0
750.0
754.0
739.0
773.0
788.0
857.0
789.0
763.0
739.0
761.0
762.0
747.0
777.0
741.0
788.0
776.0
717.0
753.0
919.0
754.0
789.0
813.0
754.0
823.0
763.0
763.0
879.0
746.0
820.0
758.0
745.0
778.0
769.0
813.0
810.0
844.0
779.0
840.0
775.0
734.0
757.0
770.0
755.0
718.0
757.0
753.0
732.0
781.0
737.0
934.0
898.0
805.0
770.0
794.0
706.0
746.0
893.0
785.0
757.0
736.0
733.0
758.0
868.0
829.0
773.0
821.0
764.0
762.0
850.0
750.0
764.0
840.0
894.0
739.0
822.0
856.0
818.0
749.0
869.0
753.0
823.0
760.0
844.0
805.0
798.0
905.0
709.0
816.0
701.0
741.0
709.0
794.0
853.0
743.0
954.0
748.0
752.0
895.0
737.0
873.0
730.0
810.0
865.0
762.0
773.0
841.0
819.0
740.0
762.0
750.0
776.0
740.0
778.0
770.0
770.0
796.0
806.0
738.0
766.0
749.0
800.0
1005.0
772.0
834.0
605.0
800.0
887.0
759.0
797.0
797.0
788.0
780.0
805.0
748.0
796.0
759.0
762.0
750.0
755.0
762.0
753.0
766.0
810.0
811.0
786.0
792.0
794.0
757.0
821.0
760.0
803.0
732.0
770.0
758.0
756.0
790.0
837.0
666.0
770.0
778.0
922.0
749.0
840.0
860.0
813.0
1010.0
772.0
761.0
828.0
866.0
585.0
800.0
785.0
765.0
789.0
761.0
785.0
873.0
806.0
846.0
614.0
758.0
753.0
743.0
928.0
739.0
641.0
755.0
775.0
798.0
807.0
723.0
722.0
797.0
805.0
834.0
822.0
813.0
857.0
816.0
786.0
837.0
823.0
650.0
764.0
813.0
822.0
636.0
778.0
632.0
898.0
667.0
797.0
796.0
760.0
765.0
825.0
608.0
654.0
599.0
874.0
756.0
827.0
816.0
793.0
757.0
800.0
728.0
775.0
757.0
786.0
877.0
776.0
740.0
746.0
761.0
777.0
763.0
722.0
763.0
798.0
760.0
762.0
901.0
853.0
750.0
842.0
840.0
764.0
769.0
747.0
670.0
708.0
747.0
774.0
809.0
736.0
746.0
646.0
771.0
749.0
1006.0
725.0
965.0
791.0
722.0
765.0
800.0
909.0
800.0
750.0
747.0
753.0
760.0
782.0
743.0
859.0
765.0
816.0
600.0
741.0
753.0
769.0
729.0
789.0
753.0
765.0
750.0
732.0
785.0
826.0
893.0
787.0
846.0
768.0
775.0
849.0
749.0
806.0
728.0
807.0
772.0
813.0
792.0
775.0
750.0
772.0
746.0
861.0
803.0
798.0
753.0
823.0
751.0
1054.0
775.0
825.0
750.0
862.0
897.0
827.0
789.0
609.0
725.0
880.0
584.0
677.0
763.0
782.0
824.0
870.0
782.0
826.0
740.0
860.0
761.0
749.0
741.0
845.0
853.0
756.0
724.0
791.0
712.0
782.0
677.0
794.0
833.0
813.0
629.0
801.0
918.0
852.0
757.0
794.0
775.0
737.0
741.0
797.0
769.0
747.0
753.0
840.0
757.0
837.0
743.0
835.0
790.0
771.0
844.0
809.0
834.0
779.0
750.0
784.0
770.0
800.0
778.0
584.0
810.0
816.0
736.0
1020.0
