669.0
746.0
684.0
673.0
730.0
670.0
689.0
715.0
643.0
670.0
663.0
699.0
723.0
686.0
719.0
657.0
721.0
634.0
631.0
608.0
780.0
648.0
753.0
683.0
686.0
832.0
650.0
702.0
701.0
667.0
672.0
670.0
646.0
724.0
655.0
672.0
669.0
669.0
605.0
717.0
590.0
675.0
652.0
737.0
701.0
720.0
678.0
646.0
572.0
731.0
663.0
715.0
644.0
597.0
788.0
669.0
593.0
674.0
685.0
729.0
646.0
692.0
708.0
589.0
634.0
669.0
644.0
794.0
725.0
650.0
809.0
713.0
640.0
662.0
659.0
736.0
684.0
650.0
743.0
629.0
678.0
648.0
596.0
653.0
649.0
707.0
603.0
737.0
649.0
651.0
660.0
708.0
647.0
779.0
705.0
672.0
629.0
727.0
661.0
655.0
654.0
708.0
653.0
648.0
621.0
709.0
638.0
644.0
640.0
695.0
692.0
677.0
662.0
644.0
674.0
676.0
655.0
680.0
709.0
712.0
717.0
613.0
637.0
683.0
658.0
638.0
666.0
661.0
693.0
728.0
683.0
858.0
716.0
658.0
646.0
653.0
628.0
797.0
659.0
674.0
575.0
648.0
784.0
661.0
672.0
757.0
674.0
635.0
607.0
685.0
800.0
661.0
616.0
571.0
677.0
687.0
702.0
679.0
738.0
677.0
590.0
646.0
656.0
651.0
712.0
640.0
688.0
689.0
664.0
646.0
810.0
680.0
627.0
658.0
682.0
675.0
754.0
647.0
673.0
651.0
627.0
645.0
661.0
644.0
708.0
646.0
662.0
663.0
778.0
669.0
732.0
662.0
677.0
678.0
640.0
679.0
759.0
683.0
651.0
637.0
724.0
718.0
647.0
762.0
642.0
596.0
656.0
643.0
770.0
643.0
637.0
654.0
628.0
598.0
682.0
672.0
750.0
771.0
658.0
657.0
663.0
701.0
683.0
637.0
629.0
764.0
685.0
602.0
634.0
674.0
674.0
697.0
785.0
655.0
650.0
648.0
707.0
709.0
629.0
738.0
674.0
656.0
741.0
656.0
670.0
645.0
669.0
640.0
704.0
648.0
648.0
695.0
794.0
722.0
678.0
670.0
711.0
796.0
685.0
737.0
652.0
672.0
674.0
768.0
737.0
713.0
712.0
765.0
672.0
776.0
629.0
689.0
734.0
658.0
631.0
636.0
659.0
771.0
635.0
669.0
570.0
749.0
694.0
710.0
796.0
766.0
652.0
702.0
637.0
689.0
700.0
679.0
641.0
653.0
650.0
670.0
665.0
779.0
614.0
676.0
677.0
662.0
641.0
644.0
669.0
763.0
770.0
661.0
676.0
646.0
625.0
637.0
824.0
711.0
672.0
653.0
715.0
689.0
703.0
645.0
724.0
695.0
714.0
709.0
654.0
712.0
650.0
672.0
838.0
694.0
669.0
630.0
685.0
770.0
656.0
737.0
614.0
661.0
648.0
727.0
637.0
684.0
657.0
759.0
656.0
702.0
705.0
637.0
681.0
692.0
683.0
649.0
708.0
700.0
665.0
698.0
670.0
664.0
731.0
649.0
589.0
679.0
656.0
679.0
674.0
697.0
658.0
632.0
850.0
632.0
710.0
640.0
654.0
815.0
628.0
740.0
696.0
686.0
689.0
721.0
656.0
751.0
656.0
694.0
642.0
674.0
667.0
662.0
645.0
570.0
709.0
650.0
734.0
597.0
656.0
678.0
692.0
661.0
655.0
651.0
695.0
740.0
739.0
693.0
634.0
653.0
659.0
666.0
643.0
741.0
690.0
724.0
763.0
696.0
661.0
666.0
628.0
658.0
698.0
593.0
804.0
622.0
690.0
622.0
686.0
672.0
887.0
733.0
659.0
696.0
642.0
662.0
693.0
650.0
670.0
652.0
652.0
713.0
582.0
667.0
649.0
667.0
645.0
734.0
718.0
616.0
662.0
685.0
645.0
692.0
675.0
634.0
637.0
634.0
653.0
685.0
708.0
670.0
709.0
684.0
683.0
674.0
672.0
639.0
650.0
705.0
670.0
701.0
598.0
729.0
658.0
675.0
785.0
646.0
574.0
633.0
672.0
645.0
628.0
665.0
576.0
785.0
752.0
811.0
689.0
722.0
649.0
698.0
669.0
640.0
674.0
695.0
580.0
670.0
694.0
661.0
649.0
584.0
677.0
642.0
688.0
663.0
689.0
706.0
646.0
784.0
644.0
668.0
1280.0
636.0
649.0
654.0
697.0
685.0
680.0
683.0
726.0
653.0
816.0
780.0
798.0
680.0
796.0
707.0
653.0
667.0
672.0
649.0
812.0
634.0
813.0
667.0
638.0
637.0
663.0
666.0
719.0
808.0
633.0
588.0
639.0
638.0
751.0
790.0
593.0
646.0
661.0
578.0
802.0
654.0
660.0
642.0
669.0
672.0
673.0
638.0
745.0
672.0
674.0
685.0
695.0
795.0
802.0
653.0
678.0
690.0
672.0
692.0
676.0
653.0
706.0
644.0
677.0
649.0
663.0
751.0
670.0
701.0
729.0
638.0
604.0
686.0
633.0
661.0
659.0
673.0
686.0
662.0
657.0
698.0
665.0
819.0
688.0
794.0
677.0
704.0
694.0
640.0
663.0
653.0
708.0
646.0
628.0
712.0
724.0
750.0
735.0
737.0
674.0
698.0
656.0
654.0
678.0
773.0
779.0
638.0
628.0
712.0
570.0
636.0
760.0
646.0
772.0
672.0
694.0
653.0
803.0
665.0
643.0
672.0
668.0
797.0
657.0
692.0
576.0
650.0
705.0
664.0
651.0
692.0
621.0
647.0
657.0
648.0
666.0
578.0
644.0
703.0
677.0
667.0
665.0
653.0
673.0
746.0
650.0
648.0
718.0
661.0
663.0
672.0
680.0
657.0
687.0
717.0
653.0
688.0
656.0
674.0
668.0
688.0
811.0
779.0
706.0
661.0
761.0
693.0
722.0
657.0
694.0
637.0
825.0
597.0
669.0
672.0
