1.1104200772180335
0.7805229244850379
0.997491881711497
0.7312769644707059
0.8513624628978362
0.5791985433946711
0.8325703716227377
0.6726574018607279
2.7497994446814222
0.9773360998061645
0.4915969855794976
0.6398954228969569
0.7675110627006129
0.6693812039643507
0.6661050060679737
0.7117279175158012
0.7547358208165916
0.7469162020346298
0.8152212225768378
0.47037152287618855
0.4845218313450612
0.8325703716227377
1.411898252520811
0.6960886799518776
1.0135678699243673
0.6999984893428585
0.7039082987338394
0.5791985433946711
0.7935347862694628
0.7351867738616868
4.183409903798391
0.7078181081248204
0.6562764123788425
0.6497240165860881
0.6693812039643507
1.0523087528418338
1.1749882154138107
0.4076257204772144
0.997491881711497
0.7547358208165916
0.9370245359954995
0.7805229244850379
0.6693812039643507
0.7351867738616868
0.6169620376223172
0.6530002144824653
1.7234534288881698
1.377306992880708
1.621791471753278
0.6169620376223172
1.097506449578878
1.7687334001731663
1.0135678699243673
0.9067908631375007
0.9471024269481658
0.8108839353153628
0.9370245359954995
0.5876479740711614
0.7805229244850379
0.7547358208165916
0.7195475362977631
2.0253199041214796
0.7675110627006129
0.8513624628978362
1.045851939022256
0.8195585098383128
0.6464478186897111
0.7848602117465129
0.9219076995665001
0.7978720735309379
1.1104200772180335
1.3600113630606567
0.5482172975808735
0.8765571902795019
0.7508260114256107
0.8325703716227377
0.7935347862694628
0.7195475362977631
4.264522265155086
0.8916740267085013
0.7117279175158012
0.8564014083741693
1.3211793123488575
0.8152212225768378
0.8967129721848344
0.6726574018607279
0.8152212225768378
2.327186379354789
0.8152212225768378
0.8022093607924129
1.0845928219397225
0.8967129721848344
1.2845503924882302
0.6726574018607279
0.9370245359954995
0.9420634814718327
0.8664792993268355
0.6235144334150714
0.9823750452824979
0.7588364881776629
0.8715182448031689
0.7195475362977631
0.8967129721848344
1.0845928219397225
0.6693812039643507
0.8238957970997879
1.7083601051265045
0.8152212225768378
0.7675110627006129
0.7978720735309379
0.6843592517789346
0.7848602117465129
0.7978720735309379
1.2552472565997286
0.4038687403565979
2.296999731831458
0.8967129721848344
1.798920047696497
0.7508260114256107
0.6999984893428585
0.6530002144824653
0.7978720735309379
0.7978720735309379
0.9370245359954995
0.5907524544513004
1.0652223804809895
0.7588364881776629
0.8022093607924129
0.8564014083741693
2.3120930555931234
1.097506449578878
0.8664792993268355
0.886635081232168
1.097506449578878
0.525685482443566
0.6595526102752194
0.7848602117465129
0.7805229244850379
1.2259441207112267
0.8916740267085013
0.9924529362351641
0.957180317900832
0.6960886799518776
0.6765396329969727
1.0910496357593003
0.7547358208165916
1.3513635481506312
0.5144195748749123
0.8195585098383128
2.7497994446814222
0.8065466480538879
0.9471024269481658
2.8101727397280842
1.0523087528418338
0.6804494423879538
1.5543959365500726
0.6169620376223172
0.7675110627006129
0.9067908631375007
0.8614403538505025
0.6693812039643507
1.123333704857189
0.7195475362977631
0.6366192250005799
0.6661050060679737
0.6843592517789346
0.6661050060679737
0.6333430271042026
0.8916740267085013
0.9168687540901669
0.6960886799518776
0.7848602117465129
1.3358308802931085
0.8916740267085013
0.8463235174215031
1.291876176460356
1.0135678699243673
0.7312769644707059
0.54540082068871
0.7848602117465129
1.1039632633984557
1.2186183367391012
0.8564014083741693
1.0200246837439453
0.7078181081248204
1.168531401594233
0.6169620376223172
2.6894261496347602
1.2332699046833522
0.7430063926436488
0.7935347862694628
0.7891974990079879
0.7588364881776629
0.9168687540901669
0.7978720735309379
0.6562764123788425
0.6882690611699156
1.2112925527669758
0.9118298086138339
0.6235144334150714
1.0329383113831005
0.6693812039643507
0.9773360998061645
0.7390965832526678
0.7351867738616868
1.4551373270709393
1.3431566642652342
1.181989416878474
0.8065466480538879
0.7156377269067822
0.8513624628978362
1.0587655666614118
0.7273671550797249
0.7761856372235629
2.0253199041214796
0.6300668292078256
1.2698988245439795
0.6530002144824653
0.8664792993268355
0.7675110627006129
1.2552472565997286
0.6038572460368088
0.8564014083741693
0.49395537032430964
0.997491881711497
0.8022093607924129
0.643171620793334
0.9118298086138339
0.4963137550691218
1.2039667687948503
0.9168687540901669
0.643171620793334
1.515884202148241
0.6693812039643507
0.7273671550797249
0.7631737754391379
0.8564014083741693
0.771848349962088
0.7117279175158012
1.1104200772180335
1.1620745877746552
0.8967129721848344
0.9168687540901669
0.7195475362977631
1.247921472627603
0.3869623298138237
1.377306992880708
0.9319855905191664
0.8715182448031689
0.6136858397259402
0.6921788705608966
0.8238957970997879
0.9370245359954995
0.7156377269067822
0.6530002144824653
0.8065466480538879
0.8715182448031689
0.7273671550797249
0.7195475362977631
0.643171620793334
0.9219076995665001
1.2552472565997286
0.7469162020346298
0.7039082987338394
0.6333430271042026
0.8564014083741693
0.8325703716227377
0.8463235174215031
0.6071334439331858
0.6804494423879538
0.7312769644707059
1.181989416878474
1.4464895121609136
0.8967129721848344
1.0523087528418338
0.7469162020346298
0.8967129721848344
1.3285050963209832
0.6595526102752194
0.8238957970997879
0.7430063926436488
0.7805229244850379
0.5200525286592391
0.8282330843612629
1.262573040571854
0.6999984893428585
0.7273671550797249
0.9521413724244989
0.9420634814718327
0.7675110627006129
1.0200246837439453
0.8152212225768378
0.6267906313114484
0.8664792993268355
0.7935347862694628
0.7039082987338394
0.7761856372235629
0.5566667282573637
0.8152212225768378
1.7536400764115008
0.7588364881776629
0.5820150202868346
0.9924529362351641
1.1620745877746552
0.886635081232168
0.7469162020346298
0.7508260114256107
0.9118298086138339
0.8282330843612629
0.9924529362351641
0.9773360998061645
0.84128457194517
1.2039667687948503
1.0264814975635228
0.7761856372235629
0.6628288081715966
0.7547358208165916
0.8916740267085013
0.7675110627006129
0.7469162020346298
1.3138535283767323
0.9471024269481658
0.9924529362351641
1.0075697726641633
1.181989416878474
0.8325703716227377
0.9420634814718327
0.8065466480538879
0.9823750452824979
0.8282330843612629
0.7195475362977631
0.8195585098383128
0.9168687540901669
0.7273671550797249
0.771848349962088
0.7078181081248204
0.7631737754391379
2.35737302687812
0.8765571902795019
0.8282330843612629
0.7078181081248204
0.8065466480538879
0.7848602117465129
0.6726574018607279
1.291876176460356
0.9874139907588307
0.6005810481404317
0.6999984893428585
0.9067908631375007
0.388840819874132
0.9773360998061645
0.4727299076210007
0.7312769644707059
2.130973170453138
0.8765571902795019
0.5566667282573637
0.43971252119363113
0.7761856372235629
0.7675110627006129
0.886635081232168
0.6882690611699156
0.8765571902795019
1.0135678699243673
0.957180317900832
0.6464478186897111
0.8916740267085013
0.6726574018607279
0.7675110627006129
0.6882690611699156
1.0523087528418338
1.039395125202678
0.8916740267085013
1.4464895121609136
0.9420634814718327
0.8967129721848344
0.7848602117465129
2.99129262486807
0.8967129721848344
1.1620745877746552
0.7273671550797249
0.7891974990079879
0.6562764123788425
0.9269466450428332
1.0200246837439453
0.5876479740711614
0.7195475362977631
0.41326119065813915
0.8369076588842128
0.7547358208165916
0.7351867738616868
0.9622192633771652
0.7508260114256107
0.7117279175158012
1.919666637789821
0.7390965832526678
0.8715182448031689
1.1893152008505994
1.123333704857189
0.8108839353153628
1.0716791943005672
0.7390965832526678
0.9672582088534982
1.039395125202678
1.1168768910376112
0.6333430271042026
0.5594832051495272
0.9471024269481658
0.957180317900832
0.8195585098383128
0.7588364881776629
0.8065466480538879
0.41701817077875564
0.7805229244850379
0.7195475362977631
4.372672080297346
0.6765396329969727
0.6960886799518776
0.6693812039643507
1.0200246837439453
0.4915969855794976
1.168531401594233
0.7891974990079879
0.6804494423879538
0.8564014083741693
0.8108839353153628
1.1168768910376112
1.0264814975635228
0.6202382355186943
0.957180317900832
2.493212940733109
0.9370245359954995
1.621791471753278
0.7469162020346298
0.8715182448031689
0.6921788705608966
2.613959530826433
2.583772883303102
0.9924529362351641
0.6693812039643507
0.7848602117465129
0.7761856372235629
0.7430063926436488
0.6497240165860881
0.7430063926436488
0.6267906313114484
0.8463235174215031
1.181989416878474
0.7195475362977631
0.7675110627006129
2.5083062644947747
1.515884202148241
0.9773360998061645
0.5369513900122198
0.7935347862694628
0.7273671550797249
0.6726574018607279
0.957180317900832
0.8463235174215031
0.7848602117465129
0.6661050060679737
0.8765571902795019
0.7039082987338394
0.6765396329969727
0.6333430271042026
0.9471024269481658
0.7234573456887441
0.9622192633771652
0.42084544323513434
0.9319855905191664
1.142704146315922
0.5538502513652004
0.6882690611699156
0.6843592517789346
1.0200246837439453
1.3138535283767323
0.42084544323513434
0.771848349962088
0.8463235174215031
0.6882690611699156
0.7978720735309379
0.7935347862694628
0.7078181081248204
0.9773360998061645
1.9951332565981486
0.6464478186897111
0.7675110627006129
0.7805229244850379
0.7631737754391379
0.9722971543298315
0.7039082987338394
0.9773360998061645
0.643171620793334
1.515884202148241
0.3869623298138237
3.0667592436763975
0.7430063926436488
1.6932667813648388
1.3859548077907338
0.9722971543298315
0.45857959915212804
0.5425843437965466
0.8967129721848344
0.6333430271042026
1.0652223804809895
0.8463235174215031
0.6595526102752194
0.8282330843612629
1.0910496357593003
0.9017519176611676
0.6693812039643507
0.7848602117465129
1.515884202148241
0.4632963686417523
1.039395125202678
0.771848349962088
0.8152212225768378
1.2552472565997286
0.6999984893428585
0.7390965832526678
0.6765396329969727
0.643171620793334
1.0075697726641633
0.9370245359954995
0.5313184362278929
0.7675110627006129
0.957180317900832
0.8152212225768378
0.6530002144824653
0.6169620376223172
1.3513635481506312
1.0200246837439453
0.6804494423879538
0.7351867738616868
0.4302789822143827
0.9874139907588307
0.7508260114256107
0.6530002144824653
0.6202382355186943
0.7195475362977631
0.8967129721848344
0.7675110627006129
0.997491881711497
0.5876479740711614
0.7273671550797249
0.7312769644707059
0.5907524544513004
0.8715182448031689
0.7312769644707059
0.6562764123788425
0.8916740267085013
0.6765396329969727
0.4057472304169062
0.8916740267085013
0.9622192633771652
1.0910496357593003
1.1362473324963442
0.6366192250005799
0.7195475362977631
1.0716791943005672
1.4464895121609136
0.6005810481404317
0.6693812039643507
0.8564014083741693
0.8614403538505025
0.8022093607924129
0.8238957970997879
1.3946026227007595
0.6999984893428585
0.6726574018607279
1.9800399328364828
0.7039082987338394
1.1362473324963442
2.176253141738134
0.7156377269067822
0.7195475362977631
0.5876479740711614
1.1104200772180335
0.8065466480538879
0.6333430271042026
0.8325703716227377
1.1966409848227249
0.6562764123788425
0.7195475362977631
0.9471024269481658
1.7385467526498353
0.7469162020346298
0.6202382355186943
0.643171620793334
1.1362473324963442
1.4897285867110421
0.6464478186897111
0.9521413724244989
0.6169620376223172
0.7675110627006129
1.097506449578878
0.997491881711497
0.6693812039643507
0.6661050060679737
0.84128457194517
0.7195475362977631
0.6804494423879538
0.6726574018607279
1.0845928219397225
1.2332699046833522
0.7547358208165916
0.7078181081248204
0.6843592517789346
0.7631737754391379
0.8325703716227377
0.7351867738616868
0.37944836957259076
0.7588364881776629
