0.48842958454096835
0.6148300711289058
0.7018448462518847
0.4737992569097709
0.47867603278683674
0.8046535431465225
0.8720918564448689
0.5146919975353758
0.471360868971238
0.4347850498932444
0.5086998350843605
0.6291510587832266
0.5933485896474242
0.46892248103270506
0.9083753695419412
0.67580699660505
0.5116959163098681
0.5206841599863912
0.5686214595945136
0.5176880787608834
0.6832463822184313
0.5566371346924829
0.5236802412118986
0.6685337748326093
1.038333310801066
0.8928252925003387
0.4347850498932444
0.538660647339437
0.9913091137638208
0.7055645390585755
0.5266763224374064
0.6398917995239674
0.6040893303881648
0.724163003092029
0.5969288365610044
0.4811144207253696
0.5146919975353758
0.5476488910159599
0.4835528086639025
0.5086998350843605
0.8046535431465225
0.7167236174786477
0.4811144207253696
0.538660647339437
0.41611031856734093
0.6076695773017452
1.3947976604770291
0.49818313629509997
0.5326684848884218
0.5476488910159599
0.9239254465835437
0.5116959163098681
1.6787283858699116
0.949842241652881
0.5686214595945136
1.478064987209703
0.8409916898675582
0.47867603278683674
0.48842958454096835
0.48599119660243545
0.7502008527388638
0.49818313629509997
0.5506449722414676
0.5416567285649446
0.44453860164737596
0.4811144207253696
1.1344109954926118
0.5506449722414676
0.471360868971238
0.7735065602427776
0.6327313056968069
0.970575677708351
0.4835528086639025
1.321277864435734
0.471360868971238
0.8876419334864714
0.5686214595945136
0.5596332159179905
0.6832463822184313
0.7539205455455545
1.0068591908054234
0.6944054606385034
0.6981251534451941
1.1151954585543027
0.6076695773017452
0.6542127871782883
0.7316023887054104
0.4908679724795013
0.939475523625146
0.5865979469475594
0.4225931102005799
0.5865979469475594
0.44453860164737596
0.5969288365610044
1.0319281318216293
0.4737992569097709
0.5206841599863912
0.4640457051556393
0.5236802412118986
0.5506449722414676
0.5446528097904523
0.7579330687909052
0.5236802412118986
0.6685337748326093
0.4933063604180341
0.9964924727776884
0.5326684848884218
0.4811144207253696
0.5030599121721658
0.5206841599863912
0.6112498242153254
0.471360868971238
0.5626292971434982
0.42746988607764563
0.9291088055974113
0.8358005260502673
0.6613732810054488
0.7167236174786477
0.949842241652881
0.44453860164737596
0.5266763224374064
0.8254181984156856
0.3751159242217401
0.42503149813911273
0.6291510587832266
0.5416567285649446
0.5086998350843605
0.39971256082910067
0.5206841599863912
0.5626292971434982
0.6506325402647082
0.5746136220455289
0.7018448462518847
0.5446528097904523
0.47867603278683674
0.6291510587832266
0.48842958454096835
0.5416567285649446
0.5266763224374064
0.5446528097904523
0.4737992569097709
0.5626292971434982
0.6255708118696464
0.5596332159179905
0.5086998350843605
0.5716175408200211
0.45916892927857345
0.4518537654629748
0.45429215340150764
0.5746136220455289
0.5776097032710364
0.5476488910159599
0.7464811599321732
3.3848515069696883
0.4835528086639025
0.6291510587832266
0.6291510587832266
0.7838888878773592
0.8254181984156856
0.5006215242336329
0.495744748356567
0.4908679724795013
0.6255708118696464
0.538660647339437
0.4469769895859089
0.4811144207253696
0.42746988607764563
0.8046535431465225
0.5836018657220517
0.6685337748326093
0.5116959163098681
0.6327313056968069
0.5006215242336329
0.4835528086639025
0.8669084974310014
0.4737992569097709
0.48599119660243545
1.0127125948833202
0.4933063604180341
0.5933485896474242
0.8461750613755314
0.6005090834745848
0.5266763224374064
0.5626292971434982
0.4140605988500609
0.6613732810054488
0.46160731721710635
0.4908679724795013
0.5746136220455289
0.4640457051556393
0.5626292971434982
0.5266763224374064
0.5446528097904523
0.5086998350843605
0.5416567285649446
0.8824585744726038
0.9602089596806159
0.4469769895859089
0.9446588826390135
0.43722343783177736
0.6649535279190292
0.44941537752444183
0.471360868971238
0.7390417743187918
0.5266763224374064
0.6005090834745848
0.6649535279190292
0.5446528097904523
0.5446528097904523
0.686966075025122
0.7018448462518847
0.6981251534451941
0.6255708118696464
0.529672403662914
0.7278826958987197
0.6255708118696464
0.529672403662914
0.7994623793292316
0.735322081512101
0.7735065602427776
0.4737992569097709
0.4664840930941721
0.686966075025122
0.6613732810054488
0.9550256006667485
0.9861257547499533
1.166436890389794
0.5933485896474242
1.1536265324309212
0.7464811599321732
0.8617251384171338
0.5030599121721658
0.49818313629509997
1.2740748709839098
1.2426062086826937
0.5266763224374064
0.7579330687909052
0.6832463822184313
0.5536410534669753
1.0068591908054234
0.3956131213945405
0.5356645661139292
1.4530847891899006
0.7092842318652661
0.8202270345983949
0.538660647339437
0.6577930340918686
0.4933063604180341
0.5836018657220517
0.6255708118696464
0.6363115526103872
0.7994623793292316
0.4933063604180341
0.5865979469475594
0.5656253783690058
3.0580747624389715
0.5146919975353758
0.7390417743187918
0.6112498242153254
0.6981251534451941
0.9342921646112787
1.36149072978396
0.7735065602427776
0.949842241652881
0.5476488910159599
1.0068591908054234
0.6291510587832266
0.6076695773017452
0.4835528086639025
0.5356645661139292
0.5236802412118986
1.411451125823564
1.2032703808061735
0.8202270345983949
0.6398917995239674
0.6184103180424859
0.5865979469475594
0.45429215340150764
0.7838888878773592
0.5933485896474242
0.5746136220455289
0.6577930340918686
1.4697382545364355
0.5536410534669753
0.5806057844965442
0.5656253783690058
0.5416567285649446
0.6076695773017452
0.5006215242336329
0.5716175408200211
0.529672403662914
0.7130039246719568
0.4347850498932444
0.6148300711289058
0.5476488910159599
0.4811144207253696
0.6327313056968069
0.6255708118696464
0.7994623793292316
0.6649535279190292
0.6434720464375476
0.7683153964254869
0.7579330687909052
0.5686214595945136
0.5416567285649446
0.6005090834745848
0.5266763224374064
1.0319281318216293
0.4140605988500609
0.7539205455455545
0.5746136220455289
0.6076695773017452
0.5716175408200211
0.48599119660243545
0.5356645661139292
0.7994623793292316
0.9135587285558087
0.7502008527388638
1.2662077054086058
0.5266763224374064
0.8306093622329765
0.7464811599321732
0.3792153636563002
0.5176880787608834
0.6685337748326093
0.6112498242153254
0.5626292971434982
0.6076695773017452
1.2111375463814775
1.321277864435734
0.5596332159179905
0.7055645390585755
0.5746136220455289
0.471360868971238
0.5266763224374064
0.5506449722414676
0.8772752154587364
0.5116959163098681
0.6981251534451941
0.5446528097904523
1.668229010089637
0.47867603278683674
0.471360868971238
0.7427614671254824
0.5206841599863912
0.529672403662914
0.6148300711289058
0.495744748356567
0.6542127871782883
0.5416567285649446
0.529672403662914
0.4140605988500609
0.538660647339437
0.48842958454096835
0.4835528086639025
0.5566371346924829
0.8928252925003387
0.6398917995239674
1.1600317114103578
0.6434720464375476
0.46892248103270506
0.5686214595945136
0.6981251534451941
0.7631242326081961
0.4835528086639025
0.7204433102853383
0.8669084974310014
0.5656253783690058
0.67580699660505
0.5536410534669753
1.038333310801066
0.5146919975353758
0.4933063604180341
0.7683153964254869
0.42020975800190097
0.5326684848884218
0.6327313056968069
0.6832463822184313
0.5030599121721658
0.5716175408200211
0.48842958454096835
0.5566371346924829
0.6434720464375476
0.5116959163098681
0.4469769895859089
0.7539205455455545
0.7130039246719568
0.6219905649560661
0.9291088055974113
0.5266763224374064
0.7942712155119408
0.6148300711289058
0.529672403662914
0.5506449722414676
0.5656253783690058
1.4364313238433664
0.538660647339437
0.5506449722414676
0.4835528086639025
0.5206841599863912
0.6184103180424859
0.6434720464375476
0.6398917995239674
0.5596332159179905
0.5476488910159599
0.5836018657220517
0.5746136220455289
1.0639540267188112
0.5086998350843605
0.9653923186944835
0.5356645661139292
0.6542127871782883
0.5933485896474242
0.6291510587832266
0.7390417743187918
0.686966075025122
0.5566371346924829
0.6005090834745848
0.6005090834745848
0.4737992569097709
0.48842958454096835
0.6076695773017452
0.5416567285649446
0.5446528097904523
0.7464811599321732
0.5865979469475594
0.5030599121721658
0.7316023887054104
0.7278826958987197
0.6613732810054488
0.5836018657220517
0.5865979469475594
0.6255708118696464
0.4640457051556393
0.6219905649560661
0.7130039246719568
0.4835528086639025
0.6577930340918686
0.5356645661139292
0.5596332159179905
0.47867603278683674
0.7130039246719568
0.6076695773017452
0.538660647339437
0.5006215242336329
1.521237749165793
0.6795266894117405
0.5536410534669753
0.4518537654629748
0.6112498242153254
0.495744748356567
0.5416567285649446
0.8980086515142062
0.6184103180424859
0.42746988607764563
0.5933485896474242
0.6434720464375476
0.6040893303881648
0.39151368195998043
0.8461750613755314
0.9964924727776884
0.42020975800190097
0.5746136220455289
0.5086998350843605
0.5146919975353758
2.193176250936941
0.44941537752444183
0.4933063604180341
0.6649535279190292
0.7092842318652661
0.44453860164737596
0.5686214595945136
0.5116959163098681
0.6944054606385034
1.0068591908054234
0.4933063604180341
0.7055645390585755
0.7055645390585755
0.5086998350843605
0.939475523625146
0.949842241652881
0.6649535279190292
0.45916892927857345
0.4908679724795013
0.6184103180424859
0.39151368195998043
0.5356645661139292
0.4640457051556393
0.5030599121721658
0.538660647339437
0.5746136220455289
0.5356645661139292
0.4908679724795013
0.538660647339437
0.538660647339437
0.495744748356567
0.49818313629509997
0.5206841599863912
0.6506325402647082
0.5746136220455289
0.5266763224374064
0.4640457051556393
0.5836018657220517
0.5536410534669753
0.5746136220455289
0.5596332159179905
0.8980086515142062
0.5416567285649446
1.1875360496555654
0.5146919975353758
0.45429215340150764
0.6434720464375476
4.504029386608903
1.038333310801066
0.47867603278683674
0.46892248103270506
0.4518537654629748
1.8138347985237695
0.5596332159179905
0.4640457051556393
0.43966182577031027
0.46160731721710635
0.5206841599863912
0.4640457051556393
0.45429215340150764
0.5116959163098681
0.4811144207253696
0.43966182577031027
0.4908679724795013
0.44453860164737596
0.5656253783690058
0.5236802412118986
0.7390417743187918
0.686966075025122
0.7502008527388638
0.45916892927857345
0.6649535279190292
0.5326684848884218
0.9187420875696762
0.9291088055974113
0.5716175408200211
1.001675831791556
0.5057037538588528
1.0767643846776844
0.5006215242336329
0.4640457051556393
0.9031920105280736
0.5266763224374064
0.6148300711289058
0.42503149813911273
0.4835528086639025
0.3771656439390202
0.49818313629509997
1.1796688840802612
