0.6577786522350854
0.5605679278720348
0.6400047881984527
0.8781385370094068
0.5737373610070177
0.6400047881984527
0.738825277437504
0.6222309241618202
0.5105240819591003
0.4877172218843323
0.5210596284670864
0.547398494737052
0.5579340412450383
0.5157918552130933
0.7204124772251993
0.6014947494524154
0.6429670988712249
0.6637032735806296
0.7093647970978164
0.5579340412450383
0.6518540308895412
0.6872694368430508
0.616306302816276
1.8811994945996675
0.6400047881984527
0.6518540308895412
0.7654929769529417
1.0339963234157097
1.1666612494131239
0.6311178561801364
0.9366307257214592
0.552666267991045
0.6281555455073643
0.571103474380021
0.7696009013062294
0.5737373610070177
0.3707701604739246
0.565835701126028
0.5421307214830589
0.5131579685860967
0.5210596284670864
0.7130473571402773
0.619268613489048
0.5105240819591003
0.5500323813640485
0.7696009013062294
0.6725902055989459
0.9122589804247707
0.8635154898313938
0.7277775973101213
0.7093647970978164
0.3690029824953577
0.6607409629078574
0.8147880691923942
0.8440180935940431
2.767853966039649
0.7572771282463663
0.552666267991045
1.5616235271925814
0.5926078174340991
0.5500323813640485
0.5737373610070177
0.6370424775256808
0.6872694368430508
0.6725902055989459
0.5763712476340141
0.6946345569279725
0.6400047881984527
1.498296197587278
0.6400047881984527
0.5157918552130933
0.565835701126028
0.5105240819591003
0.619268613489048
0.5368629482290658
0.5684695877530245
0.7019996770128945
0.5368629482290658
0.547398494737052
0.6518540308895412
0.6281555455073643
0.7498729575648868
0.7425078374799651
0.616306302816276
0.6518540308895412
0.6725902055989459
0.43761880178591217
0.4833608375279479
0.7204124772251993
0.5500323813640485
1.1995727745653377
0.5816390208880072
0.565835701126028
0.6799043167581288
0.5737373610070177
0.761385052599654
0.5078901953321036
0.5394968348560624
0.5737373610070177
1.3235515800798752
0.6762217567156679
0.5500323813640485
0.5955701281068713
0.5763712476340141
0.552666267991045
1.1485705776862036
0.49207360624071667
0.7019996770128945
0.5632018144990315
0.9902485653741737
0.7535555176073478
1.5708330841861105
0.5955701281068713
0.6835868768005897
0.7572771282463663
0.9512537728994722
0.9220076785434462
0.5763712476340141
0.6281555455073643
0.5790051342610107
0.5579340412450383
0.6637032735806296
0.6762217567156679
0.8024642961325311
0.619268613489048
0.6340801668529085
0.6251932348345922
0.5816390208880072
0.7314601573525822
0.5926078174340991
0.5763712476340141
0.8147880691923942
0.5157918552130933
0.36016709260252305
0.7093647970978164
0.5447646081100556
0.7351427173950431
0.6799043167581288
0.6400047881984527
0.6103816814707318
0.89276158418742
0.5955701281068713
0.5421307214830589
0.547398494737052
0.6909519968855116
0.619268613489048
0.7093647970978164
0.48118264534975574
0.6311178561801364
0.7130473571402773
0.7093647970978164
0.5955701281068713
0.6222309241618202
0.761385052599654
0.5447646081100556
0.6696278949261738
0.6370424775256808
0.5926078174340991
0.9415050747807969
0.5315951749750726
0.761385052599654
0.552666267991045
0.6370424775256808
0.6133439921435038
0.6014947494524154
0.6518540308895412
0.6370424775256808
0.7696009013062294
0.6340801668529085
0.5737373610070177
0.6548163415623133
0.5184257418400899
0.7314601573525822
0.8976359332467576
0.4833608375279479
0.6340801668529085
1.446822318143692
0.9122589804247707
1.0339963234157097
0.37430451643105844
2.1386153088886943
0.6548163415623133
0.7498729575648868
1.4897172176800135
0.6074193707979596
0.5842729075150039
0.5315951749750726
0.5289612883480761
0.547398494737052
1.5524139701990523
0.9902485653741737
1.438243338236428
0.5896455067613271
1.8955003731712798
0.6946345569279725
0.5394968348560624
0.648891720216769
0.5869067941420004
0.7737088256595172
0.6548163415623133
0.7130473571402773
0.5896455067613271
0.565835701126028
0.6311178561801364
0.6696278949261738
1.7095889517403164
0.7901405230726681
0.6251932348345922
0.5421307214830589
0.5184257418400899
0.5210596284670864
0.7093647970978164
0.6044570601251875
0.6251932348345922
0.6696278949261738
0.5632018144990315
0.7535555176073478
0.6548163415623133
0.6251932348345922
0.5131579685860967
0.7425078374799651
0.6281555455073643
0.6607409629078574
0.5896455067613271
0.6014947494524154
0.6872694368430508
0.6983171169704335
0.5955701281068713
0.6459294095439969
0.6637032735806296
0.6014947494524154
0.6251932348345922
1.0942985625054436
0.8271118422522574
0.40788089802383004
0.6548163415623133
0.9463794238401345
0.6459294095439969
0.5816390208880072
0.5579340412450383
0.5684695877530245
0.6311178561801364
0.8106801448391066
0.6577786522350854
0.7093647970978164
0.5955701281068713
1.1726914733220974
0.5926078174340991
0.6607409629078574
1.227123620235235
0.616306302816276
0.8976359332467576
0.523693515094083
0.5368629482290658
0.5579340412450383
0.5553001546180417
0.6637032735806296
0.5869067941420004
0.37783887238819225
0.8781385370094068
0.37253733845249154
0.6799043167581288
0.6696278949261738
0.619268613489048
1.4039274186073707
0.6548163415623133
0.7130473571402773
0.8271118422522574
0.5131579685860967
0.7572771282463663
0.7819246743660926
0.571103474380021
0.835327690958833
0.6725902055989459
0.7498729575648868
0.907384631365433
1.3097761572449265
0.6281555455073643
0.619268613489048
0.6637032735806296
0.8440180935940431
0.8024642961325311
0.39727783015242846
0.6014947494524154
2.181517944603532
0.6311178561801364
0.5632018144990315
0.619268613489048
0.4790044531715636
0.8271118422522574
1.004871612552187
1.1365101298682572
0.6607409629078574
0.7498729575648868
0.7819246743660926
0.738825277437504
0.6762217567156679
0.6872694368430508
0.5500323813640485
0.9463794238401345
0.5896455067613271
0.6014947494524154
0.5289612883480761
0.5394968348560624
0.6074193707979596
0.6044570601251875
0.5289612883480761
0.5394968348560624
0.619268613489048
0.4833608375279479
0.818895993545682
0.7654929769529417
0.6133439921435038
0.547398494737052
0.4898954140625244
0.7737088256595172
0.7167299171827383
0.5842729075150039
0.6133439921435038
0.5896455067613271
0.5029645671316776
0.7860325987193802
0.5926078174340991
0.6799043167581288
0.6637032735806296
0.6637032735806296
0.619268613489048
0.9999972634928493
0.6518540308895412
0.6429670988712249
0.5737373610070177
1.68134776810846
0.5763712476340141
0.4008121861095623
0.6983171169704335
0.6666655842534017
0.49207360624071667
0.5029645671316776
0.565835701126028
0.6799043167581288
1.795394223169992
0.5842729075150039
0.6607409629078574
0.7204124772251993
0.5684695877530245
0.6799043167581288
0.6074193707979596
0.5842729075150039
0.6370424775256808
0.6637032735806296
0.6909519968855116
0.6044570601251875
0.5342290616020693
0.8147880691923942
0.6311178561801364
0.6637032735806296
0.6548163415623133
0.5816390208880072
0.7167299171827383
0.8024642961325311
0.5816390208880072
0.6459294095439969
0.7983563717792435
0.6637032735806296
0.5842729075150039
0.5763712476340141
0.6222309241618202
0.5869067941420004
0.5926078174340991
0.8586411407720561
0.5263274017210796
0.7093647970978164
0.9512537728994722
1.3781904788855779
0.8537667917127185
0.907384631365433
0.6340801668529085
0.523693515094083
0.6607409629078574
2.925163630327387
0.6311178561801364
0.6400047881984527
1.0822381146874966
0.6666655842534017
1.1365101298682572
0.8878872351280823
0.5955701281068713
0.907384631365433
0.5447646081100556
0.6725902055989459
0.5368629482290658
0.5500323813640485
0.6251932348345922
0.6014947494524154
0.738825277437504
0.5926078174340991
0.5684695877530245
0.5632018144990315
0.6725902055989459
1.3097761572449265
0.5263274017210796
0.6799043167581288
0.523693515094083
0.5553001546180417
0.5632018144990315
1.1726914733220974
0.6103816814707318
1.2408990430701836
0.6311178561801364
0.9999972634928493
0.7654929769529417
0.5007863749534853
0.5926078174340991
0.8537667917127185
0.8024642961325311
0.5605679278720348
0.6340801668529085
0.6696278949261738
0.5029645671316776
0.6946345569279725
0.5842729075150039
0.5763712476340141
0.9902485653741737
1.7524915874551539
0.5955701281068713
0.571103474380021
0.835327690958833
0.552666267991045
1.344214714332298
0.5790051342610107
0.619268613489048
0.6762217567156679
0.5842729075150039
0.5210596284670864
1.1789096403129147
0.5842729075150039
0.6251932348345922
1.2408990430701836
0.547398494737052
0.5816390208880072
0.9853742163148361
0.7167299171827383
0.6637032735806296
0.5737373610070177
0.648891720216769
0.5368629482290658
0.5263274017210796
0.907384631365433
0.619268613489048
0.6872694368430508
0.8976359332467576
0.6762217567156679
0.8024642961325311
0.5553001546180417
0.6311178561801364
0.5816390208880072
0.6725902055989459
0.6548163415623133
0.6044570601251875
0.6666655842534017
0.6103816814707318
0.5394968348560624
0.7093647970978164
0.6281555455073643
0.7314601573525822
0.5289612883480761
0.9366307257214592
0.6400047881984527
1.1789096403129147
0.5842729075150039
0.6518540308895412
0.6044570601251875
0.8537667917127185
0.761385052599654
0.7204124772251993
0.6762217567156679
0.648891720216769
1.438243338236428
0.4964299905971009
1.2615621773226064
0.547398494737052
0.8830128860687447
0.6637032735806296
0.6725902055989459
0.6340801668529085
0.5790051342610107
0.5500323813640485
0.5553001546180417
0.7130473571402773
0.5500323813640485
0.6835868768005897
0.6762217567156679
1.3373270029148236
0.6762217567156679
0.8830128860687447
0.36016709260252305
0.7019996770128945
0.6872694368430508
0.6251932348345922
0.5737373610070177
0.9902485653741737
0.6281555455073643
0.5926078174340991
0.5579340412450383
0.571103474380021
0.565835701126028
1.6629286541214017
1.3610325190710493
0.7778167500128048
0.552666267991045
0.5926078174340991
0.6548163415623133
0.6725902055989459
0.6429670988712249
0.648891720216769
1.004871612552187
0.5842729075150039
0.6577786522350854
0.571103474380021
0.9415050747807969
0.3637014485596569
1.058117219051603
0.8830128860687447
0.5394968348560624
0.818895993545682
0.8830128860687447
0.6400047881984527
0.4898954140625244
0.9463794238401345
0.8830128860687447
0.89276158418742
0.5790051342610107
0.7819246743660926
0.5553001546180417
0.5078901953321036
0.5632018144990315
0.6044570601251875
0.5368629482290658
0.6340801668529085
0.5790051342610107
0.552666267991045
0.6983171169704335
0.5684695877530245
0.8488924426533807
0.4332624174295278
0.5869067941420004
1.254674465905132
0.5315951749750726
0.6909519968855116
0.5184257418400899
0.5955701281068713
0.6014947494524154
0.4833608375279479
0.5394968348560624
1.2202359088177608
0.6909519968855116
0.6014947494524154
0.5842729075150039
0.5632018144990315
0.8878872351280823
0.5579340412450383
0.3919762962167277
0.6103816814707318
0.5955701281068713
0.9317563766621215
0.6044570601251875
0.571103474380021
0.5632018144990315
0.5632018144990315
0.4964299905971009
0.738825277437504
0.6872694368430508
0.5263274017210796
0.6909519968855116
0.5078901953321036
0.6074193707979596
0.7167299171827383
0.7204124772251993
1.0942985625054436
1.021935875597763
0.619268613489048
0.6222309241618202
0.6400047881984527
1.2891130229925036
0.8635154898313938
0.6281555455073643
0.7819246743660926
0.6311178561801364
0.565835701126028
0.5605679278720348
1.021935875597763
0.5500323813640485
1.0822381146874966
0.6133439921435038
0.5842729075150039
0.6518540308895412
0.5368629482290658
0.619268613489048
0.5421307214830589
0.5816390208880072
0.8586411407720561
0.6370424775256808
0.4681134922806027
0.5684695877530245
0.5632018144990315
0.7167299171827383
0.5790051342610107
0.5421307214830589
0.7942484474259558
0.6607409629078574
0.5869067941420004
0.5790051342610107
0.5896455067613271
0.6103816814707318
1.607671312160227
0.571103474380021
0.5737373610070177
0.6637032735806296
0.9512537728994722
0.6429670988712249
0.5763712476340141
0.6281555455073643
0.5105240819591003
0.6518540308895412
0.6340801668529085
0.7167299171827383
0.5896455067613271
0.5210596284670864
0.6835868768005897
0.7461903975224259
0.7056822370553555
