699.0
750.0
714.0
809.0
915.0
795.0
709.0
698.0
876.0
692.0
714.0
750.0
720.0
741.0
722.0
705.0
677.0
749.0
810.0
742.0
667.0
706.0
738.0
681.0
691.0
746.0
865.0
681.0
745.0
805.0
740.0
723.0
852.0
813.0
591.0
696.0
717.0
705.0
610.0
724.0
694.0
792.0
697.0
712.0
656.0
724.0
708.0
725.0
680.0
695.0
700.0
765.0
698.0
704.0
833.0
699.0
705.0
684.0
932.0
640.0
661.0
632.0
704.0
793.0
684.0
724.0
691.0
1021.0
686.0
738.0
688.0
810.0
724.0
729.0
787.0
700.0
724.0
890.0
705.0
594.0
754.0
606.0
838.0
731.0
710.0
683.0
678.0
696.0
762.0
720.0
679.0
697.0
705.0
721.0
636.0
644.0
696.0
735.0
693.0
661.0
627.0
689.0
731.0
650.0
682.0
728.0
758.0
709.0
669.0
763.0
803.0
625.0
678.0
738.0
733.0
696.0
678.0
700.0
717.0
692.0
833.0
673.0
727.0
660.0
685.0
688.0
756.0
592.0
680.0
624.0
701.0
718.0
594.0
770.0
825.0
715.0
709.0
703.0
776.0
868.0
742.0
818.0
717.0
730.0
616.0
685.0
688.0
741.0
789.0
793.0
700.0
717.0
794.0
706.0
726.0
729.0
649.0
660.0
756.0
592.0
672.0
694.0
708.0
596.0
661.0
669.0
815.0
753.0
727.0
711.0
866.0
810.0
672.0
705.0
823.0
696.0
688.0
907.0
696.0
676.0
682.0
731.0
719.0
675.0
707.0
697.0
717.0
694.0
730.0
885.0
770.0
709.0
796.0
688.0
743.0
777.0
677.0
687.0
835.0
752.0
734.0
708.0
758.0
709.0
690.0
709.0
698.0
699.0
811.0
747.0
724.0
648.0
790.0
732.0
653.0
694.0
782.0
694.0
747.0
697.0
673.0
720.0
707.0
798.0
730.0
736.0
726.0
701.0
713.0
720.0
870.0
730.0
672.0
738.0
780.0
721.0
689.0
723.0
726.0
852.0
675.0
700.0
752.0
736.0
848.0
920.0
800.0
698.0
688.0
722.0
764.0
757.0
685.0
701.0
758.0
690.0
647.0
766.0
677.0
791.0
751.0
698.0
688.0
712.0
696.0
685.0
696.0
689.0
707.0
802.0
695.0
691.0
705.0
708.0
698.0
707.0
714.0
693.0
712.0
821.0
717.0
686.0
714.0
730.0
747.0
603.0
676.0
695.0
692.0
714.0
802.0
730.0
687.0
693.0
708.0
858.0
707.0
734.0
773.0
670.0
678.0
722.0
774.0
646.0
830.0
716.0
749.0
695.0
713.0
670.0
699.0
734.0
717.0
721.0
724.0
700.0
733.0
693.0
684.0
690.0
782.0
778.0
830.0
773.0
718.0
724.0
709.0
703.0
685.0
759.0
664.0
669.0
698.0
707.0
717.0
674.0
757.0
696.0
712.0
707.0
797.0
738.0
704.0
696.0
666.0
705.0
699.0
712.0
702.0
726.0
900.0
891.0
706.0
698.0
662.0
717.0
732.0
600.0
630.0
693.0
714.0
661.0
705.0
697.0
689.0
701.0
729.0
838.0
730.0
705.0
733.0
734.0
672.0
711.0
597.0
710.0
688.0
772.0
590.0
650.0
725.0
699.0
850.0
690.0
762.0
719.0
693.0
706.0
692.0
682.0
669.0
803.0
700.0
690.0
694.0
706.0
772.0
622.0
738.0
734.0
680.0
774.0
690.0
706.0
709.0
728.0
683.0
670.0
708.0
713.0
672.0
712.0
677.0
693.0
682.0
664.0
729.0
715.0
685.0
762.0
697.0
705.0
743.0
707.0
682.0
677.0
617.0
723.0
710.0
800.0
733.0
614.0
676.0
727.0
715.0
722.0
725.0
724.0
722.0
673.0
744.0
706.0
801.0
688.0
712.0
712.0
752.0
702.0
742.0
791.0
711.0
749.0
672.0
737.0
784.0
695.0
723.0
766.0
703.0
683.0
723.0
610.0
743.0
720.0
697.0
610.0
694.0
682.0
728.0
803.0
766.0
700.0
747.0
689.0
775.0
762.0
818.0
705.0
636.0
709.0
700.0
694.0
748.0
693.0
700.0
599.0
592.0
694.0
802.0
773.0
897.0
742.0
666.0
779.0
693.0
690.0
733.0
683.0
731.0
718.0
775.0
701.0
682.0
645.0
685.0
739.0
912.0
714.0
705.0
685.0
856.0
697.0
680.0
730.0
744.0
742.0
728.0
738.0
700.0
791.0
749.0
740.0
733.0
687.0
1069.0
635.0
731.0
820.0
749.0
678.0
730.0
681.0
794.0
701.0
682.0
724.0
702.0
692.0
690.0
727.0
749.0
697.0
716.0
839.0
746.0
813.0
765.0
704.0
711.0
682.0
747.0
800.0
737.0
686.0
686.0
753.0
720.0
726.0
754.0
745.0
682.0
697.0
684.0
716.0
807.0
701.0
677.0
685.0
709.0
770.0
746.0
718.0
712.0
681.0
662.0
733.0
746.0
661.0
689.0
778.0
606.0
722.0
682.0
701.0
699.0
712.0
649.0
668.0
611.0
658.0
725.0
783.0
691.0
684.0
747.0
784.0
736.0
722.0
715.0
698.0
701.0
699.0
756.0
776.0
682.0
722.0
681.0
725.0
661.0
737.0
653.0
666.0
682.0
692.0
609.0
730.0
725.0
731.0
712.0
739.0
891.0
674.0
748.0
846.0
725.0
765.0
705.0
733.0
744.0
667.0
734.0
705.0
732.0
709.0
681.0
693.0
657.0
710.0
698.0
685.0
712.0
690.0
782.0
589.0
677.0
706.0
654.0
683.0
663.0
756.0
