0.9436674882133578
0.7186202310308452
0.6429262309626523
1.8744466655390042
1.2443436847191525
0.7658005808123015
1.4113030494288583
1.1199233173324168
0.8840925177292964
0.6363533509313901
1.0701600037229495
1.1199233173324168
0.8179017682155023
0.8642341942346092
0.7831676432800351
0.8890570986029681
0.9833841352027319
0.7417034881214217
0.9635258117080447
0.7614588151953681
0.9933132969500756
0.8741633559819527
0.9982778778237473
0.8265852994493691
0.7658005808123015
1.3360474557323285
0.6593584310408079
0.6166347108376035
2.1889511620219526
0.9138800029713269
0.5792505377314373
0.6763009263647882
1.0701600037229495
0.6916897644251726
0.4624811203693851
0.7378562786063256
1.0701600037229495
0.849340451613594
0.7301618595761334
0.8592696133609374
0.7301618595761334
0.5198540690315979
0.7658005808123015
0.6199211508532346
0.8989862603503118
0.40791499220192395
0.7875094088969686
0.7571170495784347
0.7263146500610373
0.3872838592848856
1.1137029031312333
0.9585612308343731
0.6626448710564389
0.6593584310408079
1.1074824889300499
0.8642341942346092
0.8791279368556245
0.7744841120461683
0.5037966225527912
0.8741633559819527
1.2443436847191525
0.7788258776631016
0.6725041911033323
1.076380417924133
1.5967823090071178
0.9982778778237473
1.5409019103360213
1.3207634938967991
1.0888212463265
0.7658005808123015
0.7417034881214217
0.6955369739402687
1.9942579022944131
0.8005347057477687
1.4113030494288583
0.7788258776631016
0.552252142867874
0.7658005808123015
0.4854341771379441
1.2596276465546818
0.8222435338324358
0.9287737455923424
1.0826008321253164
1.8744466655390042
0.7340090690912295
4.087867497183643
0.7658005808123015
0.8592696133609374
0.938702907339686
0.8092182369816355
0.7571170495784347
0.7186202310308452
1.3284054748145637
2.1140691390498216
0.8940216794766399
0.6763009263647882
0.7875094088969686
0.6763009263647882
1.1908498182948002
0.9784195543290602
0.7658005808123015
0.7701423464292348
1.1908498182948002
0.9535966499607014
0.7224674405459414
0.938702907339686
0.7961929401308353
1.1137029031312333
0.9833841352027319
0.791851174513902
1.1199233173324168
0.8940216794766399
0.6166347108376035
0.7340090690912295
0.629780470900128
0.7147730215157491
1.2749116083902112
0.9486320690870295
0.9436674882133578
0.6955369739402687
0.9138800029713269
0.9039508412239835
1.138584559935967
0.7417034881214217
2.1889511620219526
0.8642341942346092
0.49461539984536773
0.835268830683236
0.6494991109939144
0.6725041911033323
0.8592696133609374
1.1012620747288668
0.9238091647186707
0.7831676432800351
1.0950416605276831
0.8741633559819527
1.1137029031312333
0.8443758707399222
0.7186202310308452
0.6692177510877011
0.6763009263647882
0.9833841352027319
0.8592696133609374
1.0577191753205828
0.9287737455923424
0.6878425549100765
0.8135600025985689
1.2061337801303293
0.835268830683236
0.8791279368556245
0.7340090690912295
0.9784195543290602
0.7455506976365178
0.7961929401308353
1.3360474557323285
0.8741633559819527
0.8092182369816355
0.7301618595761334
0.7788258776631016
0.9436674882133578
3.9163348631510115
1.3207634938967991
0.7658005808123015
0.66593131107207
0.9585612308343731
0.849340451613594
0.8890570986029681
0.6363533509313901
0.8222435338324358
0.7340090690912295
0.7186202310308452
0.6801481358798844
0.9337383264660141
0.7658005808123015
0.9486320690870295
0.791851174513902
0.707078602485557
1.402825226848213
0.9039508412239835
1.0514987611193993
0.8592696133609374
0.7186202310308452
0.8048764713647022
1.0577191753205828
0.7340090690912295
0.7340090690912295
0.7614588151953681
1.2596276465546818
1.2749116083902112
0.8005347057477687
0.5630515008132992
0.7301618595761334
0.9933132969500756
0.6363533509313901
0.7831676432800351
0.8840925177292964
0.8222435338324358
0.4854341771379441
0.7340090690912295
0.6916897644251726
0.7571170495784347
0.7701423464292348
0.5144543900588852
1.0203966901134822
1.003242458697419
0.8222435338324358
0.9833841352027319
0.707078602485557
1.3773917591062776
0.8048764713647022
0.6034889507750791
1.5595287098930535
0.8092182369816355
0.4578905090156734
1.5688421096715695
2.009234306888839
1.3284054748145637
0.9535966499607014
0.835268830683236
1.0266171043146657
0.7147730215157491
1.0328375185158492
1.2443436847191525
0.9089154220976552
0.38540830174697305
0.4135416648156617
0.849340451613594
0.8309270650663024
0.5063548715998162
0.7455506976365178
0.7032313929704609
1.1074824889300499
0.5387529454360922
0.869198775108281
1.0888212463265
0.8840925177292964
0.7701423464292348
0.835268830683236
1.1199233173324168
1.0826008321253164
1.138584559935967
0.9734549734553886
0.8642341942346092
1.5967823090071178
0.9039508412239835
0.39853720451236113
0.7831676432800351
0.6801481358798844
1.8444938563501516
0.7263146500610373
0.7614588151953681
0.7032313929704609
1.151025388338334
1.229059722883623
0.6429262309626523
0.8135600025985689
0.7532451166667099
2.8179601549878504
0.6763009263647882
0.6763009263647882
0.707078602485557
0.8005347057477687
1.1984917992125648
0.7493979071516139
0.7658005808123015
0.8940216794766399
1.0203966901134822
0.560351661326943
0.7378562786063256
0.7378562786063256
0.9337383264660141
0.6916897644251726
1.0577191753205828
1.3773917591062776
1.5967823090071178
0.8222435338324358
0.8592696133609374
0.9188445838449989
0.8135600025985689
0.6801481358798844
0.8005347057477687
0.7701423464292348
1.6433493078996984
0.8890570986029681
0.6626448710564389
1.5222751107789891
0.7263146500610373
0.7378562786063256
0.8005347057477687
0.6916897644251726
0.6763009263647882
0.7340090690912295
0.9138800029713269
0.8048764713647022
0.8396105963001694
0.9486320690870295
0.8222435338324358
0.6593584310408079
0.7658005808123015
1.0141762759122988
0.7301618595761334
1.0577191753205828
0.8741633559819527
0.6593584310408079
0.9883487160764038
1.3207634938967991
1.5130369203966
1.0701600037229495
0.6462126709782834
0.9436674882133578
0.8179017682155023
0.7875094088969686
0.791851174513902
0.7744841120461683
2.3986208263439184
1.1832078373770352
0.938702907339686
1.5130369203966
0.9883487160764038
3.042606223904242
1.0328375185158492
0.6527855510095456
0.7340090690912295
0.7186202310308452
1.3858695816869229
0.9734549734553886
0.7571170495784347
0.9585612308343731
0.7571170495784347
0.7109258120006531
0.9238091647186707
0.7532451166667099
0.7831676432800351
0.7788258776631016
1.9643050931055606
0.6560719910251768
0.869198775108281
1.0826008321253164
0.7186202310308452
0.7961929401308353
1.0266171043146657
0.791851174513902
1.0390579327170326
0.835268830683236
0.7186202310308452
0.869198775108281
0.38165718667114795
0.42575622953969083
0.8396105963001694
0.8592696133609374
1.151025388338334
0.7875094088969686
0.7263146500610373
0.7301618595761334
0.8048764713647022
1.063939589521766
1.453692162332084
0.6955369739402687
0.7301618595761334
0.6692177510877011
1.3773917591062776
0.8265852994493691
1.4367365171707935
1.2519856656369173
0.6801481358798844
0.7614588151953681
0.6363533509313901
0.8940216794766399
3.2672522928206345
1.1908498182948002
0.6100618308063412
0.9287737455923424
1.076380417924133
0.7340090690912295
0.6993841834553648
0.9784195543290602
0.5873500561905064
0.835268830683236
1.213775761048094
0.7571170495784347
0.7788258776631016
1.0328375185158492
1.1759070451430675
0.8222435338324358
1.0577191753205828
1.2901955702257406
1.4113030494288583
0.7301618595761334
0.7186202310308452
1.2672696274724466
0.938702907339686
0.9486320690870295
0.8048764713647022
0.7744841120461683
1.3773917591062776
0.6034889507750791
0.9486320690870295
1.1448049741371507
0.8840925177292964
0.7571170495784347
0.7961929401308353
0.7301618595761334
1.5045590978159549
0.37790607159532275
1.6433493078996984
0.9486320690870295
0.4154172223535743
0.7788258776631016
0.6955369739402687
1.1759070451430675
0.9535966499607014
0.4532998976619616
0.6232075908688656
0.3872838592848856
1.2901955702257406
0.6839953453949805
0.8309270650663024
1.6526627076782145
1.1984917992125648
0.8135600025985689
0.849340451613594
0.8005347057477687
1.2443436847191525
0.9784195543290602
0.9585612308343731
0.8265852994493691
0.9138800029713269
0.7493979071516139
1.4876034526546646
0.7701423464292348
0.6626448710564389
0.9486320690870295
0.9734549734553886
1.0888212463265
1.0390579327170326
2.563361276882606
0.4280515352165467
0.4601858146925293
1.2596276465546818
0.8840925177292964
0.7224674405459414
0.8048764713647022
1.1759070451430675
1.394347404267568
1.2596276465546818
0.7455506976365178
0.8396105963001694
0.7493979071516139
1.453692162332084
1.3773917591062776
1.2749116083902112
0.7109258120006531
0.7417034881214217
0.9933132969500756
0.3929105318986234
1.0203966901134822
0.6626448710564389
0.7788258776631016
0.7788258776631016
1.138584559935967
0.9287737455923424
0.8265852994493691
2.892842177959981
1.1323641457347837
0.6955369739402687
0.9833841352027319
0.5936296307281859
0.9635258117080447
2.0691399252665437
2.6981489182324414
0.39666164697444856
0.7875094088969686
2.308762398777362
0.9784195543290602
0.6955369739402687
0.849340451613594
1.4791256300740194
1.229059722883623
0.7875094088969686
1.0390579327170326
1.0452783469182159
1.3131215129790346
0.8741633559819527
0.7875094088969686
0.707078602485557
1.0577191753205828
0.6626448710564389
1.3519582913643422
0.7417034881214217
0.6763009263647882
0.7788258776631016
0.9436674882133578
0.8309270650663024
0.849340451613594
1.3773917591062776
0.7744841120461683
0.8222435338324358
1.3519582913643422
3.102511842281947
0.9138800029713269
1.445214339751439
0.849340451613594
0.8741633559819527
0.8135600025985689
0.7831676432800351
0.7831676432800351
0.849340451613594
0.8265852994493691
0.7658005808123015
0.8890570986029681
0.8890570986029681
0.8592696133609374
0.8940216794766399
0.9337383264660141
0.8543050324872656
0.6916897644251726
0.9436674882133578
0.7744841120461683
0.835268830683236
1.4706478074933742
0.8092182369816355
0.7875094088969686
0.8396105963001694
0.8592696133609374
0.6692177510877011
1.0888212463265
0.7532451166667099
0.7493979071516139
0.707078602485557
0.707078602485557
0.40791499220192395
0.9982778778237473
1.138584559935967
0.707078602485557
0.9784195543290602
0.7875094088969686
0.8222435338324358
1.1448049741371507
0.9138800029713269
0.7532451166667099
0.7455506976365178
0.6993841834553648
1.063939589521766
1.1199233173324168
0.46936703739995284
0.8592696133609374
0.6133482708219724
0.6429262309626523
0.7532451166667099
1.1074824889300499
0.835268830683236
0.8443758707399222
1.6619761074567305
1.1634662167407008
0.6725041911033323
0.7961929401308353
0.9337383264660141
1.008207039571091
0.8543050324872656
0.39103497436071083
0.7109258120006531
2.892842177959981
0.938702907339686
0.4555952033388174
0.869198775108281
0.6955369739402687
0.37790607159532275
0.7032313929704609
0.7701423464292348
0.7340090690912295
0.9684903925817167
1.1759070451430675
0.8989862603503118
1.1323641457347837
0.6626448710564389
1.0452783469182159
0.9188445838449989
1.453692162332084
0.8940216794766399
0.9982778778237473
0.6801481358798844
1.4197808720095033
