682.0
645.0
693.0
705.0
608.0
623.0
612.0
661.0
608.0
626.0
608.0
634.0
680.0
642.0
638.0
608.0
666.0
654.0
606.0
612.0
753.0
834.0
634.0
684.0
610.0
675.0
612.0
682.0
646.0
740.0
613.0
624.0
612.0
605.0
667.0
615.0
662.0
693.0
633.0
710.0
603.0
603.0
612.0
609.0
651.0
702.0
726.0
631.0
710.0
607.0
680.0
613.0
610.0
657.0
605.0
642.0
664.0
649.0
661.0
711.0
613.0
612.0
656.0
659.0
621.0
691.0
603.0
602.0
649.0
761.0
633.0
618.0
728.0
605.0
667.0
703.0
648.0
605.0
604.0
608.0
619.0
613.0
642.0
618.0
658.0
626.0
624.0
724.0
626.0
637.0
649.0
649.0
642.0
652.0
677.0
752.0
612.0
807.0
635.0
644.0
645.0
608.0
603.0
659.0
626.0
617.0
636.0
654.0
604.0
643.0
645.0
644.0
622.0
630.0
630.0
705.0
712.0
679.0
674.0
621.0
653.0
621.0
640.0
637.0
647.0
631.0
674.0
655.0
637.0
603.0
742.0
629.0
660.0
629.0
629.0
629.0
723.0
642.0
641.0
612.0
634.0
619.0
612.0
610.0
616.0
653.0
630.0
646.0
604.0
728.0
616.0
625.0
664.0
613.0
634.0
665.0
676.0
704.0
601.0
664.0
644.0
698.0
622.0
626.0
644.0
634.0
604.0
702.0
705.0
603.0
622.0
609.0
605.0
615.0
661.0
652.0
644.0
626.0
673.0
680.0
612.0
709.0
610.0
694.0
765.0
672.0
608.0
666.0
689.0
617.0
631.0
604.0
760.0
602.0
653.0
654.0
608.0
675.0
628.0
610.0
642.0
625.0
658.0
640.0
655.0
634.0
709.0
616.0
729.0
634.0
708.0
663.0
698.0
631.0
795.0
607.0
608.0
635.0
620.0
609.0
625.0
625.0
659.0
694.0
634.0
664.0
626.0
638.0
700.0
649.0
694.0
613.0
672.0
608.0
790.0
748.0
615.0
625.0
620.0
610.0
628.0
647.0
672.0
607.0
737.0
663.0
682.0
602.0
618.0
640.0
620.0
638.0
670.0
624.0
665.0
629.0
653.0
614.0
730.0
638.0
650.0
634.0
716.0
606.0
604.0
621.0
609.0
614.0
607.0
619.0
667.0
689.0
737.0
605.0
688.0
613.0
608.0
647.0
621.0
625.0
715.0
611.0
677.0
618.0
676.0
646.0
680.0
646.0
661.0
609.0
610.0
678.0
650.0
621.0
649.0
623.0
701.0
773.0
613.0
664.0
654.0
695.0
662.0
738.0
677.0
685.0
644.0
750.0
675.0
641.0
650.0
644.0
630.0
625.0
614.0
629.0
635.0
713.0
619.0
633.0
601.0
673.0
649.0
606.0
663.0
616.0
622.0
613.0
695.0
648.0
641.0
631.0
758.0
629.0
609.0
659.0
626.0
658.0
709.0
613.0
681.0
620.0
643.0
745.0
609.0
619.0
602.0
609.0
604.0
621.0
705.0
609.0
693.0
638.0
631.0
707.0
650.0
653.0
635.0
647.0
618.0
644.0
648.0
610.0
627.0
608.0
645.0
611.0
616.0
682.0
682.0
636.0
650.0
675.0
618.0
608.0
647.0
757.0
627.0
618.0
612.0
767.0
630.0
651.0
744.0
634.0
656.0
657.0
621.0
621.0
670.0
608.0
664.0
630.0
736.0
622.0
623.0
616.0
663.0
656.0
651.0
690.0
734.0
621.0
626.0
618.0
629.0
