1.40525506844805
0.5534715368088788
1.0515969604262725
0.8767457559728763
0.6024227360658445
0.760988425247738
0.8210598538191666
0.6133377263319056
0.673499551176327
0.6801954110489384
0.6706414252287259
0.6488114446966038
0.6051514836323598
0.6706414252287259
0.6624551825291802
0.8248143181048809
1.0403045804329862
0.7404581499024416
0.6935871307941613
0.6651839300956954
0.7371102199661358
0.7471540097750531
0.8953416653150542
0.8953416653150542
0.7337622900298301
0.4638344457887975
1.238000307896639
0.6488114446966038
0.8813947333084208
1.0233660104430566
0.6597264349626649
0.8581498466306984
0.8285687823905952
0.7722518181048809
0.6378964544305428
0.9371824613349548
0.7438060798387474
0.8442029146240648
1.2658019607892008
1.3353060930206058
0.5511184310450288
0.8323232466763096
0.7103267804756901
0.473434902409802
0.8442029146240648
1.0459507704296294
1.1137050503893475
0.6433539495635734
0.6378964544305428
0.6969350607304671
1.182397002111515
0.9464804160060437
0.6133377263319056
0.6351677068640276
0.6706414252287259
0.683543340985244
0.4137600601473925
0.9976191666970331
0.6569976873961497
0.683543340985244
0.8060419966763095
0.6133377263319056
0.5915077457997835
0.5915077457997835
0.673499551176327
0.6242527165979666
0.7538498696476645
0.7170226403483014
1.0403045804329862
0.9743742800193106
0.7722518181048809
0.5534715368088788
0.6297102117309972
0.8022875323905951
0.6868912709215499
0.6215239690314514
0.6768474811126326
0.496475998300213
0.8323232466763096
0.9464804160060437
0.7572339609620238
0.7103267804756901
0.683543340985244
0.5864150175027791
2.4891950185126923
0.9650763253482216
1.365585257127295
0.7505019397113588
0.5228811618788284
0.5996939884993292
1.2101986550040769
0.4122389894293603
0.7910241395334524
0.6133377263319056
0.6269814641644819
0.5996939884993292
0.7910241395334524
0.6433539495635734
0.572296382919679
0.7835152109620238
0.6433539495635734
0.4983960896244139
0.31112601798790407
0.6242527165979666
0.9418314386704992
0.5041563635970167
0.9929701893614886
0.3970282822490384
0.7471540097750531
0.7036309206030785
0.6902392008578556
0.9650763253482216
0.496475998300213
0.4830353590308065
0.7170226403483014
0.8674478013017873
0.6324389592975123
0.7438060798387474
0.7069788505393843
0.5252342676426784
0.7505019397113588
0.6935871307941613
1.621159971559516
0.6133377263319056
0.6433539495635734
0.9092885973216877
2.2586458880406632
0.8248143181048809
0.6515401922631191
0.6651839300956954
0.8323232466763096
0.6351677068640276
0.3544383021441369
0.4887956330034093
0.8173053895334524
0.8860437106439653
0.5793557002112291
0.40007042368510276
0.6569976873961497
0.6351677068640276
1.0120736304497704
0.7270664301572186
0.8535008692951539
0.5558246425727288
0.9836722346903995
0.6324389592975123
0.6679126776622106
0.6902392008578556
0.5228811618788284
0.9743742800193106
0.577002594447379
0.8720967786373318
0.7237185002209129
0.5675901713919789
0.683543340985244
0.7237185002209129
0.8097964609620238
0.6215239690314514
1.3144548533511844
0.45999426314039565
0.7438060798387474
0.49455590697601215
0.6160664738984207
1.5601547902123662
0.5440591137534786
0.6801954110489384
0.44847371519519025
0.5969652409328139
0.6488114446966038
0.7760062823905952
0.7538498696476645
0.6051514836323598
0.3324584560660897
0.6215239690314514
0.7471540097750531
0.8674478013017873
0.6297102117309972
0.401591494403135
0.6160664738984207
1.164520760359136
0.43695316724998473
0.8060419966763095
0.7572339609620238
1.413189030712201
1.2449507211197792
0.6969350607304671
0.6935871307941613
0.787269675247738
0.8285687823905952
1.349717332598993
1.0911202904027748
0.6460826971300886
0.7722518181048809
0.5887789982332682
1.1962978285577959
0.5915077457997835
0.45999426314039565
0.6651839300956954
0.5817088059750791
0.33120360676737287
0.760988425247738
0.31112601798790407
0.5605308541004289
0.7438060798387474
0.30987116868918724
0.5605308541004289
0.9929701893614886
0.7722518181048809
0.4273527106289802
0.569943277155829
0.798533068104881
0.6378964544305428
0.7203705702846072
0.6935871307941613
1.006917121368122
0.6768474811126326
0.6378964544305428
0.8173053895334524
0.8720967786373318
0.6433539495635734
1.1475821903692065
0.7647428895334523
0.8488518919596093
0.7572339609620238
0.6969350607304671
0.8323232466763096
0.3970282822490384
0.6597264349626649
0.3650857971703623
1.0741817204128454
0.5915077457997835
0.8360777109620239
0.5464122195173287
0.4983960896244139
0.8442029146240648
0.7538498696476645
0.8097964609620238
0.6624551825291802
0.6433539495635734
1.1962978285577959
0.43311298460158293
0.6801954110489384
0.46767462843719937
1.0290122004397
0.7069788505393843
0.8097964609620238
1.1137050503893475
0.5840619117389291
0.5887789982332682
0.8360777109620239
0.7438060798387474
1.0120736304497704
0.34683294855397595
0.6706414252287259
0.8720967786373318
0.7760062823905952
0.6160664738984207
0.5346466906980785
0.6460826971300886
0.32618420957250566
0.6324389592975123
0.6242527165979666
0.9464804160060437
0.6801954110489384
1.4687267665612578
0.9557783706771327
0.6935871307941613
0.7647428895334523
0.32618420957250566
0.9278845066638658
0.5393529022257786
0.7069788505393843
0.683543340985244
0.7103267804756901
0.7910241395334524
0.5252342676426784
0.7438060798387474
0.6679126776622106
1.0798279104094883
0.5675901713919789
0.8210598538191666
0.574649488683529
1.3422565062437462
0.6460826971300886
0.7270664301572186
0.572296382919679
0.7203705702846072
0.401591494403135
0.5628839598642789
0.7304143600935243
1.0290122004397
0.9464804160060437
0.5322935849342285
0.9743742800193106
0.8488518919596093
0.8210598538191666
0.7647428895334523
0.569943277155829
0.6242527165979666
0.6706414252287259
0.798533068104881
1.1758131403524223
0.7337622900298301
1.182397002111515
1.0515969604262725
0.31489056588405445
4.915420581219317
0.8360777109620239
4.577572661563651
0.5840619117389291
0.6902392008578556
0.7722518181048809
0.6679126776622106
0.6542689398296344
0.7647428895334523
0.7002829906667728
0.6297102117309972
0.572296382919679
0.46575453711299836
1.413189030712201
0.8627988239662429
1.2310498946734982
0.6935871307941613
0.6542689398296344
0.7136747104119956
0.8535008692951539
1.3283556797974652
0.8488518919596093
0.577002594447379
0.5440591137534786
0.7572339609620238
0.8720967786373318
0.5111156330595783
0.6133377263319056
0.6902392008578556
0.572296382919679
0.6902392008578556
0.6406252019970581
0.798533068104881
0.4137600601473925
0.7069788505393843
0.5464122195173287
0.6515401922631191
1.6473050492797234
0.9604273480126772
0.6597264349626649
0.6868912709215499
0.8097964609620238
0.7270664301572186
0.6406252019970581
0.6160664738984207
1.1419360003725634
0.7136747104119956
0.5652370656281289
0.6679126776622106
0.8442029146240648
0.760988425247738
0.6133377263319056
0.6868912709215499
0.6269814641644819
0.6406252019970581
0.6651839300956954
0.9511293933415882
1.421122992976352
0.6460826971300886
0.5942364933662988
0.6433539495635734
0.6324389592975123
0.5887789982332682
0.8210598538191666
0.673499551176327
0.673499551176327
0.7170226403483014
0.6515401922631191
0.7404581499024416
0.31238086728662084
0.6935871307941613
0.8135509252477381
0.6679126776622106
0.7170226403483014
0.9650763253482216
0.8022875323905951
0.5228811618788284
0.41832327230148914
0.7684973538191666
0.6515401922631191
0.787269675247738
0.9836722346903995
0.9092885973216877
0.673499551176327
0.7404581499024416
0.6433539495635734
0.3970282822490384
0.7170226403483014
0.6597264349626649
0.760988425247738
0.3186551137802049
0.9278845066638658
0.30861631939047046
2.8926559968387426
0.6433539495635734
1.1080588603927042
0.7404581499024416
0.7069788505393843
0.5817088059750791
0.8360777109620239
1.0177198204464135
0.5817088059750791
0.6269814641644819
1.4607928042971068
0.8135509252477381
1.2101986550040769
0.9046396199861432
0.7538498696476645
0.7910241395334524
0.7203705702846072
0.6024227360658445
0.6969350607304671
0.9325334839994103
0.7069788505393843
1.096766480399418
0.572296382919679
0.3453118778359438
0.673499551176327
0.6542689398296344
0.48495545035500753
0.6768474811126326
0.8627988239662429
0.6024227360658445
0.8488518919596093
0.6024227360658445
0.7760062823905952
0.5205280561149784
1.621159971559516
0.9046396199861432
0.760988425247738
0.7722518181048809
0.6078802311988751
0.7722518181048809
0.618795221464936
0.5915077457997835
0.6515401922631191
1.0120736304497704
0.5205280561149784
0.3337133053648064
0.9650763253482216
0.7797607466763095
0.6160664738984207
0.8285687823905952
1.6734501269999305
0.4273527106289802
0.7170226403483014
0.7684973538191666
0.7505019397113588
0.6460826971300886
0.8999906426505987
0.6935871307941613
0.5252342676426784
0.7572339609620238
1.034658390436343
0.9697253026837661
0.8060419966763095
1.1532283803658496
0.6351677068640276
0.7684973538191666
1.413189030712201
0.5252342676426784
0.6433539495635734
0.7404581499024416
0.5996939884993292
0.8627988239662429
1.0233660104430566
0.618795221464936
0.8999906426505987
0.7947786038191667
0.5628839598642789
0.7910241395334524
1.2310498946734982
0.6160664738984207
0.5817088059750791
0.6242527165979666
1.1024126703960613
0.6569976873961497
1.1758131403524223
0.7136747104119956
0.6488114446966038
1.0854741004061317
0.7835152109620238
0.6351677068640276
0.6433539495635734
0.7337622900298301
0.5417060079896286
0.7835152109620238
0.6768474811126326
0.6651839300956954
0.8360777109620239
0.572296382919679
0.8323232466763096
0.4983960896244139
1.3075044401280438
0.3970282822490384
1.5004626156178618
1.238000307896639
0.5817088059750791
0.8097964609620238
0.683543340985244
0.6324389592975123
1.6385900233729873
0.5041563635970167
0.7170226403483014
0.5228811618788284
0.7910241395334524
1.13628981037592
0.9092885973216877
0.6460826971300886
0.7170226403483014
0.574649488683529
1.0515969604262725
0.5996939884993292
0.5558246425727288
1.0233660104430566
0.673499551176327
0.5275873734065285
0.3894229286588774
0.6868912709215499
0.8442029146240648
0.3186551137802049
0.673499551176327
0.6868912709215499
1.034658390436343
0.6706414252287259
0.6542689398296344
0.8060419966763095
0.7136747104119956
0.760988425247738
0.6768474811126326
1.1193512403859907
0.7404581499024416
0.8360777109620239
1.3144548533511844
0.760988425247738
0.6051514836323598
1.6734501269999305
0.7069788505393843
0.7036309206030785
0.6051514836323598
0.7647428895334523
0.8720967786373318
0.5996939884993292
0.9371824613349548
0.5864150175027791
0.9976191666970331
1.182397002111515
0.5793557002112291
0.7538498696476645
1.1080588603927042
0.7438060798387474
0.5996939884993292
0.44847371519519025
0.5887789982332682
0.7002829906667728
0.6542689398296344
0.7036309206030785
0.5817088059750791
0.6351677068640276
0.6868912709215499
0.5628839598642789
0.6133377263319056
0.3605225850162657
1.2101986550040769
2.0569153988776376
0.6160664738984207
0.6351677068640276
0.7471540097750531
0.7471540097750531
0.5581777483365788
