0.8037933198271795
0.6545174874639428
0.6876770607150273
0.5816247304596743
0.8735193944354684
0.7095876121696516
0.799899801308661
0.8388349864938464
0.6452621683150066
0.6329217427830918
0.8193673939012537
0.9744494874447692
0.5816247304596743
0.7278464050485053
0.9138914316391887
1.130082853966011
0.7461051979273589
0.8193673939012537
2.265487427689046
0.32958361910697853
0.7497569565031296
0.3853518371840422
0.7687516531605127
0.663772806612879
0.7461051979273589
0.8533333758336084
0.7609646161234757
0.7424534393515881
0.7765386901975498
0.6699430193788364
0.6803735435634859
0.4513174075187092
0.6113259981022406
1.3144535558775972
0.8193673939012537
0.7461051979273589
0.3139172346869954
0.6767217849877152
0.49644423678700184
0.9492169641924441
0.7765386901975498
0.7461051979273589
0.7351499222000467
0.3210383185142604
0.5869323984937544
0.799899801308661
0.8533333758336084
0.8785658990859334
0.7843257272345869
0.9845424967456992
0.4054594283376584
0.7168911293211931
0.44106130995773357
0.35016355266521376
0.8271544309382908
0.6876770607150273
0.3338562694033375
0.8310479494568093
0.482085700201636
0.7534087150789003
0.7241946464727346
0.5842785644767144
0.691328819290798
0.5710093943915141
0.3338562694033375
0.629836636400113
1.2081772290031239
0.5630478923403938
0.6452621683150066
0.3167656682179014
0.8076868383456981
0.5497787222551934
0.6699430193788364
0.8533333758336084
0.6483472746979854
0.6483472746979854
0.7804322087160684
0.629836636400113
0.6329217427830918
0.799899801308661
0.7095876121696516
0.6329217427830918
0.5603940583233538
0.6452621683150066
0.7424534393515881
0.8735193944354684
0.5736632284085541
0.35016355266521376
0.8432403665326782
0.6452621683150066
1.1574146706705932
0.6576025938469215
1.5944499401069183
0.8232609124197723
0.663772806612879
0.6803735435634859
0.47182960264066043
0.6452621683150066
0.792112764271624
2.1936009416645996
0.8232609124197723
0.7461051979273589
0.663772806612879
0.6699430193788364
0.3987568979531197
1.0047285153475596
1.108217400602345
0.5842785644767144
0.8037933198271795
0.6020706789533045
0.5657017263574339
0.7765386901975498
0.6113259981022406
0.6051557853362832
0.629836636400113
0.8482868711831433
0.3210383185142604
0.5630478923403938
0.6803735435634859
1.7910366199276995
0.7388016807758174
0.792112764271624
0.8076868383456981
0.9391239548915139
0.6514323810809641
2.2079782388694893
0.6113259981022406
0.7687516531605127
1.3906350414015363
0.7059358535938809
0.9744494874447692
0.5816247304596743
0.792112764271624
1.0590201305340967
0.4943930172748067
0.9391239548915139
0.465675944104075
0.6949805778665687
2.092959861230375
0.6876770607150273
0.6699430193788364
0.629836636400113
0.5025978953235872
0.5025978953235872
0.5232403820847926
0.9189379362896537
0.9492169641924441
0.8037933198271795
0.6730700264119445
0.6483472746979854
0.42670277337236767
0.6020706789533045
0.4513174075187092
0.5869323984937544
0.663772806612879
0.6205813172511768
0.9340774502410488
0.6986323364423395
0.8432403665326782
0.8886589083868636
0.338434124492271
0.8432403665326782
1.0754192205568462
0.6730700264119445
0.3585417156458872
0.3196141017488074
0.6205813172511768
0.6452621683150066
0.8937054130373286
0.7461051979273589
0.8388349864938464
0.6113259981022406
0.7882192457531054
0.6840253021392566
0.7132393707454224
0.6545174874639428
0.8193673939012537
0.7241946464727346
0.7095876121696516
1.0047285153475596
0.5816247304596743
0.8193673939012537
0.3719467764149647
0.7424534393515881
0.8684728897850034
0.6876770607150273
0.6452621683150066
0.6421770619320278
0.6421770619320278
1.2577728482112114
0.7534087150789003
0.9088449269887237
0.35686608304975254
0.663772806612879
0.7278464050485053
0.7648581346419941
0.5497787222551934
1.0152892238067648
0.9946355060466294
1.1738137606933428
0.5603940583233538
0.6020706789533045
0.7804322087160684
0.7726451716790312
0.5126250460166323
0.7765386901975498
0.6986323364423395
0.7570710976049572
1.2506877597529134
0.9694029827943041
0.3669198786265606
0.7570710976049572
0.9946355060466294
0.6876770607150273
0.6174962108681981
0.6205813172511768
0.7095876121696516
0.5710093943915141
0.6803735435634859
0.6360068491660704
1.0863519472386793
1.0918183105795956
0.6545174874639428
0.392054367568581
0.6668579129958577
0.6545174874639428
0.7278464050485053
0.7687516531605127
1.2506877597529134
0.7843257272345869
0.3719467764149647
0.7687516531605127
1.4227802874598259
0.6360068491660704
0.6483472746979854
0.44106130995773357
0.9391239548915139
0.6113259981022406
0.6668579129958577
0.6699430193788364
1.1246164906250946
0.731498163624276
1.3504534838286746
0.6329217427830918
0.7132393707454224
0.691328819290798
0.7534087150789003
1.2577728482112114
0.6949805778665687
1.2223474059197204
0.7765386901975498
0.6545174874639428
0.731498163624276
0.7022840950181102
0.7095876121696516
0.7882192457531054
0.8349414679753278
0.44311252946992874
1.0590201305340967
0.6840253021392566
0.6051557853362832
0.6699430193788364
1.7335274311081428
0.39037873497244624
0.6668579129958577
0.7843257272345869
0.7570710976049572
0.5928153598043683
1.0426210405113472
0.48618813922602616
0.8388349864938464
0.595900466187347
0.792112764271624
0.5603940583233538
0.5816247304596743
0.7804322087160684
0.6949805778665687
0.6144111044852194
0.7278464050485053
0.7278464050485053
0.9037984223382586
0.7168911293211931
0.7351499222000467
0.5205865480677525
0.8076868383456981
0.6986323364423395
0.6986323364423395
2.078582564025486
0.8684728897850034
0.7424534393515881
0.4574710660552945
0.9744494874447692
1.0535537671931803
0.6803735435634859
0.7424534393515881
0.8583798804840733
0.7804322087160684
0.7168911293211931
0.6452621683150066
1.4308165989743982
0.6020706789533045
0.8193673939012537
0.7059358535938809
0.5577402243063136
0.5789708964426343
1.6130458494490965
0.6803735435634859
0.6699430193788364
0.8533333758336084
0.7461051979273589
0.3719467764149647
0.7424534393515881
0.6986323364423395
0.6144111044852194
0.629836636400113
0.944170459541979
0.6803735435634859
0.8836124037363985
1.1027510372614286
0.9845424967456992
0.5842785644767144
0.5816247304596743
0.7132393707454224
0.6545174874639428
0.6329217427830918
0.7424534393515881
0.5928153598043683
0.6329217427830918
0.6876770607150273
0.6421770619320278
0.7278464050485053
0.792112764271624
0.35686608304975254
0.792112764271624
0.7461051979273589
0.8987519176877937
1.1574146706705932
0.8836124037363985
0.6876770607150273
0.9694029827943041
0.799899801308661
0.5657017263574339
0.6606877002299003
0.5232403820847926
1.1940070520865274
0.7843257272345869
0.6606877002299003
0.9088449269887237
0.41048632612606245
0.38870310237631156
1.6595356228045417
0.6699430193788364
0.691328819290798
0.7570710976049572
0.8193673939012537
0.8583798804840733
0.6329217427830918
1.1738137606933428
0.6113259981022406
0.7726451716790312
0.9643564781438392
0.7059358535938809
0.6576025938469215
0.3253109688106195
0.7843257272345869
1.243602671294615
0.5842785644767144
0.7022840950181102
0.7765386901975498
0.4451637489821238
0.7424534393515881
1.141015580647844
0.6360068491660704
1.747904728313032
0.3367584918961363
0.7424534393515881
0.8684728897850034
0.7882192457531054
0.629836636400113
1.5665560760936512
0.7687516531605127
0.7132393707454224
0.8037933198271795
0.4882393587382214
0.8154738753827352
0.7534087150789003
0.799899801308661
0.3853518371840422
1.9635641863863713
0.449266188006514
0.9794959920952343
1.1027510372614286
1.0644864938750132
1.5386622120803841
0.8154738753827352
0.6606877002299003
0.6986323364423395
0.6113259981022406
0.6730700264119445
0.608240891719262
0.6329217427830918
1.1683473973524263
0.6329217427830918
0.9138914316391887
0.7351499222000467
0.6267515300171344
0.8785658990859334
0.731498163624276
0.7168911293211931
0.6421770619320278
0.31106880115608937
1.0480874038522638
0.5816247304596743
1.2648579366695096
0.799899801308661
0.7461051979273589
0.5205865480677525
0.792112764271624
0.7461051979273589
0.41048632612606245
0.7095876121696516
0.6421770619320278
1.0590201305340967
0.6545174874639428
0.6329217427830918
0.7205428878969639
0.8388349864938464
0.7241946464727346
0.7570710976049572
0.799899801308661
0.539163386187033
0.7687516531605127
0.7534087150789003
0.39540563276085033
0.8076868383456981
0.5842785644767144
0.6545174874639428
0.7022840950181102
1.3906350414015363
0.5232403820847926
0.6986323364423395
0.7726451716790312
0.4171888565106012
0.7648581346419941
0.7804322087160684
0.35183918526134844
0.39037873497244624
1.0535537671931803
0.691328819290798
0.3602173482420219
0.8232609124197723
0.608240891719262
0.5657017263574339
0.6236664236341556
0.7461051979273589
0.663772806612879
0.42670277337236767
0.6767217849877152
0.6483472746979854
0.6949805778665687
0.7241946464727346
0.7570710976049572
2.265487427689046
0.7461051979273589
0.7609646161234757
0.7461051979273589
1.3665261068578192
0.568355560374474
1.6688335774756307
0.7424534393515881
1.5665560760936512
0.6236664236341556
0.3238867520451665
1.2648579366695096
1.4549255335181153
0.7882192457531054
0.595900466187347
0.6236664236341556
1.747904728313032
0.7497569565031296
0.691328819290798
0.691328819290798
0.7570710976049572
0.536509552169993
0.7022840950181102
1.4870707795764047
0.7095876121696516
1.037154677170431
1.0754192205568462
0.4738808221528555
0.7882192457531054
0.8271544309382908
0.6421770619320278
0.7843257272345869
0.6949805778665687
0.5736632284085541
0.6205813172511768
0.6174962108681981
0.6949805778665687
0.6421770619320278
0.7882192457531054
0.5763170624255942
1.0316883138295143
0.6767217849877152
0.32958361910697853
0.8154738753827352
0.6949805778665687
0.9340774502410488
0.6840253021392566
1.130082853966011
0.6452621683150066
0.7241946464727346
0.7168911293211931
1.0262219504885979
0.5524325562722335
0.3401097570884057
0.7205428878969639
0.595900466187347
1.0808855838977627
2.0066960780010397
0.6730700264119445
0.6730700264119445
0.3401097570884057
0.5497787222551934
0.7461051979273589
0.595900466187347
0.6949805778665687
0.9391239548915139
0.8886589083868636
0.9037984223382586
0.6483472746979854
0.3253109688106195
0.31818988498335443
0.6730700264119445
0.4004325305492544
0.6421770619320278
0.7461051979273589
0.6668579129958577
0.7205428878969639
0.6267515300171344
0.6390919555490492
0.5816247304596743
0.731498163624276
1.6130458494490965
0.6606877002299003
0.3786493067995034
0.6545174874639428
1.141015580647844
0.9239844409401189
0.536509552169993
0.8937054130373286
0.663772806612879
0.8349414679753278
0.6452621683150066
0.6699430193788364
0.6767217849877152
0.6113259981022406
0.6144111044852194
0.536509552169993
0.8533333758336084
0.8634263851345384
0.6452621683150066
0.4369588709333433
1.1738137606933428
0.663772806612879
0.6020706789533045
0.9593099734933741
0.8432403665326782
0.8115803568642167
1.3144535558775972
1.037154677170431
0.6483472746979854
0.338434124492271
0.8533333758336084
0.7687516531605127
0.6876770607150273
0.5418172202040731
0.6421770619320278
0.7687516531605127
0.6876770607150273
0.731498163624276
0.6730700264119445
0.691328819290798
1.5031434026055495
0.3535148178574831
0.8583798804840733
0.8533333758336084
0.7351499222000467
0.8735193944354684
1.1136837639432617
0.9340774502410488
0.8154738753827352
0.6606877002299003
0.7241946464727346
0.8232609124197723
0.9593099734933741
0.6051557853362832
0.7022840950181102
0.568355560374474
1.141015580647844
0.9138914316391887
0.6020706789533045
0.7882192457531054
0.7960062827901424
0.6730700264119445
0.7168911293211931
0.7424534393515881
0.9138914316391887
0.8533333758336084
0.3853518371840422
0.691328819290798
0.5816247304596743
1.3504534838286746
0.6267515300171344
0.7765386901975498
1.0098228604658486
0.792112764271624
0.6452621683150066
