846.0
710.0
782.0
649.0
707.0
768.0
728.0
730.0
902.0
738.0
794.0
738.0
725.0
1047.0
769.0
716.0
777.0
757.0
832.0
757.0
738.0
741.0
745.0
782.0
771.0
762.0
825.0
762.0
743.0
722.0
709.0
923.0
913.0
834.0
724.0
964.0
916.0
778.0
736.0
806.0
851.0
913.0
722.0
747.0
673.0
822.0
709.0
713.0
724.0
740.0
777.0
738.0
730.0
720.0
747.0
717.0
816.0
823.0
749.0
729.0
729.0
713.0
833.0
772.0
775.0
753.0
810.0
734.0
722.0
781.0
576.0
865.0
810.0
778.0
746.0
732.0
754.0
730.0
576.0
701.0
729.0
720.0
708.0
740.0
872.0
757.0
590.0
782.0
775.0
764.0
818.0
897.0
792.0
904.0
749.0
740.0
762.0
669.0
803.0
746.0
786.0
722.0
822.0
738.0
852.0
752.0
690.0
825.0
707.0
739.0
716.0
718.0
718.0
721.0
715.0
733.0
746.0
750.0
780.0
870.0
743.0
746.0
731.0
789.0
844.0
763.0
689.0
828.0
753.0
777.0
726.0
707.0
724.0
769.0
759.0
720.0
769.0
750.0
742.0
832.0
789.0
786.0
854.0
781.0
730.0
749.0
722.0
801.0
742.0
761.0
755.0
751.0
741.0
819.0
592.0
845.0
753.0
795.0
836.0
786.0
909.0
822.0
752.0
767.0
765.0
741.0
726.0
594.0
756.0
720.0
724.0
736.0
749.0
753.0
752.0
717.0
745.0
830.0
751.0
663.0
757.0
736.0
813.0
832.0
741.0
770.0
766.0
773.0
786.0
702.0
610.0
775.0
772.0
731.0
749.0
606.0
752.0
781.0
732.0
781.0
717.0
675.0
737.0
795.0
727.0
810.0
734.0
600.0
818.0
778.0
729.0
846.0
742.0
872.0
726.0
725.0
725.0
756.0
868.0
720.0
744.0
818.0
750.0
706.0
760.0
833.0
917.0
746.0
737.0
756.0
853.0
731.0
759.0
788.0
736.0
909.0
873.0
785.0
719.0
787.0
808.0
724.0
705.0
772.0
751.0
761.0
737.0
750.0
767.0
712.0
789.0
645.0
764.0
744.0
762.0
866.0
770.0
751.0
887.0
732.0
593.0
769.0
739.0
772.0
677.0
778.0
740.0
745.0
721.0
755.0
732.0
787.0
746.0
687.0
646.0
710.0
904.0
785.0
752.0
777.0
743.0
711.0
773.0
802.0
698.0
789.0
875.0
998.0
742.0
779.0
733.0
724.0
607.0
736.0
733.0
771.0
736.0
733.0
589.0
742.0
717.0
725.0
719.0
878.0
725.0
745.0
738.0
953.0
717.0
730.0
746.0
887.0
726.0
735.0
674.0
644.0
794.0
797.0
763.0
731.0
779.0
720.0
759.0
749.0
756.0
717.0
757.0
785.0
856.0
754.0
770.0
749.0
841.0
719.0
779.0
716.0
741.0
822.0
716.0
831.0
747.0
740.0
754.0
744.0
836.0
788.0
756.0
711.0
754.0
785.0
736.0
844.0
748.0
752.0
775.0
792.0
778.0
755.0
777.0
797.0
751.0
756.0
766.0
684.0
691.0
733.0
729.0
789.0
837.0
745.0
758.0
732.0
732.0
777.0
716.0
731.0
778.0
746.0
753.0
718.0
606.0
740.0
730.0
809.0
761.0
757.0
717.0
736.0
781.0
767.0
829.0
825.0
740.0
730.0
722.0
776.0
734.0
790.0
796.0
750.0
864.0
898.0
733.0
757.0
737.0
762.0
866.0
850.0
750.0
967.0
746.0
733.0
714.0
882.0
758.0
769.0
920.0
753.0
874.0
756.0
701.0
753.0
750.0
624.0
832.0
812.0
759.0
772.0
613.0
677.0
847.0
776.0
582.0
601.0
769.0
767.0
755.0
722.0
821.0
762.0
922.0
757.0
743.0
749.0
730.0
826.0
713.0
629.0
802.0
737.0
733.0
893.0
708.0
797.0
739.0
709.0
612.0
738.0
616.0
761.0
731.0
707.0
734.0
726.0
680.0
777.0
818.0
782.0
673.0
723.0
756.0
726.0
753.0
760.0
740.0
753.0
742.0
799.0
789.0
703.0
824.0
893.0
758.0
726.0
805.0
785.0
752.0
722.0
729.0
715.0
740.0
768.0
729.0
754.0
715.0
622.0
676.0
631.0
714.0
738.0
769.0
745.0
724.0
605.0
769.0
757.0
743.0
758.0
770.0
758.0
834.0
747.0
766.0
794.0
826.0
764.0
759.0
791.0
713.0
795.0
753.0
826.0
779.0
731.0
780.0
750.0
732.0
695.0
777.0
726.0
713.0
662.0
828.0
736.0
801.0
854.0
794.0
727.0
753.0
614.0
730.0
759.0
746.0
754.0
819.0
802.0
742.0
717.0
727.0
766.0
780.0
729.0
746.0
794.0
765.0
865.0
745.0
784.0
715.0
757.0
720.0
841.0
766.0
591.0
686.0
746.0
765.0
738.0
778.0
711.0
1035.0
707.0
850.0
723.0
794.0
733.0
763.0
910.0
826.0
789.0
818.0
746.0
712.0
739.0
736.0
669.0
853.0
865.0
725.0
715.0
785.0
753.0
785.0
733.0
748.0
729.0
850.0
740.0
769.0
625.0
715.0
657.0
738.0
796.0
699.0
813.0
717.0
774.0
721.0
768.0
728.0
859.0
734.0
791.0
790.0
786.0
753.0
732.0
781.0
740.0
760.0
792.0
851.0
697.0
761.0
792.0
730.0
749.0
751.0
706.0
818.0
729.0
698.0
592.0
725.0
730.0
765.0
717.0
731.0
781.0
722.0
744.0
764.0
752.0
906.0
744.0
732.0
806.0
712.0
724.0
708.0
766.0
681.0
748.0
756.0
774.0
737.0
745.0
724.0
810.0
781.0
756.0
754.0
717.0
813.0
586.0
