1.0652277924071498
0.6658060850006327
0.703206292275526
0.6787687663311507
0.5572266093606524
0.7101884425453476
0.6535911249425354
0.6719135650296812
0.7206616679500799
0.5522897147319468
0.7822399445114895
0.5399474781601826
0.7171705928151692
1.0820198057182977
0.48991211976254695
0.6719135650296812
0.6688598250151568
1.026046428014471
0.7101884425453476
0.7631002085078484
0.7450991938944552
0.5955700646665733
0.8052076277158592
0.8243473637195006
0.6047312847101461
1.5049939927380558
0.7101884425453476
0.8243473637195006
0.8490104838866873
0.5053892157592434
0.5596950566750052
0.6535911249425354
0.9509793060575881
1.165979872274038
1.0484357790960017
0.6857509166009722
0.6719135650296812
0.6962241420057045
0.9704019388520453
0.5843795298185332
1.4509352232247408
0.6658060850006327
0.5894625846375245
0.5646319513037107
0.689241991735883
0.5177314523310074
0.6566448649570595
0.6822598414660616
1.1044091567998284
0.592516324652049
0.6016775446956218
0.8635774584825304
0.6688598250151568
0.6047312847101461
1.4277671791476056
0.6927330668707937
0.8052076277158592
1.0540331168663843
0.6199999847827677
0.47452127008934436
0.6291612048263407
0.5794426351898275
0.689241991735883
1.2739470872464986
0.6688598250151568
0.5547581620462995
0.8281753109202288
0.9898245716465026
0.641376164884438
0.689241991735883
0.7450991938944552
0.6016775446956218
0.7101884425453476
0.7066973674104368
0.6627523449861082
0.7241527430849907
0.9364123314617451
0.6199999847827677
0.6505373849280109
0.6047312847101461
0.7860678917122178
0.6627523449861082
0.7631002085078484
0.6352686848553893
0.6383224248699136
0.748590269029366
0.7101884425453476
0.6108387647391949
1.0092544147033229
0.5572266093606524
0.641376164884438
1.5217322634028994
0.41641635526308535
0.6169462447682434
1.1379931834221244
0.8635774584825304
0.6752776911962399
0.5547581620462995
0.7276438182199014
0.7975517333144027
0.7592722613071201
0.5522897147319468
0.5596950566750052
0.6752776911962399
0.8490104838866873
0.8781444330783732
0.8538661420853016
0.4569317276056843
1.0876171434886803
0.6627523449861082
0.5720372932467692
0.6077850247246706
0.6627523449861082
0.6291612048263407
0.8320032581209571
0.6822598414660616
0.5251367942740658
0.8927114076742162
0.9267010150645165
0.9752575970506597
0.8927114076742162
0.641376164884438
0.6077850247246706
0.6627523449861082
0.703206292275526
0.7066973674104368
0.734625968489723
0.7276438182199014
0.6997152171406152
0.774584050110033
0.7206616679500799
0.6199999847827677
0.6688598250151568
0.5572266093606524
0.641376164884438
1.0043915462423456
0.689241991735883
1.2324503767201826
0.7520813441642767
0.6138925047537193
0.562163503989358
0.6688598250151568
0.6383224248699136
0.6997152171406152
0.4921108125730045
0.5843795298185332
0.6627523449861082
0.6108387647391949
0.858721800283916
0.8781444330783732
0.6444299048989623
0.5843795298185332
1.076422467947915
0.6822598414660616
0.5819110825041804
0.703206292275526
0.9364123314617451
1.037241103555236
0.5572266093606524
0.6505373849280109
0.8732887748797589
0.7520813441642767
0.5843795298185332
0.9218453568659021
0.6016775446956218
0.7101884425453476
0.7784119973107613
1.076422467947915
0.5955700646665733
0.6077850247246706
0.6962241420057045
1.2462826135622882
0.7101884425453476
0.5572266093606524
0.5251367942740658
0.623053724797292
0.8243473637195006
0.8358312053216853
0.6016775446956218
0.6199999847827677
0.4197769946237247
0.5955700646665733
0.5424159254745354
1.549411912333234
0.5547581620462995
0.7975517333144027
0.7631002085078484
0.8441548256880731
1.6324508591242377
0.6566448649570595
0.7276438182199014
0.8128635221173157
0.7937237861136743
0.6261074648118163
0.5103261103879491
1.3431082714570253
0.980113255249274
0.7381170436246338
0.6627523449861082
0.8128635221173157
0.8830000912769878
0.7860678917122178
0.7631002085078484
0.7450991938944552
1.3737084096342909
0.7206616679500799
0.7241527430849907
0.9121340404686734
1.2462826135622882
0.7669281557085765
0.9024227240714449
0.9169896986672879
0.7592722613071201
0.7101884425453476
0.6169462447682434
0.6658060850006327
1.2324503767201826
0.641376164884438
1.165979872274038
0.7450991938944552
0.7784119973107613
0.641376164884438
0.44593826355339666
0.6658060850006327
0.6444299048989623
0.632214944840865
0.6822598414660616
0.46352780603705673
0.632214944840865
0.6688598250151568
0.5769741878754747
1.0540331168663843
1.1212011701109763
0.5794426351898275
0.6291612048263407
0.641376164884438
0.5843795298185332
1.076422467947915
0.5671003986180635
0.6077850247246706
0.7784119973107613
0.5424159254745354
0.6108387647391949
0.6962241420057045
0.8927114076742162
0.5572266093606524
1.4354898605066508
0.7206616679500799
0.5300736889027714
0.7898958389129461
0.5547581620462995
0.5794426351898275
1.2946954425096566
1.1044091567998284
0.6352686848553893
0.6016775446956218
0.6108387647391949
0.6352686848553893
0.6787687663311507
1.037241103555236
0.703206292275526
0.7520813441642767
0.6719135650296812
0.7136795176802584
0.7171705928151692
0.9849689134478883
0.7241527430849907
0.6627523449861082
1.1044091567998284
0.5843795298185332
0.5819110825041804
0.6077850247246706
0.5572266093606524
0.6016775446956218
0.6108387647391949
0.6535911249425354
0.6291612048263407
0.5720372932467692
0.7101884425453476
0.5596950566750052
0.5671003986180635
0.703206292275526
0.8128635221173157
0.5350105835314771
0.43494479950110904
0.5671003986180635
0.6627523449861082
0.6138925047537193
0.7631002085078484
0.7311348933548122
0.8878557494756019
0.6719135650296812
0.659698604971584
0.6658060850006327
0.6505373849280109
1.1435905211925073
0.5819110825041804
1.6047712101939033
0.7822399445114895
0.44154087793248165
0.8975670658728305
0.7631002085078484
0.5374790308458298
0.703206292275526
0.7450991938944552
0.7898958389129461
0.6719135650296812
0.6787687663311507
1.0876171434886803
0.6108387647391949
1.466380585942831
0.5955700646665733
0.5986238046810975
0.4525343419847692
0.641376164884438
0.6822598414660616
0.7066973674104368
0.6016775446956218
0.8205194165187722
0.689241991735883
0.6444299048989623
0.6787687663311507
0.7206616679500799
0.6474836449134868
0.6719135650296812
0.5374790308458298
0.8281753109202288
0.641376164884438
0.5127945577023019
0.6566448649570595
0.5350105835314771
0.6787687663311507
0.6566448649570595
0.5695688459324164
0.7450991938944552
0.6688598250151568
1.1771745478148035
0.6535911249425354
0.7592722613071201
0.8781444330783732
0.8490104838866873
0.5695688459324164
0.7241527430849907
0.6444299048989623
0.6474836449134868
0.592516324652049
0.586847977132886
0.8396591525224136
0.6291612048263407
0.8243473637195006
1.9487051801714912
0.6047312847101461
0.7975517333144027
0.8441548256880731
0.5251367942740658
0.734625968489723
0.734625968489723
0.623053724797292
0.734625968489723
1.3814310909933358
0.9218453568659021
0.5374790308458298
0.9558349642562024
0.5769741878754747
0.623053724797292
0.6016775446956218
0.6016775446956218
0.5695688459324164
0.7136795176802584
0.6719135650296812
0.5350105835314771
0.5572266093606524
0.8975670658728305
0.6138925047537193
0.6077850247246706
0.6199999847827677
0.6199999847827677
1.2117020214570249
0.5646319513037107
0.7860678917122178
0.8490104838866873
0.592516324652049
0.6627523449861082
1.458657904583786
0.41641635526308535
0.8490104838866873
1.0043915462423456
0.632214944840865
0.6261074648118163
0.6444299048989623
1.3361921530359726
0.6199999847827677
4.174372729584369
2.6358785566290623
0.6752776911962399
0.5009055838148345
0.659698604971584
0.5819110825041804
0.9509793060575881
0.7450991938944552
0.5819110825041804
0.7381170436246338
1.2739470872464986
0.5350105835314771
0.7101884425453476
0.8975670658728305
0.8243473637195006
1.287779324088604
0.6688598250151568
0.6566448649570595
0.574505740561122
0.6719135650296812
0.4591304204161417
0.7101884425453476
0.4921108125730045
1.0484357790960017
0.5955700646665733
0.7450991938944552
0.7101884425453476
0.5009055838148345
0.6688598250151568
0.6566448649570595
0.6077850247246706
0.6962241420057045
0.7822399445114895
0.7592722613071201
0.8205194165187722
0.6291612048263407
0.8243473637195006
0.5769741878754747
0.6047312847101461
0.9995358880437313
0.8927114076742162
0.858721800283916
1.1978697846149196
0.6997152171406152
1.4045991350704707
0.5955700646665733
0.6169462447682434
0.7206616679500799
0.703206292275526
0.994680229845117
0.6383224248699136
0.7631002085078484
0.7241527430849907
0.9995358880437313
0.5547581620462995
0.7206616679500799
0.8128635221173157
0.574505740561122
0.5424159254745354
0.6927330668707937
0.5127945577023019
0.5894625846375245
0.5819110825041804
0.6719135650296812
0.6752776911962399
0.4525343419847692
0.689241991735883
0.5769741878754747
0.6719135650296812
1.0652277924071498
0.9655462806534311
0.7450991938944552
0.6535911249425354
0.641376164884438
0.7311348933548122
0.7631002085078484
0.7066973674104368
0.748590269029366
0.562163503989358
0.689241991735883
0.5399474781601826
0.5596950566750052
0.994680229845117
1.3361921530359726
0.6138925047537193
0.659698604971584
0.8090355749165874
0.5226683469597131
0.7066973674104368
0.6016775446956218
0.734625968489723
0.5671003986180635
1.1435905211925073
0.6016775446956218
0.7669281557085765
0.6566448649570595
0.5448843727888883
0.6627523449861082
0.689241991735883
0.6822598414660616
0.6474836449134868
0.7171705928151692
0.5955700646665733
0.5350105835314771
1.2462826135622882
0.6962241420057045
0.7520813441642767
0.5769741878754747
0.6787687663311507
0.6138925047537193
0.6169462447682434
0.5894625846375245
0.6627523449861082
1.0652277924071498
0.46572649884751427
0.7898958389129461
0.8490104838866873
0.7707561029093047
0.6997152171406152
0.7937237861136743
0.6927330668707937
0.5955700646665733
0.7066973674104368
0.9558349642562024
0.6535911249425354
0.9752575970506597
0.5819110825041804
0.5646319513037107
0.5374790308458298
0.6444299048989623
0.5522897147319468
0.5819110825041804
0.6822598414660616
1.8341762840952296
0.6077850247246706
0.6199999847827677
0.8052076277158592
0.6787687663311507
0.7450991938944552
0.7860678917122178
0.6291612048263407
0.5646319513037107
0.6474836449134868
0.5894625846375245
0.5646319513037107
0.4943095053834621
0.5794426351898275
0.689241991735883
0.5547581620462995
0.9995358880437313
0.7136795176802584
0.6566448649570595
1.0596304546367672
0.5769741878754747
0.6383224248699136
1.267030968825446
0.5350105835314771
0.689241991735883
0.8166914693180439
0.7592722613071201
0.6627523449861082
0.5671003986180635
0.6962241420057045
0.6787687663311507
1.412321816429516
0.48331604133117445
0.5424159254745354
3.3516841571056983
0.641376164884438
1.0876171434886803
0.5226683469597131
0.6016775446956218
0.6291612048263407
0.7975517333144027
0.6047312847101461
0.5424159254745354
0.5794426351898275
0.5226683469597131
0.7822399445114895
0.7381170436246338
0.641376164884438
0.7592722613071201
0.6787687663311507
1.3361921530359726
1.5309588130463445
0.549821267417594
0.9121340404686734
0.8830000912769878
0.6535911249425354
1.0820198057182977
0.6474836449134868
