724.0
851.0
786.0
724.0
749.0
762.0
726.0
798.0
733.0
740.0
715.0
705.0
667.0
645.0
642.0
693.0
728.0
710.0
728.0
717.0
707.0
672.0
739.0
770.0
710.0
746.0
732.0
684.0
695.0
720.0
708.0
718.0
802.0
790.0
677.0
740.0
687.0
725.0
911.0
725.0
669.0
666.0
674.0
666.0
683.0
716.0
765.0
694.0
716.0
681.0
733.0
731.0
672.0
680.0
683.0
695.0
724.0
689.0
792.0
749.0
830.0
681.0
781.0
741.0
649.0
762.0
667.0
747.0
696.0
760.0
696.0
689.0
813.0
670.0
749.0
729.0
690.0
701.0
703.0
698.0
821.0
717.0
694.0
718.0
677.0
798.0
690.0
578.0
787.0
586.0
810.0
718.0
699.0
702.0
865.0
774.0
694.0
729.0
676.0
741.0
742.0
710.0
730.0
698.0
869.0
727.0
708.0
725.0
861.0
700.0
724.0
704.0
690.0
749.0
637.0
715.0
702.0
684.0
720.0
669.0
710.0
718.0
869.0
772.0
677.0
715.0
870.0
726.0
626.0
778.0
826.0
782.0
725.0
701.0
684.0
706.0
781.0
701.0
683.0
682.0
657.0
659.0
734.0
682.0
696.0
730.0
910.0
701.0
734.0
697.0
712.0
692.0
710.0
754.0
731.0
717.0
685.0
754.0
798.0
686.0
725.0
802.0
694.0
717.0
714.0
696.0
847.0
710.0
758.0
737.0
704.0
689.0
744.0
675.0
707.0
745.0
707.0
773.0
700.0
766.0
721.0
708.0
785.0
713.0
797.0
641.0
718.0
730.0
700.0
666.0
714.0
783.0
823.0
697.0
934.0
734.0
624.0
768.0
745.0
712.0
663.0
701.0
698.0
891.0
690.0
701.0
762.0
756.0
744.0
713.0
668.0
698.0
731.0
688.0
736.0
725.0
684.0
720.0
739.0
758.0
793.0
713.0
732.0
774.0
741.0
742.0
683.0
723.0
719.0
679.0
750.0
768.0
690.0
714.0
741.0
701.0
705.0
676.0
757.0
728.0
735.0
732.0
703.0
677.0
675.0
722.0
770.0
754.0
717.0
702.0
583.0
724.0
732.0
692.0
741.0
692.0
602.0
818.0
754.0
661.0
802.0
762.0
747.0
714.0
794.0
584.0
886.0
708.0
732.0
714.0
701.0
856.0
749.0
718.0
712.0
722.0
734.0
676.0
716.0
729.0
706.0
733.0
781.0
722.0
753.0
721.0
761.0
686.0
740.0
698.0
774.0
676.0
678.0
774.0
735.0
656.0
726.0
686.0
691.0
697.0
718.0
798.0
759.0
743.0
706.0
669.0
703.0
744.0
712.0
829.0
1083.0
721.0
700.0
653.0
758.0
751.0
725.0
755.0
715.0
659.0
729.0
795.0
741.0
797.0
690.0
734.0
719.0
702.0
713.0
767.0
687.0
762.0
685.0
806.0
757.0
715.0
707.0
713.0
722.0
781.0
692.0
834.0
653.0
586.0
745.0
700.0
723.0
711.0
680.0
693.0
658.0
688.0
834.0
886.0
741.0
725.0
646.0
745.0
730.0
682.0
679.0
758.0
748.0
808.0
874.0
687.0
777.0
697.0
599.0
646.0
685.0
706.0
833.0
712.0
688.0
678.0
673.0
723.0
746.0
688.0
676.0
685.0
714.0
760.0
758.0
673.0
749.0
713.0
702.0
735.0
673.0
681.0
819.0
833.0
702.0
701.0
708.0
829.0
716.0
706.0
690.0
713.0
747.0
797.0
758.0
764.0
674.0
802.0
701.0
714.0
705.0
694.0
789.0
737.0
698.0
713.0
753.0
722.0
677.0
822.0
791.0
818.0
698.0
711.0
920.0
717.0
584.0
581.0
827.0
685.0
708.0
743.0
625.0
726.0
903.0
692.0
659.0
690.0
713.0
745.0
670.0
710.0
901.0
774.0
619.0
765.0
669.0
712.0
722.0
689.0
651.0
736.0
738.0
837.0
810.0
678.0
708.0
776.0
789.0
788.0
757.0
695.0
581.0
681.0
845.0
747.0
678.0
742.0
798.0
586.0
754.0
746.0
703.0
672.0
689.0
645.0
717.0
694.0
724.0
662.0
730.0
705.0
747.0
705.0
717.0
712.0
706.0
827.0
785.0
701.0
706.0
698.0
730.0
712.0
718.0
687.0
713.0
726.0
778.0
731.0
751.0
685.0
724.0
842.0
798.0
730.0
723.0
731.0
644.0
886.0
714.0
588.0
689.0
829.0
653.0
710.0
699.0
759.0
707.0
747.0
698.0
716.0
725.0
626.0
795.0
688.0
749.0
709.0
688.0
713.0
731.0
720.0
724.0
778.0
703.0
720.0
757.0
753.0
695.0
710.0
668.0
706.0
677.0
724.0
806.0
636.0
763.0
677.0
706.0
851.0
782.0
763.0
710.0
722.0
707.0
782.0
771.0
714.0
698.0
725.0
697.0
754.0
689.0
701.0
731.0
683.0
792.0
695.0
682.0
700.0
698.0
760.0
681.0
916.0
689.0
741.0
705.0
705.0
746.0
698.0
705.0
856.0
773.0
692.0
702.0
728.0
787.0
690.0
693.0
895.0
703.0
781.0
709.0
745.0
703.0
744.0
723.0
716.0
744.0
733.0
772.0
728.0
705.0
648.0
1054.0
736.0
727.0
713.0
788.0
733.0
706.0
740.0
673.0
730.0
711.0
723.0
693.0
744.0
714.0
726.0
680.0
759.0
677.0
745.0
698.0
758.0
737.0
731.0
706.0
724.0
705.0
747.0
672.0
712.0
743.0
677.0
647.0
736.0
714.0
707.0
706.0
