0.6002524236379525
0.5640282206136701
0.6936417193400966
1.5124282659751915
0.3054070773541734
0.6248111517365899
0.7196386281499885
0.44443078305492417
0.6806432649351507
0.9164548781279964
0.6329973944361356
0.9354927955020769
0.7456355369598803
0.58694375194882
0.5709028800142152
0.6384548895691661
0.6166249090370439
0.6411836371356814
0.845062687975195
0.9497712335326373
0.6548273749682576
0.6002524236379525
0.605709918770983
0.9164548781279964
4.656965836526728
0.6684711128008339
0.6741440377326778
0.9402522748455969
0.5640282206136701
0.6968913329413331
0.49321703919057786
0.8688600846927954
0.5617366674801552
0.4350488107211446
0.703390560143806
0.9021764400974362
0.6806432649351507
0.6575561225347728
0.762346608805815
0.7196386281499885
0.6657423652343185
0.9021764400974362
0.6329973944361356
0.5920661809384067
0.6838928785363872
1.6439320142506992
0.6029811712044677
0.5617366674801552
0.8736195640363156
1.3957847153510583
0.4875878557903101
0.9926065476243182
0.7694496493463555
0.6493698798352271
1.670268131160929
0.5640282206136701
0.82982549394095
0.5846521988153051
1.1425933158538788
1.0609692459735813
0.6493698798352271
0.8333770142112201
0.8085163723193284
1.4968757925586407
0.660284870101288
0.82982549394095
0.8545816466622351
0.5975236760714372
0.6520986274017423
0.5525704549460954
0.6002524236379525
0.8262739736706797
0.6575561225347728
0.6029811712044677
0.7001409465425696
0.9402522748455969
0.7587950885355448
0.9307333161585568
0.627539899303105
0.6138961614705287
0.5479873486790653
0.7456355369598803
0.33504575595018166
0.7801042101571664
0.3226963065351782
0.8404800547517607
0.6002524236379525
0.8498221673187151
0.5920661809384067
0.4294196273208769
1.1698013391473112
1.4813233191420896
0.6773936513339142
0.8014133317787879
0.6220824041700745
0.660284870101288
1.1262685018778194
1.3139352129624593
0.35244512595034644
0.5456957955455503
0.5846521988153051
0.8545816466622351
0.6520986274017423
1.5385875466097805
0.6806432649351507
0.9069359194409563
0.6111674139040134
0.7872072506977068
1.4346658988924361
0.6248111517365899
0.8593411260057552
0.6575561225347728
0.660284870101288
0.4127795474511691
0.7423859233586437
1.0068849856548785
0.58694375194882
0.5663197737471852
0.7423859233586437
0.5342380298779753
0.709889787346279
0.8831385227233558
0.660284870101288
0.6936417193400966
0.5663197737471852
0.7293874689536978
0.6903921057388601
0.660284870101288
0.605709918770983
0.5296549236109453
0.9497712335326373
1.0119948040454028
1.5298088409730375
0.3017022425296723
0.627539899303105
0.7488851505611167
0.6357261420026508
2.7104827127170132
0.6575561225347728
0.6711998603673491
0.37304712353599323
0.5846521988153051
0.6220824041700745
0.6493698798352271
0.8878980020668759
0.7326370825549343
0.5365295830114903
0.6357261420026508
0.58236064568179
0.5709028800142152
0.660284870101288
1.4579946090172629
0.605709918770983
1.1643597344886247
1.033761222680149
0.6138961614705287
0.5800690925482751
0.5456957955455503
0.5947949285049219
0.34067255590140544
0.6248111517365899
0.6002524236379525
0.5617366674801552
0.9592901922196774
0.9878470682807982
0.4875878557903101
0.5594451143466402
0.9497712335326373
0.5159056048098555
0.3892344073532871
0.82982549394095
0.5319464767444604
0.8878980020668759
0.4350488107211446
0.5731944331477301
0.6439123847021965
0.7326370825549343
0.6684711128008339
0.6466411322687118
0.6302686468696203
0.7694496493463555
0.450059966455192
1.3278648195877183
0.7521347641623533
0.5975236760714372
0.8593411260057552
0.6657423652343185
0.605709918770983
0.3995354061461105
0.6520986274017423
0.5617366674801552
0.627539899303105
0.9973660269678382
1.1099436879017597
0.6029811712044677
0.6166249090370439
0.6741440377326778
0.6029811712044677
0.3301059761841803
0.9259738368150368
0.4127795474511691
1.1208268972191329
0.5893374333718914
0.627539899303105
0.82982549394095
0.9973660269678382
0.6968913329413331
0.6838928785363872
0.605709918770983
0.6575561225347728
0.6439123847021965
0.7488851505611167
0.34361569841364065
0.6936417193400966
0.8156194128598689
0.6773936513339142
1.87809363421872
0.3965922636338753
0.9497712335326373
0.5975236760714372
0.30787696723717406
0.6193536566035593
0.6248111517365899
1.0772940599496408
0.8688600846927954
0.7587950885355448
0.6903921057388601
0.8688600846927954
0.7228882417512249
0.33504575595018166
0.6439123847021965
0.845062687975195
0.3054070773541734
1.0283196180214624
0.6329973944361356
0.660284870101288
0.6493698798352271
0.709889787346279
0.897416960753916
0.7836557304274365
0.5975236760714372
0.39070597860940476
0.7066401737450425
0.7001409465425696
0.5975236760714372
0.6630136176678033
1.5824810747934968
0.8014133317787879
1.002125506311358
0.6838928785363872
1.3209000162750888
0.9450117541891171
0.6166249090370439
1.223392769898277
0.6657423652343185
0.7943102912382474
0.6493698798352271
0.9592901922196774
0.6329973944361356
0.4763294889897746
0.7943102912382474
0.4594419387889715
1.1317101065365056
0.7066401737450425
0.6968913329413331
0.5920661809384067
1.1589181298299385
0.6575561225347728
0.5731944331477301
2.3229912451402215
0.6741440377326778
0.6439123847021965
0.6138961614705287
0.5800690925482751
1.0936188739257002
0.3509735546942288
0.8545816466622351
0.8049648520490582
0.6166249090370439
0.5067393922757956
0.7163890145487519
0.6711998603673491
0.9592901922196774
0.6384548895691661
0.7872072506977068
0.6575561225347728
0.7456355369598803
0.5090309454093106
0.6193536566035593
0.7694496493463555
0.5113224985428256
0.4650711221892392
0.4556891498554596
0.6968913329413331
0.8783790433798357
0.4083648336828163
0.3892344073532871
0.6520986274017423
0.7066401737450425
0.6220824041700745
0.7196386281499885
0.7456355369598803
0.6357261420026508
0.6936417193400966
0.5181971579433705
0.7658981290760853
0.57777753941476
0.6220824041700745
0.6575561225347728
0.6936417193400966
0.7907587709679771
0.8736195640363156
0.5800690925482751
0.605709918770983
0.5893374333718914
0.6657423652343185
0.42754323285412094
1.2791111963993123
0.9354927955020769
0.6936417193400966
0.6439123847021965
0.5947949285049219
0.7293874689536978
0.7587950885355448
0.6029811712044677
0.6138961614705287
0.6575561225347728
0.5686113268807002
1.1534765251712518
0.6575561225347728
0.627539899303105
1.0609692459735813
0.7872072506977068
2.4091004601572865
0.7196386281499885
0.6711998603673491
1.2303575732109064
0.5754859862812451
0.6903921057388601
0.8369285344814905
0.6329973944361356
1.6439320142506992
0.7066401737450425
0.7872072506977068
0.5893374333718914
0.5709028800142152
0.5113224985428256
0.9021764400974362
1.9211482417272523
0.627539899303105
1.341794426212977
0.6248111517365899
0.9069359194409563
0.5731944331477301
0.6806432649351507
0.8156194128598689
1.0119948040454028
0.6384548895691661
0.6711998603673491
1.148034920512565
0.5640282206136701
0.6806432649351507
0.58236064568179
0.6903921057388601
0.897416960753916
1.1816039500225006
0.627539899303105
0.6657423652343185
0.6806432649351507
0.8049648520490582
0.7131394009475155
0.7131394009475155
0.7456355369598803
0.6329973944361356
0.7694496493463555
0.8831385227233558
0.6220824041700745
0.5296549236109453
0.8085163723193284
0.4294196273208769
0.39364912112164
0.7001409465425696
0.336280700891682
1.0609692459735813
0.5456957955455503
0.660284870101288
0.6029811712044677
0.6575561225347728
1.1317101065365056
1.2303575732109064
0.7391363097574073
0.9164548781279964
0.9592901922196774
0.6520986274017423
0.47257670005626284
0.4068932624266987
0.6936417193400966
0.6439123847021965
0.6384548895691661
1.1317101065365056
0.58694375194882
0.4024785486583458
0.8191709331301392
0.7978618115085176
0.6002524236379525
0.6657423652343185
0.6302686468696203
0.31034685712017474
2.1938274226146244
0.5709028800142152
0.5411126892785204
1.0446444319975219
0.6329973944361356
1.6263746029772128
1.022878013362776
0.6384548895691661
0.7131394009475155
0.6871424921376237
1.4657708457255383
0.6002524236379525
0.6493698798352271
0.6711998603673491
0.5800690925482751
0.7358866961561709
0.5640282206136701
0.6029811712044677
2.251233565959334
0.5731944331477301
0.627539899303105
0.5947949285049219
0.703390560143806
0.6248111517365899
0.5525704549460954
0.5975236760714372
0.6248111517365899
0.8831385227233558
0.8498221673187151
0.5113224985428256
0.39364912112164
2.2655851017955118
0.4068932624266987
0.6493698798352271
0.6903921057388601
1.099060478584387
1.002125506311358
0.6466411322687118
1.022878013362776
0.7228882417512249
0.6520986274017423
0.6806432649351507
0.6384548895691661
0.6111674139040134
0.58694375194882
0.58694375194882
0.5846521988153051
0.34803041218199354
0.6220824041700745
0.7261378553524614
0.5709028800142152
0.58236064568179
0.5920661809384067
0.6968913329413331
1.1262685018778194
0.5754859862812451
0.6711998603673491
0.5571535612131253
0.6029811712044677
0.8593411260057552
0.7730011696166258
0.6871424921376237
0.897416960753916
0.627539899303105
0.8156194128598689
0.9069359194409563
0.5479873486790653
0.44818357198843595
0.5920661809384067
0.7694496493463555
0.9021764400974362
0.9450117541891171
0.5663197737471852
0.7131394009475155
0.6384548895691661
1.3139352129624593
0.6029811712044677
1.1208268972191329
0.6657423652343185
0.9497712335326373
0.6493698798352271
0.9212143574715167
1.0119948040454028
1.0827356646083275
0.6684711128008339
0.6711998603673491
0.6029811712044677
0.4425543885881682
0.7694496493463555
0.7196386281499885
0.34067255590140544
0.6871424921376237
1.033761222680149
0.9592901922196774
0.5640282206136701
0.5947949285049219
0.4763294889897746
0.6029811712044677
0.8831385227233558
0.5731944331477301
0.4650711221892392
0.6329973944361356
0.9069359194409563
1.2582167864614242
0.42379044392060916
0.8156194128598689
0.6871424921376237
0.6138961614705287
0.5920661809384067
0.7521347641623533
0.5525704549460954
0.5525704549460954
0.9307333161585568
2.3803973884849317
0.9450117541891171
0.709889787346279
1.2582167864614242
0.897416960753916
0.5456957955455503
0.5502789018125802
0.8593411260057552
0.6773936513339142
0.7423859233586437
0.34361569841364065
0.5754859862812451
0.82982549394095
0.5800690925482751
0.6248111517365899
0.5479873486790653
0.7131394009475155
0.336280700891682
0.6248111517365899
0.5479873486790653
0.4988462225908456
0.5479873486790653
