696.0
794.0
815.0
801.0
803.0
806.0
665.0
699.0
677.0
733.0
646.0
757.0
705.0
687.0
759.0
766.0
690.0
594.0
581.0
694.0
712.0
589.0
705.0
734.0
781.0
702.0
662.0
710.0
711.0
715.0
673.0
760.0
580.0
832.0
690.0
667.0
700.0
717.0
798.0
684.0
618.0
654.0
813.0
722.0
828.0
690.0
843.0
734.0
669.0
762.0
669.0
702.0
576.0
800.0
708.0
676.0
765.0
726.0
667.0
820.0
592.0
791.0
746.0
800.0
693.0
663.0
703.0
707.0
788.0
771.0
701.0
754.0
727.0
577.0
770.0
573.0
665.0
682.0
823.0
772.0
717.0
696.0
742.0
804.0
770.0
693.0
797.0
592.0
713.0
686.0
698.0
664.0
710.0
707.0
758.0
746.0
658.0
731.0
698.0
676.0
756.0
679.0
749.0
715.0
677.0
577.0
674.0
690.0
746.0
792.0
758.0
676.0
743.0
692.0
662.0
689.0
690.0
713.0
709.0
750.0
828.0
674.0
802.0
684.0
710.0
701.0
730.0
662.0
686.0
834.0
879.0
667.0
700.0
717.0
691.0
728.0
823.0
684.0
723.0
710.0
709.0
709.0
603.0
714.0
685.0
662.0
714.0
728.0
737.0
693.0
746.0
687.0
665.0
724.0
733.0
762.0
694.0
705.0
727.0
753.0
734.0
714.0
697.0
715.0
688.0
838.0
647.0
597.0
744.0
715.0
677.0
661.0
726.0
723.0
685.0
773.0
666.0
863.0
786.0
706.0
706.0
744.0
710.0
777.0
673.0
662.0
694.0
706.0
848.0
709.0
669.0
773.0
761.0
712.0
692.0
675.0
888.0
748.0
737.0
757.0
717.0
680.0
742.0
835.0
709.0
702.0
664.0
664.0
747.0
735.0
692.0
701.0
678.0
618.0
714.0
714.0
715.0
661.0
688.0
642.0
691.0
752.0
725.0
721.0
801.0
678.0
676.0
784.0
900.0
712.0
744.0
781.0
917.0
820.0
677.0
905.0
717.0
710.0
681.0
710.0
613.0
776.0
733.0
695.0
693.0
579.0
690.0
691.0
726.0
709.0
701.0
574.0
698.0
630.0
746.0
705.0
692.0
721.0
709.0
701.0
762.0
715.0
737.0
923.0
690.0
749.0
695.0
586.0
726.0
794.0
680.0
833.0
791.0
722.0
708.0
624.0
744.0
746.0
757.0
680.0
758.0
701.0
685.0
821.0
658.0
689.0
714.0
715.0
737.0
596.0
702.0
761.0
728.0
720.0
650.0
738.0
733.0
698.0
740.0
654.0
677.0
709.0
678.0
685.0
689.0
732.0
728.0
712.0
720.0
682.0
676.0
829.0
755.0
713.0
681.0
666.0
677.0
685.0
673.0
709.0
658.0
689.0
1001.0
742.0
693.0
844.0
742.0
789.0
700.0
706.0
780.0
745.0
687.0
736.0
690.0
754.0
618.0
695.0
714.0
739.0
751.0
673.0
702.0
778.0
705.0
726.0
688.0
678.0
667.0
701.0
674.0
769.0
709.0
756.0
653.0
759.0
684.0
696.0
869.0
721.0
693.0
733.0
681.0
761.0
797.0
816.0
725.0
670.0
693.0
747.0
714.0
572.0
729.0
712.0
750.0
683.0
711.0
759.0
726.0
634.0
701.0
776.0
725.0
863.0
720.0
728.0
714.0
759.0
587.0
642.0
841.0
728.0
762.0
665.0
697.0
781.0
707.0
654.0
602.0
717.0
771.0
704.0
778.0
824.0
741.0
786.0
661.0
692.0
709.0
681.0
680.0
868.0
714.0
721.0
706.0
696.0
702.0
737.0
715.0
698.0
677.0
673.0
712.0
800.0
715.0
638.0
707.0
753.0
663.0
742.0
692.0
733.0
752.0
765.0
709.0
887.0
702.0
750.0
783.0
693.0
837.0
733.0
739.0
682.0
615.0
731.0
695.0
822.0
706.0
763.0
672.0
705.0
652.0
690.0
718.0
632.0
678.0
673.0
743.0
709.0
919.0
696.0
729.0
722.0
795.0
682.0
740.0
683.0
730.0
857.0
682.0
749.0
632.0
712.0
679.0
692.0
673.0
669.0
727.0
696.0
741.0
717.0
669.0
655.0
734.0
714.0
688.0
709.0
701.0
694.0
680.0
725.0
664.0
752.0
705.0
670.0
666.0
676.0
689.0
799.0
685.0
740.0
717.0
726.0
874.0
710.0
670.0
696.0
705.0
690.0
749.0
677.0
744.0
670.0
757.0
713.0
678.0
737.0
665.0
775.0
770.0
808.0
685.0
746.0
829.0
698.0
710.0
715.0
864.0
661.0
669.0
839.0
616.0
670.0
709.0
751.0
686.0
699.0
710.0
744.0
693.0
706.0
776.0
713.0
742.0
725.0
774.0
702.0
724.0
714.0
766.0
865.0
660.0
731.0
708.0
787.0
705.0
688.0
762.0
662.0
698.0
681.0
795.0
738.0
833.0
680.0
714.0
1017.0
702.0
686.0
697.0
680.0
796.0
670.0
695.0
691.0
706.0
637.0
704.0
691.0
693.0
810.0
672.0
677.0
738.0
708.0
705.0
706.0
682.0
757.0
644.0
722.0
775.0
697.0
730.0
733.0
678.0
658.0
795.0
588.0
617.0
592.0
572.0
763.0
845.0
714.0
706.0
709.0
690.0
682.0
727.0
689.0
684.0
618.0
689.0
681.0
715.0
718.0
709.0
919.0
692.0
715.0
745.0
680.0
737.0
885.0
690.0
698.0
709.0
684.0
695.0
696.0
672.0
717.0
795.0
660.0
610.0
681.0
731.0
732.0
699.0
589.0
662.0
693.0
733.0
733.0
682.0
696.0
666.0
682.0
661.0
747.0
717.0
793.0
704.0
699.0
710.0
737.0
678.0
712.0
706.0
683.0
