730.0
773.0
777.0
661.0
721.0
725.0
789.0
888.0
814.0
760.0
741.0
756.0
740.0
710.0
852.0
830.0
797.0
754.0
669.0
762.0
782.0
697.0
783.0
714.0
848.0
725.0
787.0
735.0
726.0
777.0
786.0
776.0
773.0
761.0
754.0
795.0
761.0
932.0
711.0
818.0
810.0
767.0
770.0
808.0
905.0
751.0
820.0
839.0
776.0
742.0
917.0
703.0
797.0
842.0
752.0
735.0
889.0
761.0
880.0
734.0
726.0
826.0
805.0
976.0
722.0
764.0
766.0
799.0
737.0
731.0
773.0
751.0
909.0
794.0
758.0
665.0
714.0
764.0
700.0
753.0
767.0
722.0
900.0
758.0
727.0
795.0
749.0
733.0
742.0
862.0
785.0
776.0
706.0
738.0
925.0
778.0
800.0
727.0
841.0
813.0
769.0
733.0
790.0
650.0
724.0
932.0
811.0
784.0
613.0
783.0
761.0
849.0
738.0
713.0
817.0
746.0
720.0
733.0
830.0
811.0
854.0
724.0
730.0
826.0
769.0
797.0
758.0
749.0
776.0
848.0
734.0
781.0
735.0
785.0
832.0
776.0
846.0
693.0
733.0
733.0
840.0
743.0
641.0
766.0
794.0
854.0
842.0
770.0
826.0
760.0
821.0
750.0
771.0
759.0
723.0
813.0
582.0
710.0
783.0
764.0
787.0
779.0
769.0
763.0
705.0
775.0
1009.0
816.0
802.0
773.0
760.0
735.0
869.0
750.0
727.0
905.0
752.0
778.0
747.0
767.0
772.0
822.0
722.0
593.0
760.0
754.0
807.0
765.0
740.0
762.0
770.0
755.0
731.0
738.0
725.0
781.0
848.0
841.0
802.0
744.0
691.0
778.0
924.0
742.0
761.0
706.0
784.0
734.0
729.0
720.0
824.0
726.0
666.0
737.0
717.0
726.0
885.0
739.0
621.0
839.0
624.0
790.0
1039.0
749.0
736.0
751.0
748.0
746.0
770.0
840.0
754.0
737.0
755.0
792.0
858.0
737.0
842.0
733.0
753.0
763.0
756.0
723.0
1097.0
852.0
744.0
791.0
768.0
743.0
751.0
758.0
802.0
807.0
900.0
779.0
897.0
770.0
750.0
764.0
820.0
754.0
715.0
614.0
792.0
878.0
766.0
710.0
854.0
759.0
630.0
781.0
769.0
773.0
720.0
722.0
745.0
741.0
1027.0
582.0
752.0
802.0
754.0
771.0
714.0
841.0
806.0
721.0
758.0
791.0
973.0
885.0
746.0
791.0
858.0
913.0
752.0
845.0
699.0
806.0
717.0
731.0
798.0
717.0
866.0
718.0
622.0
746.0
800.0
748.0
892.0
788.0
771.0
749.0
761.0
780.0
782.0
914.0
778.0
884.0
842.0
778.0
820.0
781.0
767.0
840.0
765.0
810.0
738.0
756.0
716.0
764.0
721.0
745.0
754.0
709.0
772.0
937.0
729.0
767.0
828.0
851.0
878.0
749.0
791.0
762.0
776.0
910.0
740.0
830.0
718.0
748.0
656.0
845.0
721.0
777.0
749.0
734.0
683.0
751.0
837.0
769.0
806.0
620.0
762.0
879.0
762.0
758.0
761.0
765.0
741.0
939.0
740.0
719.0
880.0
761.0
897.0
736.0
738.0
938.0
743.0
730.0
741.0
738.0
850.0
793.0
634.0
827.0
817.0
855.0
776.0
774.0
677.0
943.0
934.0
790.0
622.0
772.0
801.0
722.0
722.0
837.0
754.0
789.0
785.0
770.0
802.0
779.0
741.0
774.0
752.0
738.0
698.0
784.0
722.0
737.0
735.0
714.0
712.0
803.0
730.0
814.0
892.0
743.0
934.0
699.0
850.0
819.0
721.0
781.0
854.0
745.0
717.0
814.0
672.0
827.0
733.0
781.0
879.0
951.0
744.0
748.0
797.0
744.0
817.0
750.0
865.0
803.0
633.0
777.0
910.0
769.0
1037.0
826.0
757.0
902.0
851.0
744.0
877.0
776.0
727.0
858.0
706.0
762.0
748.0
938.0
739.0
817.0
769.0
762.0
879.0
770.0
736.0
717.0
805.0
768.0
845.0
833.0
747.0
780.0
773.0
763.0
806.0
810.0
848.0
817.0
806.0
855.0
827.0
855.0
741.0
789.0
750.0
757.0
1056.0
597.0
725.0
910.0
792.0
754.0
639.0
742.0
771.0
789.0
772.0
853.0
806.0
747.0
744.0
741.0
753.0
831.0
749.0
747.0
744.0
768.0
741.0
764.0
741.0
721.0
776.0
746.0
719.0
779.0
613.0
837.0
711.0
756.0
936.0
820.0
717.0
834.0
950.0
800.0
793.0
793.0
776.0
767.0
832.0
861.0
792.0
771.0
744.0
813.0
608.0
876.0
742.0
837.0
685.0
788.0
750.0
774.0
752.0
732.0
757.0
750.0
798.0
746.0
774.0
717.0
748.0
726.0
716.0
866.0
734.0
744.0
766.0
633.0
748.0
747.0
747.0
738.0
669.0
616.0
800.0
761.0
725.0
776.0
716.0
704.0
842.0
765.0
887.0
776.0
773.0
913.0
746.0
767.0
800.0
648.0
841.0
710.0
878.0
751.0
788.0
787.0
779.0
750.0
807.0
740.0
763.0
765.0
641.0
653.0
810.0
592.0
735.0
770.0
755.0
706.0
726.0
762.0
732.0
734.0
706.0
617.0
770.0
830.0
739.0
765.0
696.0
756.0
867.0
726.0
761.0
697.0
826.0
732.0
738.0
770.0
746.0
868.0
692.0
727.0
940.0
804.0
746.0
714.0
774.0
746.0
744.0
744.0
706.0
767.0
765.0
700.0
789.0
726.0
801.0
894.0
747.0
736.0
756.0
880.0
772.0
756.0
766.0
759.0
850.0
753.0
750.0
815.0
832.0
784.0
731.0
853.0
792.0
750.0
720.0
725.0
755.0
754.0
725.0
872.0
