781.0
600.0
830.0
730.0
723.0
739.0
797.0
757.0
706.0
779.0
725.0
721.0
723.0
745.0
797.0
787.0
710.0
727.0
718.0
655.0
736.0
737.0
734.0
761.0
734.0
728.0
683.0
860.0
721.0
817.0
964.0
728.0
753.0
830.0
1280.0
743.0
737.0
749.0
714.0
752.0
756.0
775.0
642.0
787.0
705.0
732.0
567.0
772.0
738.0
767.0
659.0
718.0
592.0
716.0
826.0
658.0
771.0
810.0
877.0
634.0
738.0
727.0
709.0
819.0
665.0
835.0
920.0
711.0
586.0
772.0
753.0
661.0
716.0
779.0
774.0
736.0
826.0
816.0
741.0
714.0
751.0
728.0
730.0
773.0
751.0
720.0
730.0
753.0
694.0
783.0
949.0
850.0
729.0
757.0
711.0
760.0
601.0
797.0
723.0
773.0
778.0
762.0
716.0
709.0
818.0
780.0
716.0
766.0
769.0
826.0
732.0
734.0
877.0
787.0
934.0
817.0
737.0
752.0
722.0
782.0
779.0
768.0
825.0
610.0
804.0
707.0
713.0
726.0
772.0
876.0
770.0
704.0
578.0
675.0
762.0
709.0
721.0
740.0
740.0
964.0
715.0
729.0
870.0
782.0
784.0
852.0
613.0
724.0
730.0
736.0
734.0
773.0
765.0
814.0
734.0
794.0
731.0
728.0
757.0
753.0
675.0
792.0
568.0
717.0
745.0
695.0
881.0
740.0
754.0
900.0
717.0
1085.0
774.0
916.0
737.0
745.0
857.0
734.0
788.0
770.0
725.0
833.0
766.0
706.0
711.0
757.0
764.0
709.0
760.0
586.0
780.0
722.0
771.0
825.0
725.0
753.0
725.0
906.0
742.0
744.0
714.0
823.0
733.0
762.0
742.0
810.0
762.0
686.0
728.0
784.0
837.0
733.0
897.0
741.0
741.0
701.0
769.0
701.0
794.0
751.0
715.0
717.0
807.0
726.0
761.0
782.0
763.0
724.0
748.0
745.0
724.0
713.0
706.0
802.0
735.0
757.0
759.0
711.0
744.0
938.0
780.0
744.0
775.0
758.0
778.0
870.0
685.0
741.0
704.0
800.0
827.0
708.0
706.0
729.0
777.0
734.0
721.0
685.0
824.0
949.0
853.0
722.0
722.0
784.0
761.0
751.0
773.0
740.0
745.0
724.0
739.0
741.0
756.0
874.0
734.0
865.0
727.0
806.0
631.0
735.0
699.0
742.0
757.0
703.0
722.0
710.0
805.0
598.0
712.0
733.0
775.0
793.0
754.0
794.0
686.0
606.0
706.0
785.0
707.0
850.0
729.0
749.0
752.0
802.0
720.0
773.0
738.0
737.0
709.0
798.0
739.0
797.0
712.0
761.0
729.0
722.0
732.0
782.0
789.0
894.0
706.0
562.0
738.0
749.0
758.0
754.0
717.0
729.0
737.0
705.0
736.0
800.0
748.0
748.0
797.0
830.0
831.0
752.0
821.0
689.0
749.0
811.0
744.0
742.0
789.0
751.0
812.0
714.0
584.0
749.0
719.0
726.0
696.0
720.0
735.0
761.0
741.0
770.0
757.0
741.0
731.0
800.0
794.0
744.0
701.0
745.0
765.0
571.0
727.0
817.0
754.0
750.0
865.0
777.0
632.0
715.0
733.0
953.0
924.0
786.0
818.0
877.0
690.0
744.0
766.0
752.0
721.0
810.0
774.0
765.0
577.0
739.0
725.0
772.0
713.0
873.0
732.0
720.0
749.0
811.0
706.0
907.0
714.0
950.0
789.0
784.0
737.0
710.0
737.0
734.0
726.0
784.0
712.0
775.0
736.0
892.0
786.0
698.0
737.0
720.0
719.0
736.0
738.0
768.0
722.0
785.0
785.0
703.0
696.0
715.0
660.0
730.0
998.0
779.0
791.0
778.0
825.0
708.0
790.0
739.0
730.0
744.0
733.0
698.0
665.0
805.0
709.0
682.0
836.0
724.0
822.0
738.0
754.0
745.0
728.0
741.0
720.0
746.0
994.0
720.0
790.0
728.0
818.0
794.0
705.0
730.0
771.0
740.0
777.0
746.0
725.0
850.0
708.0
809.0
767.0
778.0
594.0
777.0
736.0
726.0
978.0
715.0
774.0
727.0
685.0
738.0
741.0
708.0
908.0
729.0
738.0
723.0
859.0
715.0
714.0
706.0
741.0
701.0
884.0
731.0
820.0
734.0
681.0
729.0
714.0
714.0
662.0
792.0
624.0
732.0
752.0
710.0
691.0
741.0
715.0
725.0
736.0
657.0
730.0
727.0
759.0
712.0
783.0
773.0
833.0
715.0
742.0
758.0
733.0
834.0
713.0
726.0
707.0
761.0
694.0
775.0
822.0
646.0
735.0
736.0
731.0
724.0
706.0
777.0
641.0
603.0
778.0
701.0
592.0
703.0
755.0
720.0
748.0
833.0
781.0
681.0
737.0
709.0
814.0
770.0
753.0
774.0
900.0
742.0
573.0
728.0
776.0
605.0
791.0
869.0
709.0
592.0
763.0
708.0
778.0
759.0
562.0
957.0
702.0
759.0
726.0
766.0
764.0
767.0
829.0
755.0
708.0
774.0
722.0
708.0
730.0
754.0
772.0
716.0
772.0
629.0
732.0
734.0
605.0
750.0
719.0
709.0
685.0
734.0
946.0
803.0
697.0
766.0
622.0
818.0
693.0
732.0
702.0
645.0
757.0
705.0
710.0
689.0
769.0
926.0
897.0
745.0
833.0
720.0
735.0
686.0
770.0
572.0
563.0
811.0
772.0
868.0
769.0
720.0
766.0
698.0
799.0
729.0
741.0
713.0
710.0
762.0
743.0
788.0
712.0
690.0
610.0
869.0
680.0
778.0
1086.0
756.0
705.0
694.0
706.0
806.0
1057.0
942.0
745.0
721.0
724.0
723.0
722.0
635.0
720.0
733.0
626.0
735.0
739.0
701.0
757.0
735.0
774.0
723.0
697.0
802.0
730.0
710.0
710.0
691.0
718.0
758.0
600.0
815.0
818.0
783.0
758.0
703.0
762.0
