724.0
732.0
753.0
787.0
806.0
754.0
671.0
781.0
792.0
746.0
762.0
739.0
746.0
987.0
765.0
753.0
706.0
734.0
804.0
715.0
746.0
774.0
667.0
714.0
697.0
826.0
766.0
789.0
744.0
697.0
775.0
744.0
754.0
740.0
727.0
729.0
784.0
753.0
788.0
943.0
753.0
791.0
788.0
904.0
906.0
777.0
772.0
757.0
604.0
782.0
798.0
816.0
893.0
732.0
762.0
746.0
762.0
746.0
775.0
753.0
726.0
748.0
745.0
748.0
765.0
740.0
772.0
858.0
745.0
851.0
778.0
659.0
760.0
724.0
854.0
800.0
889.0
772.0
977.0
744.0
778.0
738.0
787.0
765.0
760.0
796.0
755.0
785.0
762.0
615.0
801.0
877.0
913.0
787.0
788.0
779.0
750.0
824.0
776.0
845.0
739.0
764.0
734.0
815.0
757.0
835.0
765.0
781.0
777.0
886.0
778.0
807.0
741.0
748.0
741.0
765.0
782.0
805.0
770.0
741.0
810.0
743.0
667.0
761.0
759.0
772.0
796.0
657.0
706.0
754.0
922.0
674.0
789.0
725.0
871.0
737.0
759.0
800.0
746.0
740.0
740.0
751.0
714.0
841.0
667.0
906.0
756.0
725.0
844.0
793.0
884.0
756.0
870.0
774.0
745.0
846.0
664.0
909.0
816.0
801.0
761.0
754.0
753.0
814.0
770.0
823.0
776.0
752.0
782.0
724.0
804.0
804.0
734.0
793.0
754.0
803.0
861.0
797.0
810.0
771.0
717.0
910.0
788.0
661.0
710.0
794.0
745.0
781.0
797.0
721.0
765.0
698.0
766.0
610.0
794.0
721.0
775.0
762.0
733.0
745.0
739.0
767.0
797.0
850.0
797.0
884.0
672.0
746.0
593.0
766.0
746.0
759.0
745.0
698.0
851.0
721.0
805.0
861.0
782.0
771.0
760.0
773.0
782.0
788.0
781.0
674.0
866.0
778.0
726.0
824.0
803.0
778.0
749.0
782.0
772.0
731.0
817.0
814.0
633.0
824.0
708.0
833.0
755.0
733.0
826.0
739.0
863.0
729.0
756.0
724.0
778.0
761.0
747.0
728.0
764.0
636.0
800.0
785.0
616.0
785.0
750.0
793.0
778.0
749.0
724.0
778.0
818.0
775.0
724.0
655.0
745.0
841.0
866.0
1042.0
772.0
763.0
882.0
753.0
730.0
980.0
758.0
784.0
971.0
713.0
933.0
879.0
871.0
770.0
772.0
783.0
774.0
759.0
660.0
887.0
741.0
744.0
610.0
738.0
763.0
733.0
877.0
700.0
716.0
741.0
738.0
784.0
826.0
745.0
810.0
861.0
786.0
803.0
784.0
727.0
871.0
733.0
736.0
863.0
773.0
756.0
818.0
745.0
871.0
828.0
746.0
690.0
798.0
741.0
859.0
857.0
746.0
762.0
751.0
756.0
756.0
761.0
818.0
870.0
762.0
931.0
811.0
765.0
757.0
748.0
873.0
735.0
779.0
758.0
748.0
818.0
801.0
778.0
782.0
781.0
756.0
735.0
740.0
797.0
765.0
758.0
744.0
858.0
757.0
787.0
825.0
790.0
754.0
714.0
806.0
756.0
631.0
776.0
798.0
841.0
814.0
754.0
790.0
779.0
750.0
788.0
740.0
900.0
858.0
864.0
879.0
765.0
848.0
730.0
596.0
683.0
761.0
778.0
786.0
908.0
740.0
810.0
682.0
730.0
841.0
777.0
789.0
611.0
815.0
769.0
757.0
733.0
773.0
754.0
754.0
762.0
742.0
624.0
902.0
634.0
754.0
736.0
747.0
685.0
756.0
749.0
788.0
771.0
734.0
778.0
778.0
797.0
763.0
786.0
747.0
744.0
776.0
762.0
779.0
779.0
923.0
788.0
736.0
886.0
774.0
856.0
866.0
669.0
900.0
842.0
788.0
757.0
602.0
787.0
772.0
769.0
873.0
823.0
935.0
597.0
674.0
758.0
818.0
753.0
778.0
765.0
797.0
736.0
763.0
757.0
738.0
748.0
836.0
761.0
776.0
653.0
772.0
808.0
744.0
734.0
753.0
750.0
841.0
825.0
729.0
820.0
731.0
865.0
686.0
760.0
745.0
795.0
800.0
770.0
764.0
742.0
712.0
792.0
874.0
811.0
701.0
766.0
832.0
791.0
719.0
739.0
851.0
734.0
728.0
823.0
777.0
726.0
820.0
762.0
633.0
627.0
731.0
836.0
744.0
745.0
761.0
808.0
842.0
770.0
760.0
749.0
648.0
789.0
808.0
726.0
745.0
786.0
722.0
610.0
601.0
775.0
756.0
742.0
763.0
813.0
750.0
777.0
744.0
722.0
789.0
871.0
757.0
836.0
838.0
724.0
714.0
779.0
787.0
771.0
784.0
824.0
829.0
654.0
769.0
737.0
725.0
810.0
716.0
710.0
772.0
765.0
694.0
725.0
786.0
878.0
748.0
900.0
792.0
670.0
759.0
861.0
756.0
794.0
846.0
741.0
756.0
821.0
767.0
773.0
784.0
909.0
749.0
728.0
602.0
781.0
738.0
822.0
775.0
925.0
762.0
734.0
855.0
774.0
724.0
781.0
869.0
754.0
726.0
756.0
787.0
761.0
776.0
766.0
714.0
763.0
696.0
832.0
806.0
876.0
744.0
846.0
739.0
752.0
734.0
702.0
793.0
759.0
752.0
740.0
784.0
788.0
976.0
814.0
727.0
801.0
804.0
693.0
813.0
738.0
745.0
829.0
931.0
660.0
782.0
746.0
765.0
779.0
800.0
767.0
632.0
950.0
758.0
732.0
797.0
695.0
629.0
810.0
861.0
806.0
740.0
756.0
742.0
791.0
817.0
727.0
722.0
741.0
602.0
794.0
725.0
773.0
741.0
754.0
788.0
653.0
838.0
784.0
761.0
740.0
773.0
809.0
757.0
783.0
807.0
730.0
674.0
734.0
733.0
800.0
888.0
713.0
794.0
764.0
886.0
766.0
830.0
720.0
724.0
774.0
654.0
756.0
835.0
751.0
813.0
752.0
791.0
772.0
772.0
787.0
852.0
745.0
