729.0
700.0
746.0
796.0
697.0
718.0
708.0
677.0
658.0
749.0
882.0
745.0
698.0
701.0
692.0
678.0
707.0
713.0
683.0
793.0
665.0
736.0
821.0
710.0
778.0
661.0
729.0
709.0
865.0
708.0
668.0
688.0
752.0
885.0
737.0
854.0
710.0
666.0
797.0
694.0
711.0
740.0
687.0
725.0
728.0
754.0
708.0
698.0
679.0
712.0
669.0
702.0
693.0
743.0
789.0
898.0
712.0
753.0
770.0
743.0
850.0
782.0
750.0
794.0
715.0
713.0
703.0
806.0
693.0
659.0
812.0
787.0
791.0
733.0
684.0
776.0
740.0
672.0
732.0
726.0
713.0
685.0
738.0
666.0
682.0
1073.0
675.0
744.0
724.0
695.0
628.0
684.0
751.0
678.0
669.0
669.0
839.0
665.0
684.0
695.0
699.0
685.0
622.0
670.0
708.0
748.0
759.0
676.0
637.0
706.0
813.0
668.0
741.0
725.0
726.0
680.0
699.0
627.0
725.0
762.0
707.0
744.0
692.0
593.0
701.0
666.0
738.0
684.0
759.0
833.0
761.0
788.0
774.0
733.0
689.0
774.0
687.0
741.0
725.0
717.0
729.0
667.0
713.0
778.0
713.0
690.0
686.0
776.0
679.0
677.0
843.0
717.0
766.0
699.0
663.0
665.0
672.0
705.0
657.0
792.0
702.0
720.0
651.0
699.0
708.0
729.0
718.0
686.0
757.0
751.0
752.0
754.0
742.0
721.0
704.0
709.0
731.0
750.0
711.0
712.0
657.0
930.0
763.0
707.0
758.0
634.0
686.0
715.0
672.0
723.0
677.0
731.0
786.0
662.0
708.0
845.0
699.0
738.0
664.0
753.0
737.0
730.0
733.0
680.0
689.0
741.0
685.0
734.0
680.0
721.0
672.0
708.0
690.0
679.0
702.0
715.0
682.0
667.0
634.0
762.0
762.0
687.0
705.0
749.0
719.0
787.0
661.0
705.0
690.0
835.0
835.0
710.0
735.0
693.0
706.0
681.0
707.0
678.0
993.0
757.0
709.0
789.0
716.0
693.0
782.0
717.0
686.0
911.0
804.0
816.0
689.0
714.0
756.0
706.0
716.0
758.0
776.0
726.0
608.0
990.0
674.0
664.0
688.0
705.0
623.0
592.0
689.0
733.0
704.0
702.0
600.0
722.0
703.0
814.0
725.0
744.0
695.0
682.0
689.0
678.0
619.0
848.0
748.0
807.0
737.0
670.0
696.0
750.0
679.0
728.0
674.0
701.0
718.0
696.0
717.0
723.0
650.0
917.0
655.0
781.0
851.0
712.0
722.0
712.0
710.0
589.0
885.0
733.0
818.0
672.0
666.0
721.0
684.0
692.0
656.0
754.0
688.0
692.0
730.0
712.0
790.0
974.0
673.0
623.0
731.0
747.0
796.0
629.0
697.0
589.0
701.0
869.0
680.0
702.0
754.0
693.0
669.0
690.0
841.0
699.0
728.0
697.0
754.0
783.0
712.0
673.0
746.0
701.0
676.0
682.0
810.0
731.0
793.0
685.0
752.0
816.0
693.0
723.0
842.0
764.0
796.0
840.0
713.0
666.0
709.0
704.0
694.0
735.0
796.0
762.0
702.0
685.0
691.0
706.0
658.0
720.0
692.0
634.0
680.0
838.0
715.0
675.0
686.0
776.0
693.0
686.0
706.0
687.0
697.0
675.0
728.0
676.0
719.0
677.0
701.0
737.0
714.0
799.0
668.0
707.0
708.0
684.0
745.0
673.0
665.0
697.0
759.0
676.0
734.0
667.0
663.0
722.0
672.0
694.0
693.0
779.0
711.0
668.0
723.0
585.0
677.0
762.0
852.0
678.0
610.0
721.0
677.0
689.0
703.0
707.0
609.0
826.0
679.0
706.0
700.0
677.0
698.0
620.0
672.0
730.0
771.0
776.0
662.0
757.0
727.0
740.0
669.0
805.0
717.0
700.0
750.0
753.0
618.0
714.0
795.0
712.0
679.0
761.0
772.0
730.0
681.0
907.0
681.0
668.0
584.0
731.0
682.0
836.0
736.0
682.0
670.0
705.0
714.0
794.0
727.0
735.0
669.0
715.0
686.0
797.0
697.0
702.0
720.0
698.0
742.0
687.0
700.0
691.0
667.0
703.0
714.0
720.0
718.0
714.0
682.0
697.0
781.0
680.0
669.0
699.0
734.0
695.0
680.0
656.0
696.0
848.0
613.0
803.0
605.0
684.0
786.0
667.0
730.0
657.0
678.0
689.0
756.0
757.0
674.0
672.0
705.0
676.0
766.0
711.0
841.0
683.0
714.0
701.0
773.0
823.0
752.0
725.0
693.0
725.0
618.0
840.0
738.0
800.0
672.0
718.0
745.0
725.0
682.0
681.0
673.0
785.0
762.0
665.0
680.0
707.0
674.0
686.0
712.0
716.0
681.0
685.0
658.0
691.0
872.0
709.0
725.0
697.0
782.0
678.0
706.0
680.0
654.0
726.0
701.0
742.0
702.0
608.0
681.0
712.0
695.0
