0.9970064021439494
0.6214639672018843
0.6375074620511785
0.6278813651416019
0.7674999201553085
0.7722299539010903
0.5811361038491257
0.8532033361062139
0.6869617247626846
0.977171496483572
0.4739920913988744
0.6246726661717431
1.3917820750347487
0.7223573476583074
0.5925856764731549
1.0124790328188384
0.5702879903373552
0.7435947213956812
0.6342987630813195
0.46066404068572064
0.7117386607896206
0.6728034756044354
0.6763430378939976
0.5838481322270683
0.578424075471183
1.0670303841701898
0.7435947213956812
0.7722299539010903
0.6763430378939976
0.6022117733827312
0.7046595362104959
0.5757120470932404
1.0069238549741382
0.7506738459748058
0.6631770538100491
1.3205450706849082
1.0912754292152347
0.6599683548401902
0.6342987630813195
0.6342987630813195
0.6763430378939976
0.5925856764731549
0.800610156375781
0.8053401901215629
0.6905012870522469
0.8148002576131264
1.0852141679539735
0.6567596558703314
0.8337203925962535
0.5567278484476422
0.6535509569004726
0.5838481322270683
0.7722299539010903
0.9821302228986664
0.5540158200696996
0.6567596558703314
0.6407161610210372
0.6375074620511785
0.6118378702923079
0.6728034756044354
0.8100702238673446
0.7911500888842176
0.6182552682320255
0.947419137993006
0.7188177853687452
0.6118378702923079
1.145826780566586
0.608629171322449
0.7329760345269943
0.977171496483572
0.45844269890019496
0.3790307784070865
0.8384504263420354
0.6054204723525901
0.7627698864095267
0.7223573476583074
0.6054204723525901
0.6246726661717431
0.532319593046159
0.729436472237432
0.647133558960755
1.0246015553413608
0.8195302913589082
0.6182552682320255
0.729436472237432
0.6599683548401902
0.8100702238673446
1.0185402940800996
0.6763430378939976
0.6118378702923079
0.42290123033178495
1.1215817355215412
0.7627698864095267
0.8829556945967798
0.6869617247626846
0.6375074620511785
0.6975804116313714
1.552886581148114
0.7188177853687452
1.0791529066927124
0.7046595362104959
0.6407161610210372
0.6567596558703314
0.868079515351497
0.6798826001835601
0.6975804116313714
0.729436472237432
0.8482446096911196
0.6631770538100491
0.7471342836852435
1.5628806393774666
0.6631770538100491
0.578424075471183
1.1337042580440637
0.6182552682320255
0.608629171322449
0.758039852663745
0.43178659747388753
0.7011199739209337
0.6869617247626846
0.9573365908231948
0.7506738459748058
0.6763430378939976
0.5757120470932404
0.5990030744128725
1.0488466003864059
0.6599683548401902
0.8337203925962535
0.45177867354361806
0.5990030744128725
0.6054204723525901
0.5567278484476422
0.7864200551384357
0.6728034756044354
0.40617148408694875
2.2374783766128488
0.7223573476583074
0.4251225721173106
0.47843477496992565
0.5957943754430137
0.5925856764731549
0.608629171322449
0.6975804116313714
0.6310900641114607
0.5648639335814701
0.5730000187152979
0.7152782230791829
0.7506738459748058
0.6278813651416019
0.6798826001835601
0.8053401901215629
1.7998753933503389
0.7329760345269943
0.5990030744128725
0.3645557353778266
0.47177074961334875
0.7542134082643681
0.7046595362104959
0.5811361038491257
0.7152782230791829
0.7223573476583074
0.6567596558703314
0.7188177853687452
0.7329760345269943
0.44733598997256685
1.9165695222203416
0.5621519052035274
0.7046595362104959
0.8730382417665911
0.5621519052035274
0.3555088334845392
0.7046595362104959
0.7117386607896206
0.5241835079123311
0.7911500888842176
0.5513037916917571
1.6831812644803366
0.6834221624731223
1.416041690419364
0.6905012870522469
0.7081990985000584
0.3536994531058817
0.5757120470932404
0.9077493266722514
0.7046595362104959
0.6375074620511785
0.6975804116313714
0.7188177853687452
0.5925856764731549
0.6869617247626846
0.6869617247626846
0.6695944517497667
1.0852141679539735
0.6375074620511785
0.8100702238673446
0.41159962522292126
0.7011199739209337
0.7152782230791829
0.6342987630813195
0.758039852663745
0.6763430378939976
0.6763430378939976
0.6905012870522469
0.6975804116313714
0.7011199739209337
0.6182552682320255
0.6763430378939976
0.5957943754430137
0.7627698864095267
0.6407161610210372
0.6246726661717431
1.1337042580440637
1.1700718256116311
0.5241835079123311
0.7223573476583074
0.6975804116313714
0.7081990985000584
0.6728034756044354
0.6695944517497667
0.5865601606050109
0.5160474227785034
0.8829556945967798
1.456474382727056
0.7674999201553085
0.6798826001835601
0.9027906002571573
1.1518880418278474
0.5730000187152979
0.5648639335814701
0.6310900641114607
0.5702879903373552
0.5865601606050109
0.3681744961351416
0.7188177853687452
1.1094592129990186
0.4806561167554512
0.6310900641114607
0.7223573476583074
2.5146269326791053
0.947419137993006
0.758039852663745
0.7471342836852435
0.5925856764731549
0.5485917633138144
0.868079515351497
1.1094592129990186
0.5757120470932404
0.9821302228986664
1.0912754292152347
1.0246015553413608
0.868079515351497
0.7769599876468721
0.6567596558703314
0.8242603251046899
0.647133558960755
0.7188177853687452
0.9920476757288551
0.6567596558703314
0.6631770538100491
0.6342987630813195
0.5925856764731549
0.3536994531058817
0.5990030744128725
0.6278813651416019
0.6763430378939976
0.6503422579306137
1.0427853391251447
0.947419137993006
0.7958801226299993
0.7627698864095267
0.6695944517497667
1.6977680305890868
1.1276429967828023
0.643924859990896
0.6278813651416019
0.6940408493418091
0.7542134082643681
1.2138965199602703
0.6503422579306137
0.6182552682320255
0.5485917633138144
0.6869617247626846
0.47177074961334875
0.7506738459748058
1.5130801519578254
0.9622953172382892
0.740055159106119
0.7471342836852435
1.931156288329092
1.8728092238940905
0.6214639672018843
0.9077493266722514
1.4241282288809025
0.377221398028429
0.7769599876468721
0.7329760345269943
0.7958801226299993
0.6695944517497667
0.518759451156446
0.5350316214241014
0.6118378702923079
1.1276429967828023
1.229132027206647
1.5130801519578254
0.6278813651416019
1.2062787663370818
0.5865601606050109
1.1276429967828023
0.6407161610210372
0.7329760345269943
0.6869617247626846
0.6763430378939976
0.5594398768255849
0.6342987630813195
0.6407161610210372
0.9424604115779117
0.6798826001835601
0.6975804116313714
0.6599683548401902
0.8384504263420354
1.3917820750347487
0.8581620625213082
0.8482446096911196
1.054907861647667
0.7864200551384357
0.5730000187152979
0.7816900213926539
0.6798826001835601
0.6054204723525901
0.9722127700684776
0.5865601606050109
0.6118378702923079
1.2215142735834585
0.6150465692621667
0.5838481322270683
0.36274635499916913
0.37541201764977156
0.643924859990896
0.729436472237432
0.6535509569004726
1.2596030416994008
0.3591275942418542
0.8053401901215629
0.8337203925962535
0.8928731474269685
0.36998387651379905
1.0670303841701898
0.9970064021439494
0.7816900213926539
0.8148002576131264
0.5838481322270683
0.6375074620511785
0.5990030744128725
1.054907861647667
0.7506738459748058
0.6695944517497667
0.6940408493418091
0.6278813651416019
0.6663857527799079
0.7471342836852435
0.5838481322270683
0.7152782230791829
0.6375074620511785
1.7707018611328382
0.4739920913988744
0.6728034756044354
0.6375074620511785
1.3281628243080965
1.0124790328188384
0.6342987630813195
1.3513493827270566
0.6535509569004726
0.6054204723525901
0.7471342836852435
0.9920476757288551
0.729436472237432
0.8242603251046899
0.5838481322270683
0.4850988003265025
0.9325429587477232
0.6310900641114607
0.7258969099478697
0.758039852663745
0.8148002576131264
1.4969070750347482
0.3935058214363464
0.8532033361062139
0.7627698864095267
0.5730000187152979
0.647133558960755
0.3862682999217164
0.740055159106119
0.7258969099478697
0.42290123033178495
0.3953152018150039
1.1700718256116311
0.7188177853687452
0.8928731474269685
0.9226255059175344
0.729436472237432
0.7722299539010903
0.8053401901215629
0.6150465692621667
0.589376977503296
3.4330283117184193
0.8978318738420629
0.9523778644081005
0.6118378702923079
0.6503422579306137
0.6567596558703314
0.7471342836852435
0.7011199739209337
0.6599683548401902
1.335780577931285
0.37179325689245657
1.6128509305242282
0.7471342836852435
0.6834221624731223
0.7258969099478697
1.0306628166026224
0.44955733175809254
0.6022117733827312
0.8432858832760253
0.4451146481870412
0.7046595362104959
0.6214639672018843
0.6975804116313714
0.6869617247626846
1.1094592129990186
0.7471342836852435
1.2672207953225894
0.7958801226299993
0.6535509569004726
0.643924859990896
0.7046595362104959
0.589376977503296
0.6278813651416019
1.1518880418278474
0.740055159106119
0.7046595362104959
1.1910432590907052
0.578424075471183
0.6054204723525901
0.8879144210118742
0.7011199739209337
0.7471342836852435
0.8384504263420354
0.5567278484476422
0.6763430378939976
0.5540158200696996
0.5594398768255849
0.8631207889364026
1.1337042580440637
1.0069238549741382
1.0246015553413608
1.6728152799003422
0.7769599876468721
0.38084015878574395
0.8384504263420354
0.6182552682320255
0.7081990985000584
0.5757120470932404
0.8100702238673446
0.5648639335814701
0.6798826001835601
1.2215142735834585
0.6022117733827312
0.6342987630813195
0.9375016851628176
0.9722127700684776
0.6342987630813195
0.6278813651416019
0.8289903588504717
0.643924859990896
0.6798826001835601
1.1640105643503698
0.6695944517497667
0.6375074620511785
0.8148002576131264
0.6375074620511785
0.6728034756044354
0.6310900641114607
1.0185402940800996
0.729436472237432
0.7506738459748058
0.5811361038491257
0.6278813651416019
0.6278813651416019
0.6118378702923079
0.6278813651416019
0.8928731474269685
0.8482446096911196
0.4984268510396562
1.1986610127138932
0.6869617247626846
1.416041690419364
0.589376977503296
0.6054204723525901
0.6022117733827312
0.6342987630813195
0.6246726661717431
1.0609691229089284
0.6375074620511785
0.3555088334845392
0.4273439139028362
0.7435947213956812
0.7542134082643681
0.41159962522292126
1.359435921188595
0.7911500888842176
1.375608998111672
0.8053401901215629
0.5865601606050109
0.5957943754430137
0.5957943754430137
0.729436472237432
1.0185402940800996
0.6663857527799079
0.7011199739209337
1.472647459650133
0.4806561167554512
0.6940408493418091
0.7471342836852435
0.6310900641114607
0.6278813651416019
0.5513037916917571
1.0609691229089284
0.7769599876468721
0.3518900727272242
0.6631770538100491
1.229132027206647
1.3205450706849082
1.335780577931285
0.9970064021439494
0.5990030744128725
0.643924859990896
0.6695944517497667
0.9722127700684776
0.6342987630813195
0.647133558960755
0.6567596558703314
0.647133558960755
0.6567596558703314
0.8581620625213082
0.9127080530873458
0.578424075471183
0.8053401901215629
0.6342987630813195
0.7911500888842176
0.7958801226299993
0.5957943754430137
1.0069238549741382
0.6278813651416019
0.6246726661717431
0.5865601606050109
0.5567278484476422
0.5957943754430137
0.8928731474269685
1.2215142735834585
0.6118378702923079
0.5028695346107075
0.608629171322449
0.7769599876468721
0.8829556945967798
0.6940408493418091
0.800610156375781
0.9424604115779117
2.0624371833078454
0.7117386607896206
1.8873959900028412
1.2672207953225894
0.6118378702923079
0.9523778644081005
1.0367240778638833
0.6054204723525901
0.5990030744128725
0.6503422579306137
0.6663857527799079
0.6599683548401902
0.3916964410576889
0.6728034756044354
0.6663857527799079
0.7722299539010903
0.800610156375781
0.608629171322449
0.8384504263420354
0.5431677065579292
1.1155204742602798
0.6975804116313714
0.44733598997256685
1.3129273170617197
0.9573365908231948
0.7329760345269943
0.9226255059175344
0.6905012870522469
2.1061974816340956
0.6407161610210372
0.6567596558703314
0.7011199739209337
0.7674999201553085
0.7046595362104959
0.4206798885462594
0.729436472237432
1.0427853391251447
0.6310900641114607
0.7627698864095267
0.5214714795343884
0.8384504263420354
0.6118378702923079
0.9573365908231948
0.7117386607896206
0.532319593046159
0.7329760345269943
1.7998753933503389
0.5377436498020441
0.7816900213926539
0.6278813651416019
0.8482446096911196
0.6599683548401902
0.5865601606050109
0.647133558960755
0.8195302913589082
0.977171496483572
0.5757120470932404
0.729436472237432
0.44733598997256685
1.7998753933503389
0.8532033361062139
3.0543372787028673
0.8581620625213082
0.5621519052035274
0.6728034756044354
0.6798826001835601
0.5990030744128725
0.6905012870522469
0.6118378702923079
0.5702879903373552
0.7081990985000584
0.740055159106119
