0.6626901359434081
0.7484368399879993
0.6712253186227044
0.8370143234619941
1.0460865898505942
0.8874256343603971
0.6228592834400251
0.8295187797899797
0.6228592834400251
0.42942177604281745
0.5448528525524882
0.6935960267927559
0.61147903986763
0.7129516079204888
0.9761978565826193
0.5656296848335751
0.6427747096917167
0.868736745471508
0.6712253186227044
0.6570000141572105
1.0248156445455041
0.7323071890482218
0.7419849796120883
1.0042311899159524
1.3650909664266615
0.6626901359434081
0.7516627701759547
0.7194034682963998
0.3705949015096476
0.7387590494241327
0.597253735402136
0.6935960267927559
0.7355331192361771
0.637084587905519
0.7620588867418512
0.7064997475445779
0.6057889180814324
0.7097256777325334
0.6427747096917167
0.6427747096917167
0.7695544304138655
0.8295187797899797
0.47425951364133395
0.6541549532641118
0.5402357787122466
1.0514043261768669
1.2605976220648831
0.6029438571883335
0.6570000141572105
0.5379272417921259
0.6456197705848155
0.3721340669562069
0.8032843769379298
0.38752572142179986
0.6171691616538276
0.6712253186227044
0.5171504095110387
0.9995589676937303
0.7194034682963998
0.6228592834400251
0.6228592834400251
0.4567143119723492
0.6742404456650228
0.6655351968365069
0.6742404456650228
0.6086339789745313
0.7129516079204888
0.8107799206099441
0.6839182362288894
0.6570000141572105
0.6935960267927559
0.9107867454715081
0.6935960267927559
0.9248034121381747
0.5610126109933337
0.6427747096917167
1.0514043261768669
0.7226293984843553
0.8547200788048415
0.7032738173566223
0.7658066585778583
0.3567424124906139
0.3628990742768511
1.0833107441345018
0.7194034682963998
0.7355331192361771
0.6626901359434081
0.5310016310317635
0.7995366051019226
0.5102247987506765
0.6570000141572105
0.5656296848335751
0.7452109098000438
0.7695544304138655
0.7583111149058441
0.7620588867418512
0.5864065171146622
0.8182754642819583
0.5702467586738167
0.6456197705848155
0.6399296487986178
0.7161775381084443
0.7733022022498726
0.45866377882445863
0.7583111149058441
0.5944086745090372
1.192993120457166
0.8032843769379298
0.5517784633128505
0.9014423010270637
0.5517784633128505
0.7733022022498726
0.5794809063542998
0.6228592834400251
0.3998390449942742
1.3650909664266615
0.7452109098000438
0.5517784633128505
0.40599570678051145
1.1737122616811348
0.6742404456650228
1.373123440161141
0.5240760202714011
0.9388200788048415
0.5817894432744206
5.840316253353134
0.3505857507043767
0.6342395270124204
0.7770499740858798
0.6484648314779141
0.6143241007607287
0.34596825436469886
1.1997535706179379
0.6541549532641118
0.7452109098000438
0.9621811899159525
0.597253735402136
0.6086339789745313
0.7484368399879993
0.577172369434179
0.7129516079204888
0.7516627701759547
1.3417230239941436
1.115217162092137
0.6712253186227044
0.7000478871686668
0.5402357787122466
0.577172369434179
0.7000478871686668
0.5702467586738167
0.3890648868683591
0.6570000141572105
0.7258553286723107
0.46451217938078687
1.3570584926921823
0.6000987962952348
0.5725552955939375
0.5887185527228396
0.8182754642819583
0.7355331192361771
1.1862326702963943
0.7387590494241327
0.6484648314779141
0.5748638325140583
0.8920978565826192
0.7097256777325334
0.6598450750503093
0.318767043177474
0.651309892371013
0.4333207097470363
0.577172369434179
0.6541549532641118
0.5517784633128505
0.971525634360397
0.651309892371013
0.8070321487739369
0.637084587905519
0.6903700966048003
0.7484368399879993
0.6742404456650228
0.41215236856674864
0.4898552484582092
0.3613599088302918
1.4855780724438532
0.6839182362288894
1.3891883876300999
2.079502512378823
0.6456197705848155
0.8182754642819583
0.637084587905519
0.7355331192361771
0.9808700788048416
0.7355331192361771
0.5817894432744206
0.6626901359434081
0.6171691616538276
0.7882932895939012
0.8734089676937303
0.6200142225469264
0.6200142225469264
0.6057889180814324
1.0248156445455041
0.7226293984843553
1.1098994257658643
0.6000987962952348
0.3552032470440546
0.7548887003639103
1.104581689439592
0.5817894432744206
0.6456197705848155
0.6342395270124204
0.6712253186227044
0.7064997475445779
0.32772201731802775
0.7097256777325334
0.9154589676937304
0.5887185527228396
0.7064997475445779
1.0833107441345018
0.6839182362288894
0.6313944661193215
0.6200142225469264
0.7161775381084443
0.6806923060409339
0.6712253186227044
0.61147903986763
1.0194979082192315
0.9341478565826191
1.0886284804607742
1.0301333808717765
0.597253735402136
0.5263845571915219
0.8182754642819583
0.49570364901453745
0.8145276924459511
0.5517784633128505
0.6598450750503093
0.5656296848335751
0.651309892371013
5.499893070280456
0.6570000141572105
1.2065140207787095
0.6200142225469264
0.6399296487986178
0.7882932895939012
0.577172369434179
0.6200142225469264
0.5125333356707972
0.4075348722270707
0.6427747096917167
0.6143241007607287
0.7452109098000438
0.40137821044083355
0.5610126109933337
0.7161775381084443
1.1737122616811348
0.7226293984843553
0.49375418216242806
1.0779930078082294
0.6342395270124204
0.9995589676937303
0.44696697771180216
0.7323071890482218
0.5517784633128505
0.6200142225469264
1.1997535706179379
1.0992639531133193
2.0516432991283065
0.6598450750503093
0.6839182362288894
0.7658066585778583
0.6200142225469264
0.5725552955939375
1.731262346747354
0.7097256777325334
0.6806923060409339
0.7161775381084443
1.3214416735118284
2.1352209388798586
0.5448528525524882
0.5494699263927297
0.7032738173566223
0.9154589676937304
0.5286930941116427
0.40907403767363004
0.7583111149058441
0.7484368399879993
0.7920410614299083
0.6143241007607287
0.5125333356707972
0.7620588867418512
0.5915636136159385
0.8920978565826192
0.9902145232492859
0.5915636136159385
0.651309892371013
1.0567220625031393
1.0460865898505942
0.597253735402136
0.7658066585778583
0.7957888332659154
0.5425443156323674
0.5944086745090372
0.7620588867418512
0.5840979801945414
0.6541549532641118
0.61147903986763
0.868736745471508
1.192993120457166
0.7194034682963998
0.6839182362288894
0.61147903986763
1.1311703710709544
0.40137821044083355
0.6257043443331239
0.651309892371013
0.6570000141572105
0.6029438571883335
0.6427747096917167
0.6285494052262227
0.6712253186227044
0.5656296848335751
1.0833107441345018
1.1418058437234995
0.43721964345125514
0.5915636136159385
0.868736745471508
0.6427747096917167
1.1311703710709544
0.9434923010270636
0.5840979801945414
0.5517784633128505
0.7032738173566223
0.5171504095110387
0.6427747096917167
0.864064523249286
0.6000987962952348
0.8500478565826193
0.9248034121381747
0.5517784633128505
0.6968219569807114
0.5587040740732129
0.6342395270124204
0.5887185527228396
1.4936105461783324
0.7733022022498726
0.6285494052262227
0.6598450750503093
0.9761978565826193
0.7920410614299083
0.6000987962952348
0.5171504095110387
0.8593923010270635
0.4898552484582092
0.352124916150936
0.4567143119723492
0.9107867454715081
2.4416722846355525
0.5356187048720051
0.8220232361179655
0.7194034682963998
0.5402357787122466
0.8145276924459511
0.9902145232492859
0.5887185527228396
1.0673575351556843
0.44891644456391155
1.0992639531133193
0.9388200788048415
0.43721964345125514
0.7620588867418512
0.7323071890482218
0.5402357787122466
0.6285494052262227
0.6570000141572105
0.5817894432744206
0.7258553286723107
0.5240760202714011
0.577172369434179
0.32388417125779045
0.6427747096917167
0.784545517757894
0.7484368399879993
1.1524413163760445
0.5840979801945414
1.3972208613645793
1.2132744709394812
0.6484648314779141
1.3490260189577026
1.115217162092137
0.637084587905519
0.8500478565826193
0.6228592834400251
0.651309892371013
0.7583111149058441
0.6683802577296057
0.6903700966048003
0.6742404456650228
0.7882932895939012
1.2065140207787095
0.577172369434179
0.41523069945986724
0.6200142225469264
1.1205348984184096
1.3282021236726003
0.7355331192361771
0.6427747096917167
0.9902145232492859
0.6935960267927559
2.455601891260811
0.5517784633128505
0.5333101679518844
0.7226293984843553
0.3200463251975531
0.7323071890482218
0.651309892371013
0.8500478565826193
0.9668534121381748
0.5610126109933337
0.637084587905519
0.5379272417921259
0.61147903986763
0.6839182362288894
0.6683802577296057
0.6228592834400251
0.7770499740858798
0.4167698649064265
1.2132744709394812
0.6484648314779141
1.0248156445455041
0.6598450750503093
0.7323071890482218
0.7583111149058441
0.6806923060409339
0.7290812588602662
0.7658066585778583
0.7882932895939012
0.6839182362288894
0.6626901359434081
0.9294756343603969
0.840762095298001
0.44111857715547387
0.41369153401330794
0.49765311586664684
1.0460865898505942
0.7097256777325334
0.6171691616538276
0.8370143234619941
0.8032843769379298
0.7387590494241327
0.6806923060409339
1.1364881073972268
0.5448528525524882
1.6106437512267817
0.7097256777325334
0.8874256343603971
0.7323071890482218
0.8967700788048413
0.6427747096917167
0.6806923060409339
0.6774663758529783
0.8547200788048415
0.5517784633128505
0.6903700966048003
0.6228592834400251
0.8145276924459511
0.6683802577296057
1.2943998728687416
0.5356187048720051
1.6696612950864307
0.7032738173566223
0.7290812588602662
0.577172369434179
0.3906040523149184
0.7733022022498726
0.32772201731802775
0.5286930941116427
0.6484648314779141
0.46061324567656803
0.6171691616538276
0.6029438571883335
0.577172369434179
0.37675156329588483
0.6712253186227044
0.864064523249286
0.6968219569807114
0.6000987962952348
0.6200142225469264
0.6742404456650228
0.3998390449942742
0.868736745471508
0.6029438571883335
0.8295187797899797
0.6484648314779141
0.7097256777325334
0.7161775381084443
1.0407688535243216
1.0567220625031393
0.6968219569807114
2.3859538581345174
0.61147903986763
0.784545517757894
0.5887185527228396
0.32900129933810685
1.0833107441345018
0.6742404456650228
2.4695314978860696
0.6342395270124204
0.6541549532641118
0.7770499740858798
0.5915636136159385
0.8780811899159524
0.9434923010270636
0.5887185527228396
0.9575089676937304
0.7064997475445779
0.6143241007607287
0.8500478565826193
0.6806923060409339
0.8780811899159524
0.8874256343603971
0.7995366051019226
1.3079207731902853
0.6285494052262227
0.6774663758529783
0.6484648314779141
0.9014423010270637
0.6257043443331239
0.7419849796120883
0.6839182362288894
0.7064997475445779
1.0407688535243216
0.5286930941116427
0.9575089676937304
0.7882932895939012
0.46646164623289627
0.6968219569807114
1.1205348984184096
0.6228592834400251
0.5425443156323674
0.6903700966048003
0.6806923060409339
0.8370143234619941
0.7620588867418512
0.6774663758529783
0.6285494052262227
0.6570000141572105
0.597253735402136
1.0301333808717765
0.637084587905519
0.7290812588602662
0.9201311899159526
0.8145276924459511
0.651309892371013
0.6839182362288894
0.6029438571883335
0.6086339789745313
0.6683802577296057
0.6806923060409339
0.49765311586664684
0.6029438571883335
0.6171691616538276
0.840762095298001
1.1683945253548622
0.5425443156323674
0.9668534121381748
0.7419849796120883
0.5817894432744206
0.868736745471508
1.1997535706179379
1.0567220625031393
1.1794722201356227
0.6057889180814324
0.8734089676937303
0.9621811899159525
0.7355331192361771
0.5379272417921259
0.6313944661193215
0.3659774051699697
1.0673575351556843
0.8332665516259868
0.9902145232492859
0.6456197705848155
0.7419849796120883
0.514841872590918
0.6774663758529783
0.3536640815974953
0.6968219569807114
1.1737122616811348
1.3282021236726003
0.9855423010270636
0.7064997475445779
1.6106437512267817
0.8967700788048413
0.7695544304138655
0.9902145232492859
0.7484368399879993
0.7064997475445779
0.6903700966048003
0.6484648314779141
0.3398115925784616
1.1205348984184096
0.784545517757894
0.6200142225469264
0.9014423010270637
0.7194034682963998
0.6456197705848155
0.6598450750503093
0.5915636136159385
0.7695544304138655
0.6626901359434081
1.1258526347446818
0.5448528525524882
0.5633211479134544
0.6541549532641118
0.6228592834400251
0.6057889180814324
0.6200142225469264
0.40137821044083355
0.5333101679518844
0.9808700788048416
0.6484648314779141
0.8874256343603971
0.39676071410115565
1.147123580049772
0.6484648314779141
0.5944086745090372
0.6342395270124204
0.36905573606308834
0.651309892371013
0.7194034682963998
0.597253735402136
0.6935960267927559
0.6712253186227044
0.4840068479018809
0.5887185527228396
0.7583111149058441
0.8734089676937303
0.8032843769379298
0.5633211479134544
0.8967700788048413
0.3998390449942742
0.3628990742768511
4.012043931915459
0.9855423010270636
0.7419849796120883
0.6086339789745313
0.6903700966048003
0.6871441664168448
0.6171691616538276
0.6683802577296057
0.7064997475445779
0.6839182362288894
0.6342395270124204
0.637084587905519
0.8370143234619941
0.8032843769379298
0.48790578160609976
0.6683802577296057
0.6683802577296057
0.5217674833512803
0.31492919711723677
0.5887185527228396
0.7658066585778583
0.868736745471508
1.1205348984184096
0.7323071890482218
0.6086339789745313
0.5702467586738167
0.6086339789745313
0.7882932895939012
0.5702467586738167
2.1073617256293415
0.6806923060409339
0.5425443156323674
0.6399296487986178
