702.0
720.0
751.0
589.0
712.0
708.0
609.0
656.0
698.0
717.0
768.0
743.0
793.0
676.0
704.0
732.0
684.0
609.0
712.0
738.0
934.0
713.0
700.0
719.0
714.0
743.0
856.0
834.0
737.0
807.0
727.0
708.0
710.0
915.0
790.0
822.0
701.0
727.0
733.0
722.0
776.0
699.0
801.0
817.0
695.0
615.0
701.0
694.0
725.0
742.0
702.0
734.0
756.0
729.0
710.0
702.0
702.0
582.0
686.0
709.0
706.0
738.0
709.0
706.0
685.0
868.0
730.0
724.0
714.0
721.0
770.0
714.0
701.0
744.0
745.0
720.0
684.0
710.0
756.0
693.0
711.0
699.0
672.0
714.0
703.0
780.0
770.0
747.0
741.0
691.0
711.0
731.0
691.0
589.0
676.0
790.0
730.0
762.0
714.0
822.0
722.0
708.0
764.0
750.0
695.0
760.0
696.0
632.0
708.0
684.0
717.0
795.0
722.0
929.0
750.0
735.0
680.0
717.0
680.0
713.0
717.0
707.0
728.0
740.0
746.0
760.0
757.0
773.0
800.0
756.0
756.0
709.0
729.0
746.0
770.0
738.0
682.0
815.0
689.0
729.0
761.0
701.0
748.0
772.0
708.0
744.0
741.0
710.0
814.0
754.0
818.0
698.0
705.0
700.0
781.0
674.0
829.0
642.0
702.0
715.0
681.0
690.0
756.0
1001.0
669.0
704.0
811.0
711.0
661.0
754.0
733.0
755.0
721.0
718.0
734.0
714.0
742.0
886.0
781.0
690.0
724.0
785.0
703.0
716.0
809.0
695.0
669.0
726.0
833.0
708.0
709.0
627.0
722.0
714.0
842.0
596.0
750.0
603.0
712.0
720.0
829.0
779.0
699.0
808.0
613.0
728.0
791.0
769.0
804.0
829.0
726.0
714.0
746.0
740.0
736.0
825.0
737.0
669.0
685.0
727.0
725.0
749.0
670.0
690.0
707.0
764.0
782.0
594.0
760.0
680.0
797.0
863.0
795.0
705.0
716.0
689.0
731.0
691.0
692.0
806.0
726.0
753.0
698.0
725.0
748.0
772.0
806.0
754.0
820.0
584.0
587.0
587.0
694.0
685.0
713.0
713.0
731.0
805.0
734.0
704.0
798.0
690.0
779.0
614.0
747.0
604.0
627.0
736.0
751.0
697.0
777.0
700.0
807.0
673.0
681.0
672.0
814.0
711.0
715.0
665.0
704.0
682.0
713.0
690.0
725.0
706.0
714.0
708.0
699.0
721.0
715.0
817.0
737.0
705.0
688.0
673.0
725.0
714.0
744.0
727.0
746.0
796.0
788.0
714.0
586.0
797.0
720.0
744.0
707.0
767.0
713.0
736.0
717.0
833.0
680.0
774.0
861.0
725.0
642.0
690.0
692.0
760.0
710.0
708.0
741.0
850.0
704.0
701.0
670.0
791.0
583.0
716.0
780.0
772.0
746.0
705.0
724.0
733.0
852.0
751.0
671.0
776.0
575.0
721.0
724.0
781.0
738.0
747.0
629.0
708.0
737.0
728.0
843.0
705.0
723.0
710.0
788.0
729.0
700.0
730.0
713.0
683.0
741.0
725.0
842.0
785.0
653.0
773.0
733.0
688.0
743.0
674.0
774.0
706.0
780.0
755.0
715.0
721.0
682.0
753.0
709.0
767.0
685.0
712.0
719.0
697.0
692.0
847.0
721.0
722.0
741.0
779.0
829.0
648.0
729.0
810.0
758.0
681.0
705.0
726.0
696.0
752.0
741.0
733.0
727.0
684.0
663.0
586.0
743.0
737.0
717.0
653.0
748.0
726.0
708.0
706.0
833.0
734.0
709.0
770.0
703.0
695.0
690.0
714.0
713.0
698.0
826.0
795.0
779.0
730.0
692.0
752.0
731.0
846.0
769.0
717.0
701.0
717.0
698.0
723.0
706.0
698.0
733.0
817.0
712.0
689.0
689.0
729.0
715.0
779.0
800.0
707.0
698.0
576.0
819.0
590.0
734.0
726.0
732.0
765.0
730.0
730.0
638.0
688.0
720.0
744.0
727.0
718.0
738.0
598.0
625.0
735.0
805.0
710.0
762.0
863.0
710.0
728.0
745.0
659.0
736.0
687.0
735.0
801.0
762.0
771.0
722.0
741.0
714.0
763.0
717.0
657.0
699.0
732.0
601.0
722.0
709.0
708.0
722.0
726.0
668.0
845.0
737.0
776.0
692.0
706.0
709.0
868.0
746.0
698.0
677.0
648.0
752.0
716.0
710.0
680.0
749.0
678.0
773.0
784.0
703.0
718.0
702.0
694.0
727.0
714.0
696.0
709.0
725.0
836.0
714.0
736.0
702.0
831.0
694.0
693.0
709.0
685.0
727.0
736.0
736.0
743.0
806.0
724.0
757.0
831.0
701.0
733.0
689.0
760.0
722.0
692.0
696.0
734.0
712.0
721.0
740.0
688.0
722.0
738.0
705.0
806.0
717.0
706.0
596.0
676.0
776.0
724.0
699.0
697.0
807.0
797.0
714.0
771.0
681.0
725.0
694.0
818.0
713.0
788.0
683.0
720.0
672.0
751.0
732.0
696.0
660.0
716.0
833.0
762.0
698.0
704.0
709.0
828.0
809.0
726.0
732.0
722.0
637.0
730.0
744.0
737.0
746.0
720.0
724.0
680.0
781.0
784.0
709.0
810.0
767.0
734.0
720.0
742.0
881.0
718.0
716.0
739.0
919.0
772.0
706.0
709.0
785.0
714.0
732.0
721.0
706.0
705.0
726.0
753.0
857.0
720.0
722.0
736.0
725.0
703.0
728.0
696.0
693.0
845.0
734.0
697.0
826.0
820.0
706.0
696.0
700.0
821.0
688.0
699.0
701.0
746.0
703.0
779.0
593.0
942.0
712.0
703.0
736.0
716.0
678.0
710.0
711.0
819.0
845.0
874.0
692.0
744.0
