1.0868068854222206
0.5309945033962306
0.7246890035009873
0.810132244129701
0.5638263352280624
0.7526282652459537
0.5789794883812157
0.7726355092581295
0.4147679922562197
0.5688773862791134
0.7851344208819867
0.6040112187738004
2.470867921368799
0.9804691164757268
0.6723769030707605
0.5436221310238581
1.0394501843912927
0.6897649263197791
0.5562497586514858
0.6426526925068649
0.7934670286312249
1.2603900283760825
0.6792877031654168
0.6040112187738004
0.6604872188452021
0.5613008097025368
0.7246890035009873
0.6307630082813065
1.3384412387528095
0.5587752841770114
0.6218457451121379
0.9658349315512627
0.9609568699097747
0.6575147977888126
0.7351662266553497
1.2532944637963799
0.5980663766610214
0.6456251135632544
0.7002421494741415
1.1578419369686124
0.5309945033962306
0.7976333325058439
0.60698363983019
2.014203006322382
0.7809681170073676
0.5739284373301645
0.6159009029993586
0.6307630082813065
0.6248181661685274
1.004859424683167
1.0157718338758286
0.5587752841770114
0.745643449809712
0.882907883645966
0.566351860753588
0.9658349315512627
0.6218457451121379
0.654542376732423
0.6218457451121379
0.6396802714504752
0.7601365976342723
0.6634596399015918
0.6277905872249169
0.5613008097025368
0.8975420685704301
0.9024201302119182
0.6307630082813065
0.8017996363804629
0.7107193726285039
0.8142985480043201
0.6634596399015918
0.6307630082813065
0.9463226849853106
1.1696811122263444
0.7037345571922624
0.6575147977888126
0.7768018131327485
0.6040112187738004
0.6248181661685274
0.6426526925068649
0.6426526925068649
0.8926640069289421
0.6664320609579814
0.7976333325058439
0.5587752841770114
0.5385710799728072
0.745643449809712
0.6367078503940855
0.6099560608865795
0.6604872188452021
0.5638263352280624
0.6099560608865795
0.5537242331259604
0.8438833905140617
0.9463226849853106
0.6604872188452021
0.6967497417560208
0.7491358575278328
0.7002421494741415
0.633735429337696
0.5688773862791134
0.6040112187738004
0.7976333325058439
0.4198723260261929
0.7316738189372288
0.5613008097025368
0.6604872188452021
0.7643029015088915
1.0808872977933548
1.539067872727665
0.5764539628556901
0.44065866010688093
0.7177041880647456
1.4617550802659895
0.8585175754385258
0.8975420685704301
0.9365665617023344
0.5950939556046316
1.8079672382369028
0.5840305394322667
1.6038313490752998
0.7107193726285039
0.5562497586514858
0.6218457451121379
0.6515699556760335
0.5057392481409753
0.7177041880647456
0.5410966054983327
0.8633956370800139
0.7351662266553497
0.6723769030707605
0.7386586343734705
0.6396802714504752
0.7684692053835105
0.5764539628556901
1.0216914215046946
0.5259434523451795
0.882907883645966
1.0868068854222206
0.5980663766610214
0.6515699556760335
0.6967497417560208
0.5764539628556901
0.5950939556046316
0.6694044820143709
0.7976333325058439
0.7316738189372288
1.1104852359376847
0.7934670286312249
0.6634596399015918
1.38703642281288
0.5789794883812157
0.5980663766610214
0.7934670286312249
0.5034510941536703
0.7037345571922624
0.6396802714504752
0.8351300673774154
0.5511987076004348
0.5980663766610214
0.6515699556760335
0.6792877031654168
0.8267974596281772
0.6827801108835375
0.7037345571922624
0.9170543151363824
0.6664320609579814
0.5537242331259604
0.6099560608865795
1.3787343497625344
0.6694044820143709
1.2320077700572727
1.3704322767121888
0.5486731820749092
0.6515699556760335
0.5840305394322667
0.6307630082813065
0.7976333325058439
0.6218457451121379
0.48670644507452654
0.8351300673774154
0.6277905872249169
0.5815050139067411
0.887785945287454
0.7246890035009873
0.6515699556760335
0.7037345571922624
0.7684692053835105
0.5815050139067411
0.9219323767778703
0.6827801108835375
0.6159009029993586
0.48879952620941947
0.5980663766610214
0.887785945287454
0.7601365976342723
0.49926493188388443
0.518366875768603
0.633735429337696
0.654542376732423
0.654542376732423
0.566351860753588
0.6307630082813065
0.9268104384193583
0.6159009029993586
0.6723769030707605
0.633735429337696
0.8309637635027962
1.1223244111954165
0.7491358575278328
0.6897649263197791
0.7386586343734705
0.654542376732423
0.5789794883812157
0.8487614521555497
0.6159009029993586
0.5613008097025368
0.7246890035009873
0.5789794883812157
0.571402911804639
0.6456251135632544
0.6575147977888126
0.9999813630416791
0.6099560608865795
0.7072269649103832
0.6426526925068649
0.6897649263197791
0.6604872188452021
0.5208924012941284
0.7211965957828664
0.5950939556046316
0.6218457451121379
0.6827801108835375
0.7351662266553497
0.6010387977174109
0.5840305394322667
1.1282439988242825
0.6634596399015918
0.44065866010688093
0.6723769030707605
2.927532836415217
0.7491358575278328
0.6932573340378999
0.6967497417560208
0.5133158247175519
1.22491220547757
0.518366875768603
0.6694044820143709
0.60698363983019
0.6188733240557481
0.7893007247566057
0.6307630082813065
0.5764539628556901
1.0868068854222206
0.7934670286312249
0.7768018131327485
0.7037345571922624
0.5259434523451795
0.7386586343734705
0.6932573340378999
0.745643449809712
0.8487614521555497
0.7002421494741415
0.6897649263197791
0.6604872188452021
0.7281814112191081
0.633735429337696
0.5461476565493837
0.6862725186016584
0.8309637635027962
0.8392963712520344
0.6307630082813065
0.5950939556046316
0.5764539628556901
0.6827801108835375
0.8926640069289421
0.6010387977174109
0.5865560649577921
0.6604872188452021
0.5980663766610214
0.882907883645966
0.6897649263197791
1.0808872977933548
0.5638263352280624
0.7386586343734705
0.60698363983019
0.5013580130187774
0.571402911804639
0.5057392481409753
0.5764539628556901
0.7491358575278328
0.6099560608865795
0.6634596399015918
0.5562497586514858
0.6040112187738004
0.6967497417560208
0.5309945033962306
0.5436221310238581
0.6456251135632544
0.5133158247175519
2.6623725631624584
0.60698363983019
0.6426526925068649
0.7643029015088915
0.4511240657813459
0.6792877031654168
1.4451509341652984
0.4846133639396336
1.3384412387528095
0.7601365976342723
0.6723769030707605
1.1965299471587603
0.5865560649577921
0.60698363983019
0.48670644507452654
0.887785945287454
0.6277905872249169
0.49926493188388443
1.0927264730510864
0.7386586343734705
1.2036255117384627
0.5385710799728072
0.4846133639396336
0.4971718507489914
0.7643029015088915
0.5840305394322667
0.6792877031654168
0.6515699556760335
0.8267974596281772
0.654542376732423
0.6515699556760335
0.7211965957828664
0.5739284373301645
0.4825202828047406
0.633735429337696
0.566351860753588
0.60698363983019
0.5980663766610214
0.4825202828047406
0.6862725186016584
0.7072269649103832
0.6792877031654168
0.8682736987215017
0.5840305394322667
0.7561206729640745
0.6694044820143709
0.5034510941536703
1.0216914215046946
0.4113651030762376
0.6694044820143709
0.7211965957828664
0.633735429337696
0.5158413502430774
0.5511987076004348
0.6159009029993586
0.8487614521555497
0.7526282652459537
0.6307630082813065
0.8438833905140617
0.7072269649103832
0.6694044820143709
0.7768018131327485
0.8309637635027962
0.6307630082813065
0.7561206729640745
0.6248181661685274
0.7684692053835105
1.1282439988242825
0.7726355092581295
0.4218209298928441
0.6040112187738004
0.7351662266553497
0.7976333325058439
1.317154545013702
0.7934670286312249
0.6456251135632544
0.7246890035009873
1.4866612994170258
0.5613008097025368
0.6188733240557481
0.7281814112191081
0.6604872188452021
0.5234179268196538
1.1637615245974784
0.566351860753588
0.6723769030707605
0.566351860753588
0.6159009029993586
0.6456251135632544
0.654542376732423
0.5638263352280624
0.648597534619644
0.6188733240557481
0.654542376732423
0.5057392481409753
0.60698363983019
0.6188733240557481
0.6188733240557481
0.5739284373301645
0.633735429337696
0.8017996363804629
0.6159009029993586
0.9999813630416791
0.7037345571922624
0.5638263352280624
0.6897649263197791
0.4783341205349546
0.7351662266553497
0.571402911804639
0.5980663766610214
0.7976333325058439
0.8438833905140617
0.6218457451121379
0.9512007466267985
0.6634596399015918
0.46996179599538274
0.7491358575278328
0.5034510941536703
0.7809681170073676
0.4113651030762376
0.5789794883812157
1.1894343825790579
0.7351662266553497
0.6188733240557481
0.5537242331259604
0.9999813630416791
0.5980663766610214
0.6456251135632544
0.5234179268196538
0.5980663766610214
0.6827801108835375
1.1045656483088184
1.0098522462469626
0.7768018131327485
0.5511987076004348
0.5335200289217561
0.6159009029993586
0.5082647736665008
1.0572089472778905
0.7976333325058439
0.6218457451121379
0.648597534619644
0.5587752841770114
0.6188733240557481
0.7809681170073676
0.7107193726285039
0.5638263352280624
0.6396802714504752
0.8226311557535582
0.7351662266553497
0.9072981918534062
0.4113651030762376
0.6188733240557481
0.633735429337696
0.7851344208819867
0.818464851878939
0.6040112187738004
0.5764539628556901
0.9072981918534062
1.0394501843912927
0.6604872188452021
0.6456251135632544
0.5815050139067411
0.7809681170073676
0.5410966054983327
0.5638263352280624
0.48879952620941947
1.2603900283760825
0.6159009029993586
0.6932573340378999
0.7037345571922624
0.6456251135632544
0.60698363983019
0.6897649263197791
0.5739284373301645
0.9707129931927508
0.6218457451121379
0.985347178117215
1.0276110091335606
0.7491358575278328
0.6575147977888126
0.5034510941536703
1.0631285349067563
1.5115675185680628
0.5309945033962306
1.1104852359376847
0.5980663766610214
0.648597534619644
1.0986460606799524
0.5865560649577921
0.9951033014001909
0.5840305394322667
0.5486731820749092
0.675795295447296
0.571402911804639
1.3953384958632256
0.6723769030707605
0.6426526925068649
0.6159009029993586
0.810132244129701
0.6307630082813065
0.6664320609579814
0.6040112187738004
0.7037345571922624
0.6426526925068649
0.5436221310238581
0.5921215345482421
0.6792877031654168
1.0276110091335606
0.5436221310238581
0.5950939556046316
0.6159009029993586
0.5638263352280624
0.5537242331259604
0.5739284373301645
0.5865560649577921
0.5511987076004348
0.6634596399015918
0.6396802714504752
0.571402911804639
0.6515699556760335
0.6396802714504752
0.4971718507489914
0.5638263352280624
0.5259434523451795
0.528468977870705
0.5739284373301645
0.49926493188388443
0.6694044820143709
0.6277905872249169
0.8536395137970377
0.654542376732423
0.5511987076004348
0.7421510420915913
0.6634596399015918
1.3100589804339995
0.7316738189372288
0.5107902991920262
0.7107193726285039
0.5436221310238581
1.0868068854222206
0.571402911804639
0.882907883645966
1.1104852359376847
0.8682736987215017
0.5613008097025368
0.5815050139067411
0.5980663766610214
0.7561206729640745
1.0572089472778905
0.6456251135632544
0.7246890035009873
0.5865560649577921
0.4281001732975231
0.6277905872249169
0.6307630082813065
0.7107193726285039
0.6188733240557481
0.6792877031654168
0.5360455544472816
0.7002421494741415
0.887785945287454
0.6307630082813065
0.612928481942969
0.5980663766610214
0.6604872188452021
0.5335200289217561
0.6010387977174109
0.9121762534948942
0.6010387977174109
0.612928481942969
0.5815050139067411
0.5980663766610214
0.7142117803466248
0.5764539628556901
0.8142985480043201
0.5208924012941284
1.5115675185680628
0.6218457451121379
0.6307630082813065
0.7601365976342723
0.9365665617023344
0.9609568699097747
0.5764539628556901
0.6218457451121379
0.5789794883812157
0.8682736987215017
0.8536395137970377
0.6694044820143709
0.7976333325058439
0.7809681170073676
0.6218457451121379
0.633735429337696
