549.0
534.0
493.0
571.0
499.0
510.0
534.0
525.0
532.0
498.0
515.0
532.0
509.0
501.0
552.0
488.0
517.0
624.0
540.0
635.0
502.0
520.0
544.0
560.0
534.0
559.0
508.0
532.0
502.0
521.0
562.0
570.0
586.0
500.0
504.0
437.0
653.0
612.0
548.0
528.0
546.0
549.0
468.0
492.0
514.0
604.0
534.0
572.0
518.0
506.0
633.0
557.0
538.0
518.0
523.0
509.0
538.0
557.0
566.0
469.0
500.0
459.0
584.0
528.0
579.0
613.0
451.0
532.0
489.0
552.0
469.0
538.0
533.0
519.0
421.0
478.0
523.0
633.0
555.0
482.0
537.0
493.0
538.0
526.0
534.0
533.0
493.0
564.0
470.0
509.0
481.0
585.0
498.0
572.0
533.0
534.0
494.0
738.0
578.0
529.0
608.0
508.0
489.0
529.0
502.0
517.0
581.0
556.0
529.0
554.0
552.0
497.0
477.0
537.0
532.0
588.0
533.0
544.0
610.0
597.0
498.0
492.0
584.0
504.0
536.0
693.0
554.0
668.0
413.0
562.0
616.0
528.0
518.0
585.0
548.0
500.0
539.0
525.0
530.0
528.0
462.0
586.0
530.0
576.0
513.0
505.0
498.0
589.0
506.0
518.0
480.0
565.0
483.0
494.0
612.0
608.0
544.0
521.0
521.0
445.0
542.0
513.0
528.0
546.0
477.0
538.0
550.0
513.0
623.0
514.0
478.0
502.0
540.0
440.0
529.0
606.0
641.0
429.0
528.0
524.0
562.0
497.0
486.0
550.0
476.0
469.0
504.0
547.0
646.0
494.0
563.0
491.0
547.0
530.0
546.0
564.0
479.0
504.0
498.0
488.0
536.0
669.0
538.0
535.0
497.0
519.0
524.0
509.0
537.0
714.0
523.0
532.0
602.0
469.0
517.0
586.0
573.0
472.0
530.0
557.0
506.0
578.0
505.0
522.0
507.0
598.0
517.0
494.0
599.0
516.0
462.0
574.0
475.0
538.0
459.0
552.0
567.0
516.0
501.0
489.0
507.0
416.0
672.0
565.0
529.0
529.0
555.0
544.0
501.0
677.0
474.0
583.0
635.0
429.0
525.0
494.0
641.0
504.0
515.0
499.0
509.0
626.0
524.0
508.0
558.0
539.0
608.0
664.0
498.0
484.0
485.0
560.0
627.0
585.0
436.0
508.0
530.0
411.0
500.0
613.0
523.0
526.0
681.0
501.0
712.0
636.0
549.0
514.0
528.0
487.0
561.0
507.0
645.0
626.0
550.0
461.0
582.0
485.0
524.0
538.0
497.0
483.0
592.0
538.0
624.0
605.0
549.0
632.0
538.0
619.0
496.0
536.0
517.0
595.0
576.0
514.0
623.0
521.0
528.0
513.0
586.0
467.0
518.0
548.0
464.0
500.0
556.0
656.0
499.0
418.0
632.0
554.0
487.0
521.0
657.0
546.0
525.0
574.0
542.0
653.0
505.0
496.0
546.0
490.0
484.0
542.0
483.0
502.0
594.0
496.0
557.0
496.0
522.0
525.0
574.0
524.0
506.0
495.0
537.0
537.0
571.0
544.0
525.0
508.0
481.0
483.0
466.0
529.0
542.0
480.0
513.0
593.0
530.0
534.0
690.0
506.0
416.0
518.0
581.0
566.0
480.0
536.0
574.0
491.0
497.0
534.0
512.0
500.0
528.0
549.0
581.0
530.0
704.0
517.0
634.0
480.0
506.0
499.0
496.0
505.0
513.0
488.0
549.0
665.0
480.0
584.0
488.0
520.0
528.0
477.0
521.0
528.0
642.0
596.0
552.0
447.0
578.0
596.0
605.0
626.0
442.0
522.0
528.0
474.0
531.0
561.0
548.0
504.0
518.0
553.0
520.0
484.0
509.0
640.0
514.0
518.0
577.0
512.0
458.0
472.0
542.0
450.0
674.0
578.0
516.0
562.0
567.0
460.0
428.0
674.0
618.0
490.0
497.0
506.0
509.0
516.0
494.0
645.0
537.0
552.0
664.0
548.0
472.0
531.0
500.0
547.0
492.0
532.0
578.0
504.0
517.0
489.0
598.0
494.0
528.0
570.0
470.0
544.0
508.0
538.0
497.0
541.0
514.0
493.0
525.0
602.0
552.0
481.0
538.0
558.0
598.0
536.0
520.0
473.0
512.0
514.0
473.0
527.0
499.0
501.0
483.0
470.0
512.0
560.0
488.0
521.0
597.0
499.0
496.0
537.0
534.0
535.0
486.0
489.0
557.0
526.0
517.0
493.0
488.0
650.0
509.0
560.0
533.0
604.0
544.0
557.0
509.0
519.0
493.0
652.0
549.0
546.0
501.0
501.0
523.0
544.0
438.0
509.0
573.0
528.0
578.0
543.0
504.0
558.0
525.0
603.0
515.0
502.0
502.0
553.0
782.0
482.0
473.0
482.0
464.0
512.0
535.0
490.0
468.0
582.0
444.0
507.0
486.0
539.0
428.0
541.0
506.0
552.0
674.0
556.0
518.0
508.0
503.0
605.0
580.0
576.0
521.0
520.0
522.0
492.0
555.0
500.0
464.0
569.0
634.0
578.0
565.0
536.0
433.0
538.0
484.0
473.0
515.0
516.0
742.0
548.0
485.0
500.0
521.0
482.0
