0.7498476431812087
0.9623611108135129
0.610342871155005
0.66595158371821
0.9156964992228841
0.7166793697368615
0.7786360374692675
0.8170964033229258
1.0149073888620213
0.7203647334529002
3.7691139586747724
0.7277354608849773
0.6835110962925144
0.6945671874406302
0.7786360374692675
0.8690318876322551
0.6761403688604372
0.6761403688604372
0.6835110962925144
0.8299165252741453
0.7093086423047845
0.7093086423047845
0.5238876807014912
0.9468062402833034
0.712994006020823
0.6201561733720412
0.8299165252741453
1.4720948041534188
0.9312513697530937
0.5876803482109728
0.6908818237245915
1.2416398935549218
0.5478099310175468
0.6908818237245915
1.2340701365792242
1.133025366390111
0.7914561594204869
0.7056232785887459
0.610342871155005
0.9468062402833034
0.5292037363272812
0.5717321813336024
0.8256431512904054
0.5637580978949173
0.5292037363272812
1.1153076697608977
0.8482920602586423
0.8042762813717064
0.7957295334042267
0.6463249792841376
1.203791108676434
0.5876803482109728
0.5972584681989569
0.9882858950305291
0.6495960800231497
1.7272100522834477
0.7056232785887459
0.712994006020823
0.6871964600085531
0.8256431512904054
0.8949566718492712
0.9156964992228841
0.603800669676981
0.9571761539701098
0.8256431512904054
0.7019379148727072
0.6626804829791979
0.8949566718492712
0.7829094114530072
0.6908818237245915
0.7829094114530072
0.6463249792841376
0.6430538785451256
0.672493785196234
0.9364363265964969
0.8042762813717064
0.7351061883170543
0.7615425415343081
0.6761403688604372
0.6266983748500654
0.5292037363272812
1.133025366390111
0.9571761539701098
1.7272100522834477
0.7957295334042267
0.9364363265964969
0.7743626634855276
0.6945671874406302
0.6299694755890773
0.9779159813437226
1.498694698723793
0.432531489594221
0.7277354608849773
1.1153076697608977
0.6365116770671014
0.8638469307888519
0.6835110962925144
0.8000029073879665
1.0038407655607389
0.9156964992228841
0.6798257325764758
0.9519911971267065
0.43033049509016447
1.2113608656521315
0.7351061883170543
0.6945671874406302
0.7829094114530072
0.5717321813336024
0.8085496553554461
0.5531259866433369
0.7277354608849773
0.7056232785887459
0.6561382815011738
0.6005295689379688
2.4490339235395946
1.009025722404142
0.7203647334529002
0.5611000700820221
1.0680604787496617
0.6266983748500654
0.7424769157491315
0.9260664129096905
1.188651594725039
0.5717321813336024
1.1743666585249426
0.6835110962925144
1.9527800120509937
0.812823029339186
0.6626804829791979
2.043007995958012
1.6626058088369207
1.0326250854912349
0.5876803482109728
0.7240500971689386
0.7829094114530072
0.7424769157491315
0.6430538785451256
0.9571761539701098
0.8690318876322551
0.6982525511566687
0.838463273241625
0.8213697773066657
0.7351061883170543
0.7019379148727072
0.9416212834399001
0.6594093822401859
0.7786360374692675
0.669222684457222
0.8299165252741453
0.5939873674599448
0.6005295689379688
0.6835110962925144
0.7351061883170543
0.7914561594204869
0.7314208246010159
0.8742168444756584
0.8213697773066657
0.7572691675505683
1.0916840742552798
0.7093086423047845
1.2794886784334094
0.7914561594204869
0.7056232785887459
0.7240500971689386
0.3781556101282667
1.168460759648538
1.1389312652665156
0.7700892895017877
1.2567794075063168
0.6835110962925144
1.594508642845018
1.085778175378875
0.812823029339186
0.5371778197659666
0.6430538785451256
0.6005295689379688
0.6908818237245915
0.7424769157491315
0.7461622794651702
0.3209042201672103
0.6908818237245915
0.669222684457222
0.6365116770671014
0.6835110962925144
0.3529651950662213
1.0149073888620213
0.5939873674599448
0.5770482369593927
0.672493785196234
0.33526065581077474
1.1034958720080887
1.020813287738426
0.6365116770671014
0.7498476431812087
0.9260664129096905
0.6234272741110533
0.7314208246010159
0.7093086423047845
0.834189899257885
0.6561382815011738
0.7615425415343081
0.6871964600085531
1.0444368832440438
0.8949566718492712
0.6528671807621618
0.6463249792841376
0.8949566718492712
0.603800669676981
1.009025722404142
0.5823642925851827
0.6463249792841376
0.6365116770671014
0.6266983748500654
0.8534770171020455
0.812823029339186
0.7498476431812087
0.6397827778061136
0.7203647334529002
0.7056232785887459
0.7572691675505683
0.8256431512904054
0.9156964992228841
0.7240500971689386
0.9364363265964969
1.2567794075063168
1.2416398935549218
1.1507430630193243
0.6365116770671014
0.9156964992228841
0.8431071034152391
1.6334213091261052
0.6561382815011738
0.9001416286926744
0.6430538785451256
0.6430538785451256
0.9934708518739322
0.7351061883170543
0.6761403688604372
0.8000029073879665
0.5584420422691271
0.8431071034152391
0.6495960800231497
0.607071770415993
0.3338250122464183
0.9156964992228841
0.9779159813437226
0.672493785196234
0.7957295334042267
0.5823642925851827
0.3529651950662213
0.5212296528885961
0.7829094114530072
0.5907162667209327
1.2340701365792242
0.4237275115779948
0.9260664129096905
0.8256431512904054
1.0621545798732572
0.7277354608849773
0.6365116770671014
0.49856132471591674
1.997894004004503
0.6561382815011738
0.32951808155334894
0.7277354608849773
0.6982525511566687
0.8256431512904054
0.8042762813717064
0.9675460676569162
0.7572691675505683
0.889771715005868
0.4721493906672385
0.6982525511566687
1.1566489618957292
2.7798698645319955
0.6495960800231497
0.9571761539701098
0.9779159813437226
0.7461622794651702
0.7572691675505683
0.6397827778061136
2.5693379020822857
1.0326250854912349
0.7424769157491315
0.6136139718940171
0.7615425415343081
0.7461622794651702
0.7277354608849773
1.2189306226278291
0.7615425415343081
0.8213697773066657
1.4454949095830447
0.610342871155005
0.9364363265964969
0.4215265170739383
0.7240500971689386
0.6365116770671014
0.834189899257885
1.0975899731316843
0.7615425415343081
1.0149073888620213
1.0680604787496617
1.0621545798732572
0.6594093822401859
0.9934708518739322
0.9675460676569162
0.6908818237245915
1.271918921457712
0.5531259866433369
1.96781800936883
0.8431071034152391
0.6561382815011738
0.8742168444756584
0.5770482369593927
0.5052814860112257
2.1482739771828667
0.7093086423047845
0.7658159155180478
0.9986558087173355
0.6594093822401859
0.834189899257885
0.7829094114530072
0.7240500971689386
0.6761403688604372
0.5690741535207073
1.133025366390111
0.4875563521956342
0.8299165252741453
0.8256431512904054
0.610342871155005
0.7203647334529002
0.6266983748500654
1.0038407655607389
1.14483716414292
1.0267191866148302
0.7498476431812087
1.594508642845018
0.9882858950305291
0.7658159155180478
0.4809533686834646
0.9156964992228841
0.672493785196234
1.2794886784334094
0.7240500971689386
0.7019379148727072
0.7203647334529002
0.7351061883170543
0.8042762813717064
1.14483716414292
0.7461622794651702
0.7424769157491315
1.0798722765024709
0.9571761539701098
0.9312513697530937
0.7351061883170543
1.2340701365792242
0.5398358475788616
0.5292037363272812
2.5843758994001225
0.7203647334529002
0.889771715005868
0.6871964600085531
0.3323893686820619
0.8299165252741453
0.7056232785887459
0.5690741535207073
0.8170964033229258
0.5690741535207073
0.7203647334529002
0.6136139718940171
0.6365116770671014
0.7743626634855276
0.672493785196234
0.9053265855360777
0.9779159813437226
0.7957295334042267
0.6908818237245915
0.9364363265964969
0.518571625075701
0.6561382815011738
0.7957295334042267
0.7700892895017877
0.6761403688604372
0.6871964600085531
0.7166793697368615
0.9934708518739322
0.6561382815011738
0.7572691675505683
0.5212296528885961
0.6908818237245915
0.6908818237245915
0.6945671874406302
0.8794018013190615
0.7203647334529002
0.7743626634855276
0.603800669676981
0.672493785196234
1.020813287738426
0.9260664129096905
0.8299165252741453
0.8638469307888519
0.7277354608849773
1.2416398935549218
0.7056232785887459
0.9001416286926744
1.1212135686373021
2.2836159530433946
0.8534770171020455
0.7914561594204869
0.8742168444756584
0.6761403688604372
0.9001416286926744
0.6365116770671014
1.34004673423899
0.672493785196234
0.6594093822401859
0.8586619739454487
0.9364363265964969
1.2189306226278291
0.7498476431812087
1.0444368832440438
0.6528671807621618
0.6463249792841376
0.6561382815011738
0.8213697773066657
0.3637610872356693
0.8299165252741453
0.6908818237245915
0.4809533686834646
0.3853528715745654
0.8170964033229258
0.7957295334042267
1.480961435676877
0.6871964600085531
0.669222684457222
1.020813287738426
0.9519911971267065
1.0798722765024709
0.419539863444484
0.7743626634855276
1.2794886784334094
0.7871827854367469
1.5653241431342024
0.66595158371821
1.96781800936883
1.3021979493605023
0.5770482369593927
1.0680604787496617
0.7166793697368615
0.6835110962925144
1.0916840742552798
0.8000029073879665
0.8213697773066657
0.6397827778061136
0.6835110962925144
0.610342871155005
0.7498476431812087
0.6397827778061136
0.9779159813437226
0.9727310245003195
0.834189899257885
1.5458678099936585
1.34004673423899
1.2265003796035268
0.8042762813717064
0.6430538785451256
0.8000029073879665
0.812823029339186
0.7914561594204869
0.33526065581077474
0.8742168444756584
0.7498476431812087
0.6430538785451256
0.669222684457222
0.7957295334042267
0.49195834120374726
0.9156964992228841
0.834189899257885
0.9934708518739322
0.5770482369593927
0.6136139718940171
0.9727310245003195
0.6982525511566687
0.6463249792841376
0.7572691675505683
0.7658159155180478
0.6266983748500654
0.812823029339186
