0.8679657583734287
0.9544439074736857
0.9496395658570047
0.7718294985963513
0.7453185581139469
0.6526087000477806
0.4670116833209955
0.7560183036610207
0.8583570751400668
0.6283811163243381
1.059459426669492
0.8155901419265311
0.8631614167567477
0.5840818987070006
1.286942318804799
0.7346188125668731
0.5950681887046047
0.7996771807155566
0.6846866666805289
0.5475695976939758
0.7956989404128131
0.6882532485295534
0.5134914500818196
0.6882532485295534
0.4649629622491319
0.6616940439440717
0.35742135919167384
0.7758077388990949
0.7488851399629715
1.2592318082543097
0.9544439074736857
0.6775535029824797
0.2768076661913642
0.843944050290024
0.7678512582936078
0.7917207001100695
0.5548720578965808
0.8235466225320184
0.8195683822292746
0.6846866666805289
0.7837642195045821
0.5767794385043955
1.2315212977038206
0.9688569323237286
0.6846866666805289
0.7310522307178485
0.9400308826236428
0.5816477453061323
0.9544439074736857
1.2245936700661983
0.5767794385043955
0.763873017990864
0.9015961496901954
0.7758077388990949
1.5382000664078395
1.1120394459660452
1.1646194652625979
0.8775744416067907
0.8036554210183003
0.48954761511149497
0.7132193214727256
0.6071819805663258
0.6435233561514897
0.37883342342982507
0.6495802520823504
0.8235466225320184
0.691819830378578
0.6846866666805289
0.6344380122551987
0.6283811163243381
0.6775535029824797
0.9544439074736857
0.7239190670197994
0.32395647285482726
0.5840818987070006
0.6953864122276026
1.0828283241346268
0.6102104285317562
0.9736612739404094
0.9640525907070476
0.5670428249009224
1.3681285669303929
1.748973196656477
0.9400308826236428
0.4629142411772684
0.34259762241141534
0.4711091254647227
1.012721631739223
0.7560183036610207
0.6162673244626169
0.8919874664568335
0.6846866666805289
1.0024873236404954
0.6953864122276026
0.7310522307178485
0.6586655959786414
0.8727700999901097
0.598096636670035
0.426037261883724
0.6882532485295534
0.5890112927737439
0.7346188125668731
0.6404949081860595
0.5920397407391742
0.36071552292062015
0.5134914500818196
0.6707793878403626
0.4018925695324495
0.41342214258376164
0.6011250846354652
0.8076336613210439
0.9064004913068764
0.5816477453061323
0.7346188125668731
0.5621745180991857
0.532964677288766
0.7346188125668731
1.3770233316051683
0.5816477453061323
0.7060861577746764
1.0360905292043576
0.5305305238878977
0.5816477453061323
1.012721631739223
1.0536172023032084
0.6616940439440717
0.5183597568835562
1.286942318804799
0.9256178577736001
0.6526087000477806
0.7917207001100695
0.6707793878403626
0.6989529940766271
0.6775535029824797
0.7203524851707747
0.763873017990864
0.3131796027603214
0.2916258625713098
1.1646194652625979
0.7310522307178485
0.9112048329235571
0.6811200848315042
0.8315031031375056
0.709652739623701
0.5670428249009224
0.691819830378578
1.8964006661980668
0.5402671374913709
0.3953042420745568
0.709652739623701
0.2889316450476833
1.1178816703323289
0.664722491909502
0.48340145189590417
0.6344380122551987
0.6882532485295534
0.7381853944158977
1.3503390375808424
1.1237238946986123
0.4084808969903422
0.6677509398749323
1.465970978352921
0.763873017990864
0.8631614167567477
0.7453185581139469
0.7203524851707747
0.4649629622491319
0.42808598295558753
0.7167859033217502
0.7203524851707747
0.6344380122551987
0.7453185581139469
0.8195683822292746
0.6989529940766271
0.6775535029824797
0.598096636670035
0.7917207001100695
0.7877424598073258
0.7678512582936078
0.8195683822292746
0.664722491909502
0.9592482490903667
0.9208135161569191
0.6344380122551987
1.0072916652571762
0.7203524851707747
0.6435233561514897
0.2997085151421891
0.9352265410069619
0.6811200848315042
0.6882532485295534
0.8394595837429928
1.2315212977038206
0.5402671374913709
0.6404949081860595
0.691819830378578
0.4183633881771812
0.9592482490903667
0.6041535326008955
0.6586655959786414
1.1470927921637473
0.7598947776881205
0.6344380122551987
0.7060861577746764
0.9064004913068764
0.6526087000477806
0.6677509398749323
1.041932753570641
0.6707793878403626
0.416716306312708
0.5890112927737439
0.6953864122276026
0.4117750607192885
0.8195683822292746
0.691819830378578
0.7310522307178485
0.7167859033217502
0.38212758715877143
0.8076336613210439
0.8155901419265311
0.8823787832234714
0.9160091745402381
0.8919874664568335
0.7758077388990949
1.2592318082543097
0.6882532485295534
0.5920397407391742
0.64655180411692
1.1830279042404646
0.691819830378578
0.6253526683589078
1.1120394459660452
0.6811200848315042
0.8354813434402492
0.3145267115221347
0.7797859792018386
0.7488851399629715
0.6989529940766271
0.6283811163243381
1.4837605077024714
0.7203524851707747
0.7488851399629715
0.7996771807155566
0.9064004913068764
0.763873017990864
0.7758077388990949
0.9064004913068764
0.8116119016237875
0.6616940439440717
0.843944050290024
0.7996771807155566
0.7488851399629715
0.8155901419265311
0.7274856488688239
0.6989529940766271
0.9448352242403237
0.5920397407391742
0.5427012908922393
0.35083303173378116
0.7488851399629715
1.0360905292043576
0.6162673244626169
1.881657919243908
0.5018399415426763
0.8394595837429928
0.752451721811996
0.6526087000477806
0.9736612739404094
0.6989529940766271
1.210738414790954
0.6132388764971866
0.6071819805663258
0.7598947776881205
0.6071819805663258
1.286942318804799
0.3689509322429861
0.6882532485295534
0.8036554210183003
0.6775535029824797
0.2889316450476833
0.6102104285317562
0.7310522307178485
0.763873017990864
0.6253526683589078
0.8487483919067049
0.8235466225320184
0.8076336613210439
0.6739869211334549
0.5792135919052639
0.7797859792018386
1.1646194652625979
1.3423633399057773
1.1120394459660452
1.0711438754020595
0.655637148013211
0.5670428249009224
0.2916258625713098
0.8235466225320184
0.4150692244482348
0.3347333429493331
0.8727700999901097
0.5621745180991857
0.8315031031375056
0.843944050290024
0.6162673244626169
0.6041535326008955
0.6314095642897685
1.1120394459660452
0.5792135919052639
1.0653016510357758
1.0828283241346268
1.7047449557940002
0.3985984058035031
0.6495802520823504
0.8036554210183003
0.691819830378578
0.5920397407391742
0.2700721223822981
1.1968831595157092
0.7274856488688239
1.1295661190648962
1.4214971549790445
0.637466460220629
1.1529350165300307
1.0185638561055066
0.3077911677130685
0.9352265410069619
0.7956989404128131
0.37389217783640555
2.486110544364426
0.7274856488688239
0.6495802520823504
0.709652739623701
0.7996771807155566
0.709652739623701
0.8315031031375056
0.6846866666805289
0.46906040439285906
1.1120394459660452
0.8631614167567477
1.9995998948771796
0.7956989404128131
1.5661093584432377
0.6953864122276026
0.6882532485295534
0.9160091745402381
1.940628907060544
0.8631614167567477
0.6132388764971866
0.8727700999901097
0.4321834250993148
0.8354813434402492
0.6882532485295534
0.6739869211334549
0.7877424598073258
0.7598947776881205
0.8775744416067907
0.7381853944158977
0.709652739623701
2.2502265930978824
0.9352265410069619
0.637466460220629
0.6882532485295534
0.5865160521078688
1.0185638561055066
0.8583570751400668
0.8036554210183003
0.5670428249009224
1.7932014375189538
1.2523041806166875
0.7453185581139469
0.8354813434402492
0.7560183036610207
1.649837234549433
0.4629142411772684
0.637466460220629
1.2523041806166875
0.8036554210183003
0.8394595837429928
1.6405341372042999
0.6192957724280471
0.7310522307178485
0.664722491909502
1.1529350165300307
0.3722450959719324
0.7758077388990949
0.6283811163243381
0.48340145189590417
0.9880742987904524
0.5816477453061323
1.2315212977038206
1.1412505677974634
0.8775744416067907
0.691819830378578
0.6071819805663258
0.8036554210183003
0.5475695976939758
0.7167859033217502
1.012721631739223
0.8583570751400668
0.5840818987070006
0.6846866666805289
0.7060861577746764
0.7758077388990949
0.6616940439440717
0.6011250846354652
0.7758077388990949
0.5475695976939758
0.7060861577746764
0.8679657583734287
0.5950681887046047
1.2592318082543097
0.6882532485295534
0.5694769783017906
0.5920397407391742
0.763873017990864
0.7453185581139469
0.7758077388990949
0.6775535029824797
0.8727700999901097
0.7025195759256518
0.6526087000477806
0.7453185581139469
2.088056376602134
1.1237238946986123
0.2956671888567495
0.691819830378578
0.6344380122551987
0.5353988306896343
0.7346188125668731
0.7956989404128131
1.4570762136781457
0.9784656155570903
0.637466460220629
0.6192957724280471
0.36071552292062015
0.6882532485295534
0.6811200848315042
0.8583570751400668
0.763873017990864
1.6126248451689016
0.4608655201054049
0.5694769783017906
1.059459426669492
0.6283811163243381
0.4424270304586326
0.6041535326008955
0.7718294985963513
0.9160091745402381
0.6526087000477806
0.7837642195045821
0.6132388764971866
0.7060861577746764
1.0828283241346268
0.7758077388990949
1.02440608047179
0.7132193214727256
0.571911131702659
0.9208135161569191
1.510444801726797
0.42001047004165437
0.709652739623701
0.7025195759256518
0.6882532485295534
0.7598947776881205
0.6132388764971866
0.7453185581139469
0.5597403646983174
0.7274856488688239
0.5743452851035273
0.7453185581139469
0.7025195759256518
0.5646086715000541
0.7060861577746764
0.6526087000477806
0.7310522307178485
1.0536172023032084
0.5767794385043955
0.6882532485295534
0.8487483919067049
0.8354813434402492
0.6162673244626169
2.058570882693816
1.0886705485009105
0.709652739623701
1.2176660424285763
3.9860806743176003
0.6882532485295534
0.664722491909502
3.375066434271102
0.8076336613210439
0.6404949081860595
1.6312310398591672
0.6707793878403626
1.2592318082543097
0.7956989404128131
1.603321747823769
0.41342214258376164
0.9496395658570047
1.649837234549433
2.191255605281246
0.7598947776881205
0.7167859033217502
0.6102104285317562
0.6882532485295534
0.32395647285482726
0.7310522307178485
0.752451721811996
0.7239190670197994
0.6223242203934775
0.827524862834762
0.9544439074736857
1.0024873236404954
0.9928786404071334
0.691819830378578
0.691819830378578
1.6684434292396984
0.6132388764971866
0.5256622170861611
0.6616940439440717
0.5890112927737439
0.32395647285482726
1.059459426669492
0.637466460220629
0.7758077388990949
1.0185638561055066
0.8235466225320184
0.9160091745402381
0.6435233561514897
0.7560183036610207
0.7417519762649223
0.7560183036610207
0.598096636670035
0.7167859033217502
0.6404949081860595
0.7917207001100695
0.5256622170861611
0.6011250846354652
0.9160091745402381
0.6616940439440717
0.6132388764971866
0.7167859033217502
0.5038886626145399
0.7877424598073258
0.8679657583734287
0.7758077388990949
0.7274856488688239
2.515596038272744
0.5840818987070006
0.6775535029824797
0.6811200848315042
0.8076336613210439
0.6495802520823504
0.8235466225320184
0.7488851399629715
0.2808489924768039
0.9496395658570047
0.6162673244626169
0.7678512582936078
0.6314095642897685
0.691819830378578
0.9400308826236428
0.7274856488688239
0.7837642195045821
2.589309773043539
0.6616940439440717
0.8487483919067049
0.6846866666805289
0.6253526683589078
0.691819830378578
0.9064004913068764
