616.0
506.0
466.0
584.0
590.0
655.0
525.0
541.0
573.0
633.0
562.0
513.0
559.0
543.0
544.0
602.0
595.0
577.0
504.0
690.0
588.0
542.0
546.0
613.0
545.0
525.0
506.0
562.0
572.0
534.0
541.0
524.0
514.0
608.0
504.0
695.0
538.0
553.0
520.0
542.0
509.0
529.0
563.0
531.0
557.0
562.0
555.0
532.0
554.0
514.0
720.0
570.0
640.0
601.0
592.0
514.0
574.0
507.0
494.0
662.0
596.0
470.0
532.0
584.0
527.0
535.0
598.0
548.0
557.0
628.0
578.0
540.0
592.0
504.0
529.0
602.0
528.0
593.0
620.0
493.0
517.0
653.0
501.0
547.0
514.0
549.0
556.0
536.0
553.0
502.0
576.0
540.0
572.0
618.0
656.0
585.0
548.0
525.0
535.0
546.0
536.0
715.0
666.0
536.0
526.0
591.0
568.0
562.0
563.0
524.0
532.0
620.0
597.0
586.0
449.0
529.0
526.0
656.0
597.0
673.0
612.0
564.0
514.0
577.0
538.0
530.0
544.0
544.0
539.0
550.0
561.0
623.0
577.0
542.0
564.0
521.0
669.0
530.0
712.0
537.0
642.0
525.0
550.0
545.0
536.0
516.0
572.0
581.0
514.0
445.0
516.0
521.0
568.0
515.0
555.0
577.0
485.0
490.0
431.0
625.0
525.0
518.0
541.0
556.0
546.0
550.0
560.0
520.0
536.0
610.0
522.0
529.0
555.0
558.0
626.0
537.0
539.0
688.0
526.0
593.0
516.0
544.0
617.0
526.0
546.0
624.0
636.0
520.0
541.0
544.0
550.0
536.0
553.0
574.0
527.0
593.0
585.0
534.0
512.0
562.0
534.0
550.0
526.0
461.0
503.0
556.0
586.0
518.0
595.0
604.0
611.0
513.0
529.0
545.0
551.0
505.0
551.0
510.0
527.0
573.0
522.0
578.0
627.0
523.0
654.0
557.0
576.0
547.0
531.0
528.0
532.0
567.0
520.0
541.0
514.0
519.0
596.0
541.0
581.0
496.0
549.0
589.0
515.0
544.0
660.0
688.0
557.0
521.0
544.0
701.0
541.0
514.0
564.0
648.0
582.0
528.0
649.0
517.0
572.0
590.0
581.0
537.0
703.0
552.0
535.0
538.0
545.0
553.0
456.0
555.0
491.0
580.0
544.0
526.0
568.0
460.0
572.0
517.0
557.0
667.0
581.0
505.0
460.0
624.0
541.0
606.0
507.0
530.0
530.0
544.0
546.0
562.0
537.0
737.0
554.0
559.0
460.0
602.0
504.0
578.0
445.0
717.0
546.0
544.0
530.0
584.0
570.0
593.0
706.0
488.0
560.0
599.0
532.0
539.0
519.0
554.0
658.0
570.0
569.0
586.0
513.0
520.0
533.0
534.0
555.0
640.0
524.0
591.0
496.0
522.0
616.0
657.0
450.0
546.0
610.0
589.0
641.0
528.0
564.0
571.0
580.0
627.0
636.0
545.0
638.0
644.0
532.0
498.0
571.0
546.0
602.0
562.0
602.0
549.0
454.0
670.0
555.0
536.0
523.0
697.0
536.0
544.0
556.0
634.0
619.0
576.0
523.0
528.0
570.0
556.0
513.0
560.0
538.0
582.0
574.0
525.0
519.0
522.0
562.0
661.0
525.0
733.0
530.0
431.0
557.0
586.0
578.0
641.0
519.0
536.0
562.0
482.0
524.0
527.0
594.0
525.0
538.0
665.0
587.0
501.0
545.0
605.0
558.0
608.0
637.0
526.0
518.0
578.0
608.0
589.0
568.0
675.0
523.0
572.0
581.0
554.0
534.0
522.0
557.0
568.0
587.0
650.0
544.0
540.0
552.0
505.0
513.0
535.0
646.0
672.0
520.0
578.0
565.0
517.0
544.0
564.0
665.0
498.0
548.0
601.0
549.0
530.0
582.0
517.0
557.0
642.0
437.0
561.0
550.0
539.0
550.0
598.0
516.0
549.0
521.0
545.0
587.0
539.0
567.0
588.0
528.0
549.0
525.0
549.0
494.0
599.0
514.0
571.0
556.0
563.0
532.0
553.0
605.0
449.0
445.0
664.0
526.0
529.0
490.0
574.0
645.0
440.0
653.0
541.0
526.0
548.0
430.0
541.0
552.0
557.0
505.0
550.0
661.0
540.0
544.0
516.0
538.0
501.0
571.0
588.0
538.0
549.0
514.0
538.0
571.0
551.0
496.0
610.0
513.0
658.0
554.0
492.0
541.0
591.0
520.0
513.0
486.0
437.0
534.0
570.0
538.0
533.0
532.0
449.0
532.0
537.0
599.0
506.0
561.0
553.0
558.0
515.0
586.0
536.0
558.0
577.0
556.0
498.0
609.0
542.0
541.0
1020.0
513.0
557.0
580.0
528.0
533.0
536.0
561.0
574.0
458.0
520.0
700.0
514.0
645.0
541.0
477.0
561.0
533.0
776.0
544.0
565.0
539.0
533.0
556.0
526.0
762.0
832.0
554.0
547.0
554.0
497.0
524.0
716.0
545.0
515.0
526.0
509.0
