0.9211841919346423
0.8968356105796915
0.6866213821629458
0.6421409539343588
0.8048610772764992
0.8481384478697902
0.9065750431216719
0.6637446236591293
0.766749294799158
1.0644773928358813
0.751209094369898
1.0335127389330832
0.6205372842095882
0.5989336144848175
0.3940494584507043
0.6730239690667452
1.1827832841380086
0.3874261073973474
0.5989336144848175
0.6328822383380285
0.7752185797941227
1.0397056697136429
0.5869712137833917
0.5667548676295456
0.5490655647449302
0.9698813546445437
0.724014268177497
0.5642278243603148
0.5743359974372378
0.499599109441288
0.9309236244766227
0.5617007810910841
0.9114447593926619
0.5958473759527074
0.6575721465949093
0.7625146523016755
0.8578778804117705
0.8968356105796915
0.645227192466469
0.4954388324192746
0.9552722058315734
0.5237951320526224
0.6328822383380285
0.5869712137833917
0.499599109441288
0.6606583851270194
0.8175650047689464
0.6421409539343588
0.751209094369898
0.5591737378218532
0.39239362068736505
0.9357933407476127
0.6112785686132579
1.0458986004942024
0.7879225072865699
0.7376116812736975
0.7709839372966403
0.7308129747255973
0.7104168550812966
0.8090957197739816
0.5667548676295456
0.7138162083553465
0.5642278243603148
0.6297959998059184
14.380801523047383
0.6297959998059184
0.6390547154022487
0.5768630407064687
0.6606583851270194
1.0088390848124649
0.5237951320526224
0.6544859080627993
0.5819171272449303
0.6513996695306891
0.5465385214756995
0.7444103878217978
0.5743359974372378
0.693420088711046
0.5896748988884872
0.9990996522704846
0.7836878647890875
0.5768630407064687
0.7444103878217978
0.6421409539343588
0.6730239690667452
0.7376116812736975
0.6606583851270194
0.6359684768701386
0.571808954168007
0.5927611374205972
0.6390547154022487
0.6174510456774781
0.648313430998579
0.5692819108987763
0.6575721465949093
0.6112785686132579
0.5541196512833917
0.7376116812736975
0.6637446236591293
0.571808954168007
0.40067280950406126
0.6359684768701386
0.8048610772764992
1.0768632543970007
0.7546084476439481
0.6205372842095882
0.6832220288888956
0.7172155616293968
0.5566466945526224
0.5414844349372379
0.751209094369898
0.720614914903447
0.7342123279996474
0.6051060915490377
1.2390139569336625
0.6051060915490377
0.5313762618603148
0.5667548676295456
0.5541196512833917
0.645227192466469
0.8048610772764992
0.7070175018072464
0.5958473759527074
0.8006264347790168
0.5793900839756995
0.5212680887833917
0.5364303483987763
0.6866213821629458
0.6866213821629458
0.8387382172563582
1.3163311320276871
1.0088390848124649
0.6081923300811478
0.4954388324192746
0.6606583851270194
0.792157149784052
0.6606583851270194
0.7138162083553465
0.5819171272449303
0.5414844349372379
0.6359684768701386
0.8345035747588758
0.7070175018072464
0.7625146523016755
0.6730239690667452
0.584444170514161
0.6112785686132579
0.5440114782064686
0.6606583851270194
0.6297959998059184
0.5896748988884872
0.8676173129537507
0.7138162083553465
0.6359684768701386
0.6421409539343588
0.8481384478697902
0.6081923300811478
0.9017053268506818
0.8260342897639111
0.5869712137833917
1.0768632543970007
0.8676173129537507
1.0582844620553218
0.6421409539343588
1.6286001186298473
0.6205372842095882
0.9309236244766227
0.6205372842095882
0.6668308621912395
0.5768630407064687
0.571808954168007
0.5768630407064687
0.6544859080627993
0.8676173129537507
0.696819441985096
1.126406700641478
0.766749294799158
0.5263221753218532
0.6174510456774781
0.6390547154022487
0.5642278243603148
0.6606583851270194
0.7274136214515472
0.766749294799158
0.6081923300811478
0.5869712137833917
0.7104168550812966
0.5793900839756995
1.3937410490153286
0.5667548676295456
0.6866213821629458
0.9844905034575141
0.6544859080627993
0.4787977243312212
0.7172155616293968
0.5989336144848175
0.6390547154022487
0.720614914903447
1.73713500886593
0.5743359974372378
0.6513996695306891
0.6205372842095882
0.584444170514161
0.5212680887833917
0.6575721465949093
0.9163144756636522
0.7478097410958479
0.8822264617667211
1.344446468425514
0.6866213821629458
0.7070175018072464
0.8175650047689464
0.8870961780377112
0.5566466945526224
0.5465385214756995
0.6421409539343588
0.7836878647890875
0.5819171272449303
0.693420088711046
0.5667548676295456
0.5037593864633014
0.5927611374205972
0.5793900839756995
0.8175650047689464
0.5989336144848175
1.5684212277532827
0.8822264617667211
0.696819441985096
0.6205372842095882
0.5237951320526224
0.696819441985096
0.5896748988884872
0.6668308621912395
0.5896748988884872
0.720614914903447
0.7342123279996474
0.6112785686132579
0.6359684768701386
0.6421409539343588
0.9357933407476127
0.6297959998059184
0.6544859080627993
0.6297959998059184
0.5869712137833917
0.9260539082056325
0.5414844349372379
0.6051060915490377
0.584444170514161
0.6668308621912395
0.9114447593926619
0.7138162083553465
0.6390547154022487
0.6575721465949093
0.5541196512833917
0.5566466945526224
0.6606583851270194
0.6174510456774781
0.6112785686132579
0.5037593864633014
0.7308129747255973
0.9747510709155339
0.7376116812736975
0.4975189709302813
0.7274136214515472
0.5896748988884872
0.6900207354369958
0.6513996695306891
1.0582844620553218
1.2530716251325762
0.6606583851270194
0.8048610772764992
0.6699171007233495
0.7410110345477476
0.696819441985096
0.6359684768701386
0.5869712137833917
0.5869712137833917
0.5440114782064686
0.6328822383380285
0.8773567454957311
0.813330362271464
0.6081923300811478
0.7104168550812966
0.6112785686132579
0.7410110345477476
0.6359684768701386
1.8721269831837468
0.5768630407064687
0.6699171007233495
0.6081923300811478
0.4954388324192746
0.6637446236591293
0.6051060915490377
0.813330362271464
0.6575721465949093
0.5958473759527074
0.5692819108987763
0.5869712137833917
0.538957391668007
1.0954420467386796
1.2179274546352923
0.7104168550812966
0.7376116812736975
0.648313430998579
0.6866213821629458
0.42263398453404083
1.752134117123465
0.6866213821629458
0.7752185797941227
0.47671758582021456
0.5465385214756995
0.5617007810910841
0.8345035747588758
0.6421409539343588
0.6267097612738083
0.6205372842095882
0.6764233223407954
0.5743359974372378
0.5313762618603148
0.538957391668007
0.6205372842095882
0.5037593864633014
0.724014268177497
0.6513996695306891
0.571808954168007
0.614364807145368
0.6081923300811478
0.6112785686132579
0.6297959998059184
0.46631689326518105
0.792157149784052
0.7752185797941227
0.3874261073973474
0.5927611374205972
0.5440114782064686
0.645227192466469
0.7478097410958479
0.7410110345477476
0.5896748988884872
0.8773567454957311
0.6900207354369958
1.3524953403346027
0.7709839372966403
0.6699171007233495
0.5793900839756995
1.2671292933314897
1.3163311320276871
0.5869712137833917
1.2179274546352923
0.7172155616293968
1.752134117123465
0.6513996695306891
0.7625146523016755
1.1140208390803588
0.6421409539343588
0.5037593864633014
0.6390547154022487
0.42263398453404083
0.5958473759527074
0.6866213821629458
0.6112785686132579
0.6421409539343588
0.6390547154022487
0.6297959998059184
0.693420088711046
0.5591737378218532
0.7879225072865699
1.6386299337759418
0.6730239690667452
0.693420088711046
0.6205372842095882
0.6112785686132579
0.8260342897639111
0.5541196512833917
0.5566466945526224
0.6267097612738083
0.6205372842095882
0.5793900839756995
0.6174510456774781
0.5896748988884872
0.6866213821629458
0.696819441985096
0.6900207354369958
0.4933586939082679
0.8676173129537507
0.7625146523016755
2.2171064731070573
0.7410110345477476
0.7002187952591462
0.39073778292402583
0.6575721465949093
0.766749294799158
0.5642278243603148
1.3854919072791836
0.7410110345477476
1.0458986004942024
0.6544859080627993
0.5958473759527074
0.5667548676295456
0.6051060915490377
0.5989336144848175
0.7546084476439481
0.5869712137833917
0.6730239690667452
0.5263221753218532
1.0644773928358813
0.5768630407064687
0.5819171272449303
2.607083287802973
0.6575721465949093
0.7836878647890875
0.584444170514161
1.752134117123465
0.696819441985096
0.6668308621912395
0.7836878647890875
0.648313430998579
0.6544859080627993
0.8090957197739816
0.645227192466469
0.6866213821629458
0.42471412304504746
0.6205372842095882
0.5541196512833917
0.6421409539343588
1.1635642853248358
0.9406630570186028
0.6236235227416983
0.614364807145368
0.6866213821629458
0.8968356105796915
1.0768632543970007
0.5313762618603148
0.6236235227416983
0.5440114782064686
0.6236235227416983
0.8217996472664288
0.6730239690667452
0.5927611374205972
0.5958473759527074
0.5440114782064686
0.7444103878217978
0.8968356105796915
0.5958473759527074
0.5958473759527074
0.8302689322613935
0.48503813986424127
0.4642367547541744
0.4933586939082679
0.8217996472664288
0.5793900839756995
0.6606583851270194
0.7138162083553465
0.7342123279996474
0.6205372842095882
0.6359684768701386
0.5869712137833917
0.8627475966827605
0.551592608014161
0.571808954168007
0.8530081641407802
0.6544859080627993
0.648313430998579
1.4762324663767803
0.5958473759527074
0.9114447593926619
0.6575721465949093
0.8175650047689464
0.4954388324192746
0.5667548676295456
0.5692819108987763
0.5989336144848175
0.6832220288888956
1.3854919072791836
0.7104168550812966
1.1140208390803588
0.7709839372966403
0.9747510709155339
0.696819441985096
0.7172155616293968
0.8175650047689464
0.6575721465949093
0.5793900839756995
0.7104168550812966
0.4725573087982012
0.6328822383380285
0.5136869589756994
1.224956288734749
0.6328822383380285
1.588480858045471
0.6606583851270194
0.6544859080627993
0.5869712137833917
0.9455327732895931
0.5896748988884872
0.6236235227416983
0.6112785686132579
0.7546084476439481
0.5591737378218532
0.8822264617667211
0.5288492185910839
0.6328822383380285
0.696819441985096
0.6606583851270194
0.7410110345477476
0.4517559236881344
0.7963917922815346
0.5743359974372378
0.696819441985096
0.5465385214756995
0.6730239690667452
0.696819441985096
0.6900207354369958
0.5440114782064686
0.5768630407064687
0.792157149784052
0.5364303483987763
1.1325996314220377
0.5364303483987763
0.614364807145368
0.5465385214756995
0.5819171272449303
0.720614914903447
0.9747510709155339
0.792157149784052
0.5288492185910839
0.8578778804117705
0.6730239690667452
0.5339033051295456
0.6205372842095882
0.6606583851270194
0.5617007810910841
0.7070175018072464
1.1449854929831567
0.4559162007101477
0.5237951320526224
0.813330362271464
1.3163311320276871
0.6544859080627993
0.6359684768701386
0.8048610772764992
0.7582800098041932
0.7709839372966403
0.6205372842095882
0.5263221753218532
0.6668308621912395
0.5061058291680071
0.5768630407064687
0.5037593864633014
0.42263398453404083
0.6832220288888956
0.6112785686132579
0.7709839372966403
1.3163311320276871
0.6637446236591293
0.7478097410958479
0.7410110345477476
0.645227192466469
0.5617007810910841
0.5896748988884872
0.7478097410958479
0.645227192466469
0.5440114782064686
0.5896748988884872
0.7104168550812966
0.46215661624316773
0.7070175018072464
0.6205372842095882
0.4954388324192746
0.5541196512833917
0.5541196512833917
0.5692819108987763
2.3370993391673394
1.1016349775192396
0.6513996695306891
0.6575721465949093
0.8175650047689464
0.696819441985096
0.6236235227416983
0.7879225072865699
0.6359684768701386
1.0768632543970007
0.5061058291680071
1.3524953403346027
0.5313762618603148
0.5086328724372379
0.7546084476439481
0.6359684768701386
0.41226367384743595
0.9796207871865241
0.6051060915490377
0.5793900839756995
0.5642278243603148
0.6174510456774781
0.693420088711046
0.8627475966827605
0.9796207871865241
0.5414844349372379
0.5667548676295456
0.6798226756148454
0.5819171272449303
0.9796207871865241
0.779453222291605
0.6359684768701386
0.5768630407064687
0.5896748988884872
0.6297959998059184
0.693420088711046
0.8302689322613935
0.6328822383380285
0.4829580013532346
0.645227192466469
0.693420088711046
0.696819441985096
1.1387925622025974
1.0830561851775604
0.571808954168007
0.6174510456774781
0.6606583851270194
0.5793900839756995
0.5642278243603148
1.6787491943603183
0.8302689322613935
0.584444170514161
