536.0
553.0
517.0
508.0
532.0
500.0
532.0
641.0
555.0
462.0
502.0
553.0
590.0
489.0
534.0
507.0
566.0
533.0
528.0
554.0
729.0
524.0
555.0
554.0
544.0
587.0
632.0
534.0
515.0
533.0
525.0
522.0
502.0
555.0
526.0
556.0
523.0
517.0
564.0
505.0
540.0
528.0
529.0
528.0
557.0
642.0
556.0
514.0
500.0
501.0
489.0
544.0
529.0
736.0
510.0
615.0
578.0
555.0
580.0
570.0
541.0
526.0
573.0
596.0
556.0
497.0
518.0
613.0
542.0
550.0
509.0
489.0
521.0
564.0
533.0
562.0
440.0
528.0
597.0
548.0
522.0
658.0
539.0
549.0
526.0
579.0
638.0
526.0
450.0
529.0
548.0
610.0
523.0
580.0
520.0
490.0
500.0
596.0
525.0
538.0
553.0
541.0
513.0
463.0
506.0
566.0
545.0
491.0
493.0
557.0
569.0
500.0
584.0
579.0
613.0
596.0
658.0
675.0
502.0
440.0
483.0
530.0
553.0
482.0
507.0
564.0
529.0
560.0
542.0
660.0
515.0
529.0
538.0
553.0
532.0
541.0
562.0
564.0
494.0
526.0
509.0
524.0
492.0
509.0
523.0
533.0
512.0
593.0
522.0
553.0
499.0
529.0
529.0
520.0
518.0
458.0
664.0
569.0
566.0
498.0
506.0
472.0
542.0
497.0
567.0
530.0
577.0
525.0
573.0
509.0
538.0
526.0
569.0
524.0
565.0
504.0
520.0
509.0
519.0
610.0
559.0
569.0
622.0
568.0
555.0
517.0
515.0
483.0
519.0
586.0
583.0
562.0
562.0
436.0
535.0
529.0
496.0
534.0
520.0
599.0
654.0
596.0
561.0
502.0
545.0
564.0
542.0
496.0
533.0
558.0
502.0
517.0
498.0
525.0
533.0
510.0
521.0
534.0
524.0
464.0
581.0
514.0
514.0
544.0
468.0
603.0
518.0
523.0
532.0
553.0
525.0
587.0
458.0
563.0
522.0
527.0
521.0
518.0
530.0
565.0
533.0
608.0
558.0
508.0
621.0
553.0
548.0
517.0
504.0
460.0
625.0
551.0
528.0
613.0
622.0
534.0
525.0
533.0
527.0
641.0
642.0
578.0
530.0
523.0
535.0
552.0
562.0
633.0
522.0
750.0
514.0
513.0
477.0
550.0
585.0
547.0
508.0
672.0
558.0
558.0
477.0
568.0
551.0
497.0
585.0
501.0
516.0
680.0
458.0
513.0
576.0
563.0
608.0
540.0
522.0
491.0
531.0
501.0
635.0
529.0
494.0
500.0
549.0
534.0
524.0
563.0
579.0
472.0
522.0
526.0
566.0
587.0
561.0
618.0
541.0
506.0
530.0
672.0
565.0
567.0
699.0
514.0
473.0
507.0
758.0
546.0
514.0
525.0
498.0
603.0
547.0
506.0
517.0
507.0
516.0
498.0
506.0
482.0
529.0
598.0
571.0
525.0
537.0
498.0
525.0
637.0
525.0
539.0
605.0
665.0
509.0
539.0
555.0
485.0
599.0
580.0
517.0
494.0
590.0
494.0
534.0
616.0
521.0
523.0
482.0
507.0
469.0
515.0
554.0
606.0
500.0
557.0
453.0
488.0
493.0
570.0
718.0
579.0
544.0
517.0
539.0
539.0
528.0
536.0
554.0
501.0
518.0
510.0
486.0
516.0
703.0
562.0
482.0
537.0
547.0
576.0
537.0
427.0
540.0
520.0
520.0
541.0
501.0
532.0
658.0
579.0
540.0
497.0
509.0
569.0
494.0
534.0
494.0
488.0
518.0
548.0
557.0
620.0
527.0
562.0
524.0
546.0
536.0
506.0
586.0
523.0
529.0
626.0
526.0
582.0
549.0
545.0
614.0
504.0
523.0
531.0
470.0
601.0
532.0
424.0
490.0
632.0
452.0
548.0
565.0
554.0
528.0
579.0
674.0
551.0
552.0
501.0
522.0
554.0
566.0
576.0
513.0
538.0
533.0
516.0
539.0
577.0
570.0
485.0
491.0
514.0
570.0
541.0
536.0
538.0
541.0
532.0
512.0
626.0
423.0
546.0
616.0
516.0
509.0
538.0
541.0
544.0
560.0
563.0
514.0
489.0
554.0
568.0
532.0
517.0
538.0
506.0
537.0
509.0
544.0
522.0
480.0
594.0
501.0
570.0
515.0
518.0
530.0
627.0
517.0
638.0
495.0
513.0
578.0
509.0
529.0
520.0
557.0
536.0
585.0
521.0
506.0
532.0
485.0
444.0
518.0
556.0
493.0
546.0
585.0
470.0
520.0
561.0
501.0
593.0
478.0
530.0
516.0
521.0
520.0
488.0
513.0
504.0
518.0
536.0
673.0
650.0
576.0
520.0
596.0
438.0
536.0
528.0
506.0
568.0
653.0
508.0
574.0
532.0
613.0
537.0
514.0
524.0
509.0
672.0
497.0
517.0
586.0
