795.0
773.0
788.0
762.0
669.0
748.0
726.0
801.0
837.0
788.0
736.0
782.0
764.0
788.0
750.0
712.0
792.0
938.0
737.0
739.0
734.0
816.0
730.0
843.0
778.0
757.0
719.0
714.0
978.0
799.0
793.0
781.0
778.0
818.0
753.0
744.0
661.0
772.0
737.0
757.0
740.0
780.0
774.0
814.0
789.0
773.0
816.0
837.0
861.0
768.0
839.0
824.0
794.0
828.0
791.0
771.0
772.0
751.0
736.0
796.0
749.0
774.0
740.0
819.0
834.0
880.0
757.0
795.0
829.0
802.0
824.0
780.0
853.0
752.0
855.0
789.0
806.0
777.0
761.0
779.0
821.0
804.0
758.0
785.0
751.0
749.0
740.0
836.0
710.0
780.0
792.0
740.0
796.0
732.0
723.0
804.0
753.0
764.0
759.0
685.0
781.0
738.0
758.0
765.0
667.0
653.0
737.0
785.0
949.0
769.0
821.0
875.0
789.0
757.0
728.0
889.0
742.0
786.0
837.0
715.0
667.0
818.0
781.0
761.0
787.0
795.0
802.0
765.0
770.0
813.0
714.0
776.0
821.0
836.0
790.0
682.0
868.0
748.0
741.0
800.0
770.0
856.0
860.0
812.0
737.0
877.0
818.0
798.0
720.0
852.0
772.0
785.0
712.0
797.0
791.0
766.0
812.0
766.0
773.0
805.0
787.0
745.0
762.0
1004.0
802.0
782.0
772.0
839.0
781.0
755.0
741.0
779.0
733.0
743.0
777.0
718.0
753.0
725.0
778.0
770.0
804.0
748.0
749.0
794.0
846.0
911.0
759.0
746.0
727.0
706.0
775.0
726.0
884.0
770.0
738.0
762.0
839.0
826.0
691.0
998.0
875.0
738.0
759.0
751.0
761.0
847.0
764.0
742.0
814.0
739.0
706.0
795.0
792.0
733.0
720.0
841.0
794.0
754.0
859.0
787.0
776.0
712.0
729.0
769.0
766.0
821.0
830.0
911.0
901.0
981.0
717.0
766.0
789.0
800.0
746.0
770.0
720.0
807.0
989.0
787.0
732.0
774.0
837.0
785.0
791.0
760.0
820.0
914.0
774.0
718.0
810.0
776.0
777.0
814.0
754.0
890.0
694.0
765.0
778.0
846.0
755.0
787.0
689.0
806.0
781.0
773.0
726.0
818.0
816.0
785.0
788.0
849.0
749.0
806.0
752.0
768.0
808.0
809.0
853.0
758.0
746.0
785.0
750.0
818.0
779.0
780.0
787.0
744.0
818.0
777.0
784.0
786.0
924.0
804.0
810.0
680.0
767.0
892.0
727.0
754.0
782.0
705.0
837.0
763.0
781.0
733.0
678.0
782.0
827.0
762.0
741.0
749.0
751.0
751.0
731.0
731.0
804.0
826.0
714.0
799.0
749.0
950.0
740.0
747.0
788.0
784.0
904.0
844.0
779.0
797.0
862.0
781.0
772.0
807.0
1040.0
733.0
763.0
769.0
740.0
816.0
749.0
800.0
722.0
824.0
826.0
713.0
770.0
797.0
801.0
990.0
807.0
827.0
793.0
772.0
687.0
752.0
763.0
841.0
744.0
817.0
887.0
748.0
817.0
730.0
762.0
781.0
784.0
793.0
869.0
790.0
788.0
754.0
741.0
800.0
753.0
755.0
826.0
735.0
849.0
757.0
846.0
711.0
748.0
732.0
732.0
754.0
750.0
756.0
687.0
721.0
712.0
760.0
747.0
790.0
782.0
752.0
685.0
866.0
776.0
776.0
741.0
750.0
784.0
872.0
760.0
843.0
858.0
715.0
727.0
766.0
864.0
755.0
737.0
774.0
773.0
709.0
1048.0
757.0
762.0
845.0
873.0
792.0
759.0
772.0
705.0
772.0
797.0
826.0
733.0
765.0
768.0
932.0
820.0
836.0
746.0
797.0
779.0
746.0
709.0
782.0
832.0
821.0
841.0
810.0
861.0
800.0
874.0
774.0
862.0
716.0
765.0
729.0
699.0
950.0
792.0
752.0
842.0
751.0
753.0
1037.0
762.0
782.0
728.0
781.0
777.0
785.0
830.0
763.0
868.0
761.0
721.0
871.0
699.0
809.0
738.0
771.0
780.0
724.0
803.0
773.0
765.0
769.0
808.0
842.0
744.0
724.0
746.0
846.0
797.0
790.0
787.0
891.0
899.0
794.0
704.0
801.0
