516.0
512.0
596.0
526.0
462.0
484.0
529.0
535.0
633.0
518.0
553.0
517.0
534.0
574.0
500.0
527.0
648.0
507.0
546.0
678.0
481.0
548.0
533.0
524.0
502.0
541.0
518.0
647.0
596.0
491.0
544.0
587.0
618.0
452.0
537.0
498.0
485.0
487.0
522.0
512.0
526.0
469.0
489.0
545.0
530.0
509.0
509.0
502.0
598.0
533.0
568.0
492.0
517.0
553.0
557.0
590.0
432.0
499.0
590.0
561.0
499.0
563.0
637.0
497.0
525.0
517.0
555.0
480.0
526.0
530.0
488.0
509.0
434.0
433.0
541.0
505.0
547.0
509.0
523.0
498.0
523.0
548.0
545.0
629.0
533.0
541.0
555.0
522.0
506.0
628.0
525.0
613.0
512.0
577.0
720.0
608.0
445.0
626.0
561.0
629.0
575.0
588.0
561.0
444.0
489.0
540.0
542.0
514.0
533.0
497.0
658.0
482.0
581.0
498.0
539.0
532.0
476.0
480.0
522.0
522.0
622.0
506.0
513.0
581.0
512.0
517.0
673.0
578.0
517.0
554.0
429.0
550.0
473.0
541.0
486.0
536.0
498.0
512.0
507.0
488.0
597.0
646.0
507.0
660.0
498.0
720.0
520.0
618.0
618.0
514.0
496.0
500.0
505.0
523.0
604.0
546.0
484.0
650.0
488.0
616.0
554.0
494.0
507.0
522.0
528.0
560.0
491.0
513.0
498.0
527.0
468.0
501.0
503.0
712.0
542.0
754.0
549.0
505.0
565.0
614.0
708.0
514.0
502.0
620.0
492.0
522.0
523.0
618.0
484.0
696.0
525.0
520.0
482.0
606.0
487.0
597.0
509.0
528.0
520.0
608.0
621.0
544.0
540.0
544.0
502.0
554.0
541.0
676.0
520.0
531.0
486.0
509.0
495.0
533.0
488.0
500.0
553.0
498.0
520.0
493.0
539.0
529.0
602.0
557.0
484.0
533.0
524.0
522.0
538.0
529.0
557.0
570.0
506.0
542.0
505.0
494.0
578.0
451.0
500.0
491.0
579.0
565.0
596.0
498.0
659.0
573.0
548.0
551.0
522.0
488.0
456.0
635.0
458.0
475.0
524.0
493.0
493.0
700.0
596.0
524.0
496.0
627.0
524.0
501.0
638.0
528.0
489.0
516.0
531.0
537.0
534.0
514.0
539.0
494.0
484.0
445.0
476.0
515.0
544.0
589.0
649.0
502.0
507.0
601.0
502.0
522.0
464.0
501.0
635.0
526.0
553.0
564.0
499.0
549.0
554.0
498.0
504.0
579.0
528.0
534.0
506.0
568.0
529.0
508.0
469.0
480.0
485.0
496.0
488.0
550.0
452.0
515.0
490.0
698.0
517.0
480.0
537.0
521.0
529.0
507.0
497.0
672.0
535.0
528.0
490.0
550.0
534.0
517.0
505.0
513.0
574.0
520.0
503.0
653.0
607.0
488.0
650.0
516.0
490.0
514.0
537.0
644.0
510.0
539.0
530.0
559.0
460.0
457.0
513.0
500.0
526.0
501.0
486.0
525.0
514.0
497.0
493.0
500.0
452.0
570.0
566.0
520.0
647.0
528.0
538.0
582.0
542.0
532.0
588.0
477.0
685.0
538.0
522.0
521.0
563.0
491.0
522.0
509.0
565.0
551.0
535.0
498.0
507.0
435.0
524.0
476.0
582.0
572.0
622.0
472.0
536.0
551.0
551.0
554.0
550.0
482.0
513.0
560.0
535.0
461.0
666.0
553.0
462.0
482.0
488.0
558.0
545.0
520.0
485.0
674.0
529.0
701.0
697.0
556.0
523.0
554.0
546.0
490.0
506.0
528.0
510.0
514.0
510.0
522.0
491.0
477.0
676.0
504.0
533.0
536.0
575.0
521.0
525.0
770.0
554.0
539.0
480.0
596.0
548.0
519.0
544.0
506.0
529.0
486.0
570.0
537.0
480.0
529.0
472.0
516.0
546.0
494.0
548.0
506.0
498.0
486.0
634.0
525.0
561.0
522.0
567.0
502.0
523.0
509.0
489.0
507.0
575.0
466.0
558.0
556.0
503.0
482.0
570.0
535.0
535.0
517.0
553.0
553.0
535.0
512.0
471.0
541.0
557.0
667.0
522.0
650.0
572.0
485.0
506.0
556.0
461.0
518.0
438.0
679.0
642.0
538.0
531.0
545.0
546.0
471.0
472.0
528.0
483.0
537.0
499.0
577.0
521.0
544.0
496.0
474.0
490.0
516.0
534.0
534.0
658.0
517.0
517.0
530.0
489.0
522.0
521.0
516.0
544.0
502.0
576.0
629.0
513.0
555.0
493.0
584.0
484.0
516.0
580.0
475.0
489.0
489.0
593.0
580.0
