0.7056208702242238
0.7512892077346666
0.7512892077346666
0.7828257406436167
0.6551134436121903
0.5384405212694471
0.794973068520362
0.9086014524273538
0.3474826020092622
0.6113439268835659
0.5842299949536577
0.6394814733519673
0.7548021567739313
0.5257212230238331
0.5562475388133068
0.5740545563571664
0.579142275655412
0.5613352581115523
0.7231856154205479
0.6238495030917443
0.7337244625383424
0.5689668370589207
0.6269758971437889
0.5104580651290963
0.6050911387794765
0.5842299949536577
0.758531084890126
0.5511598195150611
0.6775172779101052
0.6810302269493701
0.4925342138798268
0.5613352581115523
0.49888777721399963
1.0669074272813792
0.633228685247878
0.7548021567739313
0.7512892077346666
0.8887665467669764
0.39269765577270305
0.5053703458308507
0.5842299949536577
0.6113439268835659
1.6475390399537393
0.9928998014839577
0.898683999597165
0.7442633096561369
1.0669074272813792
0.5384405212694471
0.794973068520362
0.8030712871048589
0.6519870495601456
0.5664229774097979
0.7990221778126104
0.8192677242738526
0.5206335037255875
0.5715106967080437
0.6207231090396996
0.6950820231064293
0.3341395875977522
1.1322624255152185
0.982982348653769
0.8354641614428464
0.44170570720644475
0.6019647447274319
0.9333950845028254
0.5308089423220786
0.658239837664235
0.6707454138724135
0.6082175328315212
0.4247628716486508
0.9730648958235802
0.5664229774097979
0.7990221778126104
0.7056208702242238
0.513001924778219
0.6050911387794765
0.5638791177606751
0.579142275655412
0.6269758971437889
0.9234776316726369
0.5740545563571664
0.5358966616203242
0.6207231090396996
1.1203796985636114
0.5257212230238331
0.997858527899052
0.32580460246395637
0.40834902053697114
0.3474826020092622
0.8192677242738526
0.8788490939367877
0.5180896440764647
0.7266985644598127
0.7126467683027534
1.305167580372581
0.5384405212694471
0.5384405212694471
0.8639729146915046
0.854055461861316
0.6613662317162796
0.6519870495601456
0.7266985644598127
0.553703679164184
1.5304833654355374
0.6613662317162796
0.5486159598659384
0.43111643498282354
0.5486159598659384
0.6301022911958335
0.7548021567739313
0.5842299949536577
0.6613662317162796
0.4522949794300661
0.6113439268835659
0.5925855625712981
0.6676190198203688
0.5638791177606751
0.7266985644598127
0.6082175328315212
0.5031234861034481
0.7747275220591197
0.6519870495601456
0.3979147773607924
0.553703679164184
1.31250935252448
0.6238495030917443
0.7196726663812831
0.6457342614560565
0.758531084890126
0.6082175328315212
0.579142275655412
0.5358966616203242
0.633228685247878
0.8887665467669764
0.7706784127668713
0.5511598195150611
0.5409843809185699
0.5689668370589207
0.6050911387794765
0.7196726663812831
0.6269758971437889
1.0906728811845936
0.6519870495601456
0.6301022911958335
0.513001924778219
0.6676190198203688
0.5358966616203242
0.5842299949536577
0.5384405212694471
0.6488606555081011
0.7196726663812831
0.5613352581115523
0.6019647447274319
0.42052716275920227
0.7512892077346666
0.5613352581115523
0.7512892077346666
1.5214790827802913
0.6207231090396996
0.6269758971437889
0.7990221778126104
0.7161597173420183
1.2023827702459988
0.9333950845028254
1.2390916310054927
0.6144703209356104
0.5740545563571664
0.617596714987655
0.7990221778126104
0.4755913783220328
0.7512892077346666
0.5333528019712015
0.6845431759886349
0.6845431759886349
0.617596714987655
0.8490967354462216
0.5613352581115523
0.794973068520362
1.2978258082206826
0.6950820231064293
0.5435282405676927
0.6301022911958335
0.7196726663812831
0.6676190198203688
0.4247628716486508
0.854055461861316
1.126321062039415
0.5486159598659384
0.7477762586954017
0.7056208702242238
0.5435282405676927
0.5010056316587239
0.8395132707350949
0.6426078674040119
0.5765984160062892
0.6426078674040119
0.5957119566233428
0.6488606555081011
0.5925855625712981
0.982982348653769
1.4354621826036578
0.5587913984624294
0.5308089423220786
1.055024700329772
0.9036427260122595
0.579142275655412
0.46500210609841164
0.7372374115776071
0.9284363580877311
1.4868471113205621
0.8152186149816041
0.633228685247878
0.5842299949536577
0.6207231090396996
0.5957119566233428
0.740750360616872
0.7512892077346666
0.5257212230238331
0.5460721002168155
0.7548021567739313
0.6457342614560565
0.658239837664235
0.6457342614560565
0.7548021567739313
0.9928998014839577
0.5333528019712015
1.1203796985636114
0.3271937666529223
0.5587913984624294
0.9928998014839577
0.5435282405676927
0.5053703458308507
1.8471669244450561
0.633228685247878
0.6676190198203688
0.9730648958235802
0.5842299949536577
0.6050911387794765
0.5894591685192535
0.5894591685192535
0.8490967354462216
0.8111695056893556
0.5715106967080437
0.5435282405676927
1.8915156676336657
0.9631474429933916
0.579142275655412
0.8030712871048589
1.305167580372581
0.6144703209356104
0.740750360616872
0.6457342614560565
1.1560278794184329
0.34400452095053596
0.6740043288708405
0.6644926257683241
0.5613352581115523
0.6269758971437889
0.658239837664235
0.758531084890126
0.5842299949536577
0.7512892077346666
0.5511598195150611
0.41530518265442357
0.5842299949536577
0.6613662317162796
0.4861806505456541
0.5816861353045348
0.7828257406436167
0.7196726663812831
0.6050911387794765
0.6050911387794765
0.7056208702242238
0.6082175328315212
0.579142275655412
0.7161597173420183
0.7666293034746228
0.7337244625383424
0.5925855625712981
0.7302115134990775
1.3926414086729044
0.5664229774097979
0.33704835883308354
0.5689668370589207
1.0728487907571826
2.79327344580206
0.5486159598659384
0.5486159598659384
1.0490833368539685
0.40834902053697114
0.7126467683027534
0.553703679164184
0.7126467683027534
0.5894591685192535
0.6457342614560565
0.4100880610663342
0.5925855625712981
0.6144703209356104
0.5816861353045348
0.6269758971437889
0.4777092327667571
0.6082175328315212
0.9532299901632029
0.579142275655412
0.5031234861034481
0.6985949721456942
0.7372374115776071
0.4882985049903783
0.6082175328315212
0.6207231090396996
0.6019647447274319
0.7828257406436167
1.8471669244450561
0.8441380090311272
0.5562475388133068
0.9631474429933916
0.9284363580877311
0.5842299949536577
0.8111695056893556
0.41530518265442357
0.9433125373330141
0.6457342614560565
0.7477762586954017
0.5957119566233428
0.9631474429933916
0.5842299949536577
0.8071203963971072
0.7787766313513682
0.6082175328315212
1.3498206347421509
0.5511598195150611
0.633228685247878
0.5333528019712015
1.0077759807292406
0.5384405212694471
0.6775172779101052
0.5104580651290963
0.5842299949536577
0.8354641614428464
0.5231773633747103
0.740750360616872
0.7337244625383424
0.7990221778126104
0.6363550792999226
0.6488606555081011
0.7372374115776071
0.7442633096561369
0.6845431759886349
0.6551134436121903
0.553703679164184
0.8152186149816041
0.5206335037255875
0.7091338192634887
0.997858527899052
0.6019647447274319
0.6207231090396996
0.7625801941823745
0.8314150521505979
0.6301022911958335
0.553703679164184
0.6488606555081011
0.5587913984624294
1.0787901542329863
0.5613352581115523
0.758531084890126
0.6269758971437889
0.8490967354462216
0.39269765577270305
0.633228685247878
0.7126467683027534
0.6082175328315212
0.8639729146915046
0.5257212230238331
0.5409843809185699
0.6082175328315212
0.3979147773607924
0.5664229774097979
0.633228685247878
0.633228685247878
0.6238495030917443
0.6426078674040119
0.5333528019712015
0.5842299949536577
0.3299720950308543
0.658239837664235
0.6950820231064293
0.5282650826729559
0.6551134436121903
0.7625801941823745
0.7161597173420183
0.6845431759886349
0.47135566943258433
0.6519870495601456
0.3341395875977522
0.553703679164184
0.553703679164184
0.4247628716486508
0.5715106967080437
0.8354641614428464
0.8152186149816041
0.6950820231064293
0.5988383506753874
0.8314150521505979
1.5935133440222615
0.982982348653769
0.6740043288708405
0.6301022911958335
0.513001924778219
0.6269758971437889
0.982982348653769
0.5435282405676927
0.6457342614560565
0.5206335037255875
0.8030712871048589
0.7231856154205479
0.6985949721456942
0.5435282405676927
0.6740043288708405
0.5486159598659384
0.6551134436121903
1.3583847895283012
0.658239837664235
1.1500865159426292
0.5079142054799735
0.5867738546027804
0.5925855625712981
0.8441380090311272
1.3198511246763787
0.5384405212694471
0.7056208702242238
0.5257212230238331
0.5308089423220786
0.7126467683027534
0.5867738546027804
0.5384405212694471
0.6238495030917443
0.5384405212694471
0.9284363580877311
0.39095861524333997
0.8395132707350949
0.7512892077346666
0.7337244625383424
0.658239837664235
0.579142275655412
0.6519870495601456
0.6810302269493701
0.6457342614560565
0.7990221778126104
0.4565306883195146
0.9185189052575425
0.5010056316587239
0.8490967354462216
0.6457342614560565
0.5816861353045348
0.6207231090396996
0.6082175328315212
0.5715106967080437
0.35965588571480395
0.7548021567739313
0.7747275220591197
0.4607663972089631
0.633228685247878
0.5613352581115523
0.5562475388133068
0.38748053418461376
0.7266985644598127
0.5638791177606751
0.7477762586954017
0.8314150521505979
0.5925855625712981
0.740750360616872
0.6644926257683241
0.553703679164184
0.7625801941823745
0.633228685247878
0.740750360616872
0.6676190198203688
0.6775172779101052
0.5925855625712981
0.579142275655412
1.0490833368539685
0.5384405212694471
0.4925342138798268
2.157608126765323
0.5894591685192535
0.6082175328315212
0.6363550792999226
0.9681061694084859
0.6394814733519673
0.5689668370589207
0.6238495030917443
0.5638791177606751
0.5511598195150611
0.5894591685192535
1.426898027817507
0.5231773633747103
1.055024700329772
0.5842299949536577
0.5079142054799735
0.4755913783220328
0.8192677242738526
0.5715106967080437
0.5689668370589207
0.7625801941823745
0.6082175328315212
0.5409843809185699
0.7512892077346666
0.5638791177606751
0.5925855625712981
1.1322624255152185
0.7337244625383424
0.6519870495601456
0.5894591685192535
0.5180896440764647
0.5740545563571664
0.8030712871048589
0.7337244625383424
0.6394814733519673
1.1803574537903025
0.794973068520362
0.4819449416562056
0.7512892077346666
0.6426078674040119
0.7442633096561369
0.5562475388133068
0.5842299949536577
0.5689668370589207
0.8639729146915046
0.5715106967080437
1.6205261919880003
0.5638791177606751
0.5231773633747103
0.5562475388133068
0.5740545563571664
0.5511598195150611
0.5715106967080437
0.6082175328315212
0.740750360616872
0.5925855625712981
0.6207231090396996
0.6775172779101052
0.9383538109179198
0.5925855625712981
0.9532299901632029
0.5715106967080437
0.5842299949536577
0.6269758971437889
0.3492216425386253
0.5206335037255875
0.9681061694084859
0.553703679164184
0.5358966616203242
0.8490967354462216
0.5257212230238331
0.9581887165782972
0.6082175328315212
0.7477762586954017
0.5613352581115523
0.4840627961009298
0.6394814733519673
0.5562475388133068
0.4332342894275478
0.5511598195150611
0.6810302269493701
0.4013928584195186
0.6019647447274319
0.5740545563571664
0.6676190198203688
0.6269758971437889
1.3271928968282776
1.2464334031573912
0.6050911387794765
0.3822634125965244
0.4671199605431358
0.7372374115776071
0.7056208702242238
0.38921957471397683
0.5079142054799735
0.4819449416562056
0.6915690740671646
0.3631339667735302
