1.130782551185093
1.1119401314688868
0.6118061006997199
0.5487857149007822
0.8337967124035404
0.6918124057864832
0.6765957634120299
2.454716927652552
0.8431919126867367
0.5769334398300401
0.6660162522031565
0.4204566718634448
0.5572300323795596
0.6084179662307552
0.7298540117226167
1.2869896198067503
0.5825629848158917
0.8431919126867367
0.5825629848158917
0.5487857149007822
0.8155859829048008
0.6355230419824733
0.9638594111271611
0.6918124057864832
0.7374623329098434
0.5982535628238608
0.5121936724927468
0.8155859829048008
1.6232229526375157
0.6592399832652269
0.5178232174785985
0.6803999240056431
0.7700591591579518
0.6918124057864832
0.565674349858337
1.723878427665219
0.6389111764514382
0.628746773044544
0.9691058241028316
0.6321349075135086
0.6694043866721214
0.5262675349573759
0.7260498511290034
0.6918124057864832
0.6765957634120299
0.6490755798583326
0.7882698886566913
0.5178232174785985
0.7032248875673234
0.6626281177341917
0.6355230419824733
0.6355230419824733
8.889955869466343
1.1747481971895741
0.5150084449856727
0.6321349075135086
0.5375266249290791
0.5600448048724854
0.7526789752842967
0.7564831358779102
0.7928225710313762
1.4670203384942457
0.5544152598866339
0.5431561699149307
0.642299310920403
0.7184415299417766
0.6389111764514382
0.628746773044544
0.9953378889811848
0.7655064767832668
0.6456874453893677
0.628746773044544
0.6592399832652269
0.7070290481609367
0.7108332087545499
0.551600487393708
0.7070290481609367
0.6592399832652269
0.895656042443443
0.6880082451928698
0.5544152598866339
0.5881925298017434
0.7450706540970702
0.5881925298017434
0.565674349858337
0.6253586385755792
0.5150084449856727
0.7146373693481634
0.5459709424078564
0.7222456905353899
0.6558518487962622
0.7791645239073215
0.6592399832652269
0.551600487393708
0.5853777573088176
0.5290823074503016
0.6592399832652269
0.6660162522031565
0.6151942351686845
0.9166416943461254
0.5914772938859311
0.6050298317617904
0.6490755798583326
0.6524637143272974
0.5914772938859311
1.042851259176131
0.41460346085427047
0.52345276246445
0.7260498511290034
0.5572300323795596
0.5600448048724854
0.41265239051787905
0.8201386652794856
0.6994207269737098
0.8110333005301159
0.5431561699149307
0.9113952813704548
0.6842040845992566
1.670683449251511
0.6956165663800966
0.6918124057864832
0.7655064767832668
0.6016416972928256
0.5853777573088176
0.801927935780746
0.7374623329098434
0.6626281177341917
0.5459709424078564
1.0114472263157874
1.0365704526040622
0.6842040845992566
0.628746773044544
0.5741186673371143
0.801927935780746
1.2945071927735006
0.6050298317617904
0.5572300323795596
0.4275984229129363
0.9481201722001492
0.895656042443443
0.9113952813704548
0.5544152598866339
0.8851632164921017
0.5403413974220048
0.628746773044544
0.5797482123229658
0.565674349858337
0.9166416943461254
0.9323809332731374
0.6626281177341917
1.1433441643292306
0.6016416972928256
0.5262675349573759
0.7222456905353899
0.5853777573088176
0.6456874453893677
0.5572300323795596
0.7222456905353899
0.5628595773654111
0.8064806181554309
0.5459709424078564
0.9953378889811848
0.7655064767832668
0.6151942351686845
0.7146373693481634
0.7450706540970702
0.5375266249290791
0.7222456905353899
0.7791645239073215
0.8851632164921017
0.7564831358779102
0.4800417335705327
0.628746773044544
0.6389111764514382
0.6880082451928698
0.6880082451928698
0.6219705041066143
1.1496249709012993
0.6842040845992566
0.5206379899715242
0.6765957634120299
0.6956165663800966
0.7882698886566913
0.5713038948441885
0.6321349075135086
0.7488748146906834
0.5881925298017434
0.6355230419824733
0.49672824150704054
0.6842040845992566
0.5262675349573759
0.5914772938859311
0.5769334398300401
0.6355230419824733
1.4499231569140827
0.5262675349573759
0.5713038948441885
1.38153443059343
0.5178232174785985
0.5178232174785985
0.6016416972928256
0.7032248875673234
1.042851259176131
0.6765957634120299
0.7374623329098434
0.5741186673371143
0.7032248875673234
1.0177280328878562
0.7488748146906834
0.7298540117226167
0.5600448048724854
0.5825629848158917
0.5741186673371143
0.5150084449856727
0.6694043866721214
0.9953378889811848
0.6918124057864832
0.9533665851758198
0.5713038948441885
0.43951735715329915
1.196778744205748
0.853684738638078
0.6490755798583326
0.5431561699149307
0.7146373693481634
0.7184415299417766
0.6389111764514382
0.7374623329098434
0.5825629848158917
0.7146373693481634
0.5713038948441885
1.042851259176131
0.6389111764514382
0.7700591591579518
0.5347118524361532
0.6016416972928256
0.6558518487962622
0.5600448048724854
0.6660162522031565
0.7222456905353899
0.5544152598866339
0.7526789752842967
0.5825629848158917
0.5769334398300401
0.7108332087545499
1.024008839459925
0.6490755798583326
0.5600448048724854
0.9271345202974667
0.6524637143272974
0.5262675349573759
0.5375266249290791
6.448783870612333
0.5262675349573759
0.5881925298017434
0.8484383256624074
0.628746773044544
3.2601307847814494
0.8904096294677725
0.7450706540970702
0.5628595773654111
0.5600448048724854
0.6918124057864832
0.7700591591579518
0.895656042443443
0.5628595773654111
0.7837172062820064
0.5769334398300401
0.5347118524361532
0.628746773044544
0.48719309411475037
1.0177280328878562
0.5628595773654111
0.6151942351686845
0.6660162522031565
0.6050298317617904
0.5825629848158917
0.8694239775650898
0.551600487393708
1.105659324896818
0.6219705041066143
0.43713357030522654
0.5403413974220048
0.6355230419824733
0.7032248875673234
0.895656042443443
0.4275984229129363
0.7260498511290034
0.6389111764514382
0.7146373693481634
0.6994207269737098
0.5318970799432273
1.1433441643292306
0.6118061006997199
0.6490755798583326
1.0365704526040622
0.7928225710313762
0.7928225710313762
0.7526789752842967
0.6694043866721214
0.6842040845992566
0.8064806181554309
0.9953378889811848
0.6660162522031565
0.6956165663800966
0.41265239051787905
0.8904096294677725
1.0742552920364745
0.6842040845992566
0.6219705041066143
0.9900914760055143
0.7298540117226167
0.5741186673371143
0.937627346248808
0.6355230419824733
0.6918124057864832
0.5178232174785985
0.5572300323795596
0.5982535628238608
0.7108332087545499
0.8484383256624074
0.895656042443443
0.6016416972928256
0.6765957634120299
0.7882698886566913
0.5881925298017434
0.5544152598866339
0.9586129981514906
0.7184415299417766
0.8064806181554309
0.5262675349573759
0.6050298317617904
0.49672824150704054
0.6994207269737098
0.6219705041066143
11.395304838422264
1.4157287937537562
0.5713038948441885
0.9061488683947843
0.8246913476541705
1.1559057774733679
0.6355230419824733
0.6016416972928256
0.5914772938859311
0.8694239775650898
0.5403413974220048
0.7260498511290034
0.8292440300288554
0.6219705041066143
0.5375266249290791
0.628746773044544
1.0993785183247493
0.509378899999821
1.0616936788923372
0.628746773044544
0.6389111764514382
0.5853777573088176
0.44666871769751687
0.7184415299417766
0.6084179662307552
0.8292440300288554
0.6321349075135086
0.6219705041066143
0.5572300323795596
0.9795986500541729
0.6490755798583326
0.6456874453893677
0.6918124057864832
0.6956165663800966
0.6918124057864832
0.6803999240056431
0.5544152598866339
0.594865428354896
0.6321349075135086
1.4071802029636746
0.6219705041066143
0.7412664935034566
0.628746773044544
0.39509275749035605
0.5853777573088176
0.7564831358779102
0.5628595773654111
0.6355230419824733
0.48957688096282287
0.6355230419824733
0.6524637143272974
0.6016416972928256
0.6558518487962622
0.6918124057864832
0.7791645239073215
0.5014958152031858
1.042851259176131
0.6050298317617904
0.6558518487962622
0.5881925298017434
0.9743522370785024
0.5825629848158917
0.5713038948441885
0.5544152598866339
0.7146373693481634
0.5684891223512627
0.6842040845992566
0.7298540117226167
0.5769334398300401
0.7609537944085819
0.5544152598866339
0.6118061006997199
0.6219705041066143
0.6118061006997199
1.1684673906175054
0.5853777573088176
1.0616936788923372
0.5853777573088176
0.7108332087545499
0.5769334398300401
0.6084179662307552
0.4800417335705327
0.895656042443443
0.7746118415326366
0.6558518487962622
0.6389111764514382
0.7450706540970702
0.5713038948441885
0.8292440300288554
1.3900830213835116
0.7609537944085819
0.642299310920403
0.6842040845992566
0.48480930726667776
0.642299310920403
0.5262675349573759
0.5769334398300401
0.4087502498450961
1.4413745661240012
0.7882698886566913
0.45620386508980704
0.6389111764514382
0.6694043866721214
0.5825629848158917
0.49672824150704054
0.7526789752842967
0.7837172062820064
0.5262675349573759
0.7298540117226167
0.5741186673371143
0.6842040845992566
0.5403413974220048
0.7746118415326366
0.9009024554191135
0.5825629848158917
0.6253586385755792
0.5178232174785985
0.5431561699149307
0.7973752534060611
0.6016416972928256
0.6803999240056431
0.8110333005301159
0.5741186673371143
0.6219705041066143
0.5713038948441885
0.5544152598866339
0.6918124057864832
0.6765957634120299
0.7374623329098434
0.6490755798583326
1.2268490360727489
0.8589311516137487
0.6016416972928256
0.6219705041066143
0.5487857149007822
0.6918124057864832
0.5290823074503016
0.6050298317617904
0.4490525045455893
1.2343666090394991
0.6842040845992566
0.6456874453893677
0.5262675349573759
0.5853777573088176
0.5431561699149307
0.8484383256624074
0.6694043866721214
0.5544152598866339
0.6389111764514382
0.6084179662307552
0.6219705041066143
0.509378899999821
0.5318970799432273
1.0114472263157874
0.6765957634120299
0.5600448048724854
0.5206379899715242
0.5431561699149307
0.7609537944085819
0.7526789752842967
0.5881925298017434
0.5741186673371143
0.8337967124035404
0.8246913476541705
0.8431919126867367
0.551600487393708
0.642299310920403
0.9691058241028316
0.6118061006997199
0.5741186673371143
0.5881925298017434
0.5881925298017434
0.6389111764514382
0.8904096294677725
0.7791645239073215
0.7222456905353899
0.7700591591579518
0.5290823074503016
0.642299310920403
1.484117520074409
0.5318970799432273
0.5853777573088176
0.6842040845992566
0.6956165663800966
0.6253586385755792
0.5741186673371143
0.801927935780746
0.5403413974220048
