0.8215631950934023
0.5060575207191932
1.2946232677271163
0.6044324202161825
0.6512289226009201
0.6612567445405069
0.3910567879445496
0.7026950396909634
1.1166790875011026
0.7673634099161735
0.7383474184003369
1.197785358072555
0.6545715299141157
4.308601470802517
0.6712845664800934
0.5511967357477071
0.6579141372273113
0.5568391376262712
1.129788986176083
0.6244880640953557
0.5794087451405282
0.6579141372273113
0.5794087451405282
0.493451232780578
0.5540179366869892
0.6679419591668979
0.5737663432619642
0.8447435586350894
0.6144602421557691
0.9414719931398816
0.6445437079745291
0.6789267872180477
2.41867339315817
0.6947722888666581
0.674965411805895
1.3244195476208274
1.2201325679928383
0.6378584933481379
0.6512289226009201
0.9092291816382841
0.8305964926229404
0.6645993518537023
0.7718800586809426
0.5060575207191932
0.8769863701366868
0.6445437079745291
1.3169704776473998
0.607775027529378
0.8608649643858881
0.5977472055897913
0.607775027529378
2.1894972645361337
0.7673634099161735
0.7763967074457117
0.37413904096198364
0.6144602421557691
0.7145791659274212
0.7225019167517263
0.6908109134545055
0.5483755348084249
0.7809133562104806
1.0445746447887096
0.9790886065584118
1.8839290930400852
0.7026950396909634
0.6645993518537023
0.6712845664800934
0.5681239413833998
0.5483755348084249
0.5910619909634003
0.7145791659274212
0.4735576786705839
0.8080132487990951
0.5822299460798104
0.6345158860349424
0.607775027529378
0.6044324202161825
0.8662387663028209
0.570945142322682
0.6512289226009201
0.6868495380423528
0.7462701692246421
0.7106177905152685
0.7462701692246421
1.3901020721025288
0.6579141372273113
0.3948162872740087
0.5511967357477071
0.7264632921638791
0.803496600034326
1.53084117843637
0.7343860429881841
0.6445437079745291
0.5370907310512966
0.6712845664800934
0.6612567445405069
1.0183548474387487
0.6947722888666581
0.7264632921638791
0.9522195969737473
0.8125298975638641
0.8501173605520224
1.1035691888261219
0.8447435586350894
0.6345158860349424
0.6044324202161825
0.6868495380423528
0.5878723479583747
0.5794087451405282
0.8125298975638641
0.9790886065584118
0.6111176348425734
2.8617472418274406
0.7383474184003369
0.7106177905152685
0.7944633025047879
0.6908109134545055
0.5568391376262712
0.6789267872180477
0.6579141372273113
0.6211454567821602
0.9575933988906802
0.44620404176934203
0.973714804641479
0.46609759587933614
0.5977472055897913
0.6545715299141157
1.1625637328635343
0.6144602421557691
0.8501173605520224
0.7026950396909634
0.7026950396909634
0.6211454567821602
0.6512289226009201
0.5596603385655535
1.0576845434636903
0.5568391376262712
0.7423087938124894
0.7462701692246421
1.1691186822010247
0.7854300049752497
0.8170465463286332
0.5822299460798104
0.6244880640953557
0.7383474184003369
0.6679419591668979
0.6211454567821602
0.6789267872180477
0.545554333869143
0.6010898129029869
0.9360981912229487
0.4098542845918451
0.674965411805895
0.7583301123866354
0.5116999225977574
0.6211454567821602
0.9092291816382841
1.0642394928011805
0.42382379339559867
0.7304246675760316
0.7026950396909634
0.871612568219754
0.6345158860349424
0.7383474184003369
0.5977472055897913
1.3469517385981675
0.6478863152877247
0.8877339739705528
0.7106177905152685
0.5568391376262712
2.2658893074101463
0.6512289226009201
0.6645993518537023
0.7854300049752497
0.6278306714085512
0.6211454567821602
0.6645993518537023
0.6445437079745291
0.7264632921638791
0.6868495380423528
0.5822299460798104
0.7106177905152685
0.5342695301120144
0.6545715299141157
0.5977472055897913
0.674965411805895
0.6445437079745291
0.6278306714085512
0.5737663432619642
0.7066564151031159
0.5540179366869892
0.7541929200489472
0.5765875442012461
1.1035691888261219
0.6868495380423528
1.0904592901511416
1.1428988848510637
0.5737663432619642
0.5977472055897913
0.7854300049752497
0.6679419591668979
0.6789267872180477
0.7423087938124894
0.6211454567821602
0.5850511470190926
0.6311732787217469
0.968341002724546
0.6278306714085512
1.700588190142456
0.5681239413833998
0.6111176348425734
0.968341002724546
0.5977472055897913
0.8396297901524785
0.7026950396909634
0.6612567445405069
0.7423087938124894
0.37977828995617235
0.968341002724546
0.52862712823345
1.1494538341885538
0.9092291816382841
0.6278306714085512
0.6345158860349424
0.7854300049752497
0.6712845664800934
0.5765875442012461
1.3169704776473998
0.7423087938124894
0.968341002724546
1.3469517385981675
0.5910619909634003
0.5370907310512966
0.6478863152877247
0.3872972886150905
0.38541753895036096
0.6612567445405069
1.0314647461137292
0.6345158860349424
0.6712845664800934
1.190336288099127
0.5910619909634003
0.7673634099161735
0.607775027529378
0.6445437079745291
0.6789267872180477
0.6908109134545055
0.6545715299141157
0.7763967074457117
0.6712845664800934
0.9790886065584118
0.4760443729343332
0.6111176348425734
0.46609759587933614
0.5794087451405282
0.38165803962090183
0.8170465463286332
0.7185405413395738
0.5944045982765958
0.674965411805895
0.607775027529378
0.6868495380423528
0.5737663432619642
0.6445437079745291
0.5794087451405282
0.6010898129029869
1.4850328058121234
0.7225019167517263
0.6445437079745291
0.8554911624689552
1.43325240560689
0.8501173605520224
0.6908109134545055
0.6445437079745291
0.8931077758874856
0.6579141372273113
0.6144602421557691
0.5910619909634003
0.5944045982765958
0.7066564151031159
0.8662387663028209
0.5765875442012461
1.242479777913122
0.52862712823345
0.6144602421557691
1.622865494545793
0.7026950396909634
0.6244880640953557
1.2350307079396938
0.803496600034326
0.7541929200489472
0.52862712823345
0.5511967357477071
1.5022929392138678
0.3929365376092791
0.6612567445405069
0.8662387663028209
0.5944045982765958
1.272276057806833
0.7423087938124894
1.8992075016148875
0.6345158860349424
0.9468457950568144
0.6789267872180477
0.7106177905152685
0.6044324202161825
0.7718800586809426
1.807537050166073
0.545554333869143
0.8125298975638641
0.91997678547215
0.7944633025047879
0.5596603385655535
0.7383474184003369
0.7343860429881841
1.0314647461137292
1.0445746447887096
0.9092291816382841
0.4042150355976564
0.6645993518537023
0.5944045982765958
1.1691186822010247
0.7225019167517263
0.5822299460798104
1.0576845434636903
0.5765875442012461
0.6908109134545055
0.6868495380423528
0.6211454567821602
1.4418824723077623
0.6244880640953557
0.674965411805895
0.9038553797213512
0.9844624084753447
0.6645993518537023
0.5794087451405282
0.7583301123866354
65.41152986181736
0.6345158860349424
1.2201325679928383
0.5944045982765958
0.6712845664800934
0.6244880640953557
0.6244880640953557
0.607775027529378
0.6789267872180477
0.6579141372273113
0.5977472055897913
0.4004555362681973
0.6512289226009201
0.5822299460798104
1.3814720054016565
0.5596603385655535
1.077349391476161
0.7423087938124894
0.6211454567821602
0.5624815395048356
0.570945142322682
0.525805927294168
0.7809133562104806
0.9360981912229487
0.5116999225977574
0.7809133562104806
0.8931077758874856
0.6947722888666581
0.8877339739705528
0.6378584933481379
0.5822299460798104
0.6278306714085512
0.6579141372273113
0.607775027529378
0.9952100123092106
0.5850511470190926
0.6712845664800934
0.7343860429881841
0.5765875442012461
0.7225019167517263
0.8877339739705528
0.8215631950934023
1.1035691888261219
0.7673634099161735
1.0576845434636903
0.8877339739705528
1.129788986176083
0.6211454567821602
0.6579141372273113
0.8305964926229404
1.197785358072555
0.7854300049752497
0.8447435586350894
0.6645993518537023
0.7225019167517263
1.129788986176083
0.5944045982765958
0.7106177905152685
0.7106177905152685
0.5977472055897913
0.6645993518537023
0.6044324202161825
0.6178028494689646
0.5737663432619642
0.6947722888666581
0.5737663432619642
0.5822299460798104
0.7809133562104806
0.5596603385655535
0.7502315446367946
0.6044324202161825
1.0249097967762388
0.7944633025047879
0.6947722888666581
0.7718800586809426
0.803496600034326
0.7185405413395738
2.433951801732973
0.6612567445405069
0.6178028494689646
0.5737663432619642
0.6828881626302004
0.6828881626302004
0.7145791659274212
0.9844624084753447
0.570945142322682
0.5737663432619642
0.5201635254156037
0.42382379339559867
0.6512289226009201
0.7066564151031159
0.7343860429881841
0.5765875442012461
0.9575933988906802
0.5681239413833998
0.9844624084753447
0.6278306714085512
0.6712845664800934
3.2742642733471063
0.9038553797213512
0.6579141372273113
0.6645993518537023
0.5737663432619642
1.2350307079396938
1.3555818052990398
1.5819657984971605
0.5910619909634003
0.6311732787217469
0.4959379270443273
0.46112420735183757
0.7502315446367946
0.6345158860349424
0.8125298975638641
0.607775027529378
0.5765875442012461
0.5737663432619642
0.7026950396909634
0.6868495380423528
0.6445437079745291
0.6244880640953557
2.693684747504614
0.8125298975638641
0.5910619909634003
0.7264632921638791
0.6445437079745291
0.6579141372273113
0.6579141372273113
1.2871741977536886
0.6478863152877247
0.7225019167517263
0.7541929200489472
0.6044324202161825
1.1756736315385148
0.6947722888666581
0.6345158860349424
0.5822299460798104
0.46858429014308545
0.5977472055897913
0.5944045982765958
0.6545715299141157
0.9038553797213512
0.493451232780578
1.4418824723077623
0.7066564151031159
0.6178028494689646
0.6278306714085512
1.3469517385981675
0.6445437079745291
2.602014296055799
0.7673634099161735
0.9253505873890828
0.968341002724546
0.8984815778044185
0.6947722888666581
1.3469517385981675
0.37037954163252457
0.6512289226009201
0.52862712823345
0.7423087938124894
1.129788986176083
0.8931077758874856
0.8501173605520224
0.8608649643858881
0.871612568219754
0.5370907310512966
0.6612567445405069
0.7383474184003369
2.1894972645361337
0.8305964926229404
0.8170465463286332
0.7423087938124894
0.5060575207191932
0.570945142322682
0.5483755348084249
0.6278306714085512
0.5822299460798104
0.7264632921638791
0.5568391376262712
0.5314483291727323
0.36849979196779503
0.40609478526238596
0.8823601720536197
0.6789267872180477
0.48847784425307955
2.067269995937714
0.6645993518537023
0.6947722888666581
0.607775027529378
0.6868495380423528
0.607775027529378
0.6908109134545055
0.5540179366869892
0.6111176348425734
0.5765875442012461
0.7185405413395738
0.5596603385655535
0.8351131413877094
0.6278306714085512
0.5596603385655535
0.52862712823345
0.6679419591668979
0.7264632921638791
0.7462701692246421
0.6144602421557691
0.7462701692246421
0.6345158860349424
0.6445437079745291
0.5765875442012461
0.6345158860349424
0.9253505873890828
0.9522195969737473
0.7541929200489472
0.7066564151031159
0.5944045982765958
0.6445437079745291
0.5060575207191932
0.570945142322682
0.5173423244763217
0.9522195969737473
0.8305964926229404
0.5483755348084249
0.7225019167517263
0.570945142322682
0.48101776146183167
0.5540179366869892
0.6828881626302004
0.8125298975638641
0.5850511470190926
0.6545715299141157
0.6579141372273113
0.6712845664800934
0.8260798438581713
0.4312838761868465
1.0117998981012584
0.6211454567821602
0.7026950396909634
0.6244880640953557
0.6645993518537023
0.6712845664800934
0.6211454567821602
