835.0
826.0
818.0
813.0
843.0
974.0
835.0
782.0
876.0
835.0
840.0
767.0
724.0
830.0
821.0
761.0
703.0
777.0
770.0
772.0
805.0
852.0
795.0
808.0
935.0
934.0
822.0
786.0
811.0
802.0
734.0
770.0
875.0
794.0
831.0
780.0
834.0
975.0
864.0
775.0
897.0
775.0
798.0
930.0
785.0
911.0
934.0
813.0
974.0
836.0
806.0
772.0
834.0
805.0
834.0
992.0
677.0
772.0
800.0
781.0
817.0
1006.0
989.0
841.0
816.0
1037.0
685.0
843.0
805.0
794.0
789.0
786.0
837.0
929.0
835.0
822.0
676.0
840.0
668.0
810.0
830.0
886.0
845.0
775.0
888.0
780.0
794.0
795.0
782.0
787.0
805.0
776.0
1045.0
705.0
805.0
809.0
669.0
817.0
786.0
791.0
810.0
861.0
754.0
809.0
815.0
846.0
806.0
828.0
797.0
808.0
739.0
809.0
855.0
805.0
761.0
806.0
782.0
902.0
691.0
797.0
754.0
825.0
766.0
837.0
834.0
645.0
818.0
773.0
789.0
775.0
811.0
878.0
918.0
826.0
649.0
802.0
818.0
779.0
849.0
851.0
804.0
650.0
782.0
852.0
818.0
837.0
777.0
838.0
817.0
883.0
820.0
772.0
776.0
746.0
781.0
781.0
865.0
846.0
748.0
684.0
949.0
785.0
832.0
802.0
800.0
765.0
770.0
738.0
907.0
809.0
832.0
876.0
839.0
806.0
805.0
823.0
738.0
813.0
856.0
813.0
829.0
666.0
856.0
877.0
756.0
805.0
657.0
852.0
842.0
870.0
859.0
816.0
815.0
843.0
850.0
835.0
849.0
678.0
802.0
674.0
834.0
768.0
820.0
854.0
765.0
765.0
816.0
787.0
856.0
820.0
814.0
888.0
768.0
799.0
800.0
862.0
968.0
767.0
778.0
692.0
856.0
775.0
793.0
1068.0
801.0
854.0
688.0
843.0
879.0
809.0
813.0
821.0
797.0
864.0
694.0
766.0
863.0
681.0
770.0
698.0
800.0
793.0
815.0
819.0
662.0
794.0
805.0
850.0
782.0
749.0
951.0
797.0
717.0
957.0
984.0
829.0
836.0
779.0
781.0
807.0
772.0
810.0
780.0
775.0
802.0
818.0
824.0
789.0
659.0
779.0
825.0
818.0
833.0
811.0
836.0
795.0
800.0
756.0
905.0
650.0
813.0
730.0
774.0
779.0
818.0
792.0
872.0
818.0
855.0
777.0
850.0
837.0
702.0
817.0
840.0
838.0
856.0
666.0
1000.0
813.0
881.0
781.0
811.0
802.0
802.0
798.0
930.0
956.0
833.0
794.0
799.0
806.0
785.0
664.0
905.0
673.0
774.0
836.0
795.0
795.0
841.0
806.0
778.0
805.0
980.0
767.0
828.0
770.0
852.0
755.0
792.0
866.0
826.0
774.0
778.0
784.0
856.0
870.0
933.0
923.0
837.0
806.0
912.0
663.0
823.0
950.0
793.0
804.0
717.0
865.0
845.0
850.0
809.0
803.0
773.0
808.0
796.0
762.0
882.0
807.0
825.0
815.0
811.0
782.0
763.0
879.0
868.0
837.0
912.0
829.0
834.0
710.0
782.0
922.0
786.0
819.0
809.0
774.0
809.0
766.0
766.0
822.0
843.0
789.0
799.0
771.0
866.0
673.0
760.0
817.0
837.0
784.0
812.0
921.0
838.0
771.0
669.0
806.0
785.0
786.0
936.0
828.0
797.0
813.0
804.0
681.0
813.0
816.0
1074.0
906.0
833.0
805.0
779.0
736.0
802.0
786.0
789.0
701.0
744.0
787.0
811.0
865.0
745.0
820.0
650.0
805.0
876.0
921.0
848.0
785.0
988.0
750.0
808.0
812.0
895.0
811.0
745.0
854.0
802.0
871.0
852.0
714.0
836.0
795.0
782.0
803.0
787.0
797.0
782.0
800.0
786.0
779.0
787.0
635.0
830.0
869.0
840.0
800.0
814.0
838.0
686.0
686.0
836.0
786.0
812.0
937.0
832.0
842.0
815.0
804.0
774.0
762.0
836.0
837.0
834.0
781.0
679.0
777.0
848.0
845.0
763.0
858.0
884.0
797.0
818.0
820.0
900.0
776.0
789.0
796.0
824.0
801.0
836.0
782.0
805.0
962.0
914.0
821.0
784.0
770.0
810.0
779.0
801.0
823.0
928.0
755.0
764.0
879.0
780.0
756.0
770.0
774.0
821.0
782.0
694.0
885.0
774.0
793.0
793.0
813.0
941.0
770.0
790.0
801.0
882.0
795.0
791.0
949.0
791.0
825.0
940.0
788.0
808.0
869.0
805.0
775.0
632.0
655.0
853.0
786.0
786.0
763.0
797.0
904.0
769.0
924.0
781.0
810.0
816.0
856.0
827.0
818.0
766.0
