744.0
805.0
707.0
779.0
733.0
763.0
698.0
748.0
692.0
893.0
773.0
810.0
946.0
750.0
981.0
738.0
695.0
722.0
774.0
748.0
747.0
789.0
679.0
753.0
814.0
751.0
811.0
762.0
726.0
699.0
794.0
740.0
795.0
872.0
767.0
789.0
805.0
687.0
730.0
778.0
747.0
720.0
814.0
748.0
663.0
728.0
789.0
747.0
741.0
638.0
780.0
802.0
773.0
713.0
731.0
759.0
770.0
682.0
757.0
737.0
797.0
788.0
770.0
730.0
840.0
801.0
834.0
788.0
693.0
894.0
736.0
726.0
964.0
722.0
777.0
761.0
782.0
807.0
640.0
794.0
698.0
716.0
772.0
757.0
716.0
762.0
717.0
775.0
716.0
747.0
733.0
781.0
757.0
781.0
796.0
737.0
753.0
787.0
885.0
764.0
841.0
747.0
756.0
730.0
774.0
694.0
757.0
750.0
741.0
797.0
765.0
735.0
750.0
716.0
758.0
777.0
769.0
630.0
740.0
786.0
757.0
744.0
714.0
731.0
742.0
686.0
734.0
751.0
870.0
707.0
784.0
761.0
738.0
733.0
737.0
649.0
742.0
751.0
769.0
737.0
749.0
812.0
788.0
762.0
756.0
781.0
717.0
772.0
733.0
769.0
749.0
723.0
721.0
802.0
791.0
721.0
793.0
733.0
778.0
734.0
729.0
712.0
714.0
739.0
736.0
938.0
784.0
744.0
719.0
746.0
779.0
762.0
734.0
717.0
631.0
778.0
729.0
782.0
726.0
719.0
650.0
721.0
768.0
745.0
728.0
836.0
781.0
738.0
722.0
764.0
875.0
694.0
762.0
765.0
743.0
747.0
759.0
699.0
789.0
762.0
719.0
708.0
810.0
729.0
721.0
704.0
769.0
721.0
747.0
709.0
744.0
726.0
721.0
854.0
726.0
776.0
718.0
722.0
784.0
685.0
758.0
682.0
716.0
794.0
801.0
749.0
702.0
746.0
732.0
637.0
749.0
812.0
713.0
662.0
746.0
747.0
769.0
704.0
805.0
825.0
744.0
781.0
858.0
794.0
740.0
736.0
776.0
799.0
757.0
782.0
769.0
724.0
767.0
861.0
725.0
809.0
749.0
728.0
728.0
851.0
798.0
676.0
680.0
750.0
826.0
736.0
877.0
731.0
734.0
861.0
785.0
932.0
720.0
721.0
746.0
738.0
696.0
701.0
828.0
662.0
829.0
793.0
771.0
706.0
909.0
742.0
792.0
711.0
827.0
686.0
737.0
1004.0
825.0
811.0
789.0
722.0
770.0
744.0
710.0
708.0
718.0
706.0
826.0
710.0
718.0
629.0
774.0
746.0
688.0
834.0
734.0
732.0
774.0
733.0
772.0
727.0
733.0
810.0
733.0
802.0
832.0
789.0
632.0
735.0
636.0
741.0
789.0
802.0
716.0
773.0
753.0
755.0
812.0
787.0
724.0
714.0
728.0
749.0
712.0
720.0
800.0
686.0
763.0
805.0
708.0
808.0
722.0
705.0
781.0
708.0
780.0
802.0
741.0
765.0
738.0
845.0
718.0
757.0
764.0
760.0
778.0
718.0
805.0
637.0
728.0
721.0
790.0
712.0
849.0
840.0
749.0
797.0
735.0
693.0
744.0
908.0
724.0
684.0
768.0
753.0
730.0
795.0
723.0
738.0
737.0
689.0
740.0
714.0
688.0
669.0
772.0
821.0
868.0
741.0
727.0
789.0
699.0
853.0
716.0
762.0
774.0
730.0
712.0
729.0
800.0
776.0
693.0
641.0
744.0
740.0
839.0
730.0
829.0
703.0
727.0
725.0
754.0
832.0
773.0
786.0
730.0
726.0
621.0
781.0
749.0
726.0
748.0
778.0
709.0
773.0
738.0
649.0
912.0
692.0
725.0
945.0
764.0
796.0
757.0
733.0
622.0
728.0
710.0
797.0
700.0
732.0
742.0
754.0
749.0
718.0
762.0
834.0
742.0
749.0
726.0
818.0
748.0
625.0
714.0
736.0
796.0
773.0
737.0
718.0
874.0
730.0
725.0
694.0
843.0
742.0
806.0
795.0
733.0
741.0
778.0
736.0
736.0
769.0
763.0
800.0
938.0
741.0
824.0
772.0
736.0
701.0
761.0
706.0
822.0
708.0
706.0
777.0
703.0
699.0
884.0
746.0
765.0
