0.8186580737680682
0.9012825416255617
0.5534278391237323
0.730375911420933
0.7011745225320443
0.5561874918925332
0.5672261029677368
0.6975243489209333
0.641057468137158
0.6238556929818938
0.6616995983234749
0.5506681863549314
0.6341767580750522
0.7121250433653775
0.5589471446613342
0.7121250433653775
0.5014233882375918
0.7449766058653776
0.7944077854174337
0.6513785332303164
0.9118644856331112
0.561706797430135
0.6479381781992636
0.730375911420933
0.7157752169764887
0.7449766058653776
0.5506681863549314
0.5928924977024183
0.5672261029677368
1.1075697150778334
0.6307364030439996
0.6238556929818938
0.5175523531293207
1.0760479759473986
0.5782647140429403
0.5147927003605197
0.6032135627955769
0.8430818495840393
0.7413264322542665
0.5396295752797279
0.6032135627955769
0.9330283736482102
1.0949610194256598
0.690224001698711
0.5699857557365378
0.4309145706602572
0.7084748697542665
0.5120330475917189
0.6169749829197883
0.5285909642045243
0.7084748697542665
0.6204153379508409
0.6865738280875999
0.7413264322542665
0.7048246961431553
0.6032135627955769
0.5837840195805423
0.5672261029677368
0.7701574970667993
0.7486267794764887
0.5285909642045243
0.5203120058981215
0.5120330475917189
0.4576592945689014
0.5644664501989359
0.8642457375991384
0.8483728215878141
0.6238556929818938
0.7157752169764887
0.7048246961431553
0.6616995983234749
1.1997107077257987
0.5285909642045243
0.6307364030439996
0.4819726799403961
0.6032135627955769
0.5451488808173296
0.9965200376935072
0.5894521426713656
0.6307364030439996
0.42605189358595835
0.5479085335861305
0.6066539178266296
0.7121250433653775
0.6204153379508409
0.5727454085053385
0.5534278391237323
1.1643088455126165
0.5534278391237323
0.9065735136293365
1.0697436281213117
0.5175523531293207
0.5368699225109269
0.7653074393966723
0.5147927003605197
0.6865738280875999
0.6938741753098221
0.6513785332303164
1.0760479759473986
0.47224732579179823
1.592053670945038
0.599773207764524
0.7011745225320443
0.5175523531293207
0.5479085335861305
0.8589547655953635
0.5147927003605197
0.5285909642045243
0.5837840195805423
0.5258313114357233
0.5699857557365378
0.730375911420933
0.5534278391237323
0.7230755641987109
0.561706797430135
0.5230716586669224
0.5699857557365378
0.6756233072542667
1.0760479759473986
0.5727454085053385
0.7604573817265454
0.48683535701469505
0.4989920497004423
0.5038547267747412
0.5479085335861305
0.4600906331060508
0.5285909642045243
0.586543672349343
0.6685803083855807
0.6066539178266296
1.03191754116479
0.599773207764524
0.8801186536104626
0.6032135627955769
0.5258313114357233
0.6513785332303164
0.5699857557365378
0.6548188882613694
0.8483728215878141
0.6204153379508409
0.5755050612741395
0.7701574970667993
0.5038547267747412
0.6829236544764888
0.7230755641987109
0.637617113106105
0.6169749829197883
0.5396295752797279
0.7559271266987109
0.9965200376935072
0.5368699225109269
0.78470767007718
0.561706797430135
0.42362055504880886
0.5285909642045243
0.6582592432924221
0.6272960480129467
0.5341102697421259
0.6100942728576826
0.7449766058653776
1.260763339304746
0.561706797430135
0.5120330475917189
1.0760479759473986
0.5258313114357233
0.7701574970667993
0.6307364030439996
0.6341767580750522
0.7895577277473068
0.6548188882613694
0.6238556929818938
0.5963328527334713
0.7486267794764887
0.8695367096029131
0.5396295752797279
1.3805491705872976
0.6548188882613694
0.6238556929818938
1.0886566715995725
0.5506681863549314
0.5727454085053385
0.4819726799403961
0.7992578430875605
0.6479381781992636
0.5963328527334713
0.7449766058653776
0.9065735136293365
0.561706797430135
0.506513742054117
0.6792734808653776
0.9118644856331112
0.491698034088994
0.6341767580750522
0.5561874918925332
0.6238556929818938
0.6444978231682108
0.5727454085053385
0.8907005976180121
0.561706797430135
0.7449766058653776
0.4965607111632929
0.730375911420933
0.641057468137158
0.5313506169733252
0.5837840195805423
0.730375911420933
0.690224001698711
1.2073422866731671
0.7701574970667993
0.828358189108322
0.7084748697542665
0.7604573817265454
0.5727454085053385
0.8380583044485758
0.5810243668117413
0.7413264322542665
0.5810243668117413
0.8089579584278145
0.6238556929818938
0.5589471446613342
0.6582592432924221
0.7604573817265454
0.5672261029677368
0.6066539178266296
1.9760040355507917
0.6479381781992636
0.6513785332303164
0.5479085335861305
0.509273394822918
0.4844040184775455
0.5837840195805423
0.4819726799403961
0.8642457375991384
0.5479085335861305
0.7340260850320441
0.6204153379508409
0.8186580737680682
0.42118921651165936
0.9859380936859578
0.5699857557365378
0.6513785332303164
0.586543672349343
1.222605444567904
0.586543672349343
0.9012825416255617
0.5368699225109269
0.6792734808653776
0.5837840195805423
0.561706797430135
0.8041079007576875
0.6582592432924221
0.561706797430135
0.5258313114357233
0.586543672349343
0.7522769530875998
0.5479085335861305
0.8089579584278145
0.5963328527334713
0.6238556929818938
0.6548188882613694
0.8536637935915888
0.6685803083855807
0.6548188882613694
0.7604573817265454
0.5928924977024183
0.641057468137158
1.0886566715995725
0.5589471446613342
0.7701574970667993
0.6479381781992636
0.5727454085053385
0.9012825416255617
0.5644664501989359
0.7750075547369262
0.8380583044485758
0.7048246961431553
0.445502601883154
0.5755050612741395
0.6975243489209333
0.6865738280875999
0.6444978231682108
0.7522769530875998
0.5451488808173296
0.6720206634166335
2.3063075248664533
0.7340260850320441
0.8041079007576875
0.5506681863549314
0.6865738280875999
0.637617113106105
1.8108522908929614
0.8235081314381951
0.779857612407053
0.5810243668117413
0.5230716586669224
1.0949610194256598
0.6479381781992636
0.5147927003605197
0.5672261029677368
1.2073422866731671
1.0130044976865291
0.5963328527334713
0.7230755641987109
0.5963328527334713
0.9753561496784082
0.7230755641987109
0.828358189108322
0.586543672349343
0.730375911420933
1.057134932469138
0.6829236544764888
0.6651399533545277
0.5285909642045243
0.730375911420933
0.599773207764524
0.6685803083855807
0.6169749829197883
0.9065735136293365
1.6016044048094842
0.6307364030439996
0.6513785332303164
0.6582592432924221
0.5341102697421259
0.637617113106105
0.49412937262614337
0.7449766058653776
1.019308845512616
0.586543672349343
0.48683535701469505
0.5963328527334713
1.1643088455126165
0.6238556929818938
0.7486267794764887
0.5258313114357233
0.6865738280875999
0.5782647140429403
0.4382085862717057
0.5644664501989359
0.8801186536104626
0.6616995983234749
0.6341767580750522
0.7522769530875998
0.5928924977024183
0.5175523531293207
0.5894521426713656
0.6829236544764888
0.5837840195805423
0.6513785332303164
0.7340260850320441
0.5506681863549314
0.9012825416255617
0.5672261029677368
0.6513785332303164
0.6032135627955769
0.8430818495840393
0.5285909642045243
0.7230755641987109
0.6865738280875999
0.49412937262614337
0.7084748697542665
0.7048246961431553
0.5755050612741395
0.7750075547369262
0.8430818495840393
0.8186580737680682
0.7084748697542665
0.8430818495840393
1.0949610194256598
0.6307364030439996
0.6341767580750522
0.5963328527334713
0.561706797430135
0.6829236544764888
0.5810243668117413
0.6032135627955769
0.6100942728576826
0.6616995983234749
0.7376762586431552
0.599773207764524
0.6066539178266296
0.6582592432924221
0.637617113106105
0.6582592432924221
1.1264827585560946
1.4165470304053824
0.7486267794764887
0.6548188882613694
1.0697436281213117
0.6066539178266296
0.7194253905875998
0.7750075547369262
0.7449766058653776
0.6169749829197883
0.730375911420933
0.599773207764524
0.6865738280875999
0.6238556929818938
0.7449766058653776
0.5285909642045243
0.5782647140429403
0.8536637935915888
0.6792734808653776
0.6651399533545277
0.6238556929818938
0.6792734808653776
0.5699857557365378
0.6341767580750522
0.9330283736482102
0.6238556929818938
0.7653074393966723
0.7992578430875605
1.4975422149960727
1.038221888990877
0.5963328527334713
0.828358189108322
0.6341767580750522
0.6169749829197883
0.561706797430135
0.6100942728576826
0.6720206634166335
0.586543672349343
0.7992578430875605
0.5230716586669224
0.5699857557365378
0.5727454085053385
0.6032135627955769
0.6032135627955769
1.025613193338703
0.5589471446613342
0.5534278391237323
0.6307364030439996
0.5479085335861305
0.5341102697421259
0.5451488808173296
1.0130044976865291
0.7194253905875998
0.5285909642045243
0.6479381781992636
0.49412937262614337
0.5837840195805423
0.6975243489209333
0.7750075547369262
0.5451488808173296
0.599773207764524
0.5285909642045243
0.7486267794764887
0.6720206634166335
0.4965607111632929
0.6204153379508409
0.6032135627955769
1.4075475654508611
0.7194253905875998
0.6792734808653776
0.5175523531293207
0.7121250433653775
0.5014233882375918
0.726725737809822
0.6272960480129467
1.5156478000294713
0.6444978231682108
0.6169749829197883
0.5810243668117413
0.5014233882375918
0.8536637935915888
0.41519561177474573
1.4705438201325094
0.5341102697421259
0.9489012896595345
0.4965607111632929
0.6238556929818938
0.78470767007718
0.5506681863549314
0.5368699225109269
0.6548188882613694
0.6272960480129467
0.7992578430875605
0.6756233072542667
0.6341767580750522
1.019308845512616
0.5479085335861305
0.5368699225109269
0.5963328527334713
1.4795432850870305
0.6169749829197883
0.7750075547369262
0.5506681863549314
0.5038547267747412
0.5534278391237323
0.6479381781992636
0.9224464296406606
0.5644664501989359
1.0823523237734858
0.5928924977024183
0.6616995983234749
1.2302370235152724
0.5506681863549314
0.6066539178266296
0.5230716586669224
0.6829236544764888
0.5810243668117413
0.8483728215878141
0.6792734808653776
0.5810243668117413
0.6548188882613694
0.9753561496784082
0.7157752169764887
0.4746786643289476
0.599773207764524
0.5644664501989359
0.6720206634166335
0.599773207764524
0.48683535701469505
0.6238556929818938
0.5451488808173296
0.7194253905875998
0.6066539178266296
0.5810243668117413
0.9383193456519849
0.6307364030439996
1.4165470304053824
0.5451488808173296
0.6975243489209333
1.6302566064028214
6.686311035054368
0.5203120058981215
1.0130044976865291
0.6341767580750522
0.8907005976180121
0.9489012896595345
0.6479381781992636
0.47224732579179823
0.8430818495840393
0.5313506169733252
1.9309626506441109
0.4746786643289476
0.8801186536104626
0.7011745225320443
0.5285909642045243
0.690224001698711
0.6238556929818938
0.5810243668117413
0.4382085862717057
0.6238556929818938
0.5963328527334713
0.6066539178266296
0.8536637935915888
0.5644664501989359
0.730375911420933
