0.6094984211708053
0.6094984211708053
0.5238740420610827
0.670773466708146
1.1767767466134846
0.7487940804575177
0.9710911772968664
0.597243412063337
0.6094984211708053
0.5801013582024389
1.041627002274551
0.7338482563046104
0.6615822098775449
0.5640364107334799
0.6523909530469438
0.4901918806332144
0.44146895871885655
1.084629193655121
0.6554547053238108
0.5452939720196944
0.5854563406920917
0.7487940804575177
0.7907204043430054
0.764806325548711
0.5911159075096031
0.9365430552311388
0.7076930640370225
0.5586814282438269
0.5345840070403887
0.5265515333059092
0.7076930640370225
0.4076452359263582
0.6462634484932097
0.6003071643402041
0.8166344831372997
0.6278809348320075
0.7820823780782405
0.38049284677439954
0.6852743278076615
0.7907204043430054
0.6248171825551404
0.7375847123428372
0.5881338319369183
0.6186896780014064
0.8166344831372997
0.6370721916626085
0.9365430552311388
0.7375847123428372
0.6248171825551404
0.8382295487992115
0.5238740420610827
0.6615822098775449
0.7691253386810935
0.7151659761134762
0.6278809348320075
0.670773466708146
0.6217534302782735
0.5881338319369183
0.6523909530469438
1.2496001440709978
0.6125621734476723
1.3371283314083788
0.7487940804575177
0.6278809348320075
0.7820823780782405
0.8526404730715145
0.7039566079987957
0.6340084393857416
0.6890107838458883
0.597243412063337
0.6585184576006778
0.6778014157312079
0.7301118002663836
0.7604873124163287
0.5319065157955623
0.6003071643402041
0.7604873124163287
3.4464017372137037
0.670773466708146
0.7375847123428372
0.8382295487992115
0.9365430552311388
0.5854563406920917
0.8526404730715145
0.6094984211708053
0.8674468110996835
1.1839540035679623
0.6125621734476723
0.8079964568725349
0.6309446871088745
0.741321168381064
0.3768725282208051
0.6890107838458883
0.6248171825551404
0.7301118002663836
0.6815378717694347
0.8382295487992115
1.4527152441605764
0.6778014157312079
0.6615822098775449
0.5774238669576123
0.6778014157312079
0.7450576244192908
1.9414955623710346
0.6094984211708053
0.5078090945921239
0.7604873124163287
0.5533264457541741
0.718902432151703
0.5774238669576123
0.9661557312874768
0.6890107838458883
0.6646459621544121
0.5801013582024389
0.7450576244192908
0.6064346688939383
0.6462634484932097
0.6615822098775449
0.6217534302782735
1.0293406618801024
0.5372614982852151
0.6094984211708053
0.9809620693156459
0.6309446871088745
0.5560039369990004
0.5613589194886535
0.47112638944933516
0.670773466708146
0.5911159075096031
0.4753631652679749
0.7562669925339713
0.5747463757127859
0.674064959692981
0.718902432151703
0.5533264457541741
0.6401359439394756
0.8079964568725349
0.5479714632645211
0.5586814282438269
0.40402491737276375
0.5560039369990004
0.5560039369990004
0.5801013582024389
0.5399389895300416
0.6340084393857416
0.5372614982852151
0.8773177031184629
1.1644904062190362
0.5029022080891338
0.7002201519605689
0.4584160619934157
0.8166344831372997
0.6094984211708053
0.5211965508162563
0.7691253386810935
0.6248171825551404
1.4360287362240685
0.5854563406920917
0.5104865858369503
0.7993584306077701
0.7777633649458583
0.6033709166170712
0.37144205039041334
0.8477050270621248
0.6003071643402041
0.5640364107334799
0.9957684073438148
0.6186896780014064
0.5667139019783064
0.6370721916626085
0.9957684073438148
0.6003071643402041
0.5693913932231329
0.6615822098775449
0.4287586312629371
0.5693913932231329
0.5747463757127859
0.5881338319369183
0.7691253386810935
0.670773466708146
0.7226388881899298
0.741321168381064
0.670773466708146
0.5693913932231329
0.8295915225344469
0.6585184576006778
0.7338482563046104
0.36963189111361605
0.6094984211708053
1.2933642377396883
0.7076930640370225
0.8625113650902938
0.670773466708146
0.5720688844679593
0.7338482563046104
0.5747463757127859
0.5693913932231329
0.6646459621544121
0.9217367172029699
0.6431996962163427
1.2933642377396883
0.674064959692981
0.6493272007700768
0.6094984211708053
0.6523909530469438
0.6309446871088745
0.6278809348320075
1.4527152441605764
0.8123154700049173
0.6401359439394756
0.5131640770817768
0.6493272007700768
0.6094984211708053
0.6462634484932097
0.6340084393857416
0.5881338319369183
0.6248171825551404
0.9217367172029699
0.5158415683266033
0.6778014157312079
0.5747463757127859
0.7226388881899298
0.6927472398841151
0.7114295200752493
0.7487940804575177
0.7375847123428372
1.01091115128843
0.670773466708146
0.670773466708146
0.4287586312629371
0.7691253386810935
0.5345840070403887
0.7734443518134758
0.6370721916626085
0.5720688844679593
0.6033709166170712
0.6309446871088745
1.1276313850356905
0.6493272007700768
0.6852743278076615
0.9365430552311388
0.6340084393857416
0.7487940804575177
0.6248171825551404
0.5586814282438269
0.6523909530469438
0.5452939720196944
0.7525305364957445
0.6340084393857416
0.7604873124163287
0.5747463757127859
0.6927472398841151
0.7820823780782405
0.9858975153250354
1.9267670159612271
0.5801013582024389
0.7114295200752493
0.5693913932231329
0.7604873124163287
0.6125621734476723
0.5667139019783064
0.5560039369990004
0.6890107838458883
0.7820823780782405
0.5747463757127859
0.7226388881899298
0.5640364107334799
0.6278809348320075
0.8036774437401525
0.5131640770817768
0.46900800154001526
0.5827788494472653
0.6927472398841151
0.8773177031184629
0.5586814282438269
0.6523909530469438
0.9612202852780871
0.5372614982852151
0.597243412063337
0.5911159075096031
0.6615822098775449
0.6927472398841151
0.9365430552311388
1.1214882148384664
0.5640364107334799
0.7691253386810935
0.5911159075096031
0.5693913932231329
0.6064346688939383
1.764753005453346
0.741321168381064
0.6278809348320075
0.5292290245507356
0.670773466708146
0.5827788494472653
0.6278809348320075
0.6033709166170712
0.6033709166170712
0.5693913932231329
0.6815378717694347
0.6615822098775449
0.5801013582024389
0.6890107838458883
0.9217367172029699
0.7002201519605689
1.1839540035679623
1.4360287362240685
0.5747463757127859
0.7301118002663836
0.9513493932593078
0.6248171825551404
0.597243412063337
0.8427695810527353
0.6094984211708053
0.6927472398841151
0.6778014157312079
0.7525305364957445
1.090772363852345
0.6309446871088745
1.5946267620308539
0.5827788494472653
0.6462634484932097
0.597243412063337
0.6493272007700768
0.5747463757127859
0.6186896780014064
0.5827788494472653
0.5586814282438269
0.5720688844679593
0.6370721916626085
0.7691253386810935
0.674064959692981
0.7002201519605689
0.7907204043430054
0.45629767408409583
0.6615822098775449
0.6615822098775449
0.43087701917225707
0.5911159075096031
0.6003071643402041
0.8166344831372997
0.718902432151703
0.5131640770817768
0.5640364107334799
0.597243412063337
0.6278809348320075
0.5911159075096031
0.8166344831372997
0.6064346688939383
0.5158415683266033
0.8166344831372997
0.9168012711935802
0.7820823780782405
0.6778014157312079
0.6370721916626085
0.5399389895300416
0.6493272007700768
0.6094984211708053
0.6646459621544121
0.9710911772968664
0.6493272007700768
0.5854563406920917
0.7691253386810935
0.9710911772968664
0.9562848392686975
0.5345840070403887
1.8678528303219974
0.4287586312629371
1.01091115128843
1.084629193655121
0.7263753442281566
0.5667139019783064
0.6677097144312789
0.5667139019783064
0.5345840070403887
0.6370721916626085
0.7487940804575177
0.5801013582024389
0.6217534302782735
0.6370721916626085
0.6585184576006778
0.498665432270494
0.6401359439394756
0.7039566079987957
0.6523909530469438
0.7338482563046104
1.4944315140018465
0.6462634484932097
0.5185190595714297
0.5693913932231329
0.7226388881899298
0.5238740420610827
0.5693913932231329
0.7338482563046104
0.6401359439394756
0.3786826874976023
0.7950394174753878
0.8036774437401525
0.7226388881899298
0.7076930640370225
0.38049284677439954
0.6156259257245393
0.718902432151703
0.6615822098775449
0.6523909530469438
0.6094984211708053
0.6646459621544121
0.40583507664956103
0.6778014157312079
0.6462634484932097
0.5586814282438269
1.1460608956273635
0.5007838201798138
0.5029022080891338
0.6309446871088745
0.8166344831372997
0.6278809348320075
1.041627002274551
0.674064959692981
0.5854563406920917
0.6585184576006778
0.7777633649458583
0.6186896780014064
0.5801013582024389
0.5560039369990004
0.7777633649458583
0.7301118002663836
0.7151659761134762
0.5586814282438269
0.5452939720196944
0.6033709166170712
0.7993584306077701
0.5211965508162563
0.9513493932593078
1.5666865626953057
0.6248171825551404
0.6646459621544121
0.5941796597864701
0.5693913932231329
0.5827788494472653
0.7950394174753878
0.741321168381064
0.5452939720196944
0.4923102685425343
0.6585184576006778
0.7301118002663836
0.5319065157955623
0.47959994108661474
0.5827788494472653
0.6778014157312079
0.6003071643402041
0.6278809348320075
0.5941796597864701
0.6064346688939383
0.3949741209887775
1.0007038533532044
0.7450576244192908
0.4435873466281764
0.5881338319369183
0.9957684073438148
0.5265515333059092
0.6370721916626085
0.5586814282438269
0.5104865858369503
0.5533264457541741
0.6401359439394756
0.6033709166170712
0.6248171825551404
0.5667139019783064
0.6615822098775449
0.5372614982852151
0.7076930640370225
0.8526404730715145
0.7820823780782405
0.6094984211708053
0.4753631652679749
0.6156259257245393
0.5911159075096031
0.5479714632645211
0.5747463757127859
0.741321168381064
0.7777633649458583
0.6064346688939383
1.9856812016004566
0.7076930640370225
0.7907204043430054
0.5693913932231329
0.5131640770817768
0.7691253386810935
0.5854563406920917
0.6852743278076615
0.6370721916626085
0.6778014157312079
0.6186896780014064
1.3609394505097827
0.5051316033472973
0.6248171825551404
0.5479714632645211
0.5586814282438269
0.6815378717694347
0.7525305364957445
0.7151659761134762
0.597243412063337
0.3949741209887775
0.5640364107334799
1.139917725430139
0.5801013582024389
0.6248171825551404
0.5747463757127859
0.8773177031184629
0.6677097144312789
0.5747463757127859
0.6890107838458883
0.5533264457541741
0.6890107838458883
0.5265515333059092
0.6646459621544121
1.0056392993625942
0.47112638944933516
0.6815378717694347
0.5801013582024389
1.0354838320773267
0.5533264457541741
0.7950394174753878
1.3609394505097827
0.6554547053238108
0.5881338319369183
0.7777633649458583
0.6778014157312079
1.3609394505097827
1.2350121128481013
0.718902432151703
0.6033709166170712
0.5078090945921239
0.7525305364957445
0.5801013582024389
0.6852743278076615
1.5387463633597573
0.9266721632123596
0.7076930640370225
0.7301118002663836
0.5881338319369183
0.597243412063337
0.5238740420610827
0.674064959692981
0.7301118002663836
0.3877334838815885
0.6815378717694347
0.597243412063337
