0.8538864993344539
0.7426672380046748
0.6924005713380081
1.2126305962656991
2.7722865354662027
0.8487506214718585
1.1502731059172402
0.7001339046713415
1.0325009862482397
1.0448980514765553
0.7310672380046749
0.5234822497206149
0.8744300107848356
0.6008098527166932
0.7388005713380082
0.46090230571124646
0.6566139120453427
0.49949069977332483
0.9463323008611716
0.46090230571124646
0.49949069977332483
0.7940949721744647
0.776210867974571
0.6172228113427666
1.088287779775661
1.6734922945477888
0.6303531782436252
0.754267238004675
0.7194672380046748
0.8641582550596448
0.6566139120453427
1.0263024536340817
0.6533313203201281
0.6402009534192692
0.7896239461244913
1.0634936493190295
0.9206529115481944
0.6924005713380081
0.6369183616940546
0.6336357699688399
0.8641582550596448
0.7040005713380083
0.7504005713380082
0.4540925891120562
0.6730672380046749
0.7896239461244913
0.6566139120453427
0.7040005713380083
0.6402009534192692
0.587830220445831
0.5850324825882129
0.8298631805742521
1.0201039210199239
0.9514681787237669
0.807508050324385
0.7156005713380081
0.6106576278923372
0.6664616872209868
0.414501903444779
0.4201235611987897
0.754267238004675
0.7940949721744647
0.7940949721744647
0.9668758123115532
0.7388005713380082
0.6303531782436252
0.4677120223104368
0.6303531782436252
0.3901413865107326
0.7040005713380083
2.5455815305241596
0.5794370068729768
0.879565888647431
0.6697442789462014
0.8253921545242787
0.9411964229985762
0.5794370068729768
0.7940949721744647
0.5094935604325245
0.6924005713380081
0.8030370242744116
0.7310672380046749
0.5766392690153586
0.7078672380046749
0.9309246672733852
0.6172228113427666
0.7117339046713416
0.6270705865184105
0.8590223771970493
0.4790615499757539
0.8209211284743053
0.7627977898246506
0.6434835451444839
0.7078672380046749
0.807508050324385
1.0448980514765553
0.6106576278923372
0.6924005713380081
0.557055104012032
0.8343342066242255
1.1192804428464507
1.5647848914925595
1.7445571797289396
1.7445571797289396
1.162670171145556
0.6402009534192692
0.6402009534192692
0.6808005713380082
0.6533313203201281
0.5766392690153586
0.9257887894107898
1.1821520524884157
0.4182496752807861
0.9257887894107898
1.3193054994861915
0.7272005713380082
0.6533313203201281
0.7851529200745178
0.6730672380046749
0.6270705865184105
0.8119790763743583
0.6962672380046749
0.8898376443726218
0.6434835451444839
0.8744300107848356
0.9309246672733852
0.838805232674199
0.6533313203201281
0.6500487285949134
0.7233339046713415
0.7040005713380083
0.6533313203201281
0.8164501024243318
0.5682460554425043
1.6537273121741107
0.5542573661544139
0.6270705865184105
0.7233339046713415
0.6467661368696986
0.6500487285949134
0.6303531782436252
0.6664616872209868
0.6270705865184105
0.6073750361671225
1.3421644073191539
1.4457836437959444
0.9309246672733852
0.9463323008611716
1.082089247161503
0.9566040565863623
0.663179095495772
0.43820325038061214
0.754267238004675
0.6172228113427666
0.9206529115481944
0.8487506214718585
0.6040924444419079
0.414501903444779
0.6270705865184105
0.8692941329222402
0.6106576278923372
0.6885339046713416
0.4336634393144853
0.5850324825882129
0.9257887894107898
2.2433081906014345
0.6205054030679812
0.4404731559136756
0.6962672380046749
0.9720116901741486
0.663179095495772
0.7388005713380082
0.663179095495772
1.3763870476123445
0.8949735222352173
0.6664616872209868
0.526279987578233
1.1440745733030824
0.5598528418696501
0.6885339046713416
0.7310672380046749
0.6664616872209868
0.6598965037705573
0.6924005713380081
1.3763870476123445
0.7627977898246506
1.0572951167048712
0.9822834458993395
0.6533313203201281
0.663179095495772
0.7194672380046748
0.8119790763743583
0.6664616872209868
0.39951081610075045
0.7117339046713416
0.7349339046713416
0.6205054030679812
0.6533313203201281
0.6106576278923372
0.7896239461244913
0.9720116901741486
0.7349339046713416
1.9259211836825743
1.3677124730893946
0.6533313203201281
0.8298631805742521
0.7078672380046749
0.6697442789462014
0.807508050324385
0.776210867974571
1.6339623298004327
0.6846672380046748
0.5710437933001223
1.075890714547345
0.6598965037705573
0.6664616872209868
0.807508050324385
1.5944323650530767
0.8487506214718585
0.8487506214718585
0.5766392690153586
0.8119790763743583
0.587830220445831
0.9103811558230035
0.8538864993344539
0.6336357699688399
0.7940949721744647
0.8164501024243318
0.6369183616940546
1.094486312389819
0.587830220445831
0.7426672380046748
0.6924005713380081
0.6303531782436252
0.5346732011510873
0.9771475680367441
0.5975272609914785
0.7896239461244913
0.38077195692071486
0.7117339046713416
0.9822834458993395
0.8898376443726218
0.587830220445831
0.6924005713380081
0.6769339046713415
0.40325858793675756
1.162670171145556
0.5430664147239415
0.6697442789462014
0.8298631805742521
0.4586324001781831
0.8030370242744116
0.8744300107848356
0.5654483175848862
0.7851529200745178
0.5766392690153586
0.7117339046713416
0.8898376443726218
0.5942446692662638
0.5794370068729768
0.8209211284743053
0.7426672380046748
0.6846672380046748
0.7233339046713415
0.40325858793675756
0.5402686768663234
0.6533313203201281
0.6467661368696986
0.3788980710027112
0.7117339046713416
0.7896239461244913
0.7040005713380083
0.414501903444779
0.9103811558230035
0.6139402196175519
0.7156005713380081
0.8436147436092631
0.5710437933001223
0.6769339046713415
1.850352848701893
0.7504005713380082
0.9411964229985762
0.5738415311577405
0.6402009534192692
0.6237879947931959
0.7896239461244913
0.663179095495772
0.7851529200745178
0.9052452779604081
0.7851529200745178
0.5738415311577405
0.6924005713380081
0.7156005713380081
0.7896239461244913
0.9668758123115532
0.7233339046713415
0.9001094000978127
0.7117339046713416
0.6073750361671225
0.4858712665749442
0.6885339046713416
1.281207319764587
0.6303531782436252
2.152626188624617
0.7985659982244381
1.0510965840907134
0.6270705865184105
0.8298631805742521
0.7272005713380082
0.6467661368696986
0.754267238004675
0.7272005713380082
0.5094935604325245
0.6467661368696986
0.776210867974571
0.5654483175848862
0.754267238004675
0.6533313203201281
0.9206529115481944
2.077057853643937
0.40513247385476114
0.776210867974571
0.587830220445831
0.7851529200745178
0.6008098527166932
0.7583267637746772
0.9360605451359808
0.6008098527166932
0.5942446692662638
0.7233339046713415
0.4563624946451196
0.9720116901741486
0.7233339046713415
1.1564716385313982
0.4767916444426905
0.6808005713380082
0.6962672380046749
0.9206529115481944
0.9617399344489577
1.0263024536340817
0.9463323008611716
1.082089247161503
0.5150890361477606
0.6434835451444839
0.8692941329222402
0.6008098527166932
0.6664616872209868
0.6237879947931959
0.7896239461244913
0.6730672380046749
0.6139402196175519
1.0572951167048712
0.6769339046713415
0.7426672380046748
0.5318754632934691
0.7001339046713415
0.6270705865184105
0.5738415311577405
0.5850324825882129
0.6808005713380082
0.5766392690153586
0.6808005713380082
0.6808005713380082
0.915517033685599
0.6924005713380081
1.835239181705757
0.8898376443726218
0.7940949721744647
0.5486618904391777
0.6303531782436252
0.4336634393144853
0.6139402196175519
0.5654483175848862
1.175067236373872
1.3421644073191539
0.6730672380046749
0.6303531782436252
0.5542573661544139
0.5942446692662638
0.9514681787237669
0.7272005713380082
0.5738415311577405
1.1254789754606083
1.5450199091188814
0.776210867974571
0.5794370068729768
0.6730672380046749
1.3937361966582447
0.8298631805742521
0.5514596282967958
0.5710437933001223
0.7233339046713415
0.754267238004675
0.7940949721744647
1.1897716884327365
0.5850324825882129
0.6769339046713415
0.6467661368696986
0.6303531782436252
0.5794370068729768
0.6303531782436252
1.2126305962656991
0.663179095495772
3.458985453815049
0.7233339046713415
0.8744300107848356
0.6073750361671225
0.9514681787237669
0.8692941329222402
0.6205054030679812
0.6237879947931959
0.6962672380046749
1.3193054994861915
0.776210867974571
0.7233339046713415
0.7001339046713415
0.6106576278923372
0.6697442789462014
0.9206529115481944
0.6808005713380082
0.6303531782436252
0.6336357699688399
0.5975272609914785
0.6237879947931959
0.6402009534192692
0.7896239461244913
0.9668758123115532
0.8744300107848356
0.754267238004675
0.6369183616940546
0.7040005713380083
0.6730672380046749
1.0386995188623975
0.6369183616940546
0.6924005713380081
0.8949735222352173
0.9257887894107898
0.9976910794871258
0.879565888647431
1.0139053884057658
1.3421644073191539
0.6303531782436252
0.754267238004675
1.4197599202270945
0.8641582550596448
0.9463323008611716
0.6598965037705573
0.8641582550596448
1.3503633240434947
0.6008098527166932
0.6598965037705573
0.9103811558230035
0.6303531782436252
1.2126305962656991
0.8119790763743583
0.807508050324385
0.6500487285949134
0.6598965037705573
5.26682607521165
0.6808005713380082
1.5065056654565943
0.6008098527166932
0.6566139120453427
0.6808005713380082
0.6808005713380082
0.6962672380046749
0.6769339046713415
0.987419323761935
0.7040005713380083
0.8538864993344539
0.6500487285949134
0.6106576278923372
0.7851529200745178
0.6500487285949134
0.9257887894107898
0.776210867974571
0.6205054030679812
0.6369183616940546
0.7388005713380082
0.6106576278923372
