0.6302211282173891
0.6367003269847235
0.6593775226703936
0.6973907244572887
1.6577955263593822
0.7117361402355404
0.8158392309735193
0.8829069529514403
0.7224952020692291
0.646419125135725
0.6334607276010563
0.6866316626236001
0.8026505221392276
0.8525276633668527
0.811442994695422
0.7117361402355404
0.8334241760859082
0.6723359202050623
0.5438346938380448
0.7117361402355404
0.6140231312990532
0.5829995494729407
0.6830453086790371
0.8474644484360881
0.862654093228382
1.3268228598550929
0.5913459356133831
0.6938043705127258
0.5913459356133831
0.9487287470513802
0.5751665783459616
0.6043043331480517
1.6577955263593822
0.6172627306827203
0.7630843956363527
0.5751665783459616
0.6172627306827203
0.5673336072189824
0.6367003269847235
0.5673336072189824
0.9031598126744986
0.5568896457163435
1.1682394330961074
0.7586881593582554
0.6723359202050623
0.6075439325317188
0.551667664965024
0.9132862425360279
1.6577955263593822
0.5777775687216212
0.8070467584173249
0.6140231312990532
0.6302211282173891
0.8378204123640055
0.8525276633668527
0.9841712515667321
0.5856105398486006
0.8829069529514403
0.7982542858611305
0.5882215302242602
0.7511860336257323
0.8246317035297138
0.646419125135725
2.2498184818615807
1.3910185930731227
0.6593775226703936
0.7368406178474808
0.811442994695422
0.9537919619821448
0.5621116264676629
0.5829995494729407
0.7153224941801033
0.7224952020692291
0.5255577612084268
0.7081497862909775
0.6866316626236001
1.1887156861299413
0.7009770784018516
0.5856105398486006
0.8246317035297138
0.5595006360920032
0.6075439325317188
0.7009770784018516
0.6431795257520577
0.872780523089911
0.7153224941801033
1.1887156861299413
0.6528983239030594
0.5255577612084268
1.29774766538664
0.7475996796811694
0.7982542858611305
0.6367003269847235
0.7368406178474808
0.7475996796811694
0.729667909958355
0.6528983239030594
0.6690963208213951
0.7224952020692291
0.7117361402355404
0.4934198205967234
0.6938043705127258
0.8246317035297138
0.6172627306827203
0.5001640066432351
0.8246317035297138
0.6866316626236001
1.2177908805983944
1.0730318859262962
0.8778437380206757
0.7153224941801033
0.6938043705127258
0.6593775226703936
0.541223703462385
0.8575908782976174
0.5568896457163435
0.9487287470513802
0.6010647337643845
0.7630843956363527
0.5595006360920032
0.7368406178474808
0.6431795257520577
1.268672470918187
0.7982542858611305
0.771876868192547
0.5913459356133831
0.8246317035297138
0.5913459356133831
0.5725555879703019
0.646419125135725
0.5673336072189824
0.7081497862909775
0.8026505221392276
0.6205023300663876
0.7009770784018516
0.8575908782976174
0.5945855349970502
0.7938580495830331
0.6269815288337219
0.9436655321206154
1.1428507538508244
0.4552027663331576
0.5595006360920032
0.646419125135725
1.0349488670583717
0.6528983239030594
0.7982542858611305
0.5595006360920032
0.6973907244572887
0.6973907244572887
0.7009770784018516
0.7153224941801033
0.5751665783459616
0.8778437380206757
0.729667909958355
0.5438346938380448
0.6902180165681628
0.5621116264676629
0.5913459356133831
0.7586881593582554
0.8378204123640055
0.5699445975946421
0.6973907244572887
0.6140231312990532
0.6626171220540609
1.0286016972470509
1.1618922632847866
0.6302211282173891
0.6172627306827203
0.6626171220540609
0.8070467584173249
0.6075439325317188
0.7938580495830331
0.6367003269847235
0.7368406178474808
0.8575908782976174
0.5203357804571073
0.6830453086790371
0.6431795257520577
0.999360896359026
0.6205023300663876
0.7674806319144497
0.6690963208213951
0.6690963208213951
0.6902180165681628
0.6367003269847235
0.811442994695422
0.7762731044706442
0.6973907244572887
0.7586881593582554
0.811442994695422
0.6496587245193921
0.6561379232867265
0.6367003269847235
0.6172627306827203
0.551667664965024
0.6334607276010563
0.6973907244572887
0.8202354672516166
0.9639183918436738
0.6010647337643845
0.7982542858611305
0.5699445975946421
1.3050164640037532
0.6593775226703936
1.2177908805983944
0.6205023300663876
0.7117361402355404
0.6830453086790371
0.47993144850370023
0.7081497862909775
0.7894618133049359
0.5647226168433226
0.7511860336257323
0.646419125135725
0.8290279398078111
0.5098918189544683
0.6593775226703936
0.541223703462385
0.8290279398078111
0.6973907244572887
0.5777775687216212
0.5945855349970502
0.6367003269847235
3.8132904372781224
1.047643206681013
0.6866316626236001
0.5777775687216212
0.6431795257520577
0.729667909958355
0.7404269717920436
0.8879701678822051
1.6076464506289112
0.6973907244572887
1.2468660750668472
0.4821795105192041
0.6367003269847235
0.8980965977437341
0.5777775687216212
0.6866316626236001
0.8677173081591467
0.7153224941801033
0.6367003269847235
0.48667563455021184
0.8334241760859082
0.6172627306827203
0.5490566745893644
1.0286016972470509
0.6593775226703936
0.8677173081591467
0.6334607276010563
0.580388559097281
0.5255577612084268
0.6269815288337219
1.1959844847470547
0.7511860336257323
0.7009770784018516
0.7762731044706442
0.610783531915386
0.6431795257520577
0.6431795257520577
0.8930333828129696
0.3798755189150807
0.5595006360920032
0.5490566745893644
0.9841712515667321
0.428226022147111
0.4844275725347079
0.6431795257520577
0.7009770784018516
0.7762731044706442
0.4776833864881963
0.5151137997057879
0.8424012335053236
0.862654093228382
1.0159073576244093
0.580388559097281
0.7404269717920436
0.5490566745893644
1.2177908805983944
0.7440133257366065
1.3340916584722058
0.7547723875702953
0.5360017227110656
0.6626171220540609
0.7153224941801033
0.7894618133049359
1.0044241112897907
0.3960797578360826
0.5725555879703019
0.7081497862909775
0.6075439325317188
0.446210518271142
0.7224952020692291
0.5945855349970502
0.7081497862909775
0.6140231312990532
0.7081497862909775
0.6172627306827203
0.9537919619821448
0.9386023171898509
0.541223703462385
0.5386127130867253
0.580388559097281
0.7081497862909775
0.5829995494729407
0.6866316626236001
0.6902180165681628
0.5699445975946421
0.41048352576586217
0.6593775226703936
0.6830453086790371
0.5725555879703019
0.6723359202050623
0.6302211282173891
1.239597276449734
1.3574792112186862
0.6626171220540609
0.6431795257520577
0.44171439424013426
0.6043043331480517
1.3490943657550771
0.6075439325317188
0.9132862425360279
0.6205023300663876
0.6431795257520577
1.239597276449734
0.7440133257366065
0.5360017227110656
0.8677173081591467
0.9234126723975572
0.7081497862909775
0.6723359202050623
0.5856105398486006
0.7081497862909775
0.6690963208213951
0.5829995494729407
0.811442994695422
0.7153224941801033
0.8246317035297138
0.7081497862909775
0.5882215302242602
0.7850655770268387
0.5673336072189824
1.130156414228183
1.2177908805983944
0.5913459356133831
0.5177247900814476
0.7440133257366065
0.6690963208213951
0.6367003269847235
0.6043043331480517
0.646419125135725
0.6010647337643845
0.5829995494729407
1.6577955263593822
0.6938043705127258
0.9487287470513802
0.5281687515840864
1.1047677349828997
0.5621116264676629
0.8879701678822051
0.6302211282173891
0.6010647337643845
0.6075439325317188
0.5203357804571073
0.811442994695422
0.39968069981852755
0.551667664965024
0.6723359202050623
0.5699445975946421
1.1682394330961074
0.5281687515840864
0.6302211282173891
0.6902180165681628
0.7153224941801033
0.7938580495830331
0.9183494574667926
0.9588551769129092
0.6794589547344743
0.7153224941801033
0.646419125135725
0.6205023300663876
1.811718966862479
0.6431795257520577
0.3798755189150807
1.2904788667695268
0.7511860336257323
1.2032532833641678
1.2032532833641678
0.6431795257520577
0.7630843956363527
0.6205023300663876
0.6367003269847235
0.6690963208213951
0.5568896457163435
0.9487287470513802
0.6561379232867265
0.4552027663331576
0.9942976814282614
0.6302211282173891
0.9487287470513802
0.5360017227110656
1.1887156861299413
0.6723359202050623
0.6866316626236001
0.9841712515667321
2.582169838067797
0.541223703462385
0.726081556013792
0.9132862425360279
0.6172627306827203
0.6794589547344743
0.6237419294500547
0.7404269717920436
0.7511860336257323
0.9031598126744986
0.5829995494729407
0.5725555879703019
0.9284758873283216
0.7117361402355404
0.6269815288337219
0.8677173081591467
0.6205023300663876
0.771876868192547
3.11091063203223
0.7850655770268387
2.6123835977229075
0.5621116264676629
0.580388559097281
0.6794589547344743
0.7081497862909775
0.7547723875702953
0.9436655321206154
0.6794589547344743
0.665856721437728
0.6794589547344743
1.02225452743573
1.3340916584722058
0.6399399263683906
0.610783531915386
0.8829069529514403
0.6431795257520577
0.6399399263683906
0.6690963208213951
0.6938043705127258
0.40868305477463973
0.7153224941801033
0.862654093228382
0.665856721437728
0.6758726007899113
0.6723359202050623
0.3870774028799705
0.5386127130867253
0.6334607276010563
0.9234126723975572
0.6938043705127258
0.5725555879703019
0.8378204123640055
0.5621116264676629
0.8334241760859082
0.7153224941801033
0.5913459356133831
0.9386023171898509
0.7475996796811694
0.6334607276010563
0.5856105398486006
0.7153224941801033
0.5829995494729407
0.6172627306827203
0.6302211282173891
0.6302211282173891
0.40148117080975
0.6172627306827203
0.6866316626236001
0.5856105398486006
0.6431795257520577
0.6431795257520577
0.7475996796811694
1.0044241112897907
0.8158392309735193
0.44845858028664587
0.5751665783459616
0.49791594462773126
0.999360896359026
0.8778437380206757
0.551667664965024
0.9639183918436738
0.580388559097281
0.6302211282173891
0.48892369656571566
0.7117361402355404
0.729667909958355
0.7511860336257323
0.6367003269847235
0.5360017227110656
0.6690963208213951
0.7475996796811694
0.9031598126744986
0.771876868192547
1.0793790557376166
0.6269815288337219
0.610783531915386
0.7081497862909775
1.3658640566822953
0.729667909958355
0.6758726007899113
0.47543532447269243
0.7224952020692291
0.7511860336257323
0.6334607276010563
0.7547723875702953
0.6043043331480517
0.8290279398078111
0.5699445975946421
0.974044821705203
0.726081556013792
1.130156414228183
0.6172627306827203
0.811442994695422
0.7894618133049359
0.5281687515840864
0.646419125135725
0.6399399263683906
1.8419327265175895
0.7009770784018516
0.6431795257520577
1.0095601878130884
0.7982542858611305
0.6399399263683906
0.7440133257366065
0.9234126723975572
1.0539903764923337
0.6938043705127258
0.8246317035297138
0.7117361402355404
0.8070467584173249
0.646419125135725
0.5699445975946421
0.6690963208213951
0.5647226168433226
0.6528983239030594
0.7081497862909775
1.0730318859262962
1.567527190044534
1.4245579749275594
0.729667909958355
0.5913459356133831
1.0857262255489375
0.7224952020692291
0.6902180165681628
0.5595006360920032
0.5490566745893644
0.6075439325317188
0.6866316626236001
0.6561379232867265
0.6690963208213951
0.5777775687216212
0.6075439325317188
0.8202354672516166
0.5542786553406838
