0.6722290501660255
0.6426684174770975
0.7826686540126493
0.5480241621266797
0.48577498118391593
0.5867799224953432
0.7039869949237898
0.8905631324676841
0.9483803768102791
0.711069431529011
0.40338386564582684
0.924289858334198
0.6862809034107366
0.9291079620294143
0.7181518681342324
0.6219759745948479
1.524253809373781
0.6862809034107366
0.7358579596472856
0.7656539299483579
0.9387441694198466
0.6722290501660255
0.721693086436843
0.7075282132264005
1.2878212629221923
0.721693086436843
0.5924153419059199
0.5983274684437054
0.7004457766211791
0.9435622731150629
0.6898221217133472
0.962834687895928
0.5841962051374323
0.6101517215192768
0.7181518681342324
0.6131077847881695
0.5983274684437054
0.6544926705526688
0.791176016044795
0.9194717546389818
1.1878721967082702
0.8664726139916028
0.6633608603593472
0.5894592786370271
1.1950114157235505
0.636756290939312
0.8857450287724679
0.7039869949237898
0.6338002276704191
0.9194717546389818
0.852018302905954
0.7358579596472856
0.8379665072215964
0.5506078794845907
0.9724708952863604
0.9001993398581166
0.852018302905954
1.5991341655229188
0.636756290939312
0.6101517215192768
0.6160638480570624
0.6426684174770975
0.6574487338215615
0.3864759444556378
0.5480241621266797
0.6544926705526688
0.5454404447687687
1.4043030295324335
0.6426684174770975
0.6515366072837758
0.8379665072215964
0.7500228328577281
0.721693086436843
0.8294591451894506
1.266403605876352
0.6722290501660255
0.6249320378637407
0.9676527915911443
0.8857450287724679
0.6249320378637407
0.6544926705526688
0.8124444211251592
0.6663169236282399
0.6515366072837758
0.6898221217133472
1.1807329776929902
0.682739685108126
0.6101517215192768
0.41860099471699685
0.6862809034107366
1.0803106263265272
0.6308441644015264
0.5790287704216105
0.820951783157305
0.48577498118391593
0.5894592786370271
0.7358579596472856
0.5841962051374323
0.6249320378637407
0.7146106498316217
0.7146106498316217
0.8616545102963865
0.7393991779498962
0.7287755230420643
0.6160638480570624
0.7656539299483579
0.7075282132264005
0.6485805440148831
0.8124444211251592
0.7464816145551175
0.6308441644015264
0.8166981021412321
0.48782270458299065
0.6898221217133472
0.7741612919805038
0.682739685108126
0.6071956582503839
0.7393991779498962
0.5953714051748127
0.5583590315583233
0.7146106498316217
0.6160638480570624
0.5894592786370271
0.6722290501660255
0.9965614137624418
0.6633608603593472
0.619019911325955
0.6515366072837758
0.6131077847881695
0.7464816145551175
0.7358579596472856
0.7004457766211791
0.3881667365746567
0.6397123542082047
1.2307075107999512
0.8712907176868191
0.6101517215192768
0.7741612919805038
0.6756572485029047
0.8472001992107377
0.6722290501660255
1.2092898537541108
0.6633608603593472
1.3377957960291535
0.5841962051374323
0.6249320378637407
0.6544926705526688
0.6160638480570624
0.5894592786370271
1.4128022715738682
0.7146106498316217
0.6426684174770975
0.7996833780769407
0.5402730100529469
0.5841962051374323
0.6544926705526688
0.6604047970904543
0.6515366072837758
0.4939658747802149
0.8905631324676841
0.6515366072837758
0.619019911325955
0.7464816145551175
0.6515366072837758
0.7996833780769407
0.5609427489162341
0.6633608603593472
0.6071956582503839
0.6756572485029047
1.259264386861072
1.0115555167018522
0.40338386564582684
0.6160638480570624
0.6544926705526688
0.6338002276704191
0.8472001992107377
0.7656539299483579
1.524253809373781
0.4530114067987199
0.8294591451894506
0.7656539299483579
0.6131077847881695
0.6544926705526688
0.5506078794845907
0.7039869949237898
0.6278881011326335
0.566110183632056
0.6633608603593472
0.5983274684437054
0.6722290501660255
0.7656539299483579
0.8857450287724679
0.6633608603593472
1.0428078392585225
1.7435460120397832
0.7996833780769407
0.6160638480570624
0.7571465679162124
0.7181518681342324
1.001379517457658
0.9869252063720093
0.6791984668055153
0.6898221217133472
0.7464816145551175
0.4263910026107481
0.6898221217133472
0.7954296970608679
0.924289858334198
0.8664726139916028
0.6862809034107366
0.6898221217133472
0.5983274684437054
0.9098355472485492
0.6426684174770975
0.8252054641733778
0.5221869885475706
0.732316741344675
0.7535640511603389
0.7004457766211791
1.3449350150444337
0.9676527915911443
0.8124444211251592
0.542856727410858
0.8166981021412321
0.8809269250772516
0.8712907176868191
0.6898221217133472
0.5953714051748127
0.6862809034107366
0.6426684174770975
0.5609427489162341
0.6633608603593472
0.5609427489162341
0.7429403962525069
0.6791984668055153
0.7464816145551175
0.6308441644015264
0.7571465679162124
0.9580165842007117
0.7741612919805038
0.6791984668055153
1.136564806928534
0.5557753142004124
0.7784149729965765
0.7004457766211791
1.2735428248916323
0.7287755230420643
0.8294591451894506
0.6574487338215615
0.9291079620294143
0.6131077847881695
0.7614002489322851
0.7954296970608679
0.682739685108126
0.45096368339964515
0.6722290501660255
0.3847851523366189
0.7656539299483579
1.1807329776929902
0.5531915968425014
0.5790287704216105
0.636756290939312
0.732316741344675
0.5531915968425014
0.6397123542082047
1.3449350150444337
0.791176016044795
1.3163781389833131
0.41014703412190245
0.6574487338215615
0.5841962051374323
0.6898221217133472
0.7075282132264005
0.8039370590930136
0.5924153419059199
0.6397123542082047
0.8252054641733778
0.4263910026107481
0.820951783157305
0.5635264662741452
0.7287755230420643
0.6071956582503839
0.9580165842007117
0.6456244807459903
0.8252054641733778
0.6071956582503839
0.7784149729965765
0.6456244807459903
0.7954296970608679
0.566110183632056
0.682739685108126
0.6756572485029047
0.5841962051374323
1.0365573747471886
0.721693086436843
2.723092469288525
0.7500228328577281
1.323517357998593
0.5609427489162341
0.7004457766211791
0.5790287704216105
1.2021506347388307
0.6308441644015264
0.5583590315583233
0.6101517215192768
0.5924153419059199
0.6042395949814912
0.5924153419059199
0.6633608603593472
1.2878212629221923
0.6308441644015264
1.1615666649738703
0.6898221217133472
0.9483803768102791
0.6933633400159579
0.8379665072215964
0.5816124877795213
0.6308441644015264
1.1807329776929902
1.001379517457658
0.6308441644015264
0.8124444211251592
0.9772889989815767
0.6898221217133472
0.6485805440148831
0.5894592786370271
0.5924153419059199
0.7181518681342324
0.6485805440148831
0.5953714051748127
1.7138627860625484
0.8472001992107377
0.7358579596472856
1.4637977238224784
0.820951783157305
0.5953714051748127
0.5867799224953432
0.5841962051374323
0.6426684174770975
0.6933633400159579
1.223568291784671
1.6740145216720566
0.6604047970904543
0.38309436021760007
0.8857450287724679
0.7656539299483579
0.6485805440148831
0.5583590315583233
0.8423820955155216
0.6278881011326335
1.0240564457245205
0.5953714051748127
1.4552984817810435
0.5712776183478778
0.7954296970608679
0.7075282132264005
0.6862809034107366
0.6898221217133472
0.5170195538317489
0.6604047970904543
0.5924153419059199
0.6071956582503839
0.5066846844001053
0.6756572485029047
0.7429403962525069
0.6544926705526688
0.7146106498316217
0.6791984668055153
0.619019911325955
0.6485805440148831
0.619019911325955
0.8857450287724679
0.6338002276704191
0.8379665072215964
1.4298007556567385
0.6791984668055153
0.6249320378637407
0.6898221217133472
0.6456244807459903
0.9435622731150629
0.6933633400159579
0.6933633400159579
0.6898221217133472
0.820951783157305
0.6604047970904543
0.8252054641733778
0.6898221217133472
0.9146536509437655
0.5841962051374323
0.4939658747802149
0.6862809034107366
0.8472001992107377
1.0428078392585225
0.7075282132264005
0.5924153419059199
0.711069431529011
0.5816124877795213
0.6278881011326335
0.6633608603593472
0.6604047970904543
1.370306061366693
0.4202917868360158
0.6308441644015264
0.7656539299483579
0.7464816145551175
0.636756290939312
0.6544926705526688
0.5001090449774391
0.6071956582503839
0.5841962051374323
0.6278881011326335
1.8919621419259558
0.7656539299483579
1.6740145216720566
0.49191815138114015
0.6308441644015264
0.6101517215192768
0.732316741344675
0.47553636418854217
0.6160638480570624
0.619019911325955
0.5738613357057887
0.6485805440148831
0.5867799224953432
0.9724708952863604
2.1739527887096846
0.7075282132264005
0.9580165842007117
1.4637977238224784
0.6515366072837758
0.9435622731150629
0.6397123542082047
0.6308441644015264
0.7869223350287221
0.8664726139916028
0.6633608603593472
0.6544926705526688
0.791176016044795
0.5506078794845907
0.5686939009899669
1.4213015136153033
0.6308441644015264
0.5894592786370271
0.5506078794845907
0.6071956582503839
0.6544926705526688
1.0178059812131863
0.7614002489322851
0.8252054641733778
0.5953714051748127
0.5118521191159271
0.5712776183478778
0.924289858334198
0.5841962051374323
0.6160638480570624
0.5454404447687687
0.6278881011326335
0.6338002276704191
0.5738613357057887
0.8664726139916028
0.45505913019779465
0.8616545102963865
0.9146536509437655
0.636756290939312
0.5531915968425014
0.7181518681342324
0.6308441644015264
0.8294591451894506
0.8423820955155216
0.6722290501660255
0.6604047970904543
0.7004457766211791
0.619019911325955
0.6663169236282399
0.5953714051748127
1.3020997009527528
0.7429403962525069
0.6160638480570624
0.7039869949237898
0.8905631324676841
0.6278881011326335
1.7435460120397832
0.6456244807459903
0.619019911325955
0.8337128262055234
0.6515366072837758
0.6012835317125983
1.0678096973038589
0.4386773430051967
1.6459343881161301
0.5841962051374323
0.6131077847881695
1.0240564457245205
0.5583590315583233
0.6071956582503839
0.7252343047394536
0.7146106498316217
0.7699076109644307
0.8379665072215964
1.149065735951202
1.378805303408128
0.6160638480570624
0.5609427489162341
0.5221869885475706
0.7429403962525069
0.924289858334198
0.6338002276704191
0.6485805440148831
0.6426684174770975
0.6308441644015264
0.8664726139916028
2.114586336755216
0.721693086436843
0.5790287704216105
0.9001993398581166
0.6308441644015264
0.5816124877795213
0.852018302905954
1.370306061366693
0.5841962051374323
0.7699076109644307
0.6791984668055153
1.4467992397396086
0.6544926705526688
0.6862809034107366
0.6071956582503839
0.5221869885475706
0.636756290939312
0.721693086436843
0.40338386564582684
0.5609427489162341
0.5790287704216105
0.5609427489162341
0.6131077847881695
0.6898221217133472
0.6042395949814912
0.7075282132264005
0.7614002489322851
0.636756290939312
1.1678171294852042
0.7181518681342324
0.5894592786370271
0.6397123542082047
0.711069431529011
0.4135286183599402
0.6338002276704191
0.6397123542082047
0.6544926705526688
0.9050174435533329
0.7358579596472856
0.636756290939312
1.1807329776929902
0.6308441644015264
0.9483803768102791
0.6633608603593472
0.4980613215783644
0.6101517215192768
0.6397123542082047
0.7656539299483579
0.6071956582503839
1.1178134133945317
0.8252054641733778
1.3449350150444337
0.6308441644015264
0.6308441644015264
0.7181518681342324
0.6604047970904543
0.8809269250772516
1.0740601618151933
0.6397123542082047
0.8337128262055234
