0.6418685994526844
1.0999510635290461
0.7045851726714734
0.6204457464686961
0.3765696034916257
0.6051437086229902
0.5291218257031861
0.6974368513795057
0.8428563972165544
0.6724726751440964
0.6296269691761197
0.5870491895103247
0.8826670481041285
1.1684516188789165
0.6632914524366728
0.5870491895103247
0.7510492610692635
0.7510492610692635
0.7188818152554088
0.6510498221601081
0.7510492610692635
0.7668415764362065
0.6510498221601081
0.6418685994526844
0.7474751004232796
0.7836699906433101
0.5686177555716897
0.4719528115060571
0.7626344728844306
0.7584273693326549
0.8089126119539655
0.690288530087538
0.6759918875036026
0.6974368513795057
0.5738838795541568
0.6296269691761197
0.5898416707772842
0.5817830655278576
0.4469787951734662
0.6663518600058139
0.7710486799879825
0.8215339226092933
1.0127685385383025
0.7296042971933604
1.410258979352046
0.690288530087538
0.6388081918835432
0.5870491895103247
0.6418685994526844
1.043905154606425
0.6632914524366728
0.9025723735479154
0.7752557835397584
0.6020833010538489
0.7668415764362065
0.6265665616069784
0.6143249313304138
0.7224559759013927
0.6694122675749552
0.5817830655278576
0.7474751004232796
0.5959624859155666
1.3758798275891433
0.7584273693326549
0.8004984048504138
0.6938626907335218
0.5686177555716897
0.8428563972165544
0.6632914524366728
0.8528090599384479
1.1559969724516672
0.6020833010538489
0.7117334939634411
1.0376778313928008
0.6541102297292493
0.7081593333174573
1.1497696492380427
1.384474615529869
0.5765169415453905
3.7706903601337514
0.518589577738252
0.7010110120254895
0.5765169415453905
0.6795660481495863
1.3586902517076922
0.5580855076067555
0.7836699906433101
0.825741026161069
0.6510498221601081
0.5475532596418211
1.5325287472017985
0.8215339226092933
0.7474751004232796
0.6759918875036026
1.1559969724516672
0.37309367871377913
0.5990228934847077
0.9423830244354896
1.6881596086461153
0.9025723735479154
0.9871700066840103
0.6051437086229902
0.6235061540378373
1.0127685385383025
0.6235061540378373
0.6795660481495863
1.9864129999042055
0.6602310448675315
0.7836699906433101
1.3422629045723602
0.44489762714575026
0.6867143694415542
0.8089126119539655
0.6173853388995549
1.1813394436738573
0.6357477843144022
0.7668415764362065
0.8627617226603415
0.7045851726714734
0.6418685994526844
0.5712508175629232
0.5528193836242883
0.9473593557964362
0.7474751004232796
0.5528193836242883
1.6571923731995173
0.992146338044957
0.6632914524366728
0.6265665616069784
0.6510498221601081
1.1373150028107935
0.6143249313304138
0.7962913012986378
0.3574520172134691
0.6938626907335218
0.7626344728844306
0.7331784578393442
0.8131197155057412
0.7045851726714734
0.5765169415453905
0.872714385382235
0.6571706372983905
0.6663518600058139
0.6479894145909668
0.5712508175629232
0.5870491895103247
0.4113288512700924
0.4469787951734662
0.7510492610692635
0.6296269691761197
0.4220047788408753
0.952335687157383
0.6357477843144022
0.7962913012986378
0.7584273693326549
0.6602310448675315
0.6357477843144022
0.4386541230626026
0.8677380540212881
0.5501863216330547
0.5929020783464254
0.8876433794650752
1.1061783867426707
0.7045851726714734
0.8926197108260219
0.6112645237612726
0.6663518600058139
0.5528193836242883
1.131087679597169
0.6449290070218257
0.825741026161069
0.9971226694059037
1.1622242956652917
0.6020833010538489
0.7752557835397584
1.410258979352046
1.3002828712944898
0.5580855076067555
0.5659846935804561
0.6759918875036026
0.6759918875036026
0.4802774836169208
0.7153076546094249
0.8089126119539655
0.6663518600058139
1.2163228047387493
0.736752618485328
0.7962913012986378
0.3609279419913158
0.5959624859155666
0.6357477843144022
0.5870491895103247
0.6759918875036026
0.5929020783464254
0.8131197155057412
0.5528193836242883
0.5791500035366239
0.6938626907335218
0.7081593333174573
0.7474751004232796
0.5765169415453905
0.6388081918835432
0.3452862804910058
1.2652995102295979
0.6510498221601081
0.6938626907335218
0.7260301365473765
0.6663518600058139
0.872714385382235
0.7260301365473765
0.7081593333174573
0.8004984048504138
0.6541102297292493
0.7474751004232796
0.7153076546094249
0.5031703319217957
0.7153076546094249
0.8173268190575173
0.7920841977468619
0.6831402087955702
0.9722410126011699
0.7836699906433101
0.5712508175629232
0.6143249313304138
0.6265665616069784
0.6204457464686961
0.6974368513795057
1.1813394436738573
0.6632914524366728
0.5898416707772842
0.6867143694415542
0.8173268190575173
0.8299481297128449
0.7010110120254895
0.7510492610692635
0.6265665616069784
0.9224776989917025
0.6938626907335218
0.5870491895103247
1.504801646700028
0.5031703319217957
0.6112645237612726
0.6663518600058139
0.825741026161069
0.6632914524366728
0.7010110120254895
0.6510498221601081
0.6388081918835432
0.6541102297292493
0.6479894145909668
0.6867143694415542
0.5554524456155218
0.6694122675749552
1.272296182442576
0.6173853388995549
0.6235061540378373
0.6759918875036026
0.5959624859155666
0.6831402087955702
0.5554524456155218
0.5817830655278576
0.6602310448675315
0.825741026161069
0.8627617226603415
0.7920841977468619
0.6867143694415542
0.6173853388995549
0.6694122675749552
0.6795660481495863
0.7474751004232796
0.6418685994526844
1.4274485552334972
0.7117334939634411
0.7878770941950861
2.5530944432945777
0.5607185695979889
0.7296042971933604
0.6602310448675315
1.1124057099562954
0.5791500035366239
1.4618277069963996
0.6296269691761197
0.6694122675749552
0.5765169415453905
0.7836699906433101
0.5686177555716897
0.8478327285775011
0.5712508175629232
0.6795660481495863
0.7224559759013927
0.5870491895103247
0.8215339226092933
0.6418685994526844
0.7296042971933604
0.7668415764362065
2.090801686844537
0.5291218257031861
0.5959624859155666
0.6265665616069784
0.8047055084021896
0.6938626907335218
0.537021011676887
0.6510498221601081
1.2443094935906627
0.7260301365473765
0.7584273693326549
0.5817830655278576
0.5580855076067555
1.4618277069963996
0.7668415764362065
0.5475532596418211
0.9075487049088623
0.8131197155057412
0.9672646812402232
0.5580855076067555
0.6173853388995549
0.7010110120254895
0.7188818152554088
0.7010110120254895
0.6867143694415542
0.5959624859155666
0.736752618485328
0.7224559759013927
0.9374066930745426
0.6265665616069784
0.6173853388995549
0.6795660481495863
0.6143249313304138
1.0874964171017971
0.5765169415453905
0.9075487049088623
0.5929020783464254
0.8528090599384479
0.6663518600058139
0.8341552332646208
0.40959088888116907
0.7224559759013927
0.5929020783464254
0.5791500035366239
0.6235061540378373
0.6112645237612726
0.6694122675749552
0.8826670481041285
0.5686177555716897
0.5870491895103247
0.6510498221601081
0.736752618485328
0.6831402087955702
0.6357477843144022
0.6418685994526844
0.7794628870915343
0.7439009397772958
0.6795660481495863
0.5990228934847077
0.6020833010538489
0.6831402087955702
0.6418685994526844
0.6204457464686961
2.746959147612336
0.6663518600058139
0.6571706372983905
1.9267623216525875
0.7668415764362065
0.8876433794650752
0.6479894145909668
0.5291218257031861
0.8926197108260219
0.7153076546094249
0.8478327285775011
0.7153076546094249
0.6867143694415542
0.7752557835397584
0.6020833010538489
0.5959624859155666
0.7474751004232796
0.7188818152554088
0.5607185695979889
0.7962913012986378
0.6541102297292493
0.6938626907335218
0.6143249313304138
0.7626344728844306
0.7331784578393442
0.6143249313304138
0.6938626907335218
0.6173853388995549
0.7260301365473765
0.5990228934847077
1.3500954637669664
0.6051437086229902
0.5738838795541568
0.690288530087538
0.872714385382235
0.7626344728844306
0.6479894145909668
0.6867143694415542
0.5990228934847077
0.7045851726714734
0.7626344728844306
0.8089126119539655
0.7584273693326549
0.7626344728844306
0.6388081918835432
0.7117334939634411
0.4490599632011821
0.5607185695979889
0.7045851726714734
0.6510498221601081
0.5898416707772842
0.8428563972165544
0.7626344728844306
1.4962068587593023
0.7010110120254895
0.3505001676577758
0.4948456598109321
1.1883361158868355
0.8528090599384479
1.2652995102295979
0.6479894145909668
0.6867143694415542
0.5712508175629232
0.5528193836242883
0.6694122675749552
0.7439009397772958
0.8299481297128449
0.9473593557964362
0.6759918875036026
1.8223736347122559
0.5580855076067555
0.3505001676577758
0.5607185695979889
0.6143249313304138
0.5738838795541568
1.1124057099562954
0.6479894145909668
0.9075487049088623
0.9772173439621168
1.031450508179176
0.6418685994526844
0.5870491895103247
0.6602310448675315
1.1684516188789165
1.6380133538152528
0.8173268190575173
0.9672646812402232
0.6571706372983905
1.6188343344309886
0.5686177555716897
0.6759918875036026
0.932430361713596
0.8341552332646208
0.5817830655278576
2.0460636781558237
0.6510498221601081
2.896085843241381
0.5990228934847077
0.6143249313304138
1.131087679597169
0.6020833010538489
0.7626344728844306
0.5791500035366239
0.46570930742290934
0.8975960421869688
0.8577853912993947
0.7153076546094249
0.6974368513795057
0.690288530087538
0.6082041161921313
1.1497696492380427
0.6051437086229902
0.7224559759013927
0.6602310448675315
0.5870491895103247
0.6418685994526844
0.5765169415453905
0.7331784578393442
0.7962913012986378
0.690288530087538
0.5501863216330547
0.6938626907335218
0.37483164110270245
0.6051437086229902
0.7546234217152473
1.031450508179176
0.5712508175629232
0.6867143694415542
0.8299481297128449
0.8577853912993947
0.6759918875036026
0.6510498221601081
11.705986654787027
0.5580855076067555
0.6020833010538489
0.5990228934847077
0.5528193836242883
1.0127685385383025
0.5449201976505875
0.7752557835397584
0.8677380540212881
0.6204457464686961
0.5870491895103247
1.1883361158868355
2.5829197824203862
1.3930694034705946
0.7668415764362065
1.0127685385383025
0.932430361713596
0.9025723735479154
1.590065805354592
1.4274485552334972
1.0812690938881724
0.6479894145909668
0.8299481297128449
0.6173853388995549
0.6479894145909668
0.6449290070218257
0.7331784578393442
0.8677380540212881
0.6143249313304138
0.6173853388995549
0.7474751004232796
0.6020833010538489
0.6974368513795057
0.7474751004232796
1.0625871242472988
0.5317548876944197
0.5898416707772842
0.5870491895103247
0.40959088888116907
0.7836699906433101
0.6602310448675315
1.0874964171017971
1.2583028380166195
1.0812690938881724
1.195332788099814
0.6510498221601081
0.6265665616069784
0.9871700066840103
0.6051437086229902
0.8341552332646208
0.7794628870915343
0.736752618485328
0.5791500035366239
0.6602310448675315
0.5791500035366239
0.6173853388995549
0.6974368513795057
0.6938626907335218
0.6759918875036026
0.5580855076067555
0.6296269691761197
1.0999510635290461
0.5990228934847077
0.8004984048504138
0.952335687157383
0.6479894145909668
1.1622242956652917
0.6479894145909668
0.6663518600058139
0.6510498221601081
0.6388081918835432
0.6020833010538489
0.7962913012986378
0.8004984048504138
0.5870491895103247
0.7626344728844306
0.5765169415453905
0.690288530087538
0.7752557835397584
0.5686177555716897
0.40090107693655236
0.5712508175629232
0.6831402087955702
0.8215339226092933
0.6265665616069784
0.7439009397772958
0.6510498221601081
0.6602310448675315
0.6938626907335218
1.1373150028107935
1.1813394436738573
0.7962913012986378
0.6051437086229902
0.6296269691761197
0.7188818152554088
0.5580855076067555
0.8173268190575173
0.7188818152554088
1.2373128213776843
1.7030722782090197
0.6143249313304138
0.5712508175629232
0.5449201976505875
0.6204457464686961
0.6449290070218257
0.7920841977468619
0.4113288512700924
0.6632914524366728
0.6357477843144022
0.4469787951734662
0.5817830655278576
0.6602310448675315
0.5501863216330547
0.5449201976505875
0.6694122675749552
0.5959624859155666
0.5580855076067555
0.7153076546094249
