484.0
559.0
477.0
522.0
524.0
464.0
632.0
595.0
523.0
586.0
482.0
698.0
553.0
466.0
649.0
680.0
520.0
557.0
500.0
515.0
526.0
458.0
595.0
462.0
512.0
459.0
542.0
505.0
486.0
497.0
416.0
541.0
526.0
482.0
533.0
576.0
461.0
633.0
491.0
480.0
509.0
595.0
491.0
600.0
496.0
465.0
486.0
457.0
532.0
554.0
482.0
471.0
576.0
473.0
564.0
512.0
491.0
465.0
529.0
476.0
594.0
526.0
632.0
536.0
612.0
535.0
496.0
552.0
520.0
493.0
560.0
513.0
472.0
432.0
532.0
500.0
564.0
527.0
521.0
506.0
493.0
458.0
620.0
421.0
557.0
507.0
489.0
491.0
503.0
462.0
477.0
610.0
494.0
470.0
549.0
501.0
496.0
480.0
483.0
474.0
525.0
470.0
529.0
490.0
546.0
510.0
530.0
524.0
498.0
562.0
695.0
528.0
484.0
500.0
456.0
501.0
620.0
500.0
471.0
484.0
557.0
517.0
524.0
475.0
505.0
502.0
508.0
485.0
483.0
496.0
526.0
499.0
483.0
488.0
492.0
491.0
513.0
484.0
501.0
514.0
484.0
476.0
484.0
629.0
484.0
533.0
531.0
468.0
464.0
520.0
480.0
639.0
471.0
589.0
550.0
508.0
533.0
517.0
568.0
501.0
507.0
419.0
545.0
523.0
496.0
490.0
469.0
493.0
457.0
599.0
474.0
486.0
558.0
478.0
492.0
568.0
517.0
569.0
462.0
516.0
498.0
506.0
485.0
473.0
493.0
573.0
533.0
472.0
546.0
508.0
497.0
538.0
501.0
481.0
545.0
585.0
514.0
558.0
553.0
422.0
540.0
470.0
497.0
708.0
529.0
581.0
490.0
477.0
535.0
473.0
506.0
474.0
461.0
531.0
453.0
457.0
478.0
523.0
546.0
508.0
471.0
617.0
524.0
493.0
468.0
507.0
480.0
481.0
521.0
563.0
489.0
496.0
642.0
558.0
541.0
454.0
525.0
502.0
491.0
495.0
490.0
483.0
704.0
527.0
566.0
492.0
467.0
502.0
486.0
469.0
509.0
500.0
600.0
449.0
563.0
520.0
451.0
621.0
464.0
430.0
486.0
491.0
524.0
637.0
480.0
468.0
552.0
515.0
499.0
553.0
546.0
601.0
446.0
459.0
464.0
524.0
519.0
594.0
504.0
535.0
528.0
517.0
509.0
483.0
517.0
498.0
546.0
525.0
585.0
542.0
595.0
466.0
648.0
563.0
582.0
484.0
471.0
563.0
497.0
473.0
546.0
480.0
498.0
488.0
493.0
500.0
517.0
500.0
552.0
496.0
604.0
466.0
501.0
492.0
459.0
571.0
522.0
570.0
436.0
460.0
582.0
498.0
488.0
521.0
632.0
499.0
474.0
489.0
462.0
491.0
554.0
474.0
572.0
558.0
550.0
493.0
518.0
472.0
512.0
542.0
485.0
537.0
450.0
429.0
530.0
480.0
622.0
441.0
478.0
490.0
501.0
509.0
518.0
465.0
482.0
529.0
594.0
571.0
496.0
489.0
473.0
496.0
544.0
515.0
521.0
496.0
442.0
474.0
509.0
530.0
506.0
566.0
539.0
513.0
544.0
507.0
458.0
489.0
516.0
589.0
450.0
506.0
501.0
478.0
497.0
617.0
503.0
539.0
484.0
526.0
498.0
602.0
468.0
483.0
481.0
506.0
523.0
490.0
500.0
465.0
453.0
470.0
485.0
478.0
509.0
495.0
578.0
473.0
477.0
496.0
536.0
487.0
885.0
508.0
487.0
545.0
653.0
630.0
568.0
484.0
498.0
493.0
501.0
539.0
475.0
459.0
486.0
706.0
544.0
567.0
593.0
475.0
456.0
484.0
473.0
632.0
499.0
588.0
610.0
522.0
488.0
530.0
474.0
590.0
516.0
461.0
495.0
498.0
470.0
525.0
645.0
520.0
488.0
500.0
570.0
462.0
421.0
521.0
476.0
475.0
594.0
524.0
484.0
622.0
515.0
469.0
500.0
480.0
486.0
492.0
462.0
518.0
501.0
513.0
514.0
492.0
605.0
473.0
433.0
491.0
474.0
427.0
547.0
672.0
495.0
561.0
488.0
459.0
504.0
461.0
520.0
490.0
554.0
474.0
477.0
578.0
501.0
567.0
476.0
466.0
490.0
469.0
482.0
482.0
485.0
672.0
579.0
490.0
601.0
533.0
469.0
487.0
461.0
432.0
