0.6331973974096388
0.6224749154716872
0.6081782728877518
1.7079859591072173
0.9323266373595283
0.707723219788119
0.7390453799370951
3.252087031639483
0.767733303117677
0.7390453799370951
1.6605054178943113
0.49388967484504825
0.9636390791839154
0.5974557909498003
0.6803163296577651
0.96885781948798
0.6803163296577651
0.6653648432234933
1.4544329144032269
0.8488267924944958
0.6117524335337357
0.767733303117677
0.8254576959371066
0.668939003869477
0.7766139789360508
0.668939003869477
0.7272995698812291
1.3259184107974016
0.723384299862607
0.8387787096646673
0.8697017537107539
0.6653648432234933
0.6546423612855418
0.7721736410268639
0.6582165219315256
0.6881468696950092
0.5591929750930762
0.5424121303973661
0.7547064600115829
0.6959774097322531
2.3806636540717685
1.0955992628544853
0.6367715580556225
0.5759738197887861
0.5843642421366412
0.668939003869477
0.8121366822095459
1.1077086940999854
1.0955992628544853
0.6117524335337357
0.9897327807042381
0.6653648432234933
0.5731770123395011
0.6189007548257033
0.7351301099184729
0.8343383717554803
0.9740765597920444
0.604604112241768
0.7547064600115829
0.8644830134066893
0.6764010596391432
0.6725131645154608
0.8436080521904312
0.6959774097322531
1.2455936734526072
0.6117524335337357
0.723384299862607
0.6959774097322531
0.5815674346873563
0.6959774097322531
0.767733303117677
0.7272995698812291
0.8121366822095459
0.8121366822095459
0.668939003869477
0.684231599676387
0.5903074696578327
0.684231599676387
0.6582165219315256
0.5903074696578327
0.9427641179676572
1.1137634097227356
1.0411068222497335
0.6117524335337357
0.742960649955717
0.7588526272993033
0.7766139789360508
0.5675833974409312
0.5938816303038165
0.7588526272993033
0.9271078970554637
0.979295300096109
0.5938816303038165
0.7854946547544246
0.767733303117677
0.7155537598253631
0.8387787096646673
0.7155537598253631
0.8436080521904312
0.7988156684819852
1.0653256847407342
1.2857560421250043
0.7547064600115829
0.8488267924944958
0.647494039993574
1.6698498623387557
0.9323266373595283
1.156146419081987
0.9740765597920444
0.626049076117671
0.8592642731026248
0.5591929750930762
0.767733303117677
0.6998926797508751
0.7988156684819852
0.7155537598253631
0.5675833974409312
0.647494039993574
0.684231599676387
1.4261640068402015
1.1813338835767717
0.6582165219315256
0.604604112241768
1.0350521066269833
0.8254576959371066
0.6998926797508751
0.5619897825423611
0.6582165219315256
1.1137634097227356
0.8121366822095459
0.9532015985757865
0.7810543168452377
0.626049076117671
0.8540455327985603
0.807696344300359
0.5759738197887861
0.5974557909498003
0.6224749154716872
0.6546423612855418
0.9323266373595283
0.8592642731026248
0.6725131645154608
0.723384299862607
1.0108332441359826
0.5340217080495111
1.2536261471870866
0.750791189992961
0.49388967484504825
1.0053890016164317
0.6331973974096388
0.7390453799370951
0.8436080521904312
0.7547064600115829
0.6296232367636548
1.0053890016164317
1.0774351159862345
0.723384299862607
0.9271078970554637
1.0168879597587326
0.742960649955717
0.8749204940148183
0.6998926797508751
0.76329296520849
1.1813338835767717
0.8853579746229475
0.5591929750930762
0.8032560063911721
0.6764010596391432
0.5675833974409312
0.767733303117677
0.7038079497694971
0.6881468696950092
0.5871610495859262
0.7588526272993033
0.5903074696578327
0.48910854920548036
0.7390453799370951
0.742960649955717
0.880139234318883
0.684231599676387
0.626049076117671
0.979295300096109
0.8488267924944958
0.651068200639558
0.6546423612855418
0.6998926797508751
0.6224749154716872
1.0229426753814828
0.719469029843985
1.000170261312367
0.6881468696950092
0.6959774097322531
0.7766139789360508
0.6803163296577651
0.6998926797508751
1.1622011347047372
0.6653648432234933
0.6725131645154608
1.000170261312367
0.6803163296577651
0.6081782728877518
0.7854946547544246
0.6189007548257033
1.1813338835767717
0.5843642421366412
0.9166704164473347
0.5787706272380712
0.9062329358392055
0.6117524335337357
0.9271078970554637
0.6331973974096388
0.647494039993574
0.6881468696950092
0.684231599676387
1.0168879597587326
1.0168879597587326
0.9218891567513993
1.221496252249169
0.707723219788119
0.9845140404001737
0.9845140404001737
0.517240863353801
0.6224749154716872
0.7351301099184729
0.750791189992961
0.6546423612855418
0.8644830134066893
0.626049076117671
0.6189007548257033
0.7899349926636116
0.746875919974339
0.6920621397136312
0.8298980338462936
0.6331973974096388
0.668939003869477
0.5903074696578327
0.5938816303038165
0.5703802048902162
1.2536261471870866
0.91145167614327
0.626049076117671
0.6296232367636548
0.8488267924944958
0.8957954552310765
0.6117524335337357
0.6546423612855418
0.6117524335337357
0.6224749154716872
0.707723219788119
0.6403457187016064
0.6403457187016064
0.626049076117671
0.9949515210083026
0.6117524335337357
0.7588526272993033
0.890576714927012
0.8488267924944958
0.8121366822095459
0.5034519261241841
0.7988156684819852
0.979295300096109
0.6189007548257033
0.7272995698812291
1.4167410376525262
0.647494039993574
0.8165770201187328
0.8387787096646673
0.6296232367636548
0.6117524335337357
0.707723219788119
0.5815674346873563
0.9166704164473347
2.518256818950881
0.9062329358392055
0.7547064600115829
1.0053890016164317
0.8436080521904312
1.0229426753814828
1.2696910946560456
1.6231276401165338
0.7038079497694971
1.0471615378724837
1.4167410376525262
0.7810543168452377
0.7038079497694971
1.221496252249169
0.6546423612855418
0.5703802048902162
2.4265280423648066
0.8540455327985603
0.9375453776635928
0.76329296520849
1.6698498623387557
1.0955992628544853
0.651068200639558
3.129781996191382
0.5508025527452212
0.7588526272993033
0.6331973974096388
0.6403457187016064
1.0713804003634844
0.6081782728877518
0.742960649955717
1.0713804003634844
0.76329296520849
0.91145167614327
1.0108332441359826
0.7038079497694971
1.0774351159862345
0.5703802048902162
0.96885781948798
1.0053890016164317
0.8749204940148183
0.7272995698812291
0.9584203388798509
0.5871610495859262
0.7854946547544246
1.0471615378724837
0.7272995698812291
0.8165770201187328
0.9584203388798509
0.6081782728877518
0.9375453776635928
0.5619897825423611
0.7272995698812291
0.6439198793475902
0.707723219788119
0.5815674346873563
0.8644830134066893
0.8165770201187328
0.746875919974339
0.6546423612855418
0.7588526272993033
0.5815674346873563
0.7588526272993033
0.6296232367636548
0.6010299515957842
0.707723219788119
0.6582165219315256
0.6920621397136312
0.711638489806741
1.0532162534952338
0.6081782728877518
0.6010299515957842
0.723384299862607
0.5619897825423611
1.2616586209215659
0.8853579746229475
0.6403457187016064
0.9375453776635928
0.6403457187016064
0.5815674346873563
0.6764010596391432
0.6803163296577651
0.7390453799370951
0.7988156684819852
0.7766139789360508
0.7588526272993033
0.7721736410268639
0.6403457187016064
0.8644830134066893
0.8697017537107539
0.626049076117671
0.5815674346873563
0.651068200639558
0.6189007548257033
0.96885781948798
0.76329296520849
0.9218891567513993
0.8488267924944958
0.9218891567513993
0.5903074696578327
0.5675833974409312
1.1500917034592368
0.6081782728877518
0.8592642731026248
0.9218891567513993
2.4876805600888563
0.7547064600115829
0.5396153229480811
0.6764010596391432
1.8914435122793676
0.8540455327985603
0.5563961676437912
0.668939003869477
1.000170261312367
0.604604112241768
0.7766139789360508
1.0532162534952338
1.3507802533388005
2.976900701881257
0.5591929750930762
0.6959774097322531
0.5619897825423611
0.6403457187016064
0.7390453799370951
0.5703802048902162
0.8592642731026248
0.6617906825775093
1.0350521066269833
0.5675833974409312
3.145070125622395
0.6331973974096388
0.6367715580556225
0.49628023766483215
0.6764010596391432
0.7390453799370951
0.707723219788119
0.668939003869477
0.651068200639558
0.6224749154716872
1.000170261312367
0.746875919974339
0.6998926797508751
0.750791189992961
0.6010299515957842
0.9375453776635928
0.668939003869477
1.8761553828483553
1.3790491609018258
0.668939003869477
1.2134637785146896
1.7691384768312672
0.5815674346873563
0.6439198793475902
0.8343383717554803
0.7766139789360508
1.4355869760278765
0.7721736410268639
0.742960649955717
0.9166704164473347
0.6959774097322531
0.6331973974096388
0.6764010596391432
0.76329296520849
0.723384299862607
1.7538503474002547
2.9004600547261945
0.767733303117677
0.651068200639558
1.221496252249169
0.6582165219315256
0.5871610495859262
0.707723219788119
1.000170261312367
0.548005745295936
0.6803163296577651
0.6959774097322531
0.668939003869477
1.000170261312367
0.5396153229480811
1.4638558835909021
1.3602032225264757
0.6881468696950092
0.6617906825775093
0.723384299862607
0.8853579746229475
0.7810543168452377
0.7272995698812291
0.7721736410268639
0.711638489806741
0.8853579746229475
0.723384299862607
0.6367715580556225
0.6546423612855418
1.4638558835909021
0.8749204940148183
0.6367715580556225
0.47715573510656056
0.9271078970554637
0.6081782728877518
0.684231599676387
1.0053890016164317
0.6764010596391432
0.7943753305727984
0.7766139789360508
0.6331973974096388
1.2857560421250043
0.6920621397136312
0.6920621397136312
0.723384299862607
0.7943753305727984
0.6439198793475902
0.7272995698812291
0.9897327807042381
1.0471615378724837
0.767733303117677
1.1198181253454857
0.8165770201187328
0.76329296520849
0.9010141955351411
0.8165770201187328
0.7854946547544246
