0.6005400963603634
0.6974995068832498
0.6136704632612221
0.6727571143150862
0.5972575046351487
0.7293153959122536
0.7151750007882518
0.6202356467116515
1.3053718201850828
0.6694745225898716
0.4963088432662175
0.6563441556890129
0.7399206922552548
0.7010346056642502
0.6071052798107928
0.7434557910362553
0.6868942105402485
0.6399311970629395
0.8885357894939011
0.6169530549864369
0.6432137887881543
0.5531682419164827
0.6727571143150862
0.7222451983502527
0.8885357894939011
0.8885357894939011
0.6727571143150862
0.6071052798107928
0.6694745225898716
0.8199724917460386
0.7666602888934239
0.5906923211847194
0.9962576559165911
0.5876572009070192
0.6727571143150862
0.6798240129782477
1.1064076376962293
0.8022017574618336
0.5319442671530759
0.873146951433517
0.6727571143150862
0.7187100995692522
0.48059341347443957
0.5611272324527604
0.8782765641203115
0.6005400963603634
0.7666602888934239
0.6727571143150862
0.46936810648031246
0.5584742356073346
0.9193134656146696
0.7010346056642502
0.771102972464475
0.6974995068832498
0.6235182384368662
0.5906923211847194
0.6833591117592481
0.5452092513802053
1.225827538155848
0.6563441556890129
0.603822688085578
0.48059341347443957
0.6497789722385835
0.5266382734622242
0.4648779836826617
0.6661919308646569
0.6333660136125102
0.771102972464475
1.8240575414872593
0.6464963805133689
0.868017338746722
0.5319442671530759
0.6497789722385835
0.4356921854979313
0.6563441556890129
0.5972575046351487
0.6202356467116515
1.4349380426211205
0.7293153959122536
0.7363855934742544
0.5611272324527604
0.6904293093212489
0.7081048032262509
0.6333660136125102
0.6136704632612221
0.6366486053377248
0.5876572009070192
0.5939749129099341
0.9039246275542854
0.8066444410328849
0.5906923211847194
0.6235182384368662
0.7505259885982561
1.0687227982638172
0.7577749217513213
0.40398222226659236
0.8423692753127483
0.7151750007882518
1.0013872686033858
0.5939749129099341
0.5399032576893535
0.6694745225898716
0.6904293093212489
0.4783483520756141
1.1754965099889856
0.7666602888934239
0.4021932411987345
0.7010346056642502
1.1252500574124356
0.7399206922552548
0.6071052798107928
0.7010346056642502
0.8333005424591923
0.7622176053223726
1.0247571522593362
0.6432137887881543
1.0013872686033858
0.6596267474142276
0.8155298081749873
1.075003604835886
0.6432137887881543
1.0184763456872676
0.7010346056642502
1.0435995719755424
0.5690862229890382
1.0561611851196797
0.7151750007882518
0.7010346056642502
0.5213322797713724
0.5266382734622242
0.9090542402410803
0.6833591117592481
0.6868942105402485
0.9347023036750539
0.6694745225898716
0.8474988879995431
0.5637802292981864
1.218596239789554
0.5796982103707417
0.5399032576893535
0.5584742356073346
0.6868942105402485
0.7844310231776287
0.6169530549864369
0.6464963805133689
0.6071052798107928
0.8885357894939011
0.6333660136125102
1.0498803785476112
0.7293153959122536
0.6268008301620809
0.6432137887881543
0.6432137887881543
0.46936810648031246
0.6694745225898716
0.8474988879995431
0.5972575046351487
0.5717392198344641
0.4093491654701661
0.8474988879995431
0.6798240129782477
0.5054142986988173
0.4289570013014551
0.8834061768071063
0.5939749129099341
1.2475214332547304
0.6868942105402485
0.78887370674868
0.5266382734622242
0.6300834218872956
0.5452092513802053
0.6974995068832498
0.6596267474142276
0.5664332261436122
0.5664332261436122
0.6629093391394422
0.6661919308646569
0.508067295544243
0.5186792829259464
0.6071052798107928
0.6300834218872956
0.7257802971312531
0.6005400963603634
0.6868942105402485
0.6868942105402485
0.8066444410328849
0.5939749129099341
1.3921390604328259
0.7540610873792566
0.5292912703076499
0.5292912703076499
0.9808688178562067
0.5939749129099341
0.5558212387619087
0.9039246275542854
1.7490284793167432
0.7399206922552548
0.6005400963603634
0.6300834218872956
0.6136704632612221
0.6235182384368662
1.2619840299873184
0.7257802971312531
0.6202356467116515
0.7799883396065774
1.4178184497458028
0.6202356467116515
0.603822688085578
0.6399311970629395
0.6103878715360074
0.6974995068832498
0.6399311970629395
0.5796982103707417
0.8423692753127483
0.4356921854979313
0.5478622482256311
0.6300834218872956
0.6464963805133689
0.5558212387619087
2.57434816319242
0.39145935479158706
0.6939644081022494
0.5266382734622242
0.7081048032262509
0.6833591117592481
0.6071052798107928
0.6530615639637982
0.5717392198344641
0.6464963805133689
0.6694745225898716
0.5770452135253157
0.8244151753170897
1.2475214332547304
0.6904293093212489
0.6169530549864369
0.6464963805133689
1.225827538155848
0.6235182384368662
0.6563441556890129
0.6596267474142276
0.6868942105402485
0.6868942105402485
0.8885357894939011
0.6399311970629395
0.6005400963603634
0.5906923211847194
0.5319442671530759
0.6071052798107928
0.6530615639637982
0.8834061768071063
0.6563441556890129
0.7293153959122536
0.6563441556890129
0.8423692753127483
0.6563441556890129
2.3942784139831814
0.78887370674868
0.8199724917460386
0.6939644081022494
0.5478622482256311
0.7081048032262509
0.7505259885982561
0.7666602888934239
0.7363855934742544
0.5876572009070192
0.7257802971312531
0.6103878715360074
1.21136494142326
0.603822688085578
0.914183852927875
0.6727571143150862
0.4963088432662175
0.5664332261436122
0.5584742356073346
1.137811670556573
0.5972575046351487
0.5939749129099341
2.3942784139831814
0.8066444410328849
0.7799883396065774
0.6333660136125102
0.6694745225898716
0.5906923211847194
1.3342970136502592
0.6596267474142276
1.075003604835886
0.9449615290486436
0.6868942105402485
0.78887370674868
0.5133732892350948
0.6939644081022494
0.8782765641203115
0.5531682419164827
0.6530615639637982
0.7755456560355264
0.6563441556890129
0.5452092513802053
0.7977590738907824
0.7505259885982561
1.6890052295803302
0.6694745225898716
0.6464963805133689
1.7040110420144339
0.7010346056642502
0.7399206922552548
1.1001268311241605
1.599132212360833
0.5399032576893535
0.3950373169273029
0.6202356467116515
0.5876572009070192
1.218596239789554
1.0561611851196797
0.7434557910362553
0.8377432260302434
0.48732859767091574
0.7187100995692522
0.4671230450814871
0.5876572009070192
0.8782765641203115
0.8377432260302434
0.6798240129782477
0.9500911417354382
0.7505259885982561
0.8022017574618336
0.78887370674868
1.1064076376962293
0.5292912703076499
0.8244151753170897
0.6762889141972472
0.6868942105402485
0.7257802971312531
0.5690862229890382
0.4895736590697412
0.7293153959122536
0.6833591117592481
0.8066444410328849
0.8199724917460386
0.7755456560355264
0.6661919308646569
0.6235182384368662
0.6005400963603634
0.5186792829259464
0.5584742356073346
1.1189692508403668
0.5584742356073346
0.9347023036750539
0.7977590738907824
0.6974995068832498
0.6798240129782477
0.8577581133731326
0.6762889141972472
0.8110871246039361
0.5850042040615935
0.9859984305430015
0.6005400963603634
1.0121955391151989
0.6202356467116515
0.5717392198344641
0.868017338746722
0.57439221667989
0.6268008301620809
0.7328504946932539
0.771102972464475
0.5770452135253157
0.6530615639637982
0.7010346056642502
1.196902344690672
0.7977590738907824
0.6904293093212489
0.6071052798107928
0.868017338746722
0.7399206922552548
0.5160262860805207
0.4895736590697412
0.771102972464475
0.5160262860805207
0.6762889141972472
1.137811670556573
0.6103878715360074
0.7328504946932539
3.2946271600293744
0.4783483520756141
0.6661919308646569
0.9603503671090279
1.1824397479580837
0.6136704632612221
0.771102972464475
0.8155298081749873
0.7081048032262509
0.45814279948618536
0.6596267474142276
0.9090542402410803
0.7116399020072514
1.1896710463243778
1.6379772514057915
0.6939644081022494
1.0875652179800233
0.4536526766885346
0.6071052798107928
0.5611272324527604
0.6563441556890129
1.4948566176847335
0.5664332261436122
0.6005400963603634
1.3921390604328259
0.5770452135253157
1.1189692508403668
1.112688444268298
0.9859984305430015
0.7116399020072514
0.6833591117592481
0.6904293093212489
0.6103878715360074
0.6136704632612221
0.5558212387619087
0.7540610873792566
0.550515245071057
0.508067295544243
0.6432137887881543
0.6596267474142276
0.6366486053377248
0.6694745225898716
0.5584742356073346
1.156654090272779
0.5531682419164827
0.6833591117592481
0.8377432260302434
0.6202356467116515
0.7577749217513213
0.5850042040615935
0.603822688085578
1.4349380426211205
0.5584742356073346
1.3493400782445308
0.5876572009070192
1.0247571522593362
0.6694745225898716
0.8155298081749873
0.5850042040615935
0.6563441556890129
0.7187100995692522
0.6727571143150862
0.9090542402410803
0.6464963805133689
0.6530615639637982
0.6103878715360074
0.6727571143150862
1.1629348968448479
0.8110871246039361
0.603822688085578
0.5717392198344641
0.5558212387619087
0.5292912703076499
0.6974995068832498
0.8066444410328849
0.6868942105402485
0.5690862229890382
0.7363855934742544
0.5584742356073346
0.5876572009070192
0.7010346056642502
0.6530615639637982
0.6399311970629395
0.6268008301620809
1.112688444268298
0.7187100995692522
0.6563441556890129
0.8474988879995431
0.5611272324527604
0.7045697044452506
0.8474988879995431
1.0812844114079547
0.6497789722385835
0.603822688085578
0.8526285006863378
0.6974995068832498
0.6333660136125102
0.5796982103707417
0.7505259885982561
0.771102972464475
0.6497789722385835
0.7469908898172557
0.771102972464475
0.5584742356073346
0.5876572009070192
1.1315308639845043
0.5558212387619087
0.6333660136125102
0.828857858888141
1.4606174319340977
0.6268008301620809
0.8066444410328849
0.44018230829558214
0.5876572009070192
1.0013872686033858
0.8423692753127483
0.44467243109323296
0.6727571143150862
0.7577749217513213
1.2909092234524948
0.4165050897415977
0.5584742356073346
0.7540610873792566
0.6661919308646569
0.6868942105402485
0.8782765641203115
1.031037958831405
0.6694745225898716
0.603822688085578
0.6071052798107928
0.603822688085578
0.7505259885982561
0.5850042040615935
0.5558212387619087
0.7622176053223726
2.10916797773522
0.44018230829558214
1.137811670556573
0.603822688085578
0.6530615639637982
0.6530615639637982
0.6399311970629395
0.6300834218872956
0.7577749217513213
0.5770452135253157
0.5637802292981864
0.5823512072161675
0.6727571143150862
0.5531682419164827
0.6071052798107928
0.6071052798107928
0.6497789722385835
0.5213322797713724
0.603822688085578
1.093846024552092
0.7010346056642502
0.603822688085578
0.6868942105402485
0.6235182384368662
0.6563441556890129
0.5425562545347793
1.7490284793167432
0.9603503671090279
0.5319442671530759
0.8423692753127483
1.0065168812901806
0.5850042040615935
0.9808688178562067
0.603822688085578
0.6939644081022494
0.7187100995692522
0.6268008301620809
0.6464963805133689
0.6300834218872956
0.510720292389669
0.7151750007882518
0.7844310231776287
0.7933163903197312
0.44242736969440755
0.6202356467116515
0.6694745225898716
0.6868942105402485
0.5906923211847194
0.5876572009070192
0.6169530549864369
0.6432137887881543
0.6904293093212489
0.7540610873792566
0.6464963805133689
0.6005400963603634
0.7116399020072514
0.43344712409910596
1.0065168812901806
1.4006988568704846
1.1692157034169166
0.7151750007882518
0.9654799797958225
0.9090542402410803
1.2475214332547304
0.4379372468967568
0.6399311970629395
0.6432137887881543
0.7257802971312531
0.5319442671530759
0.5399032576893535
1.4178184497458028
0.9449615290486436
0.7399206922552548
0.6202356467116515
0.6694745225898716
1.4349380426211205
0.7399206922552548
0.6563441556890129
1.0812844114079547
0.5611272324527604
0.6333660136125102
0.5939749129099341
0.6005400963603634
0.6694745225898716
0.6904293093212489
0.6202356467116515
0.8066444410328849
0.6762889141972472
0.6071052798107928
0.5972575046351487
0.5664332261436122
0.6202356467116515
0.6661919308646569
