456.0
477.0
506.0
558.0
635.0
553.0
507.0
484.0
683.0
493.0
457.0
500.0
502.0
498.0
680.0
467.0
450.0
474.0
475.0
520.0
459.0
497.0
627.0
474.0
592.0
501.0
482.0
557.0
513.0
493.0
519.0
458.0
491.0
534.0
534.0
585.0
453.0
482.0
516.0
461.0
489.0
461.0
473.0
600.0
486.0
460.0
482.0
508.0
525.0
450.0
462.0
467.0
465.0
486.0
452.0
496.0
590.0
461.0
493.0
456.0
497.0
558.0
493.0
525.0
487.0
481.0
538.0
489.0
541.0
498.0
475.0
475.0
501.0
614.0
480.0
489.0
492.0
736.0
521.0
476.0
474.0
478.0
604.0
444.0
483.0
507.0
474.0
524.0
506.0
581.0
509.0
616.0
467.0
474.0
453.0
469.0
570.0
451.0
504.0
550.0
530.0
500.0
531.0
599.0
520.0
482.0
489.0
474.0
456.0
510.0
488.0
495.0
497.0
522.0
562.0
485.0
565.0
502.0
455.0
458.0
521.0
520.0
538.0
500.0
464.0
429.0
660.0
541.0
976.0
475.0
443.0
449.0
539.0
605.0
477.0
599.0
488.0
483.0
520.0
560.0
573.0
463.0
535.0
481.0
483.0
522.0
469.0
614.0
544.0
531.0
532.0
488.0
466.0
469.0
492.0
454.0
472.0
463.0
534.0
490.0
501.0
458.0
556.0
534.0
464.0
480.0
474.0
468.0
505.0
474.0
483.0
447.0
523.0
515.0
477.0
469.0
460.0
516.0
524.0
532.0
567.0
506.0
464.0
465.0
465.0
590.0
460.0
482.0
462.0
465.0
566.0
509.0
526.0
512.0
535.0
508.0
528.0
569.0
515.0
519.0
513.0
489.0
472.0
466.0
473.0
491.0
580.0
574.0
554.0
467.0
459.0
506.0
494.0
565.0
514.0
581.0
473.0
564.0
451.0
484.0
474.0
469.0
485.0
547.0
476.0
490.0
458.0
459.0
477.0
477.0
522.0
616.0
561.0
461.0
498.0
521.0
470.0
494.0
487.0
453.0
484.0
472.0
566.0
685.0
556.0
498.0
493.0
506.0
513.0
496.0
459.0
497.0
469.0
503.0
535.0
549.0
504.0
501.0
468.0
468.0
526.0
474.0
522.0
485.0
476.0
480.0
472.0
466.0
566.0
460.0
548.0
454.0
482.0
549.0
498.0
573.0
469.0
533.0
512.0
550.0
473.0
472.0
447.0
501.0
501.0
462.0
471.0
493.0
480.0
483.0
578.0
524.0
490.0
546.0
584.0
507.0
460.0
516.0
617.0
449.0
463.0
488.0
490.0
513.0
544.0
489.0
532.0
469.0
463.0
464.0
512.0
516.0
470.0
613.0
643.0
506.0
569.0
521.0
464.0
467.0
508.0
526.0
537.0
445.0
513.0
469.0
461.0
498.0
481.0
503.0
583.0
474.0
516.0
449.0
465.0
461.0
504.0
490.0
505.0
490.0
606.0
539.0
472.0
644.0
480.0
478.0
541.0
505.0
525.0
446.0
517.0
505.0
464.0
466.0
496.0
666.0
596.0
479.0
468.0
467.0
454.0
584.0
532.0
524.0
516.0
470.0
652.0
494.0
612.0
497.0
570.0
460.0
507.0
474.0
449.0
459.0
521.0
457.0
570.0
564.0
495.0
478.0
576.0
565.0
502.0
509.0
545.0
486.0
480.0
466.0
521.0
436.0
497.0
469.0
574.0
529.0
462.0
555.0
438.0
507.0
579.0
526.0
449.0
475.0
484.0
523.0
467.0
554.0
533.0
501.0
488.0
450.0
526.0
484.0
513.0
508.0
533.0
450.0
444.0
475.0
505.0
466.0
550.0
516.0
577.0
594.0
504.0
518.0
475.0
477.0
471.0
465.0
483.0
594.0
470.0
520.0
562.0
469.0
606.0
537.0
474.0
680.0
478.0
498.0
485.0
476.0
477.0
554.0
588.0
520.0
738.0
500.0
569.0
629.0
498.0
658.0
581.0
486.0
549.0
500.0
548.0
506.0
505.0
484.0
477.0
491.0
493.0
517.0
495.0
666.0
466.0
449.0
493.0
544.0
614.0
444.0
503.0
617.0
510.0
603.0
469.0
546.0
526.0
468.0
469.0
443.0
474.0
474.0
465.0
488.0
459.0
480.0
485.0
475.0
538.0
489.0
477.0
525.0
499.0
501.0
518.0
513.0
540.0
532.0
464.0
493.0
498.0
620.0
557.0
484.0
462.0
470.0
529.0
486.0
578.0
490.0
477.0
464.0
505.0
579.0
468.0
484.0
446.0
447.0
536.0
475.0
476.0
523.0
884.0
545.0
466.0
466.0
490.0
461.0
452.0
462.0
507.0
480.0
502.0
473.0
463.0
524.0
517.0
552.0
466.0
490.0
536.0
475.0
473.0
523.0
475.0
485.0
485.0
489.0
525.0
502.0
467.0
522.0
480.0
517.0
532.0
601.0
452.0
425.0
506.0
521.0
458.0
464.0
462.0
536.0
604.0
601.0
525.0
516.0
452.0
508.0
455.0
469.0
502.0
496.0
466.0
480.0
