553.0
501.0
547.0
532.0
486.0
561.0
530.0
521.0
507.0
432.0
506.0
562.0
525.0
554.0
505.0
519.0
451.0
477.0
566.0
518.0
517.0
539.0
578.0
521.0
526.0
501.0
750.0
454.0
535.0
535.0
540.0
586.0
523.0
518.0
513.0
490.0
529.0
501.0
524.0
498.0
425.0
490.0
507.0
589.0
503.0
645.0
545.0
515.0
586.0
485.0
597.0
513.0
533.0
561.0
539.0
522.0
532.0
436.0
560.0
514.0
525.0
645.0
509.0
478.0
564.0
534.0
514.0
551.0
527.0
503.0
534.0
526.0
524.0
578.0
508.0
520.0
517.0
438.0
563.0
468.0
602.0
494.0
673.0
498.0
416.0
502.0
477.0
553.0
525.0
591.0
536.0
514.0
581.0
489.0
690.0
594.0
492.0
608.0
544.0
513.0
516.0
603.0
497.0
641.0
509.0
549.0
474.0
460.0
529.0
555.0
562.0
527.0
542.0
423.0
560.0
637.0
583.0
512.0
608.0
491.0
595.0
630.0
516.0
528.0
430.0
577.0
514.0
501.0
509.0
555.0
504.0
514.0
548.0
547.0
618.0
509.0
501.0
550.0
512.0
619.0
488.0
526.0
434.0
520.0
480.0
541.0
569.0
805.0
571.0
436.0
501.0
579.0
488.0
669.0
537.0
573.0
686.0
449.0
512.0
530.0
525.0
507.0
493.0
523.0
534.0
537.0
520.0
523.0
534.0
397.0
564.0
546.0
502.0
521.0
494.0
714.0
633.0
536.0
487.0
517.0
725.0
525.0
473.0
428.0
534.0
568.0
526.0
485.0
540.0
552.0
546.0
509.0
595.0
542.0
683.0
516.0
494.0
562.0
509.0
530.0
577.0
513.0
577.0
565.0
485.0
503.0
604.0
612.0
525.0
402.0
542.0
601.0
507.0
570.0
517.0
490.0
531.0
464.0
490.0
434.0
493.0
557.0
581.0
508.0
501.0
500.0
549.0
533.0
485.0
447.0
514.0
514.0
557.0
544.0
495.0
577.0
490.0
507.0
539.0
483.0
644.0
461.0
488.0
505.0
402.0
560.0
491.0
570.0
704.0
402.0
545.0
458.0
648.0
481.0
606.0
588.0
491.0
522.0
516.0
688.0
493.0
505.0
501.0
496.0
514.0
519.0
604.0
609.0
550.0
512.0
544.0
569.0
516.0
508.0
567.0
606.0
478.0
535.0
497.0
549.0
532.0
506.0
571.0
505.0
545.0
409.0
542.0
558.0
567.0
504.0
980.0
809.0
532.0
546.0
733.0
537.0
542.0
461.0
540.0
608.0
613.0
494.0
569.0
503.0
517.0
594.0
534.0
528.0
651.0
473.0
482.0
531.0
472.0
477.0
487.0
533.0
521.0
530.0
635.0
499.0
546.0
544.0
553.0
701.0
666.0
469.0
662.0
577.0
594.0
508.0
497.0
502.0
509.0
482.0
628.0
523.0
619.0
426.0
531.0
485.0
494.0
553.0
564.0
490.0
533.0
623.0
512.0
514.0
488.0
587.0
630.0
493.0
552.0
565.0
450.0
530.0
595.0
516.0
529.0
518.0
481.0
512.0
503.0
544.0
492.0
537.0
478.0
497.0
587.0
586.0
495.0
548.0
564.0
574.0
518.0
549.0
517.0
528.0
562.0
603.0
501.0
542.0
531.0
465.0
516.0
536.0
574.0
488.0
555.0
561.0
521.0
747.0
540.0
547.0
576.0
643.0
509.0
480.0
562.0
535.0
491.0
692.0
502.0
493.0
512.0
628.0
740.0
581.0
482.0
493.0
513.0
503.0
531.0
534.0
595.0
844.0
545.0
518.0
527.0
559.0
577.0
594.0
551.0
538.0
746.0
606.0
516.0
526.0
607.0
476.0
549.0
568.0
471.0
525.0
498.0
569.0
513.0
552.0
522.0
520.0
519.0
534.0
556.0
502.0
501.0
534.0
545.0
493.0
497.0
514.0
548.0
642.0
522.0
498.0
491.0
505.0
529.0
502.0
547.0
541.0
571.0
549.0
512.0
411.0
401.0
489.0
553.0
557.0
530.0
517.0
561.0
520.0
496.0
509.0
507.0
502.0
520.0
581.0
523.0
495.0
477.0
561.0
563.0
473.0
468.0
542.0
558.0
541.0
517.0
426.0
634.0
584.0
406.0
531.0
567.0
500.0
549.0
480.0
579.0
565.0
484.0
502.0
517.0
581.0
515.0
500.0
481.0
630.0
591.0
413.0
600.0
482.0
514.0
568.0
537.0
491.0
616.0
515.0
554.0
709.0
536.0
481.0
475.0
486.0
515.0
522.0
557.0
551.0
515.0
541.0
541.0
454.0
541.0
400.0
504.0
540.0
522.0
539.0
552.0
569.0
586.0
484.0
489.0
528.0
558.0
482.0
481.0
545.0
533.0
515.0
584.0
491.0
512.0
507.0
506.0
537.0
562.0
501.0
553.0
544.0
486.0
539.0
540.0
536.0
480.0
557.0
580.0
518.0
546.0
584.0
492.0
535.0
509.0
548.0
576.0
723.0
528.0
479.0
500.0
