1.4963632521128123
1.1171835893908617
1.0653300248436555
0.8801835219770784
0.7155143682063461
0.5748732871434221
0.6411836951094515
0.8801835219770784
0.7550654584158373
0.763328428545225
0.7719584952460972
0.6411836951094515
0.7334921364833875
0.6831543853076714
0.6286874098197042
0.6568040517216358
1.0329215470016517
0.9340623804511605
1.0847751115488578
0.7047277072401211
0.6443077664318884
0.7590133951947888
0.6599281230440727
0.5828498916328309
0.631811481142141
0.653679980399199
0.6630521943665094
1.1236652849592623
0.631811481142141
0.6831543853076714
0.6161911245299568
0.653679980399199
0.7590133951947888
0.5403080010226506
0.8237388954513307
0.938960458494259
0.8948777561063737
0.5615789463277407
0.4297453159718443
0.806478762049586
0.7762735285965333
0.5615789463277407
0.6568040517216358
0.6443077664318884
1.2459923622298554
1.9431613954091893
0.6693003370113831
0.631811481142141
0.6724244083338199
0.6068189105626463
0.5668966826540133
0.7047277072401211
0.4557288381139658
0.6831543853076714
0.751469904760429
0.7805885619469695
0.5748732871434221
0.7119188145509378
0.6193151958523937
0.631811481142141
0.6411836951094515
0.7047277072401211
1.0912568071172586
0.7083232608955295
0.8556931317615862
0.6005707679177725
0.8997758341494722
0.9487566145804558
0.5828498916328309
0.6099429818850831
0.7849035952974056
0.6693003370113831
0.6568040517216358
0.6286874098197042
0.740683243794204
0.8409990288530751
0.7935336619982778
0.5748732871434221
0.6411836951094515
0.6068189105626463
1.231863844800204
0.6224392671748306
0.7719584952460972
0.6161911245299568
0.6411836951094515
2.964392259546594
0.5801910234696945
0.6568040517216358
0.5562612100014682
0.3944635996710053
0.6693003370113831
1.6757944464747792
0.9242662243649643
0.7762735285965333
0.6568040517216358
0.7442787974496125
0.6724244083338199
0.6831543853076714
0.938960458494259
0.7263010291725709
0.5216959238806965
1.7479260831476267
0.6411836951094515
1.2954421732336354
0.7119188145509378
0.6161911245299568
0.806478762049586
0.763328428545225
0.6724244083338199
0.6661762656889463
0.7442787974496125
0.7083232608955295
0.5801910234696945
0.6349355524645778
0.6193151958523937
0.5722144189802858
0.417441741747508
0.5828498916328309
0.8323689621522028
1.1894782925112497
0.6005707679177725
0.6759632779968548
0.61306705320752
0.39092850089000486
0.6255633384972674
0.938960458494259
0.6161911245299568
0.5403080010226506
0.6568040517216358
0.631811481142141
0.6443077664318884
0.7849035952974056
0.6193151958523937
0.5695555508171496
0.7083232608955295
0.5748732871434221
0.6068189105626463
0.6724244083338199
0.740683243794204
0.6831543853076714
0.7978486953487139
0.9291643024080628
0.9634508487097512
0.6286874098197042
0.7263010291725709
0.9879412389252435
0.8997758341494722
0.7719584952460972
0.8997758341494722
0.7334921364833875
0.6036948392402094
0.6599281230440727
0.6759632779968548
1.6554558733187936
0.44923295757843545
0.6036948392402094
0.631811481142141
0.6068189105626463
0.5801910234696945
0.6443077664318884
0.505742714901879
0.6661762656889463
0.6224392671748306
0.7155143682063461
0.6286874098197042
0.6068189105626463
0.5668966826540133
0.5403080010226506
1.3448919842374154
0.5695555508171496
0.751469904760429
0.9193681463218658
0.6286874098197042
0.7047277072401211
0.6255633384972674
0.6505559090767621
0.6867499389630797
0.5748732871434221
2.123378606727555
0.7892186286478416
0.7047277072401211
0.7849035952974056
0.5943226252728989
0.6867499389630797
0.6068189105626463
0.7227054755171626
0.6099429818850831
0.8021637286991501
0.6630521943665094
0.8752854439339799
0.7083232608955295
0.6975365999293045
0.5562612100014682
0.7849035952974056
1.2530566209446812
0.9732470047959481
1.0977385026856594
0.631811481142141
0.806478762049586
0.48820824079161773
0.6903454926184879
0.6161911245299568
0.6661762656889463
0.9291643024080628
0.8997758341494722
0.4773817732324004
0.7370876901387958
0.7334921364833875
0.6693003370113831
0.5911985539504622
0.7155143682063461
0.6224392671748306
0.6831543853076714
0.8948777561063737
0.6349355524645778
0.7191099218617543
0.5855087597959671
0.9732470047959481
0.6224392671748306
0.6831543853076714
0.5775321553065582
0.7119188145509378
0.4557288381139658
0.6939410462738963
1.10422019825406
0.5911985539504622
0.6630521943665094
0.6693003370113831
0.7442787974496125
0.8752854439339799
0.6255633384972674
0.6831543853076714
0.61306705320752
0.7083232608955295
0.763328428545225
1.231863844800204
0.7227054755171626
0.7334921364833875
0.6630521943665094
0.5911985539504622
0.7892186286478416
0.7590133951947888
0.9340623804511605
0.6568040517216358
0.5190370557175603
0.631811481142141
0.6161911245299568
0.6005707679177725
0.740683243794204
0.806478762049586
0.4449023705547485
0.6036948392402094
0.8194238621008946
0.6661762656889463
0.6443077664318884
0.5855087597959671
0.6661762656889463
0.8280539288017666
0.5748732871434221
0.7478743511050207
0.6349355524645778
1.7629441840908235
0.5589200781646045
0.6724244083338199
0.6255633384972674
0.8605912098046846
0.7155143682063461
0.6161911245299568
0.5190370557175603
1.2459923622298554
0.3979986984520057
0.5349902646963781
0.7263010291725709
0.8801835219770784
0.7191099218617543
0.7935336619982778
1.45425008235818
1.0329215470016517
1.0329215470016517
0.6505559090767621
0.9585527706666528
1.309570690663287
0.5456257373489232
0.6161911245299568
0.6068189105626463
0.9977373950114403
0.7892186286478416
0.5695555508171496
0.6568040517216358
0.6724244083338199
0.5323313965332418
0.8605912098046846
0.6693003370113831
0.7047277072401211
0.6903454926184879
0.6005707679177725
0.7762735285965333
1.1965425512260754
0.8703873658908815
0.7719584952460972
0.7478743511050207
0.751469904760429
0.7119188145509378
0.9046739121925704
0.7550654584158373
0.6975365999293045
0.679558831652263
0.505742714901879
0.7442787974496125
0.6693003370113831
0.5855087597959671
0.6161911245299568
0.6161911245299568
1.1171835893908617
0.5748732871434221
0.5270136602069693
0.7119188145509378
0.8752854439339799
0.5911985539504622
0.6939410462738963
0.8194238621008946
0.740683243794204
0.6505559090767621
0.6831543853076714
0.6661762656889463
0.5911985539504622
0.631811481142141
0.6099429818850831
0.9781450828390466
1.4458274484072537
0.48820824079161773
0.6255633384972674
1.0394032425700526
0.7442787974496125
0.7298965828279792
0.6161911245299568
0.6505559090767621
0.740683243794204
0.740683243794204
0.7047277072401211
0.6831543853076714
0.5722144189802858
0.763328428545225
0.4773817732324004
0.5881676279591034
0.6661762656889463
0.6443077664318884
0.8366839955026389
0.5855087597959671
0.5828498916328309
0.6661762656889463
0.767643461895661
0.7334921364833875
0.7191099218617543
0.9977373950114403
0.5403080010226506
1.0134764602964494
0.7227054755171626
0.679558831652263
0.751469904760429
0.5722144189802858
0.679558831652263
0.9879412389252435
0.6505559090767621
0.6161911245299568
0.6630521943665094
0.7047277072401211
0.9683489267528497
0.7892186286478416
0.6759632779968548
0.4860429472797743
0.9683489267528497
0.9634508487097512
0.5881676279591034
0.5509434736751957
1.1107018938224607
0.7047277072401211
0.6255633384972674
1.7479260831476267
0.7849035952974056
0.4947041213271482
0.6349355524645778
0.5722144189802858
0.7263010291725709
0.8280539288017666
0.8194238621008946
4.414597306629844
1.1755188495064686
0.7191099218617543
0.6599281230440727
0.61306705320752
0.767643461895661
0.6831543853076714
0.5012000018626785
0.6661762656889463
0.6867499389630797
0.6193151958523937
0.5562612100014682
1.0329215470016517
0.806478762049586
0.6099429818850831
1.2813136558039842
0.992839316968342
0.5828498916328309
0.6443077664318884
0.6161911245299568
1.3700237428489166
0.9046739121925704
0.3962311490615055
0.5429668691857868
1.2530566209446812
0.5775321553065582
0.5376491328595143
0.6161911245299568
0.653679980399199
0.6630521943665094
0.5668966826540133
0.5668966826540133
0.5376491328595143
0.6255633384972674
0.6036948392402094
0.4297453159718443
0.751469904760429
1.203606809940901
0.6349355524645778
0.5403080010226506
0.5456257373489232
0.5243547920438328
0.6068189105626463
0.7047277072401211
0.7805885619469695
0.631811481142141
0.7155143682063461
0.8194238621008946
0.45356354460212234
0.631811481142141
0.5748732871434221
0.8507950537184876
0.4557288381139658
0.6286874098197042
0.7590133951947888
2.168432909557146
0.5615789463277407
0.7849035952974056
0.7155143682063461
0.6255633384972674
0.6349355524645778
0.61306705320752
0.6939410462738963
1.01995815586485
0.740683243794204
0.5828498916328309
1.01995815586485
1.01995815586485
0.8801835219770784
0.631811481142141
0.6568040517216358
0.740683243794204
0.6724244083338199
0.631811481142141
0.5828498916328309
1.0075335510976373
0.7719584952460972
0.7590133951947888
0.8366839955026389
0.8194238621008946
0.6759632779968548
0.983043160882145
0.5828498916328309
0.6286874098197042
0.9585527706666528
0.6380596237870146
0.6505559090767621
0.6759632779968548
0.992839316968342
0.5911985539504622
0.7442787974496125
0.6474318377543252
0.49253882781530467
0.6599281230440727
0.6661762656889463
0.5911985539504622
0.6975365999293045
0.806478762049586
0.751469904760429
0.767643461895661
0.751469904760429
0.6724244083338199
0.8703873658908815
0.61306705320752
0.5456257373489232
0.9977373950114403
0.7227054755171626
0.4860429472797743
0.7719584952460972
0.6349355524645778
0.7227054755171626
1.614778727006823
0.8556931317615862
1.7929803859772175
0.7191099218617543
0.5722144189802858
0.6161911245299568
0.6903454926184879
0.5216959238806965
0.6831543853076714
0.8507950537184876
0.6939410462738963
0.5589200781646045
0.5943226252728989
0.6724244083338199
0.7191099218617543
0.8507950537184876
0.8703873658908815
0.8507950537184876
0.7334921364833875
0.8237388954513307
0.9536546926235543
0.5403080010226506
0.6831543853076714
0.751469904760429
0.7478743511050207
0.631811481142141
0.5456257373489232
0.9144700682787675
0.7442787974496125
1.10422019825406
0.6411836951094515
1.309570690663287
0.9585527706666528
0.653679980399199
0.6068189105626463
0.7047277072401211
0.6411836951094515
0.8556931317615862
0.6193151958523937
1.1301469805276632
0.5615789463277407
0.6831543853076714
0.3997662478425059
0.5855087597959671
0.9977373950114403
0.5589200781646045
0.7083232608955295
0.5509434736751957
0.6161911245299568
0.740683243794204
0.6411836951094515
0.9732470047959481
0.679558831652263
0.6505559090767621
0.7892186286478416
0.5828498916328309
0.6411836951094515
0.8507950537184876
0.5911985539504622
0.7047277072401211
0.6630521943665094
0.9340623804511605
0.5828498916328309
0.6975365999293045
0.6161911245299568
1.0977385026856594
0.9732470047959481
0.767643461895661
0.6661762656889463
0.6599281230440727
1.1171835893908617
0.6411836951094515
0.6831543853076714
0.9781450828390466
2.288577717102723
0.40683644540450675
0.5668966826540133
0.6036948392402094
1.0075335510976373
0.6693003370113831
0.6568040517216358
0.6068189105626463
1.0458849381384532
0.7047277072401211
0.40506889601400653
0.983043160882145
1.2459923622298554
0.5695555508171496
1.9581794963523862
0.740683243794204
0.6161911245299568
0.6939410462738963
0.6443077664318884
0.6286874098197042
0.679558831652263
0.6161911245299568
2.123378606727555
0.6286874098197042
0.6411836951094515
0.751469904760429
0.5270136602069693
0.6161911245299568
0.6505559090767621
0.6867499389630797
0.7191099218617543
0.7191099218617543
0.7849035952974056
1.2813136558039842
0.6286874098197042
0.938960458494259
0.6661762656889463
0.6759632779968548
0.499034708350835
0.7227054755171626
0.5615789463277407
0.767643461895661
0.7442787974496125
0.6939410462738963
0.6724244083338199
0.8237388954513307
0.4192092911380082
0.6068189105626463
0.6005707679177725
0.5828498916328309
0.5881676279591034
0.61306705320752
0.5748732871434221
0.5668966826540133
0.61306705320752
0.7191099218617543
0.6036948392402094
1.3378277255225897
0.5615789463277407
0.6193151958523937
0.5855087597959671
0.8605912098046846
2.243523414273132
0.8021637286991501
0.6939410462738963
0.7047277072401211
1.6554558733187936
0.631811481142141
1.1107018938224607
0.6599281230440727
0.6568040517216358
0.7047277072401211
0.9977373950114403
1.8830889916364009
0.8366839955026389
0.3891609514995047
0.653679980399199
0.6693003370113831
0.751469904760429
0.6161911245299568
1.1560737628012663
0.751469904760429
