468.0
520.0
492.0
503.0
528.0
532.0
594.0
563.0
622.0
538.0
494.0
500.0
548.0
582.0
636.0
484.0
485.0
476.0
658.0
473.0
546.0
558.0
461.0
458.0
589.0
488.0
582.0
567.0
598.0
493.0
485.0
518.0
485.0
518.0
667.0
541.0
492.0
498.0
557.0
580.0
557.0
493.0
475.0
570.0
516.0
515.0
537.0
557.0
490.0
510.0
540.0
498.0
521.0
657.0
493.0
521.0
491.0
482.0
534.0
488.0
530.0
528.0
552.0
490.0
498.0
517.0
537.0
643.0
504.0
529.0
541.0
487.0
515.0
509.0
462.0
554.0
551.0
492.0
485.0
501.0
534.0
653.0
506.0
492.0
519.0
499.0
517.0
535.0
524.0
541.0
523.0
496.0
474.0
508.0
552.0
529.0
499.0
478.0
584.0
532.0
520.0
666.0
528.0
507.0
502.0
488.0
523.0
466.0
504.0
485.0
537.0
485.0
606.0
491.0
553.0
593.0
604.0
513.0
553.0
530.0
512.0
539.0
522.0
627.0
518.0
548.0
569.0
485.0
535.0
530.0
540.0
615.0
491.0
584.0
502.0
516.0
597.0
614.0
529.0
560.0
447.0
513.0
529.0
615.0
501.0
626.0
544.0
506.0
529.0
653.0
564.0
510.0
541.0
497.0
565.0
544.0
796.0
546.0
520.0
510.0
588.0
589.0
570.0
528.0
509.0
528.0
479.0
567.0
520.0
528.0
661.0
585.0
542.0
510.0
501.0
534.0
512.0
464.0
518.0
477.0
493.0
566.0
470.0
701.0
490.0
557.0
448.0
514.0
487.0
548.0
474.0
726.0
541.0
606.0
503.0
533.0
506.0
587.0
506.0
692.0
658.0
552.0
500.0
615.0
480.0
544.0
488.0
562.0
597.0
594.0
488.0
471.0
518.0
561.0
641.0
499.0
575.0
554.0
506.0
573.0
517.0
491.0
554.0
576.0
505.0
489.0
664.0
522.0
479.0
605.0
505.0
485.0
544.0
520.0
485.0
555.0
609.0
573.0
494.0
534.0
509.0
515.0
503.0
488.0
566.0
552.0
636.0
491.0
559.0
537.0
529.0
684.0
536.0
484.0
540.0
523.0
513.0
495.0
502.0
641.0
593.0
489.0
693.0
590.0
845.0
553.0
559.0
544.0
516.0
541.0
619.0
568.0
531.0
522.0
556.0
758.0
615.0
499.0
488.0
657.0
520.0
550.0
521.0
530.0
449.0
540.0
493.0
509.0
550.0
556.0
507.0
485.0
487.0
505.0
612.0
601.0
633.0
518.0
585.0
508.0
488.0
528.0
618.0
523.0
507.0
478.0
486.0
541.0
495.0
506.0
529.0
508.0
494.0
515.0
504.0
520.0
464.0
524.0
512.0
481.0
513.0
502.0
578.0
516.0
600.0
534.0
547.0
580.0
516.0
517.0
493.0
528.0
517.0
613.0
493.0
526.0
520.0
595.0
545.0
506.0
454.0
471.0
521.0
544.0
481.0
480.0
527.0
474.0
515.0
561.0
484.0
487.0
530.0
559.0
518.0
538.0
666.0
501.0
578.0
505.0
493.0
494.0
491.0
567.0
469.0
524.0
532.0
504.0
552.0
667.0
484.0
503.0
478.0
521.0
580.0
512.0
484.0
530.0
507.0
486.0
692.0
518.0
664.0
520.0
566.0
463.0
934.0
609.0
581.0
525.0
458.0
537.0
536.0
444.0
548.0
536.0
538.0
502.0
600.0
472.0
478.0
536.0
483.0
501.0
480.0
530.0
504.0
549.0
522.0
465.0
509.0
548.0
554.0
608.0
502.0
565.0
509.0
490.0
492.0
551.0
530.0
521.0
496.0
546.0
535.0
700.0
504.0
495.0
525.0
529.0
515.0
537.0
541.0
544.0
503.0
520.0
484.0
627.0
549.0
617.0
593.0
517.0
478.0
481.0
552.0
493.0
576.0
539.0
521.0
613.0
554.0
529.0
485.0
526.0
600.0
688.0
499.0
683.0
460.0
494.0
504.0
608.0
509.0
493.0
642.0
512.0
464.0
573.0
513.0
534.0
524.0
549.0
517.0
473.0
574.0
459.0
673.0
506.0
522.0
452.0
541.0
660.0
528.0
503.0
495.0
552.0
464.0
508.0
550.0
535.0
507.0
532.0
507.0
524.0
610.0
507.0
636.0
517.0
577.0
470.0
535.0
567.0
495.0
636.0
520.0
494.0
529.0
531.0
734.0
529.0
514.0
578.0
529.0
526.0
609.0
542.0
465.0
560.0
573.0
691.0
534.0
641.0
481.0
488.0
516.0
541.0
561.0
567.0
552.0
699.0
555.0
546.0
496.0
538.0
489.0
708.0
535.0
498.0
581.0
468.0
483.0
461.0
596.0
546.0
486.0
486.0
510.0
547.0
572.0
471.0
502.0
517.0
485.0
530.0
555.0
534.0
483.0
806.0
509.0
541.0
493.0
476.0
