493.0
548.0
471.0
445.0
593.0
452.0
590.0
456.0
515.0
524.0
559.0
478.0
441.0
445.0
467.0
539.0
466.0
441.0
436.0
485.0
456.0
426.0
464.0
474.0
522.0
571.0
474.0
524.0
448.0
477.0
484.0
455.0
466.0
456.0
469.0
454.0
413.0
432.0
467.0
458.0
465.0
449.0
500.0
497.0
433.0
442.0
492.0
458.0
460.0
467.0
485.0
440.0
480.0
476.0
446.0
453.0
520.0
508.0
427.0
503.0
509.0
506.0
514.0
449.0
461.0
444.0
556.0
467.0
454.0
440.0
450.0
468.0
438.0
632.0
432.0
509.0
514.0
585.0
546.0
457.0
489.0
470.0
498.0
459.0
469.0
434.0
491.0
470.0
548.0
470.0
496.0
501.0
443.0
496.0
497.0
499.0
473.0
497.0
525.0
594.0
436.0
533.0
537.0
495.0
469.0
478.0
530.0
554.0
454.0
520.0
518.0
520.0
485.0
474.0
475.0
471.0
488.0
501.0
453.0
475.0
453.0
557.0
481.0
454.0
681.0
498.0
495.0
485.0
450.0
490.0
512.0
444.0
482.0
496.0
499.0
582.0
461.0
459.0
491.0
594.0
473.0
558.0
458.0
465.0
459.0
464.0
442.0
453.0
458.0
466.0
546.0
430.0
483.0
460.0
493.0
447.0
458.0
543.0
480.0
459.0
445.0
466.0
500.0
538.0
495.0
514.0
438.0
539.0
531.0
430.0
461.0
469.0
608.0
483.0
445.0
525.0
473.0
450.0
532.0
453.0
474.0
554.0
458.0
459.0
509.0
503.0
494.0
538.0
465.0
450.0
442.0
501.0
545.0
501.0
456.0
440.0
449.0
457.0
461.0
475.0
477.0
547.0
458.0
470.0
437.0
462.0
458.0
456.0
480.0
433.0
577.0
472.0
456.0
466.0
474.0
536.0
446.0
500.0
450.0
430.0
445.0
443.0
608.0
450.0
502.0
464.0
526.0
452.0
438.0
457.0
464.0
498.0
445.0
458.0
541.0
480.0
442.0
655.0
492.0
493.0
490.0
498.0
491.0
453.0
466.0
430.0
717.0
488.0
568.0
462.0
453.0
435.0
433.0
498.0
526.0
467.0
443.0
554.0
446.0
551.0
542.0
441.0
443.0
458.0
472.0
478.0
467.0
640.0
603.0
475.0
495.0
504.0
485.0
641.0
471.0
488.0
433.0
439.0
462.0
466.0
469.0
466.0
470.0
464.0
505.0
434.0
587.0
478.0
437.0
436.0
450.0
450.0
507.0
604.0
485.0
450.0
488.0
501.0
564.0
562.0
470.0
449.0
480.0
456.0
477.0
455.0
507.0
439.0
449.0
529.0
486.0
457.0
506.0
533.0
475.0
452.0
528.0
459.0
445.0
458.0
584.0
506.0
466.0
479.0
526.0
502.0
456.0
483.0
531.0
428.0
485.0
465.0
494.0
446.0
436.0
457.0
496.0
518.0
547.0
466.0
574.0
459.0
452.0
467.0
565.0
441.0
431.0
569.0
515.0
453.0
464.0
563.0
457.0
491.0
556.0
484.0
521.0
453.0
450.0
570.0
509.0
446.0
443.0
446.0
433.0
444.0
452.0
534.0
458.0
577.0
506.0
453.0
459.0
506.0
483.0
444.0
474.0
499.0
440.0
539.0
441.0
456.0
453.0
620.0
449.0
461.0
484.0
501.0
459.0
459.0
491.0
444.0
469.0
496.0
460.0
437.0
437.0
437.0
473.0
505.0
503.0
477.0
508.0
453.0
485.0
551.0
460.0
480.0
522.0
547.0
476.0
431.0
509.0
437.0
458.0
450.0
486.0
470.0
450.0
516.0
522.0
444.0
648.0
445.0
504.0
462.0
470.0
472.0
453.0
435.0
449.0
520.0
517.0
562.0
578.0
495.0
446.0
457.0
458.0
501.0
558.0
479.0
466.0
439.0
443.0
464.0
440.0
477.0
523.0
485.0
519.0
466.0
666.0
461.0
570.0
480.0
615.0
459.0
450.0
469.0
522.0
450.0
454.0
442.0
517.0
529.0
466.0
485.0
455.0
441.0
437.0
475.0
662.0
483.0
502.0
570.0
613.0
450.0
458.0
464.0
453.0
462.0
500.0
435.0
480.0
485.0
629.0
450.0
514.0
471.0
508.0
582.0
577.0
489.0
451.0
440.0
457.0
429.0
481.0
437.0
447.0
486.0
481.0
454.0
546.0
522.0
432.0
502.0
477.0
496.0
466.0
499.0
490.0
433.0
446.0
454.0
476.0
431.0
470.0
455.0
514.0
469.0
452.0
442.0
482.0
580.0
