483.0
492.0
510.0
619.0
484.0
735.0
544.0
493.0
626.0
554.0
600.0
460.0
634.0
477.0
637.0
530.0
538.0
507.0
528.0
544.0
521.0
485.0
594.0
527.0
630.0
850.0
632.0
453.0
487.0
512.0
523.0
474.0
547.0
520.0
504.0
528.0
483.0
491.0
478.0
672.0
541.0
483.0
532.0
495.0
529.0
528.0
514.0
424.0
515.0
520.0
520.0
545.0
482.0
457.0
542.0
478.0
520.0
516.0
474.0
577.0
522.0
672.0
515.0
517.0
622.0
482.0
494.0
533.0
516.0
519.0
514.0
492.0
509.0
533.0
490.0
534.0
652.0
554.0
498.0
477.0
584.0
497.0
554.0
558.0
498.0
638.0
555.0
530.0
520.0
614.0
468.0
482.0
494.0
618.0
500.0
523.0
446.0
533.0
581.0
553.0
507.0
525.0
532.0
606.0
478.0
520.0
562.0
495.0
444.0
518.0
625.0
550.0
482.0
498.0
587.0
521.0
482.0
503.0
501.0
509.0
546.0
532.0
509.0
573.0
560.0
510.0
552.0
699.0
489.0
521.0
552.0
588.0
578.0
493.0
525.0
520.0
524.0
454.0
502.0
555.0
460.0
497.0
490.0
548.0
501.0
581.0
472.0
502.0
501.0
776.0
538.0
508.0
516.0
559.0
566.0
508.0
630.0
498.0
575.0
526.0
549.0
541.0
492.0
546.0
478.0
497.0
502.0
405.0
610.0
526.0
506.0
503.0
544.0
551.0
650.0
518.0
601.0
538.0
570.0
565.0
594.0
505.0
533.0
507.0
518.0
531.0
644.0
559.0
470.0
567.0
464.0
498.0
525.0
548.0
454.0
477.0
534.0
513.0
486.0
557.0
457.0
495.0
521.0
582.0
492.0
506.0
521.0
676.0
513.0
429.0
588.0
567.0
549.0
538.0
586.0
494.0
530.0
538.0
442.0
464.0
512.0
644.0
502.0
565.0
513.0
486.0
513.0
493.0
538.0
500.0
538.0
517.0
530.0
526.0
653.0
483.0
475.0
481.0
498.0
482.0
483.0
498.0
572.0
557.0
498.0
691.0
576.0
542.0
534.0
556.0
638.0
498.0
552.0
485.0
440.0
528.0
533.0
535.0
494.0
493.0
411.0
520.0
485.0
522.0
485.0
517.0
521.0
515.0
566.0
518.0
549.0
680.0
496.0
525.0
485.0
495.0
424.0
487.0
516.0
662.0
467.0
574.0
538.0
670.0
484.0
544.0
624.0
525.0
458.0
494.0
709.0
499.0
466.0
522.0
520.0
528.0
522.0
545.0
456.0
527.0
499.0
545.0
506.0
507.0
521.0
562.0
501.0
552.0
567.0
558.0
525.0
533.0
503.0
575.0
502.0
552.0
580.0
500.0
518.0
534.0
512.0
424.0
597.0
697.0
584.0
485.0
531.0
496.0
462.0
513.0
490.0
661.0
636.0
523.0
518.0
694.0
512.0
506.0
562.0
523.0
522.0
504.0
701.0
506.0
521.0
564.0
431.0
471.0
535.0
593.0
541.0
590.0
521.0
775.0
490.0
532.0
420.0
549.0
565.0
579.0
509.0
610.0
496.0
518.0
490.0
551.0
505.0
534.0
514.0
487.0
525.0
529.0
501.0
478.0
504.0
580.0
524.0
489.0
569.0
546.0
529.0
492.0
468.0
503.0
513.0
530.0
531.0
654.0
478.0
689.0
488.0
512.0
587.0
555.0
523.0
506.0
476.0
597.0
586.0
565.0
528.0
550.0
579.0
520.0
498.0
497.0
501.0
516.0
520.0
482.0
427.0
489.0
505.0
525.0
517.0
549.0
524.0
542.0
709.0
498.0
491.0
501.0
528.0
530.0
434.0
522.0
420.0
469.0
521.0
439.0
533.0
617.0
516.0
622.0
545.0
500.0
493.0
584.0
525.0
502.0
525.0
512.0
674.0
560.0
500.0
517.0
488.0
497.0
473.0
483.0
522.0
522.0
546.0
497.0
497.0
522.0
509.0
544.0
462.0
521.0
518.0
457.0
518.0
426.0
569.0
576.0
608.0
522.0
428.0
509.0
620.0
565.0
534.0
541.0
534.0
564.0
507.0
494.0
486.0
464.0
541.0
550.0
500.0
484.0
506.0
524.0
521.0
480.0
494.0
492.0
483.0
504.0
510.0
519.0
596.0
476.0
567.0
536.0
533.0
613.0
416.0
573.0
516.0
482.0
519.0
512.0
537.0
498.0
472.0
490.0
616.0
618.0
515.0
546.0
599.0
497.0
565.0
484.0
514.0
499.0
506.0
492.0
633.0
545.0
559.0
537.0
608.0
416.0
556.0
490.0
497.0
495.0
653.0
508.0
564.0
452.0
612.0
572.0
442.0
641.0
493.0
466.0
546.0
627.0
524.0
554.0
557.0
540.0
570.0
482.0
500.0
541.0
524.0
564.0
601.0
524.0
585.0
517.0
722.0
501.0
504.0
520.0
555.0
560.0
552.0
505.0
524.0
472.0
684.0
485.0
496.0
515.0
460.0
617.0
509.0
