0.590385232496249
1.1210629001622399
0.6572576293156356
0.6222292309816712
0.5714128891902003
0.5633981995874742
0.6699952287098045
0.7069615140412443
0.710707616491133
0.413731413634627
0.5714128891902003
0.6604420291641778
0.6604420291641778
0.555383509984748
0.5794275787929265
0.5607266363865655
0.5340110043774784
0.66362642901272
0.5687413259892916
0.45500398322535374
0.88370707478046
1.6145449531984453
0.5874422683956527
0.5935696323447912
0.7069615140412443
0.5179816251720262
0.5607266363865655
0.6158604312845868
0.6031228318904177
0.547368820382022
0.6222292309816712
0.6413356300729245
0.740676436090242
0.6158604312845868
1.0229870984129692
0.6604420291641778
0.4324512032354303
1.9773236188097114
0.5999384320418757
0.63496683037584
0.7556608458897965
0.8166304030358236
1.1701008010368754
0.66362642901272
0.5999384320418757
0.5687413259892916
0.5580550731856567
0.5313394411765697
0.5500403835829306
0.5072953723683913
0.6285980306787555
0.48883315321023896
11.955376099982953
0.9546907207714291
1.0720249992876045
0.7294381287405762
0.547368820382022
0.5126384987702087
0.710707616491133
0.5233247515738435
0.8583557726408282
0.7773030807834527
0.5233247515738435
0.5687413259892916
0.9293394186317971
0.6190448311331289
0.9039881164921655
0.547368820382022
0.6063072317389601
0.710707616491133
0.8166304030358236
0.6699952287098045
0.5999384320418757
0.6254136308302134
0.5393541307792958
0.5259963147747523
0.9496204603435027
0.6063072317389601
0.6540732294670933
0.5179816251720262
0.5767560155920177
0.8431449913570491
0.584770705194744
0.7481686409900193
1.3975504125741383
0.584770705194744
0.5935696323447912
0.5874422683956527
0.7904121882009096
0.4933437092082236
0.5420256939802045
0.6126760314360444
0.6445200299214667
0.8482152517849754
0.7369303336403534
0.42343009123946085
0.5607266363865655
0.5366825675783871
0.5820991419938353
0.6158604312845868
0.6882310017918011
0.5607266363865655
1.1088034249435812
0.8786368143525336
0.5126384987702087
0.5366825675783871
0.528667877975661
0.5999384320418757
0.8938475956363128
2.006842826823177
0.5420256939802045
0.5259963147747523
0.4910884312092313
1.5663013554134593
0.5820991419938353
0.6668108288612623
0.6413356300729245
0.6094916315875023
0.5767560155920177
0.584770705194744
0.584770705194744
0.5366825675783871
0.88370707478046
0.9039881164921655
0.495598987207216
0.7444225385401306
0.5687413259892916
0.7729333783109671
0.6477044297700091
0.590385232496249
0.9293394186317971
0.6540732294670933
0.7219459238407988
0.6807387968920239
0.5714128891902003
1.0003230646227663
0.8078909980908522
0.5767560155920177
0.6031228318904177
0.5687413259892916
0.6126760314360444
0.7773030807834527
0.5001095432052007
0.5313394411765697
0.5126384987702087
0.5740844523911091
0.6158604312845868
0.5500403835829306
0.6572576293156356
0.8482152517849754
0.7641939733659958
0.6882310017918011
0.5580550731856567
0.7256920262906875
0.740676436090242
0.5999384320418757
0.7219459238407988
0.740676436090242
0.6668108288612623
0.9749717624831344
0.5607266363865655
0.7556608458897965
0.528667877975661
0.6381512302243822
0.6668108288612623
0.7444225385401306
0.5446972571811132
0.547368820382022
0.5999384320418757
0.46853565121930785
0.5740844523911091
0.5153100619711174
0.8684962934966808
0.8035212956183666
0.7947818906733953
0.6285980306787555
0.5794275787929265
0.48657787521124657
0.590385232496249
0.6158604312845868
0.6882310017918011
0.5687413259892916
0.495598987207216
0.6317824305272979
0.5340110043774784
0.7641939733659958
1.2055630760638183
1.151711588208887
0.8786368143525336
0.5366825675783871
0.6844848993419125
0.5820991419938353
0.5420256939802045
1.1394521129902284
0.6668108288612623
0.5874422683956527
0.590385232496249
0.6158604312845868
0.5687413259892916
0.4347064812344227
0.5714128891902003
0.7144537189410216
0.502364821204193
0.584770705194744
0.6190448311331289
0.547368820382022
0.8786368143525336
0.5714128891902003
0.6158604312845868
0.7181998213909102
0.6732465919922467
0.7369303336403534
0.6445200299214667
0.584770705194744
0.5999384320418757
0.66362642901272
0.584770705194744
0.5687413259892916
1.4489931275309949
0.5633981995874742
0.5420256939802045
0.6445200299214667
0.5500403835829306
0.590385232496249
0.5393541307792958
0.6668108288612623
0.5633981995874742
0.6285980306787555
0.5794275787929265
0.8122607005633379
0.4617698172223308
0.5500403835829306
0.6732465919922467
0.8482152517849754
0.6285980306787555
0.6381512302243822
0.5607266363865655
0.6445200299214667
0.6572576293156356
0.6254136308302134
0.6285980306787555
0.9039881164921655
0.9141286373480181
0.6190448311331289
0.6844848993419125
0.9546907207714291
1.1981696694704116
0.6158604312845868
1.6627885509834313
1.1701008010368754
0.6572576293156356
0.5393541307792958
0.5794275787929265
0.6126760314360444
0.7773030807834527
0.6413356300729245
0.5794275787929265
0.6254136308302134
0.6254136308302134
0.5794275787929265
0.6668108288612623
0.5794275787929265
0.6158604312845868
0.6699952287098045
0.6254136308302134
0.5740844523911091
0.88370707478046
0.7181998213909102
0.6317824305272979
0.5072953723683913
1.1833828562835984
0.6699952287098045
0.9293394186317971
0.4820673192132619
0.6285980306787555
0.5935696323447912
1.1088034249435812
0.5446972571811132
0.5874422683956527
0.547368820382022
0.6604420291641778
0.6413356300729245
0.5607266363865655
1.406124198400281
0.7256920262906875
0.8297395104532804
0.5767560155920177
0.6572576293156356
0.5446972571811132
0.8735665539246072
0.6844848993419125
0.7069615140412443
0.6807387968920239
0.5874422683956527
0.5714128891902003
0.5999384320418757
0.6882310017918011
0.6699952287098045
0.5446972571811132
0.6317824305272979
0.6413356300729245
0.6572576293156356
0.6126760314360444
0.5633981995874742
1.1762305386462049
0.6540732294670933
0.5740844523911091
0.6285980306787555
0.9293394186317971
0.5420256939802045
0.8078909980908522
0.4775567632152772
0.6126760314360444
0.7294381287405762
0.49785426520620835
0.6063072317389601
0.5633981995874742
0.6381512302243822
1.242530109030851
0.7256920262906875
0.7331842311904647
0.8122607005633379
0.7947818906733953
0.5874422683956527
0.8122607005633379
0.6063072317389601
0.528667877975661
0.5999384320418757
0.5687413259892916
1.301677361778104
0.6063072317389601
0.5874422683956527
0.9749717624831344
0.9039881164921655
0.9749717624831344
0.41007349427149753
0.5794275787929265
0.7685636758384814
0.6254136308302134
0.6957232066915785
0.6668108288612623
1.0475060488502868
0.5687413259892916
0.4798120412142695
0.5420256939802045
0.7947818906733953
0.5500403835829306
0.6413356300729245
0.5366825675783871
0.6031228318904177
0.9293394186317971
0.44372759323039207
3.0104958992810102
0.7069615140412443
0.5999384320418757
0.88370707478046
0.7641939733659958
0.5366825675783871
0.5740844523911091
1.2942839551846974
1.1394521129902284
0.6445200299214667
0.5714128891902003
0.5580550731856567
0.6413356300729245
0.66362642901272
0.5366825675783871
0.9851122833389873
1.3718290550957102
0.6413356300729245
0.5206531883729348
0.5580550731856567
0.66362642901272
0.6126760314360444
0.6732465919922467
1.2647103288110708
0.4798120412142695
0.584770705194744
0.6413356300729245
0.5206531883729348
0.41007349427149753
0.42343009123946085
0.7144537189410216
1.065895261678275
0.7069615140412443
0.495598987207216
0.8786368143525336
0.6572576293156356
0.5420256939802045
0.584770705194744
0.6190448311331289
0.5500403835829306
0.48657787521124657
0.66362642901272
0.5340110043774784
1.1578413258182165
0.6381512302243822
0.528667877975661
0.6158604312845868
0.6254136308302134
0.5446972571811132
0.5874422683956527
0.5233247515738435
0.6126760314360444
0.584770705194744
0.6540732294670933
0.6994693091414671
0.6063072317389601
0.7369303336403534
0.7069615140412443
0.6190448311331289
1.301677361778104
0.6063072317389601
0.5580550731856567
0.5393541307792958
0.6572576293156356
0.6668108288612623
0.5687413259892916
0.710707616491133
1.1333223753808987
1.0107276231943103
0.5607266363865655
0.6769926944421353
0.6882310017918011
1.6821315386750546
1.227743295844038
0.7481686409900193
0.7481686409900193
0.7069615140412443
0.502364821204193
0.8887773352083864
0.5206531883729348
0.6732465919922467
0.6126760314360444
0.555383509984748
0.413731413634627
0.5153100619711174
0.6882310017918011
0.6285980306787555
0.5999384320418757
0.6604420291641778
0.6844848993419125
0.4155603733161918
0.6063072317389601
0.590385232496249
0.5820991419938353
0.5366825675783871
0.5935696323447912
0.590385232496249
0.5340110043774784
0.6668108288612623
1.1455818505995579
0.49785426520620835
0.46853565121930785
1.3164641749649173
0.6381512302243822
0.6699952287098045
0.6540732294670933
0.6158604312845868
0.7556608458897965
0.6094916315875023
0.7069615140412443
0.495598987207216
0.5820991419938353
0.6957232066915785
0.5714128891902003
0.5366825675783871
0.7729333783109671
0.5340110043774784
0.4324512032354303
0.8482152517849754
0.63496683037584
0.7219459238407988
0.7481686409900193
0.5366825675783871
0.5607266363865655
0.6063072317389601
0.6572576293156356
0.566069762788383
0.5794275787929265
0.5687413259892916
0.6063072317389601
1.0291168360222986
0.6668108288612623
0.5393541307792958
0.48657787521124657
0.450493427227369
0.5126384987702087
0.7904121882009096
1.1394521129902284
0.7860424857284241
0.6063072317389601
0.7181998213909102
1.0291168360222986
0.7069615140412443
0.9901825437669135
12.386909627679742
0.6604420291641778
0.6126760314360444
0.502364821204193
0.6126760314360444
0.9749717624831344
0.8634260330687545
0.63496683037584
0.5393541307792958
0.48883315321023896
0.8431449913570491
0.5714128891902003
0.5794275787929265
1.5277064771854705
0.5153100619711174
0.6844848993419125
0.6254136308302134
0.6540732294670933
0.6031228318904177
0.6668108288612623
0.6572576293156356
0.6844848993419125
1.0003230646227663
0.4843225972122543
0.6317824305272979
0.740676436090242
0.45500398322535374
0.7729333783109671
0.5500403835829306
1.1333223753808987
0.495598987207216
0.49785426520620835
0.7991515931458809
1.5855987945274537
0.7947818906733953
0.5687413259892916
0.6317824305272979
0.6158604312845868
1.4832882708355657
0.6126760314360444
0.5500403835829306
0.7481686409900193
0.6254136308302134
0.7860424857284241
0.8431449913570491
0.5206531883729348
0.5340110043774784
0.7556608458897965
0.6604420291641778
0.710707616491133
0.7181998213909102
0.9039881164921655
0.9699015020552082
0.6063072317389601
0.5999384320418757
1.6821315386750546
0.7181998213909102
0.6572576293156356
0.7369303336403534
0.7069615140412443
0.5633981995874742
0.5633981995874742
0.5072953723683913
0.7181998213909102
0.6126760314360444
0.7219459238407988
0.6445200299214667
0.6254136308302134
0.7069615140412443
0.6285980306787555
0.5580550731856567
0.5179816251720262
1.2203498892506315
2.744823027159819
0.5607266363865655
1.0003230646227663
0.5607266363865655
0.6445200299214667
0.5500403835829306
0.7069615140412443
0.5820991419938353
0.9242691582038709
0.5740844523911091
0.7444225385401306
0.5179816251720262
1.1271926377715695
0.6254136308302134
0.6285980306787555
0.6126760314360444
