0.6924351038411969
0.5102651463173127
0.5076345551380822
0.45373808591845016
0.5655075610811537
0.5286792845719264
0.5922804938044778
0.5260486933926958
0.5892553139483627
0.6164819326533988
0.6648848103512406
0.6618596304951254
0.46013676712565277
0.48146570448299497
1.032910160691836
0.5602463787226926
0.5786605169773065
0.5006617481046028
0.5392016492888484
0.6074063930850534
0.5707687434396148
0.5497240140057705
0.5155263286757737
0.8681982149600748
0.54709342282654
0.6648848103512406
0.721612955602192
0.5076345551380822
0.5392016492888484
0.6013560333728232
0.6924351038411969
1.1676815376540506
0.6741989464905749
0.48999727942593174
0.9885002017150422
0.6104315729411686
0.6013560333728232
0.4179953264878992
0.48999727942593174
0.536571058109618
0.5786605169773065
0.6164819326533988
0.5497240140057705
0.9784750361521283
0.47293412954005803
0.6851406409009481
0.5760299257980759
0.6285826520778591
0.6255574722217441
0.6255574722217441
0.5392016492888484
0.7362018814826895
0.6709351700634708
0.536571058109618
0.5892553139483627
0.6164819326533988
0.5655075610811537
0.5260486933926958
0.6164819326533988
0.5076345551380822
0.5286792845719264
1.20881068741687
2.0555061470171228
0.5812911081565368
0.6255574722217441
0.7805960101810174
1.2870960744420905
0.5681381522603843
0.6406833715023197
0.8982737116488164
0.5392016492888484
0.5602463787226926
0.5602463787226926
0.5733993346188454
0.6814934094308237
0.5260486933926958
1.9666606139348537
0.6013560333728232
0.721612955602192
2.3812731016521083
0.5549851963642316
0.38970264356107
0.5339404669303874
0.6316078319339744
0.622532292365629
1.215927540782799
0.8072958498389545
0.7362018814826895
0.5076345551380822
0.6104315729411686
0.9133114599931873
0.5027946418403372
0.7761460369046946
0.5006617481046028
0.6316078319339744
0.5339404669303874
0.4281433610896395
0.54709342282654
0.5760299257980759
0.6887878723710724
0.6346330117900896
0.7894959567336631
0.5444628316473095
2.2183896243346153
0.5286792845719264
0.6164819326533988
0.6134567527972837
0.7983959032863088
0.5050039639588516
0.5102651463173127
0.5602463787226926
0.6285826520778591
0.6814934094308237
0.5786605169773065
0.5812911081565368
0.6814934094308237
0.8250957429442458
0.49426306689740024
0.6527840909267801
0.48999727942593174
0.5865522905149979
0.6741989464905749
0.5392016492888484
0.6527840909267801
0.6924351038411969
0.5786605169773065
0.5128957374965433
0.5497240140057705
0.5286792845719264
0.5812911081565368
0.9383743739004726
0.4963959606331345
0.5812911081565368
0.5760299257980759
0.47933281074726075
0.5865522905149979
0.7362018814826895
0.5760299257980759
0.70337679825157
0.5155263286757737
0.4963959606331345
0.5786605169773065
0.5655075610811537
0.7252601870723164
0.6104315729411686
0.6255574722217441
0.4985288543688687
0.6346330117900896
0.6346330117900896
0.5707687434396148
0.47933281074726075
0.5983308535167081
0.6648848103512406
0.48146570448299497
0.649758911070665
0.4963959606331345
1.4247286054894899
0.5444628316473095
0.721612955602192
0.5786605169773065
0.4020806923415578
0.4366749360325764
0.5655075610811537
0.9483995394633866
0.6437085513584347
0.536571058109618
0.462269660861387
0.5050039639588516
0.5655075610811537
0.5922804938044778
0.4878643856901976
0.6013560333728232
0.5602463787226926
0.6527840909267801
0.5655075610811537
0.6814934094308237
0.5576157875434622
0.622532292365629
1.3369140480035941
0.9885002017150422
0.5839216993357674
0.6679099902073556
0.622532292365629
0.6376581916462046
0.6924351038411969
0.6679099902073556
2.0851213247112117
0.8072958498389545
0.6887878723710724
0.4963959606331345
0.5681381522603843
0.54709342282654
0.5155263286757737
1.0390361323719368
0.8982737116488164
0.8384456627732144
0.5286792845719264
0.47933281074726075
1.215927540782799
1.020658217331635
0.5655075610811537
0.8782233805229885
0.8339956894968915
0.5444628316473095
0.531309875751157
0.4985288543688687
0.6588344506390104
0.7179657241320675
0.5922804938044778
0.7471435758930627
0.5707687434396148
0.4281433610896395
0.5733993346188454
0.6851406409009481
0.6679099902073556
0.6013560333728232
0.5286792845719264
0.8932611288673595
0.4857314919544634
0.54709342282654
0.6648848103512406
0.8384456627732144
0.998525367277956
0.6778461779606992
0.5576157875434622
0.6887878723710724
0.820645769667923
0.6134567527972837
0.5786605169773065
0.649758911070665
0.6195071125095138
0.5655075610811537
1.5894539341087948
0.5050039639588516
0.793945930009986
0.9133114599931873
0.4985288543688687
0.6164819326533988
0.5655075610811537
0.5602463787226926
1.20881068741687
2.396080690499153
0.536571058109618
0.7850459834573403
0.6406833715023197
0.5865522905149979
0.5602463787226926
0.6043812132289382
0.8384456627732144
1.2443949542465156
0.54709342282654
0.8250957429442458
0.6043812132289382
0.5286792845719264
0.4963959606331345
0.5602463787226926
0.6164819326533988
0.6924351038411969
0.6104315729411686
0.6255574722217441
0.4857314919544634
0.536571058109618
0.5260486933926958
0.5128957374965433
0.541832240468079
0.5076345551380822
1.1125477925331446
0.6558092707828953
0.5922804938044778
0.5576157875434622
1.3369140480035941
2.8995387112986766
0.9483995394633866
0.536571058109618
0.5602463787226926
0.5444628316473095
0.5892553139483627
0.7434963444229383
0.4878643856901976
1.003537950059413
1.1186737642132454
1.685316425841002
0.5444628316473095
0.6255574722217441
0.6134567527972837
0.6618596304951254
0.4985288543688687
0.5892553139483627
0.4558709796541843
0.622532292365629
0.5339404669303874
1.1309257075734467
0.5260486933926958
0.8028458765626317
0.622532292365629
0.7143184926619432
0.7325546500125651
0.5892553139483627
0.5953056736605931
0.6679099902073556
0.5027946418403372
0.7805960101810174
0.793945930009986
0.6437085513584347
0.5234181022134653
0.5523546051850011
0.5733993346188454
0.7805960101810174
0.998525367277956
0.5865522905149979
0.8631856321786177
0.46440255459712126
0.6134567527972837
0.5444628316473095
1.2301612475146575
0.47719991701152653
0.9383743739004726
0.4963959606331345
1.7297391923821368
1.0451621040520376
0.6887878723710724
0.5155263286757737
0.4179953264878992
0.54709342282654
0.5655075610811537
0.7070240297216944
0.6887878723710724
0.5286792845719264
0.5733993346188454
0.6406833715023197
0.6376581916462046
0.3702514240488748
0.5576157875434622
0.6406833715023197
0.49426306689740024
0.48999727942593174
0.5922804938044778
0.6406833715023197
0.3614099606342407
0.7716960636283718
0.6648848103512406
0.7507908073631872
0.5602463787226926
0.5983308535167081
0.6164819326533988
0.5983308535167081
0.5076345551380822
0.622532292365629
0.5733993346188454
0.8932611288673595
0.9383743739004726
0.6588344506390104
0.462269660861387
0.6316078319339744
0.5339404669303874
0.6851406409009481
0.6960823353113212
0.6285826520778591
0.43454204229684223
0.8384456627732144
1.4328198591338046
0.7434963444229383
0.5733993346188454
0.45160519218271594
0.9834876189335852
0.6679099902073556
0.5760299257980759
1.1309257075734467
0.4878643856901976
0.8072958498389545
0.7983959032863088
0.5006617481046028
0.5523546051850011
0.6997295667814457
0.5444628316473095
0.5707687434396148
0.5027946418403372
0.5892553139483627
1.2230443941487283
1.8185847254644054
0.6346330117900896
0.48359859821872914
1.1125477925331446
0.46653544833285543
0.6467337312145498
0.46013676712565277
0.5234181022134653
0.48999727942593174
0.6346330117900896
0.6887878723710724
0.5865522905149979
0.48999727942593174
0.6104315729411686
0.4281433610896395
0.48146570448299497
0.47080123580432387
0.5050039639588516
0.6013560333728232
0.5076345551380822
0.4558709796541843
1.3013297811739488
0.5786605169773065
0.5576157875434622
0.6778461779606992
0.5707687434396148
0.6406833715023197
0.4857314919544634
0.46866834206858965
0.536571058109618
0.5523546051850011
0.793945930009986
0.7983959032863088
0.5392016492888484
1.032910160691836
0.5983308535167081
0.7471435758930627
0.7471435758930627
0.5983308535167081
0.5892553139483627
0.5922804938044778
0.6814934094308237
0.5760299257980759
0.5922804938044778
0.9383743739004726
0.5707687434396148
0.6437085513584347
0.5234181022134653
0.6437085513584347
0.7143184926619432
0.48999727942593174
0.6195071125095138
0.9032862944302733
0.5576157875434622
0.5576157875434622
0.6924351038411969
0.5786605169773065
0.5733993346188454
0.6104315729411686
0.8531604666157039
0.5707687434396148
0.5786605169773065
0.5523546051850011
0.622532292365629
0.6376581916462046
0.5549851963642316
2.070313735864167
0.9935127844964992
0.4963959606331345
0.5786605169773065
0.5128957374965433
0.5444628316473095
0.7434963444229383
0.47719991701152653
0.6376581916462046
0.49426306689740024
0.5865522905149979
0.5892553139483627
0.8384456627732144
0.5707687434396148
0.47080123580432387
0.7983959032863088
0.6527840909267801
0.9133114599931873
0.46440255459712126
0.4473394047112475
0.7179657241320675
0.6648848103512406
0.6013560333728232
0.3667148386830212
0.5681381522603843
0.8072958498389545
0.5839216993357674
0.6741989464905749
0.6741989464905749
0.48359859821872914
0.6924351038411969
0.5497240140057705
0.6924351038411969
0.5339404669303874
0.6709351700634708
0.6814934094308237
1.2443949542465156
0.536571058109618
0.5576157875434622
0.6924351038411969
0.5006617481046028
0.5602463787226926
0.6814934094308237
0.4473394047112475
0.5076345551380822
0.6255574722217441
0.5286792845719264
0.6376581916462046
0.4388078297683106
1.075791962452541
0.6406833715023197
0.5155263286757737
0.6588344506390104
0.7143184926619432
0.5523546051850011
0.5812911081565368
0.47719991701152653
0.5497240140057705
0.4963959606331345
0.5839216993357674
0.6285826520778591
0.5922804938044778
0.6406833715023197
0.5523546051850011
0.6255574722217441
0.5006617481046028
1.1125477925331446
0.4857314919544634
0.5602463787226926
0.49426306689740024
0.6013560333728232
1.0451621040520376
0.5286792845719264
0.5602463787226926
0.3578733752683871
0.5786605169773065
0.5286792845719264
0.7325546500125651
0.6376581916462046
0.4238775736181711
0.5523546051850011
0.6648848103512406
0.5786605169773065
0.5707687434396148
0.5497240140057705
0.5839216993357674
0.6588344506390104
0.7471435758930627
0.6104315729411686
0.47080123580432387
0.8072958498389545
0.4963959606331345
0.6104315729411686
0.7179657241320675
0.5602463787226926
1.075791962452541
0.5444628316473095
0.6013560333728232
0.5523546051850011
0.5392016492888484
0.54709342282654
0.6648848103512406
0.70337679825157
0.4126904484391188
0.70337679825157
0.5444628316473095
1.2515118076124447
0.54709342282654
0.5339404669303874
0.368483131365948
0.6960823353113212
0.531309875751157
0.6588344506390104
0.5155263286757737
1.00855053284087
0.721612955602192
0.5655075610811537
0.47933281074726075
0.6346330117900896
