589.0
505.0
657.0
641.0
504.0
477.0
513.0
518.0
597.0
514.0
589.0
488.0
526.0
486.0
518.0
600.0
519.0
541.0
496.0
490.0
648.0
529.0
465.0
482.0
501.0
546.0
529.0
482.0
494.0
478.0
528.0
636.0
493.0
577.0
486.0
498.0
540.0
502.0
490.0
522.0
488.0
550.0
503.0
556.0
486.0
509.0
524.0
466.0
500.0
540.0
520.0
472.0
437.0
478.0
555.0
544.0
480.0
537.0
473.0
516.0
642.0
496.0
436.0
474.0
501.0
546.0
514.0
475.0
517.0
701.0
533.0
484.0
599.0
514.0
561.0
584.0
496.0
485.0
490.0
487.0
506.0
517.0
541.0
483.0
443.0
513.0
513.0
554.0
517.0
492.0
492.0
497.0
494.0
554.0
551.0
517.0
491.0
533.0
522.0
538.0
560.0
534.0
596.0
505.0
476.0
524.0
581.0
523.0
531.0
502.0
500.0
474.0
647.0
493.0
661.0
513.0
494.0
482.0
514.0
482.0
485.0
549.0
529.0
486.0
451.0
548.0
490.0
541.0
412.0
513.0
522.0
538.0
493.0
532.0
471.0
457.0
408.0
564.0
548.0
438.0
514.0
554.0
546.0
482.0
492.0
522.0
593.0
534.0
480.0
551.0
498.0
541.0
488.0
512.0
521.0
497.0
538.0
549.0
593.0
474.0
726.0
616.0
500.0
563.0
438.0
541.0
570.0
546.0
507.0
493.0
498.0
466.0
526.0
550.0
558.0
480.0
503.0
458.0
421.0
520.0
541.0
616.0
599.0
475.0
488.0
487.0
480.0
613.0
486.0
502.0
482.0
491.0
510.0
461.0
533.0
448.0
528.0
578.0
532.0
518.0
642.0
475.0
548.0
486.0
526.0
498.0
574.0
508.0
500.0
493.0
561.0
483.0
492.0
447.0
522.0
497.0
496.0
601.0
452.0
502.0
500.0
512.0
506.0
532.0
523.0
539.0
480.0
490.0
502.0
503.0
550.0
501.0
429.0
483.0
485.0
572.0
514.0
489.0
471.0
652.0
485.0
459.0
597.0
524.0
525.0
573.0
485.0
497.0
496.0
676.0
546.0
537.0
489.0
466.0
445.0
467.0
507.0
514.0
535.0
508.0
433.0
470.0
490.0
506.0
546.0
539.0
698.0
540.0
502.0
608.0
552.0
495.0
410.0
567.0
565.0
533.0
471.0
564.0
509.0
517.0
555.0
516.0
484.0
502.0
438.0
501.0
526.0
466.0
468.0
625.0
507.0
512.0
540.0
549.0
642.0
510.0
514.0
531.0
507.0
703.0
594.0
500.0
562.0
482.0
523.0
520.0
482.0
493.0
490.0
522.0
493.0
552.0
418.0
555.0
602.0
482.0
642.0
574.0
534.0
502.0
545.0
484.0
537.0
497.0
477.0
517.0
534.0
541.0
478.0
426.0
477.0
528.0
487.0
497.0
635.0
502.0
548.0
452.0
416.0
574.0
493.0
546.0
497.0
489.0
517.0
474.0
566.0
520.0
513.0
500.0
514.0
544.0
552.0
499.0
517.0
516.0
517.0
494.0
477.0
562.0
489.0
461.0
491.0
516.0
632.0
492.0
627.0
506.0
516.0
600.0
480.0
489.0
521.0
578.0
554.0
493.0
484.0
552.0
493.0
472.0
501.0
524.0
485.0
482.0
501.0
516.0
491.0
593.0
562.0
504.0
584.0
514.0
493.0
464.0
701.0
469.0
543.0
501.0
522.0
637.0
478.0
476.0
478.0
434.0
488.0
754.0
453.0
587.0
506.0
477.0
620.0
513.0
554.0
476.0
492.0
528.0
483.0
530.0
494.0
483.0
527.0
502.0
485.0
517.0
504.0
654.0
480.0
467.0
488.0
528.0
505.0
430.0
569.0
480.0
522.0
473.0
525.0
490.0
646.0
549.0
478.0
464.0
523.0
464.0
612.0
469.0
516.0
576.0
446.0
450.0
434.0
465.0
535.0
470.0
629.0
488.0
470.0
488.0
479.0
490.0
478.0
412.0
548.0
482.0
488.0
552.0
475.0
489.0
580.0
558.0
666.0
507.0
523.0
520.0
585.0
538.0
525.0
578.0
481.0
485.0
500.0
471.0
538.0
461.0
572.0
528.0
548.0
498.0
512.0
641.0
489.0
665.0
482.0
523.0
478.0
482.0
466.0
587.0
473.0
528.0
490.0
525.0
549.0
534.0
512.0
518.0
470.0
474.0
446.0
500.0
540.0
521.0
499.0
483.0
535.0
492.0
621.0
471.0
525.0
475.0
673.0
518.0
522.0
565.0
483.0
476.0
502.0
482.0
538.0
515.0
549.0
568.0
457.0
585.0
557.0
626.0
689.0
536.0
478.0
547.0
481.0
521.0
496.0
525.0
694.0
507.0
491.0
485.0
502.0
497.0
522.0
450.0
493.0
514.0
668.0
522.0
526.0
509.0
566.0
538.0
