1.2292486413314943
0.7488042895934834
0.5922464321481322
0.6324856665978931
0.5704142224125204
0.7451808514202822
0.583753205843529
0.583753205843529
0.52239388206089
1.1038447700911633
0.530397272119495
0.6944527169954655
0.7125699078614715
0.6603435981400351
0.6696295753207492
1.0040121352251077
0.6324856665978931
0.5624108323539153
0.7379339750738799
0.9833487445617171
0.7892156141249258
0.4416361433125974
0.6908292788222642
0.801699532976979
2.1039919749823475
1.3931767755348463
0.5464040522367052
0.6231996894171791
0.6355809923247979
0.6634389238669398
0.6541529466862257
0.7975382266929613
0.6944527169954655
0.6293903408709884
0.6293903408709884
0.5464040522367052
0.6139137122364651
2.1039919749823475
1.0281074342562666
0.6386763180517026
0.9316902679032402
0.5864210025297306
0.7560511659398859
0.8955293342423064
0.6665342495938444
0.7600864701368012
0.6763355261294595
0.5517396456091085
0.5704142224125204
0.6510576209593211
0.6835824024758619
0.8183447581130504
0.9058610295740019
0.9626853538983262
0.6835824024758619
1.4018024165604872
0.6980761551686666
1.1868986623134499
0.7642477764208189
0.5570752389815119
0.7343105369006786
1.1939569921497906
0.9626853538983262
0.6603435981400351
0.6108183865095603
0.6417716437786072
0.9626853538983262
0.5597430356677137
0.5570752389815119
0.6980761551686666
0.9626853538983262
0.6293903408709884
0.6696295753207492
0.6696295753207492
0.6510576209593211
0.6944527169954655
0.5544074422953101
0.8490367052496774
1.1038447700911633
0.6541529466862257
0.687205840649063
0.5810854091573272
1.0281074342562666
0.46095671540270644
0.6665342495938444
1.0281074342562666
0.9730170492300216
0.5597430356677137
0.7343105369006786
1.533477720425392
1.5237156774770457
0.6799589643026607
0.6201043636902744
0.5864210025297306
0.6046277350557511
0.7198167842078739
0.5490718489229068
0.5544074422953101
0.6293903408709884
0.7306870987274775
0.6015324093288463
0.5597430356677137
0.5384006621781001
0.6980761551686666
0.705323031515069
0.6510576209593211
0.6634389238669398
0.6170090379633698
0.44807633400930036
0.7451808514202822
0.7343105369006786
0.7270636605542762
0.5891511064212276
0.8800317912447635
0.6763355261294595
0.6448669695055118
0.6324856665978931
0.6170090379633698
0.6448669695055118
0.8593684005813728
0.6201043636902744
0.48671747818951855
1.2010153219861313
0.5984370836019417
0.595341757875037
0.6170090379633698
0.6603435981400351
0.8183447581130504
0.5922464321481322
1.3500485704066412
0.6696295753207492
0.5984370836019417
0.7234402223810751
0.49745112935069025
0.6944527169954655
0.8100221455450147
0.6696295753207492
0.5517396456091085
0.9213585725715449
0.6665342495938444
0.7270636605542762
2.878547279722754
0.5677464257263186
0.7560511659398859
0.8183447581130504
0.6510576209593211
1.2221903114951533
0.6980761551686666
0.6201043636902744
0.7684090827048367
0.5922464321481322
0.7234402223810751
0.5984370836019417
0.5677464257263186
0.6799589643026607
0.5677464257263186
0.573082019098722
0.6603435981400351
0.6231996894171791
0.7684090827048367
0.8490367052496774
0.4652501758671751
0.5891511064212276
0.900695181908154
0.5597430356677137
1.621336106960505
0.7725703889888546
3.8309549619340864
0.7125699078614715
0.6908292788222642
0.5984370836019417
0.5757498157849237
0.5357328654918985
0.583753205843529
0.5464040522367052
0.6980761551686666
0.8490367052496774
0.7270636605542762
0.8697000959130681
0.6799589643026607
0.7379339750738799
0.8490367052496774
0.6417716437786072
0.5677464257263186
1.0659761021737149
0.6980761551686666
0.9368561155690878
0.8645342482472204
0.6510576209593211
0.7125699078614715
0.5677464257263186
0.6139137122364651
0.46095671540270644
0.6108183865095603
1.0154845449504506
0.5384006621781001
1.0975333254382553
0.5810854091573272
0.48671747818951855
0.7600864701368012
0.6077230607826557
1.0281074342562666
0.6541529466862257
0.7379339750738799
0.6201043636902744
0.8955293342423064
0.8593684005813728
0.6696295753207492
1.257481960676857
0.6201043636902744
0.6170090379633698
0.7270636605542762
0.6763355261294595
0.6417716437786072
1.0470417682149908
0.6386763180517026
0.6980761551686666
0.5410684588643018
1.2151319816588126
0.801699532976979
0.5544074422953101
0.6139137122364651
0.6139137122364651
0.7560511659398859
0.6727249010476538
0.530397272119495
0.5517396456091085
0.6201043636902744
0.6201043636902744
0.7379339750738799
0.5517396456091085
0.5704142224125204
0.5810854091573272
0.8349899832491215
0.6293903408709884
0.6908292788222642
0.5891511064212276
0.573082019098722
0.5922464321481322
0.6262950151440838
0.5704142224125204
0.7808930015568901
0.6170090379633698
0.6763355261294595
0.6324856665978931
0.5757498157849237
0.5984370836019417
1.1939569921497906
0.5277294754332933
1.1290905487027958
0.5704142224125204
0.8903634865764587
0.6417716437786072
0.6201043636902744
0.6727249010476538
0.5810854091573272
0.6980761551686666
0.6417716437786072
0.5517396456091085
1.1732706612731523
0.6170090379633698
0.5704142224125204
0.4738370967961125
0.5757498157849237
0.6046277350557511
1.0849104361324393
0.6908292788222642
0.6980761551686666
0.7198167842078739
1.5432397633737376
0.6510576209593211
1.091221880785347
0.573082019098722
1.1732706612731523
0.6201043636902744
0.6448669695055118
1.0470417682149908
0.6046277350557511
0.5384006621781001
0.6479622952324164
0.8697000959130681
0.5384006621781001
0.583753205843529
0.705323031515069
0.565078629040117
0.5677464257263186
0.5704142224125204
0.595341757875037
0.9058610295740019
0.8141834518290326
0.9161927249056973
0.5810854091573272
0.7270636605542762
1.6603842787538883
0.6634389238669398
0.5624108323539153
0.6046277350557511
0.6201043636902744
0.5810854091573272
0.6799589643026607
0.7850543078409079
0.741557413247081
0.5464040522367052
0.5597430356677137
0.6479622952324164
0.5922464321481322
0.8748659435789157
0.5757498157849237
0.573082019098722
0.5984370836019417
0.7684090827048367
0.5624108323539153
0.7600864701368012
0.5984370836019417
0.6835824024758619
0.6293903408709884
0.6448669695055118
1.2221903114951533
0.6696295753207492
1.1732706612731523
0.6665342495938444
0.5810854091573272
0.6077230607826557
0.6262950151440838
0.7488042895934834
0.7270636605542762
0.5677464257263186
0.5597430356677137
0.6077230607826557
0.6944527169954655
0.687205840649063
1.2363069711678347
0.5984370836019417
1.2151319816588126
0.6665342495938444
0.5597430356677137
0.5410684588643018
0.9368561155690878
0.8183447581130504
0.5864210025297306
0.49959785958292463
0.854202552915525
0.7600864701368012
0.6170090379633698
0.9265244202373926
0.6763355261294595
0.5170582886884866
0.7016995933418678
0.9058610295740019
0.595341757875037
1.9976804625669977
0.6510576209593211
0.687205840649063
0.7850543078409079
0.5810854091573272
0.7234402223810751
0.49959785958292463
0.48671747818951855
0.6201043636902744
0.9523536585666308
0.8183447581130504
0.530397272119495
0.6077230607826557
0.6634389238669398
0.5677464257263186
0.5544074422953101
0.5544074422953101
1.4535562627143332
0.5544074422953101
0.6696295753207492
0.7125699078614715
0.5784176124711253
0.4824240177250499
0.6355809923247979
0.7270636605542762
0.9058610295740019
3.243043893718239
0.9161927249056973
0.5384006621781001
0.6015324093288463
0.6572482724131304
0.7892156141249258
0.6046277350557511
0.6980761551686666
0.7488042895934834
1.6310981499088506
0.6046277350557511
0.8593684005813728
0.6077230607826557
0.5704142224125204
0.6262950151440838
0.6763355261294595
0.6479622952324164
0.6139137122364651
0.6634389238669398
0.6293903408709884
0.9678512015641738
0.5704142224125204
1.1101562147440716
0.6231996894171791
0.595341757875037
0.6479622952324164
1.0040121352251077
0.5784176124711253
0.6980761551686666
0.5384006621781001
0.6448669695055118
0.5063871019436798
0.6170090379633698
0.5277294754332933
0.6980761551686666
0.6799589643026607
0.6386763180517026
0.99884628755926
0.6046277350557511
1.1290905487027958
0.6139137122364651
0.5330650688056967
0.5544074422953101
0.7560511659398859
0.7560511659398859
0.5922464321481322
0.6908292788222642
0.7524277277666847
0.7808930015568901
0.565078629040117
0.6980761551686666
0.6293903408709884
0.826667370681086
0.5624108323539153
0.5864210025297306
0.99884628755926
0.7379339750738799
2.0128678214834763
1.1038447700911633
0.6799589643026607
0.9058610295740019
0.6077230607826557
0.573082019098722
0.46310344563494077
0.6727249010476538
0.741557413247081
0.5891511064212276
1.0217959896033586
0.6293903408709884
0.6944527169954655
0.6015324093288463
0.8058608392609969
0.7306870987274775
0.9678512015641738
0.573082019098722
0.9833487445617171
0.5197260853746882
0.583753205843529
0.7684090827048367
0.6293903408709884
0.5038913200473932
0.9471878109007831
0.7975382266929613
0.5677464257263186
0.5704142224125204
0.5597430356677137
0.573082019098722
0.6980761551686666
0.5677464257263186
0.6262950151440838
0.5570752389815119
0.6015324093288463
0.7234402223810751
0.5357328654918985
0.900695181908154
0.5864210025297306
0.6479622952324164
0.6417716437786072
0.5704142224125204
0.7725703889888546
0.49745112935069025
0.5677464257263186
0.5810854091573272
0.6417716437786072
0.6262950151440838
0.6763355261294595
0.6634389238669398
0.8748659435789157
0.5864210025297306
0.8308286769651038
1.278656950185879
1.1290905487027958
0.5757498157849237
0.6015324093288463
1.0470417682149908
0.7850543078409079
0.6980761551686666
1.257481960676857
0.7234402223810751
0.5277294754332933
0.530397272119495
1.1732706612731523
0.9936804398934123
0.5410684588643018
0.6170090379633698
1.0091779828909553
0.595341757875037
0.5384006621781001
0.5517396456091085
0.6015324093288463
0.6572482724131304
0.6944527169954655
0.52239388206089
0.5624108323539153
0.6386763180517026
0.7560511659398859
0.6077230607826557
0.595341757875037
0.5517396456091085
0.5704142224125204
0.5170582886884866
