787.0
854.0
913.0
789.0
861.0
798.0
873.0
841.0
897.0
792.0
813.0
1079.0
837.0
808.0
826.0
837.0
814.0
786.0
865.0
869.0
919.0
822.0
835.0
984.0
869.0
804.0
925.0
838.0
810.0
924.0
808.0
833.0
881.0
841.0
839.0
848.0
767.0
832.0
766.0
873.0
793.0
812.0
869.0
788.0
879.0
907.0
827.0
805.0
779.0
817.0
850.0
866.0
843.0
873.0
801.0
1038.0
884.0
801.0
792.0
811.0
863.0
823.0
826.0
828.0
805.0
829.0
771.0
825.0
809.0
766.0
853.0
808.0
831.0
800.0
846.0
809.0
873.0
818.0
902.0
863.0
813.0
850.0
842.0
834.0
942.0
797.0
793.0
828.0
799.0
930.0
902.0
802.0
810.0
778.0
779.0
862.0
820.0
790.0
840.0
748.0
805.0
814.0
826.0
824.0
884.0
650.0
825.0
790.0
888.0
796.0
693.0
941.0
794.0
646.0
808.0
662.0
757.0
802.0
900.0
837.0
813.0
755.0
901.0
832.0
818.0
877.0
873.0
877.0
822.0
773.0
797.0
859.0
835.0
925.0
847.0
922.0
828.0
901.0
812.0
786.0
848.0
843.0
812.0
806.0
808.0
817.0
807.0
762.0
864.0
772.0
789.0
805.0
782.0
811.0
685.0
815.0
826.0
861.0
854.0
952.0
885.0
846.0
808.0
653.0
794.0
842.0
847.0
724.0
827.0
649.0
829.0
825.0
841.0
925.0
805.0
907.0
806.0
849.0
818.0
818.0
858.0
802.0
839.0
816.0
948.0
802.0
814.0
825.0
838.0
959.0
816.0
808.0
835.0
720.0
943.0
893.0
746.0
765.0
814.0
813.0
794.0
779.0
826.0
814.0
868.0
838.0
734.0
836.0
825.0
829.0
991.0
811.0
868.0
766.0
829.0
770.0
785.0
837.0
813.0
859.0
780.0
854.0
898.0
894.0
821.0
804.0
871.0
832.0
800.0
842.0
814.0
846.0
916.0
875.0
785.0
797.0
793.0
643.0
812.0
858.0
836.0
884.0
784.0
817.0
833.0
815.0
864.0
804.0
806.0
795.0
803.0
886.0
813.0
798.0
875.0
813.0
817.0
911.0
818.0
868.0
857.0
934.0
828.0
844.0
822.0
770.0
792.0
775.0
812.0
825.0
646.0
916.0
813.0
799.0
846.0
725.0
810.0
802.0
784.0
843.0
887.0
835.0
827.0
795.0
836.0
829.0
866.0
770.0
893.0
869.0
803.0
836.0
886.0
859.0
829.0
788.0
860.0
818.0
831.0
864.0
801.0
834.0
829.0
812.0
642.0
914.0
796.0
797.0
800.0
763.0
974.0
840.0
682.0
800.0
798.0
872.0
841.0
824.0
900.0
855.0
816.0
856.0
848.0
844.0
843.0
821.0
966.0
823.0
833.0
861.0
854.0
792.0
773.0
948.0
840.0
939.0
816.0
827.0
672.0
728.0
667.0
859.0
788.0
790.0
818.0
950.0
853.0
813.0
807.0
855.0
828.0
977.0
786.0
813.0
878.0
841.0
814.0
822.0
794.0
873.0
852.0
818.0
650.0
888.0
786.0
862.0
807.0
844.0
825.0
807.0
848.0
800.0
821.0
916.0
845.0
781.0
741.0
832.0
827.0
813.0
915.0
824.0
820.0
822.0
851.0
824.0
837.0
793.0
792.0
800.0
827.0
683.0
859.0
780.0
809.0
836.0
809.0
873.0
757.0
833.0
830.0
816.0
813.0
690.0
841.0
824.0
809.0
855.0
890.0
844.0
795.0
827.0
914.0
836.0
807.0
789.0
805.0
827.0
854.0
805.0
914.0
816.0
827.0
789.0
829.0
826.0
834.0
808.0
795.0
936.0
914.0
818.0
854.0
785.0
655.0
878.0
800.0
841.0
855.0
800.0
949.0
798.0
857.0
936.0
953.0
726.0
930.0
866.0
835.0
844.0
764.0
833.0
859.0
820.0
892.0
802.0
802.0
902.0
805.0
802.0
955.0
821.0
806.0
786.0
867.0
858.0
896.0
862.0
770.0
855.0
921.0
780.0
814.0
832.0
862.0
856.0
810.0
802.0
1047.0
813.0
790.0
811.0
800.0
691.0
831.0
907.0
826.0
840.0
862.0
850.0
814.0
797.0
852.0
813.0
833.0
872.0
803.0
857.0
820.0
850.0
798.0
893.0
901.0
912.0
816.0
985.0
656.0
860.0
833.0
833.0
888.0
826.0
813.0
1034.0
878.0
993.0
945.0
932.0
794.0
831.0
912.0
826.0
802.0
826.0
789.0
902.0
740.0
796.0
837.0
843.0
973.0
841.0
833.0
830.0
801.0
834.0
859.0
826.0
802.0
831.0
840.0
709.0
819.0
849.0
758.0
714.0
1010.0
853.0
821.0
840.0
822.0
850.0
865.0
810.0
809.0
883.0
833.0
782.0
818.0
