0.5787676835196887
0.8596849239120694
0.5838615660151459
0.7937434801210776
0.5660329772810454
0.7476986500139001
0.6301772616236487
1.0529049256483285
0.5007944369239316
0.5919366180419768
0.5711268597765028
0.6625347292696788
0.8791468851501371
0.6184109097523651
0.6242940856880069
0.6478267894305741
0.7476986500139001
0.568579918528774
0.6856187542257977
0.5889950300741559
0.41659352610323835
0.5948782060097979
0.6037029699132606
0.5838615660151459
0.5507513297946736
0.5919366180419768
0.5558452122901308
0.659593141301858
0.5787676835196887
1.193491387620728
0.6892705128015684
0.6390020255271115
0.7148328228319635
0.5736738010242314
0.6242940856880069
0.5736738010242314
0.6095861458489024
0.6301772616236487
0.5948782060097979
0.5787676835196887
3.399008122764879
0.8403793396404862
0.8054024450009297
0.6965740299531098
0.9132053173167555
0.7898571584944603
0.6184109097523651
0.7513504085896708
0.828720374760634
0.7221363399835049
0.7476986500139001
0.5787676835196887
0.7704255503613733
0.6242940856880069
0.5864085072628746
0.7704255503613733
0.43803324289408074
0.6478267894305741
0.5711268597765028
0.6419436134949325
0.7898571584944603
1.0408820521672706
1.3059057568772028
0.6965740299531098
0.659593141301858
0.5919366180419768
0.6929222713773391
0.5125472110787437
0.6242940856880069
0.5583921535378594
0.6125277338167233
0.9667257107214415
0.3815309888786999
0.8092887666275471
0.6154693217845443
0.6625347292696788
0.4065756583247988
0.7002257885288805
0.7367433742865879
0.5813146247674172
0.7294398571350464
0.4603033440014471
1.214569081856317
0.9472637494833739
0.8548194336025525
0.7626529071081386
0.7038775471046512
0.6066445578810815
0.6301772616236487
0.5380166235560303
0.7330916157108172
1.573028050901421
0.6892705128015684
0.5838615660151459
0.5864085072628746
1.2988798587986732
0.6856187542257977
0.6007613819454397
0.6684179052053206
0.6331188495914696
0.5227349760696582
0.7898571584944603
0.5278288585651156
0.678315237074256
0.766539228734756
0.7184845814077342
0.8986088463882047
0.6892705128015684
0.6507683773983952
0.6965740299531098
0.6746634784984853
0.8645504142215864
1.0408820521672706
0.5532982710424021
0.7781981936146082
0.8791468851501371
0.7440468914381294
0.659593141301858
0.6301772616236487
0.6419436134949325
0.5634860360333167
0.7148328228319635
0.9278017882453061
0.6242940856880069
0.5405635648037589
0.6507683773983952
0.6625347292696788
0.6007613819454397
0.5431105060514875
0.37819169961922006
0.6360604375592905
0.6654763172374998
0.5609390947855881
0.7184845814077342
0.7294398571350464
0.6625347292696788
0.36984347647052046
0.7221363399835049
0.7257880985592757
0.7111810642561928
1.9133676202418515
0.6856187542257977
0.9715912010309584
0.5609390947855881
0.6154693217845443
1.0889735460915022
0.5634860360333167
0.5889950300741559
0.766539228734756
0.6537099653662162
0.6713594931731416
0.7294398571350464
0.7294398571350464
0.5532982710424021
0.6301772616236487
0.5838615660151459
0.7743118719879907
0.6154693217845443
0.5736738010242314
0.8054024450009297
0.7038775471046512
1.0168363052051548
0.5252819173173869
1.1550993502373206
0.8645504142215864
0.6390020255271115
0.8326066963872514
0.5125472110787437
0.656651553334037
0.828720374760634
0.6419436134949325
0.7367433742865879
0.5405635648037589
0.6625347292696788
0.5978197939776188
0.6507683773983952
0.6746634784984853
0.7976298017476949
0.6301772616236487
0.9715912010309584
0.9861876719595093
0.6360604375592905
0.6360604375592905
0.5889950300741559
0.6537099653662162
0.5978197939776188
0.6478267894305741
0.766539228734756
0.659593141301858
0.7075293056804219
0.6478267894305741
0.7976298017476949
0.8364930180138688
0.46637700793981973
0.7820845152412254
1.1310536032752048
0.5889950300741559
1.1671222237183785
0.5329227410605729
0.7513504085896708
0.7403951328623587
0.8791468851501371
0.5711268597765028
1.416356665976838
0.5634860360333167
0.5711268597765028
0.766539228734756
0.6154693217845443
0.7075293056804219
0.5634860360333167
0.5660329772810454
0.6125277338167233
0.6037029699132606
0.6037029699132606
0.5787676835196887
0.6095861458489024
0.9861876719595093
0.5634860360333167
0.7002257885288805
0.5736738010242314
0.8170614098807819
1.1794395914636686
0.7221363399835049
0.41158459221401855
0.568579918528774
0.621352497720186
0.5303757998128443
0.5431105060514875
0.6892705128015684
1.0168363052051548
0.7148328228319635
0.36316489795156076
0.7330916157108172
0.7184845814077342
0.6154693217845443
0.4082453029545387
0.6537099653662162
0.5227349760696582
0.8092887666275471
0.47852433581656506
0.9569947301024077
0.659593141301858
0.678315237074256
0.7038775471046512
0.6007613819454397
0.6095861458489024
0.5482043885469448
0.47852433581656506
0.7781981936146082
0.7075293056804219
0.7976298017476949
0.9715912010309584
0.5660329772810454
0.7476986500139001
0.7038775471046512
1.2215949799348467
0.8131750882541645
0.7513504085896708
0.5736738010242314
0.6448852014627532
0.7221363399835049
0.6537099653662162
0.7330916157108172
0.6390020255271115
0.5948782060097979
1.0709392358699155
0.9180708076262725
0.6390020255271115
0.5482043885469448
0.9326672785548231
1.1611107869778496
0.5252819173173869
1.5912512361668598
0.5303757998128443
1.1611107869778496
0.5405635648037589
0.6360604375592905
0.5634860360333167
0.9034743366977216
1.076950672610444
0.6625347292696788
0.6390020255271115
0.6713594931731416
0.766539228734756
0.6478267894305741
1.0348706154267415
1.1731336604589073
0.5787676835196887
0.568579918528774
0.659593141301858
0.6713594931731416
0.656651553334037
2.4470611285173
2.9374821901758206
0.6856187542257977
0.8450884529835186
0.6625347292696788
0.5978197939776188
1.113019293053618
0.7111810642561928
0.8092887666275471
1.884519322497233
0.5201880348219297
0.8092887666275471
0.7184845814077342
0.7184845814077342
0.7587665854815212
1.4671979758005156
0.5532982710424021
0.6856187542257977
0.93753276886434
0.6242940856880069
0.6892705128015684
0.6856187542257977
0.8248340531340167
0.5431105060514875
0.4218368057250871
1.0949849828320313
0.6507683773983952
0.6095861458489024
0.6746634784984853
0.6390020255271115
0.7002257885288805
1.6641439772286148
0.5431105060514875
0.6684179052053206
0.46637700793981973
0.6095861458489024
0.6301772616236487
0.6507683773983952
0.5634860360333167
0.6360604375592905
0.6713594931731416
0.5532982710424021
0.8742813948406202
0.6242940856880069
1.3485682528786014
0.6507683773983952
0.42993502430958386
0.5176410935742011
0.8209477315073992
0.6819669956500267
0.6037029699132606
0.7075293056804219
0.6654763172374998
0.5838615660151459
0.43803324289408074
0.6390020255271115
0.7781981936146082
1.235646776091906
1.1490879134967915
0.5252819173173869
0.6037029699132606
0.7440468914381294
1.1611107869778496
0.5711268597765028
0.40323636906531896
1.0709392358699155
0.6390020255271115
0.8645504142215864
0.5532982710424021
0.39822743517609915
0.828720374760634
0.6819669956500267
0.7976298017476949
1.501092182349634
4.157768309027976
0.5660329772810454
0.6301772616236487
0.6892705128015684
0.7476986500139001
0.4623278986475714
0.7513504085896708
0.8326066963872514
0.678315237074256
0.7002257885288805
0.6390020255271115
0.6037029699132606
0.7294398571350464
0.9569947301024077
1.0589163623888576
0.656651553334037
0.6478267894305741
1.1794395914636686
0.8986088463882047
0.5482043885469448
0.6965740299531098
1.0228477419456838
0.5456574472992162
0.7075293056804219
0.7330916157108172
0.5431105060514875
0.5634860360333167
0.5978197939776188
0.6184109097523651
0.6037029699132606
0.5889950300741559
0.6537099653662162
0.6856187542257977
1.0468934889077997
0.6713594931731416
0.7075293056804219
0.5176410935742011
0.4886471090471863
0.5711268597765028
0.37151312110026036
0.5787676835196887
0.8326066963872514
0.6301772616236487
1.3129316549557324
1.357041804515881
0.7002257885288805
0.5583921535378594
0.678315237074256
0.7820845152412254
0.7513504085896708
0.6154693217845443
0.7781981936146082
0.9034743366977216
0.6242940856880069
0.6478267894305741
0.6625347292696788
1.0168363052051548
0.6331188495914696
0.8694159045311034
0.8326066963872514
0.5405635648037589
0.8209477315073992
0.5456574472992162
0.6892705128015684
0.6819669956500267
0.8791468851501371
0.5507513297946736
1.214569081856317
1.10099641957256
0.6713594931731416
0.659593141301858
1.6550323845958954
0.7626529071081386
1.2637503684060247
0.5634860360333167
0.6272356736558279
0.6537099653662162
0.4149238814734984
0.4199328153627182
0.7184845814077342
0.40156672443557906
0.6625347292696788
0.5736738010242314
0.9521292397928909
0.8131750882541645
0.7221363399835049
0.6037029699132606
0.6507683773983952
1.0408820521672706
0.678315237074256
0.5838615660151459
1.2496985722489653
0.9764566913404754
0.9034743366977216
1.1310536032752048
0.5380166235560303
0.5532982710424021
0.7367433742865879
0.6478267894305741
0.6095861458489024
0.6713594931731416
0.5634860360333167
0.5813146247674172
0.568579918528774
0.5948782060097979
0.6390020255271115
0.6390020255271115
0.5532982710424021
0.6037029699132606
0.5978197939776188
0.8888778657691709
0.4866225544010621
0.6272356736558279
0.8450884529835186
0.5583921535378594
0.7476986500139001
0.5380166235560303
0.7781981936146082
1.193491387620728
0.5838615660151459
0.4522051254169503
0.37819169961922006
0.7513504085896708
0.6965740299531098
0.6066445578810815
0.5634860360333167
0.6478267894305741
0.6856187542257977
0.766539228734756
0.9180708076262725
0.6154693217845443
0.8248340531340167
0.7184845814077342
0.6929222713773391
0.5201880348219297
0.7294398571350464
0.8450884529835186
0.5634860360333167
0.7820845152412254
0.7626529071081386
0.36483454258130066
0.9764566913404754
0.5838615660151459
0.7184845814077342
0.5583921535378594
0.568579918528774
1.6641439772286148
0.9764566913404754
0.6066445578810815
0.6537099653662162
0.4199328153627182
0.6419436134949325
0.6965740299531098
0.7440468914381294
0.7075293056804219
0.9326672785548231
0.7075293056804219
0.3882095673976596
0.8645504142215864
0.35648631943260106
1.2637503684060247
0.6066445578810815
1.5365816803705437
0.5634860360333167
0.7440468914381294
0.8450884529835186
0.9472637494833739
0.678315237074256
0.7075293056804219
0.6892705128015684
0.7184845814077342
0.8131750882541645
1.2988798587986732
0.6037029699132606
0.7330916157108172
0.5838615660151459
0.5380166235560303
0.7184845814077342
0.8450884529835186
0.5456574472992162
1.113019293053618
0.9715912010309584
0.9813221816499922
0.9813221816499922
0.5609390947855881
0.5838615660151459
0.6066445578810815
0.6478267894305741
0.678315237074256
0.5482043885469448
0.6242940856880069
0.6125277338167233
0.6684179052053206
0.7403951328623587
0.7184845814077342
0.621352497720186
0.9326672785548231
