659.0
791.0
833.0
848.0
798.0
811.0
795.0
834.0
780.0
766.0
807.0
834.0
795.0
833.0
809.0
793.0
765.0
806.0
794.0
809.0
808.0
790.0
784.0
756.0
826.0
833.0
829.0
747.0
818.0
810.0
802.0
844.0
829.0
936.0
773.0
839.0
779.0
800.0
812.0
806.0
826.0
774.0
816.0
810.0
850.0
1017.0
859.0
803.0
794.0
791.0
803.0
785.0
796.0
772.0
794.0
781.0
868.0
770.0
750.0
797.0
786.0
852.0
864.0
810.0
817.0
926.0
773.0
784.0
971.0
780.0
685.0
800.0
780.0
811.0
792.0
757.0
794.0
854.0
933.0
980.0
865.0
945.0
1051.0
732.0
801.0
809.0
837.0
821.0
773.0
684.0
685.0
801.0
764.0
782.0
802.0
776.0
817.0
837.0
761.0
954.0
784.0
871.0
776.0
763.0
768.0
784.0
788.0
790.0
811.0
794.0
808.0
772.0
977.0
811.0
770.0
821.0
769.0
853.0
752.0
831.0
802.0
808.0
784.0
794.0
846.0
795.0
831.0
925.0
789.0
773.0
875.0
870.0
894.0
772.0
897.0
804.0
789.0
1021.0
824.0
798.0
883.0
796.0
777.0
782.0
853.0
789.0
776.0
785.0
829.0
688.0
898.0
871.0
779.0
774.0
749.0
835.0
771.0
860.0
840.0
940.0
916.0
800.0
792.0
833.0
942.0
788.0
773.0
855.0
920.0
860.0
837.0
854.0
787.0
786.0
811.0
838.0
809.0
781.0
768.0
793.0
800.0
822.0
751.0
791.0
860.0
785.0
756.0
786.0
807.0
787.0
1119.0
792.0
838.0
787.0
829.0
827.0
787.0
805.0
798.0
1053.0
838.0
811.0
815.0
868.0
814.0
780.0
867.0
995.0
793.0
810.0
830.0
791.0
830.0
800.0
779.0
844.0
805.0
821.0
866.0
648.0
819.0
776.0
954.0
767.0
798.0
770.0
811.0
817.0
824.0
769.0
783.0
812.0
805.0
813.0
826.0
756.0
849.0
804.0
804.0
792.0
887.0
804.0
800.0
758.0
820.0
667.0
869.0
779.0
766.0
754.0
791.0
780.0
801.0
798.0
833.0
885.0
836.0
779.0
794.0
770.0
854.0
793.0
776.0
638.0
987.0
839.0
932.0
809.0
865.0
845.0
760.0
636.0
809.0
734.0
774.0
810.0
813.0
821.0
907.0
781.0
844.0
789.0
833.0
643.0
895.0
853.0
813.0
696.0
747.0
805.0
863.0
874.0
837.0
787.0
761.0
717.0
668.0
798.0
784.0
788.0
848.0
812.0
834.0
810.0
994.0
789.0
853.0
813.0
916.0
809.0
898.0
870.0
897.0
801.0
789.0
843.0
759.0
749.0
930.0
821.0
752.0
818.0
687.0
787.0
774.0
794.0
762.0
849.0
667.0
762.0
816.0
810.0
789.0
796.0
718.0
770.0
810.0
827.0
763.0
836.0
785.0
721.0
744.0
817.0
855.0
708.0
847.0
838.0
794.0
811.0
756.0
797.0
772.0
793.0
796.0
800.0
932.0
805.0
825.0
864.0
794.0
766.0
795.0
875.0
826.0
793.0
945.0
795.0
786.0
778.0
858.0
771.0
781.0
769.0
814.0
824.0
815.0
900.0
796.0
802.0
858.0
831.0
773.0
788.0
808.0
788.0
680.0
834.0
838.0
795.0
663.0
784.0
794.0
803.0
862.0
816.0
857.0
774.0
775.0
820.0
821.0
806.0
814.0
793.0
786.0
816.0
950.0
804.0
872.0
751.0
682.0
809.0
784.0
845.0
790.0
825.0
814.0
772.0
873.0
718.0
778.0
822.0
797.0
869.0
884.0
914.0
800.0
829.0
962.0
782.0
887.0
786.0
964.0
836.0
765.0
840.0
770.0
712.0
797.0
802.0
847.0
839.0
742.0
859.0
771.0
793.0
757.0
786.0
794.0
966.0
793.0
774.0
763.0
732.0
774.0
915.0
885.0
777.0
784.0
833.0
789.0
874.0
851.0
1024.0
915.0
774.0
844.0
808.0
786.0
774.0
796.0
788.0
792.0
890.0
832.0
778.0
836.0
773.0
793.0
800.0
849.0
