761.0
917.0
856.0
764.0
842.0
863.0
918.0
858.0
890.0
843.0
676.0
783.0
606.0
774.0
754.0
730.0
693.0
770.0
809.0
833.0
763.0
799.0
753.0
809.0
774.0
738.0
794.0
878.0
791.0
823.0
740.0
878.0
784.0
789.0
750.0
766.0
758.0
750.0
801.0
834.0
742.0
778.0
802.0
784.0
777.0
856.0
737.0
906.0
774.0
810.0
785.0
754.0
765.0
872.0
913.0
776.0
857.0
744.0
785.0
762.0
778.0
795.0
786.0
769.0
762.0
687.0
830.0
673.0
756.0
731.0
753.0
809.0
810.0
775.0
754.0
834.0
735.0
772.0
727.0
725.0
810.0
817.0
716.0
823.0
841.0
753.0
796.0
787.0
757.0
765.0
739.0
802.0
750.0
751.0
760.0
797.0
657.0
784.0
745.0
762.0
609.0
800.0
720.0
836.0
765.0
762.0
883.0
786.0
856.0
724.0
818.0
751.0
835.0
759.0
893.0
820.0
765.0
762.0
717.0
672.0
641.0
801.0
861.0
629.0
773.0
872.0
783.0
748.0
786.0
810.0
737.0
828.0
761.0
730.0
734.0
878.0
790.0
804.0
837.0
768.0
749.0
756.0
744.0
747.0
877.0
789.0
779.0
756.0
747.0
782.0
789.0
855.0
743.0
767.0
841.0
744.0
743.0
818.0
808.0
808.0
785.0
877.0
847.0
931.0
824.0
749.0
736.0
882.0
914.0
750.0
781.0
762.0
688.0
726.0
977.0
731.0
795.0
758.0
751.0
819.0
867.0
743.0
811.0
772.0
735.0
737.0
790.0
750.0
585.0
736.0
879.0
781.0
574.0
746.0
765.0
843.0
713.0
766.0
754.0
802.0
811.0
759.0
834.0
749.0
747.0
830.0
801.0
747.0
729.0
580.0
873.0
760.0
812.0
761.0
749.0
776.0
810.0
781.0
773.0
734.0
762.0
863.0
792.0
1050.0
779.0
616.0
925.0
736.0
772.0
756.0
573.0
987.0
866.0
754.0
746.0
789.0
717.0
764.0
846.0
732.0
832.0
734.0
736.0
734.0
751.0
651.0
762.0
753.0
761.0
718.0
732.0
673.0
841.0
768.0
739.0
761.0
737.0
751.0
726.0
733.0
788.0
749.0
782.0
758.0
778.0
734.0
836.0
754.0
809.0
735.0
750.0
763.0
722.0
721.0
758.0
776.0
741.0
744.0
698.0
883.0
849.0
703.0
724.0
760.0
763.0
753.0
742.0
778.0
829.0
778.0
758.0
791.0
745.0
824.0
562.0
672.0
763.0
769.0
698.0
935.0
685.0
1012.0
795.0
736.0
756.0
819.0
758.0
740.0
760.0
637.0
746.0
638.0
813.0
756.0
738.0
909.0
752.0
743.0
724.0
834.0
778.0
858.0
794.0
779.0
754.0
781.0
789.0
844.0
748.0
771.0
800.0
762.0
818.0
766.0
725.0
778.0
768.0
744.0
740.0
688.0
769.0
796.0
736.0
810.0
757.0
965.0
882.0
770.0
749.0
680.0
845.0
776.0
760.0
789.0
907.0
838.0
814.0
733.0
741.0
801.0
809.0
762.0
865.0
804.0
834.0
762.0
755.0
818.0
875.0
748.0
754.0
756.0
789.0
741.0
749.0
695.0
765.0
754.0
679.0
891.0
754.0
610.0
737.0
784.0
731.0
641.0
765.0
751.0
757.0
904.0
854.0
744.0
941.0
783.0
769.0
586.0
734.0
830.0
814.0
822.0
773.0
750.0
793.0
727.0
757.0
809.0
756.0
802.0
815.0
868.0
817.0
757.0
723.0
794.0
779.0
823.0
1063.0
782.0
763.0
834.0
715.0
568.0
765.0
698.0
748.0
747.0
794.0
789.0
614.0
802.0
776.0
772.0
726.0
750.0
742.0
749.0
736.0
818.0
752.0
785.0
759.0
821.0
753.0
895.0
784.0
754.0
762.0
966.0
861.0
773.0
723.0
844.0
813.0
814.0
739.0
707.0
758.0
674.0
841.0
775.0
840.0
902.0
766.0
803.0
749.0
764.0
803.0
773.0
878.0
736.0
773.0
808.0
726.0
637.0
736.0
804.0
758.0
596.0
946.0
722.0
743.0
749.0
749.0
925.0
821.0
854.0
824.0
801.0
781.0
744.0
793.0
736.0
790.0
720.0
784.0
754.0
823.0
833.0
798.0
772.0
902.0
779.0
937.0
744.0
727.0
781.0
761.0
820.0
729.0
837.0
850.0
773.0
703.0
672.0
893.0
865.0
778.0
787.0
807.0
743.0
820.0
789.0
740.0
730.0
682.0
820.0
730.0
714.0
826.0
833.0
774.0
766.0
752.0
724.0
769.0
800.0
794.0
782.0
883.0
767.0
724.0
841.0
768.0
946.0
582.0
839.0
668.0
844.0
833.0
742.0
758.0
797.0
937.0
592.0
690.0
722.0
805.0
777.0
739.0
818.0
909.0
632.0
734.0
754.0
812.0
783.0
805.0
748.0
801.0
730.0
810.0
783.0
779.0
790.0
763.0
847.0
730.0
766.0
773.0
793.0
982.0
821.0
785.0
957.0
909.0
594.0
781.0
859.0
753.0
765.0
730.0
773.0
797.0
740.0
780.0
830.0
742.0
782.0
776.0
782.0
879.0
757.0
812.0
654.0
767.0
815.0
812.0
853.0
784.0
674.0
721.0
713.0
818.0
778.0
741.0
903.0
898.0
776.0
782.0
738.0
782.0
754.0
746.0
738.0
733.0
848.0
749.0
781.0
768.0
823.0
741.0
824.0
766.0
817.0
762.0
737.0
741.0
905.0
698.0
730.0
772.0
779.0
750.0
759.0
875.0
800.0
841.0
975.0
728.0
725.0
613.0
730.0
756.0
722.0
820.0
848.0
722.0
759.0
666.0
780.0
741.0
932.0
618.0
832.0
729.0
813.0
753.0
798.0
762.0
761.0
773.0
745.0
612.0
754.0
824.0
964.0
767.0
785.0
943.0
773.0
690.0
785.0
736.0
784.0
794.0
741.0
773.0
759.0
813.0
751.0
802.0
772.0
733.0
780.0
740.0
775.0
747.0
762.0
865.0
769.0
610.0
715.0
769.0
818.0
786.0
730.0
626.0
759.0
827.0
597.0
791.0
818.0
781.0
612.0
804.0
716.0
728.0
750.0
770.0
740.0
833.0
774.0
793.0
869.0
780.0
780.0
780.0
790.0
802.0
776.0
585.0
578.0
