711.0
1009.0
827.0
750.0
810.0
740.0
722.0
793.0
872.0
729.0
726.0
741.0
755.0
812.0
854.0
796.0
772.0
953.0
842.0
783.0
772.0
772.0
762.0
806.0
768.0
745.0
767.0
744.0
713.0
741.0
893.0
802.0
790.0
901.0
791.0
839.0
716.0
767.0
750.0
764.0
589.0
739.0
889.0
744.0
733.0
765.0
740.0
635.0
771.0
793.0
845.0
767.0
732.0
798.0
847.0
754.0
805.0
791.0
747.0
875.0
866.0
779.0
820.0
772.0
581.0
788.0
758.0
826.0
766.0
660.0
732.0
785.0
810.0
746.0
924.0
868.0
740.0
768.0
762.0
763.0
746.0
879.0
744.0
738.0
778.0
794.0
766.0
756.0
620.0
832.0
760.0
768.0
783.0
797.0
838.0
986.0
833.0
866.0
735.0
829.0
864.0
736.0
825.0
765.0
732.0
769.0
577.0
757.0
611.0
794.0
1052.0
825.0
770.0
792.0
787.0
992.0
749.0
857.0
875.0
765.0
755.0
794.0
893.0
803.0
732.0
743.0
824.0
762.0
796.0
724.0
735.0
736.0
667.0
853.0
793.0
790.0
888.0
785.0
785.0
785.0
779.0
828.0
797.0
796.0
621.0
765.0
777.0
739.0
738.0
864.0
769.0
880.0
746.0
778.0
774.0
766.0
843.0
733.0
776.0
752.0
770.0
820.0
589.0
823.0
746.0
741.0
759.0
798.0
825.0
628.0
794.0
875.0
794.0
1015.0
770.0
727.0
754.0
815.0
736.0
735.0
759.0
733.0
763.0
724.0
656.0
787.0
762.0
726.0
841.0
812.0
942.0
740.0
842.0
754.0
742.0
814.0
803.0
741.0
742.0
760.0
706.0
594.0
602.0
768.0
809.0
762.0
814.0
745.0
780.0
768.0
811.0
762.0
776.0
784.0
784.0
957.0
643.0
733.0
761.0
744.0
580.0
776.0
760.0
762.0
564.0
749.0
894.0
789.0
867.0
769.0
744.0
808.0
794.0
746.0
589.0
747.0
806.0
727.0
737.0
852.0
781.0
760.0
758.0
786.0
741.0
740.0
750.0
773.0
837.0
578.0
818.0
761.0
778.0
936.0
745.0
802.0
730.0
726.0
759.0
724.0
761.0
778.0
779.0
769.0
785.0
792.0
765.0
744.0
642.0
731.0
613.0
796.0
779.0
762.0
730.0
776.0
760.0
802.0
774.0
885.0
771.0
818.0
781.0
770.0
1002.0
741.0
901.0
794.0
829.0
829.0
722.0
808.0
758.0
742.0
779.0
680.0
858.0
776.0
936.0
790.0
793.0
762.0
848.0
770.0
775.0
758.0
729.0
843.0
794.0
900.0
855.0
740.0
767.0
746.0
802.0
756.0
758.0
805.0
715.0
722.0
669.0
597.0
625.0
836.0
740.0
779.0
786.0
853.0
752.0
806.0
809.0
780.0
714.0
768.0
846.0
756.0
782.0
745.0
746.0
858.0
775.0
851.0
761.0
778.0
765.0
796.0
750.0
770.0
940.0
762.0
642.0
745.0
562.0
760.0
705.0
863.0
750.0
717.0
807.0
728.0
808.0
781.0
808.0
772.0
741.0
744.0
811.0
773.0
781.0
580.0
756.0
867.0
780.0
751.0
726.0
765.0
810.0
816.0
764.0
847.0
746.0
725.0
749.0
794.0
769.0
973.0
770.0
706.0
917.0
607.0
778.0
766.0
774.0
953.0
754.0
833.0
803.0
794.0
699.0
798.0
749.0
775.0
753.0
792.0
824.0
741.0
637.0
888.0
822.0
752.0
757.0
754.0
756.0
806.0
753.0
736.0
737.0
763.0
805.0
793.0
771.0
811.0
765.0
781.0
702.0
885.0
721.0
780.0
731.0
908.0
788.0
770.0
827.0
821.0
822.0
829.0
749.0
760.0
733.0
660.0
756.0
788.0
754.0
794.0
778.0
774.0
755.0
565.0
802.0
816.0
628.0
761.0
804.0
749.0
959.0
818.0
765.0
816.0
811.0
796.0
796.0
685.0
786.0
806.0
921.0
896.0
795.0
800.0
816.0
635.0
586.0
800.0
778.0
788.0
596.0
765.0
741.0
688.0
619.0
767.0
780.0
742.0
859.0
743.0
912.0
750.0
596.0
753.0
722.0
757.0
854.0
746.0
765.0
884.0
769.0
774.0
766.0
746.0
658.0
626.0
876.0
747.0
754.0
791.0
857.0
761.0
909.0
788.0
877.0
754.0
889.0
811.0
774.0
778.0
655.0
726.0
837.0
772.0
855.0
736.0
809.0
729.0
845.0
803.0
988.0
624.0
865.0
773.0
743.0
731.0
724.0
782.0
797.0
964.0
736.0
777.0
778.0
697.0
564.0
782.0
876.0
773.0
733.0
741.0
751.0
898.0
699.0
769.0
762.0
740.0
816.0
737.0
765.0
742.0
703.0
741.0
749.0
774.0
788.0
912.0
749.0
800.0
749.0
753.0
756.0
724.0
642.0
790.0
727.0
796.0
772.0
797.0
621.0
894.0
791.0
781.0
821.0
773.0
751.0
733.0
810.0
778.0
742.0
720.0
845.0
756.0
720.0
753.0
604.0
921.0
768.0
764.0
753.0
773.0
744.0
760.0
731.0
625.0
778.0
866.0
642.0
763.0
758.0
678.0
806.0
730.0
573.0
749.0
730.0
730.0
739.0
876.0
749.0
846.0
846.0
810.0
780.0
877.0
885.0
727.0
756.0
675.0
776.0
702.0
826.0
753.0
773.0
733.0
773.0
884.0
825.0
748.0
825.0
793.0
655.0
753.0
804.0
776.0
769.0
768.0
769.0
785.0
770.0
768.0
774.0
637.0
698.0
791.0
905.0
854.0
750.0
604.0
749.0
709.0
795.0
696.0
910.0
846.0
734.0
766.0
795.0
911.0
802.0
757.0
773.0
794.0
815.0
858.0
708.0
661.0
800.0
724.0
590.0
784.0
764.0
740.0
789.0
845.0
772.0
616.0
798.0
743.0
797.0
744.0
768.0
781.0
774.0
763.0
798.0
774.0
818.0
754.0
790.0
715.0
791.0
864.0
822.0
789.0
671.0
765.0
563.0
765.0
815.0
770.0
685.0
769.0
728.0
763.0
769.0
796.0
739.0
804.0
766.0
822.0
791.0
846.0
564.0
830.0
619.0
762.0
748.0
799.0
795.0
863.0
651.0
909.0
748.0
776.0
776.0
