0.7481345660403322
1.1006533590420082
1.505449402652852
1.5981620106473686
0.8833868650929617
0.9594425172668748
0.7926574658317114
0.9301903433538313
1.0193318441346757
0.9594425172668748
0.6635763087160254
1.1006533590420082
1.5250315758647601
0.5989132603216336
1.1616444952225076
1.012555051225731
0.7926574658317114
0.6838379299547054
1.514584370895816
0.8016473108343838
0.7009836995775393
0.9535920824842661
0.8892372998755704
0.6141280952379611
0.9243399085712225
0.6141280952379611
0.8151320783383924
0.7791726983277029
0.7701828533250304
1.3609942228353535
0.9301903433538313
0.9886946911799183
0.7926574658317114
1.012555051225731
0.9126390390060052
0.8196270008397287
0.7926574658317114
0.6966972571718306
0.8424338216147008
0.72670235401179
0.6141280952379611
0.6795514875489969
0.7926574658317114
1.3050626477661647
2.678906463907971
1.3790511203125408
1.5668203957405364
0.7009836995775393
0.7611930083223579
1.093876566133064
1.0193318441346757
0.7481345660403322
0.5281780033678319
0.508350891383549
0.8541346911799182
0.8541346911799182
0.7926574658317114
0.718129469200373
1.1277605306777858
0.7656879308236941
1.1209837377688414
1.093876566133064
0.7791726983277029
1.4422502614826964
0.72670235401179
0.7224159116060814
0.6838379299547054
1.1902242317443168
1.012555051225731
0.6966972571718306
0.8541346911799182
0.6752650451432883
0.8482842563973095
0.8716859955277444
0.44613132545981943
2.0711799491775644
0.8016473108343838
0.72670235401179
0.7352752388232069
0.5711367460004448
0.93604077813644
0.7138430267946645
1.790690788532762
0.895087734658179
1.220847809350143
0.8658355607451357
0.5678322273363976
0.7926574658317114
0.6966972571718306
0.671183726174189
0.7524210084460407
0.6924108147661222
0.859985125962527
0.9594425172668748
0.8833868650929617
0.8541346911799182
2.1023454114714317
0.72670235401179
0.9886946911799183
1.2055360205472299
0.718129469200373
0.5022871283215047
0.7438481236346237
2.0711799491775644
1.8997699065612967
1.0003955607451356
0.7656879308236941
0.7395616812289153
0.93604077813644
1.6712924454299771
0.7224159116060814
0.6483614737996978
0.7656879308236941
0.8482842563973095
0.7009836995775393
0.4835685273676096
0.7836676208290391
0.7836676208290391
0.8424338216147008
2.0711799491775644
0.6795514875489969
0.8424338216147008
1.0003955607451356
0.8833868650929617
0.9594425172668748
0.8833868650929617
0.7524210084460407
1.1751980810403966
0.6103243865088792
0.93604077813644
0.93604077813644
1.2591272813574255
0.9945451259625269
0.6881243723604138
0.4621758405631581
0.7052701419832477
1.2591272813574255
1.0328854299525643
3.1463883983159753
0.9301903433538313
0.7836676208290391
1.2438154925545124
0.6673800174451071
0.8331117683437372
0.7926574658317114
0.7095565843889561
0.8376066908450734
0.7138430267946645
1.297406753364708
0.8196270008397287
0.7926574658317114
0.7309887964174984
0.7791726983277029
1.1006533590420082
0.8106371558370562
0.7971523883330476
0.9067886042233966
0.7791726983277029
1.4151649152669157
1.220847809350143
0.8331117683437372
1.02610863704362
0.5843548206566334
0.8541346911799182
1.0003955607451356
1.3050626477661647
0.7656879308236941
0.7095565843889561
0.7791726983277029
0.9477416477016574
0.895087734658179
0.9886946911799183
0.8331117683437372
0.7438481236346237
0.6881243723604138
1.046439015770453
0.5843548206566334
1.046439015770453
0.7836676208290391
0.7746777758263665
0.7138430267946645
0.9301903433538313
1.2897508589632516
0.8106371558370562
0.93604077813644
0.5480051153521148
0.8376066908450734
0.9067886042233966
1.1902242317443168
0.9886946911799183
0.8331117683437372
1.6712924454299771
0.6924108147661222
1.8374389819735628
0.7791726983277029
1.0532158086793975
0.6838379299547054
0.7438481236346237
2.3205036475285006
1.0667693944972862
1.3203744365690775
0.6881243723604138
1.9932662934428975
2.289338185234634
1.505449402652852
0.9301903433538313
0.8151320783383924
1.1413141164956746
1.266783175758882
0.7524210084460407
0.828616845842401
1.093876566133064
1.080322980315175
1.1074301519509524
0.7481345660403322
0.6838379299547054
0.6521651825287796
0.7438481236346237
0.6483614737996978
0.72670235401179
0.7481345660403322
0.46484992641371453
0.9126390390060052
0.6752650451432883
0.8424338216147008
0.9652929520494834
1.080322980315175
0.6597725999869434
0.895087734658179
1.251471386955969
1.406136466528322
0.6966972571718306
1.0003955607451356
1.1548677023135634
0.6838379299547054
0.8376066908450734
0.6924108147661222
0.7224159116060814
0.7009836995775393
1.5981620106473686
0.7791726983277029
0.6924108147661222
0.895087734658179
0.93604077813644
0.6559688912578615
1.0328854299525643
0.6293429301542885
0.9301903433538313
0.9301903433538313
0.7138430267946645
0.7971523883330476
0.6924108147661222
0.9769938216147009
0.6597725999869434
1.312718542167621
0.7095565843889561
1.1751980810403966
0.5149599287116433
0.6752650451432883
0.8892372998755704
0.6597725999869434
1.0193318441346757
0.8331117683437372
0.7791726983277029
0.9477416477016574
0.7224159116060814
0.6838379299547054
0.6559688912578615
0.5182644473756906
0.6141280952379611
0.72670235401179
0.828616845842401
0.6065206777797973
1.3356862253719908
1.3050626477661647
1.4422502614826964
0.7656879308236941
0.47822035566649673
0.7095565843889561
0.9301903433538313
1.0003955607451356
0.828616845842401
0.6795514875489969
0.7224159116060814
0.5645277086723505
0.8424338216147008
0.8106371558370562
1.2591272813574255
0.8376066908450734
0.9126390390060052
0.7791726983277029
0.895087734658179
1.1616444952225076
0.8541346911799182
1.5563731907715923
0.7095565843889561
2.133510873765299
0.859985125962527
0.7438481236346237
0.6752650451432883
0.8106371558370562
0.7926574658317114
0.6217355126961247
0.6838379299547054
0.6966972571718306
0.9243399085712225
0.7352752388232069
2.008849024589831
0.7309887964174984
0.7656879308236941
0.7567074508517491
0.877536430310353
0.877536430310353
1.297406753364708
0.9945451259625269
1.0193318441346757
0.7971523883330476
1.5981620106473686
1.1978801261457734
0.5480051153521148
0.6881243723604138
1.3790511203125408
0.7567074508517491
0.7395616812289153
0.8106371558370562
0.7352752388232069
1.1751980810403966
0.8376066908450734
0.8892372998755704
1.012555051225731
0.7052701419832477
0.7395616812289153
0.9126390390060052
0.9535920824842661
0.80614223333572
0.7309887964174984
0.6924108147661222
0.7009836995775393
0.7224159116060814
0.9477416477016574
0.7309887964174984
0.671183726174189
0.8424338216147008
1.3609942228353535
0.6635763087160254
0.7438481236346237
1.1006533590420082
0.6752650451432883
0.8151320783383924
0.6635763087160254
1.012555051225731
0.7791726983277029
0.7524210084460407
1.1825683373428604
0.8833868650929617
1.0193318441346757
1.545925985802648
0.5347870406959262
0.5843548206566334
0.4755462698159402
0.7524210084460407
0.7656879308236941
1.6086092156163128
0.9769938216147009
0.6838379299547054
0.8541346911799182
0.5810503019925862
1.1006533590420082
0.7791726983277029
1.1825683373428604
0.7052701419832477
1.2131919149486865
1.3433421197734472
0.6141280952379611
0.8424338216147008
0.9418912129190486
0.8016473108343838
0.7095565843889561
1.1978801261457734
0.6966972571718306
0.7791726983277029
1.4151649152669157
1.4693356076984776
0.7395616812289153
1.406136466528322
1.639950830523145
0.7611930083223579
0.7611930083223579
1.2820949645617952
0.617931803967043
0.8482842563973095
0.72670235401179
0.7352752388232069
1.039662222861509
1.406136466528322
1.02610863704362
0.7567074508517491
0.8106371558370562
0.80614223333572
0.859985125962527
0.895087734658179
0.8833868650929617
0.8106371558370562
0.7791726983277029
0.7395616812289153
0.5022871283215047
0.8151320783383924
0.7791726983277029
1.5981620106473686
0.9477416477016574
1.3280303309705341
0.918489473788614
1.093876566133064
0.7309887964174984
1.0328854299525643
0.7926574658317114
1.046439015770453
2.491913690144769
0.7791726983277029
0.6027169690507155
0.7309887964174984
0.7095565843889561
0.8016473108343838
0.9477416477016574
0.9126390390060052
0.8541346911799182
0.5843548206566334
0.93604077813644
0.508350891383549
0.80614223333572
0.8541346911799182
0.6521651825287796
0.5579186713442561
0.8151320783383924
0.6559688912578615
0.9594425172668748
1.1825683373428604
0.9243399085712225
0.6966972571718306
0.6924108147661222
0.8106371558370562
0.7926574658317114
0.5413960780240206
1.0328854299525643
0.6217355126961247
0.9886946911799183
0.8016473108343838
0.7009836995775393
0.617931803967043
0.8482842563973095
0.8016473108343838
0.7481345660403322
1.148090909404619
0.7481345660403322
0.6521651825287796
0.6881243723604138
0.8151320783383924
1.5563731907715923
0.7656879308236941
0.7438481236346237
0.7611930083223579
1.0193318441346757
0.9711433868320921
0.7656879308236941
1.2744390701603385
2.8658992376711727
0.877536430310353
0.6924108147661222
1.0667693944972862
2.2114245294999666
0.6293429301542885
0.7524210084460407
0.6966972571718306
1.7751080573858287
0.7095565843889561
1.148090909404619
0.8016473108343838
1.1277605306777858
0.7524210084460407
0.6795514875489969
0.5248734847037848
0.7224159116060814
1.5877148056784245
1.046439015770453
0.8424338216147008
0.671183726174189
0.6752650451432883
0.7656879308236941
0.7926574658317114
0.9477416477016574
0.6255392214252066
1.0667693944972862
1.02610863704362
0.6966972571718306
0.9711433868320921
0.7524210084460407
0.5314825220318791
0.6559688912578615
0.9067886042233966
0.7971523883330476
0.7481345660403322
0.80614223333572
1.148090909404619
1.046439015770453
0.7481345660403322
1.1277605306777858
0.8106371558370562
0.718129469200373
1.5250315758647601
1.3609942228353535
2.5074964212917026
0.5876593393206805
0.8106371558370562
0.7701828533250304
0.9301903433538313
0.8106371558370562
0.72670235401179
0.6924108147661222
0.44613132545981943
0.6838379299547054
1.0328854299525643
1.4241933640055093
0.9477416477016574
0.4514794971609323
1.4241933640055093
1.012555051225731
0.7009836995775393
0.8241219233410647
0.6369503476124522
1.012555051225731
0.8892372998755704
0.5951095515925517
0.9477416477016574
0.72670235401179
0.7656879308236941
0.47822035566649673
0.6559688912578615
1.0328854299525643
1.080322980315175
0.4889166990687224
1.8374389819735628
0.8424338216147008
1.0735461874062306
2.289338185234634
0.59130584286347
0.6217355126961247
0.8151320783383924
0.6752650451432883
0.7567074508517491
0.7926574658317114
0.7926574658317114
0.6635763087160254
0.8016473108343838
0.8331117683437372
0.7791726983277029
0.7138430267946645
0.9243399085712225
1.046439015770453
1.080322980315175
0.4381090679081501
0.7611930083223579
1.6086092156163128
1.505449402652852
0.47822035566649673
0.7926574658317114
0.7926574658317114
0.6141280952379611
0.718129469200373
0.6635763087160254
0.6752650451432883
0.6597725999869434
1.2055360205472299
0.7009836995775393
0.7611930083223579
0.6966972571718306
0.7309887964174984
0.7095565843889561
0.9009381694407878
3.1775538606098426
0.644557765070616
1.1616444952225076
0.7095565843889561
0.8833868650929617
0.7395616812289153
1.0532158086793975
0.8833868650929617
1.0735461874062306
0.5989132603216336
0.4541535830114887
0.6673800174451071
0.7836676208290391
0.6966972571718306
0.5413960780240206
0.7481345660403322
0.7836676208290391
0.8331117683437372
0.7791726983277029
0.6407540563415342
1.2285037037515996
0.9477416477016574
0.4728721839653838
0.6635763087160254
0.7095565843889561
0.6635763087160254
0.6483614737996978
0.8892372998755704
0.7971523883330476
0.47822035566649673
0.7524210084460407
1.6295036255542008
1.0735461874062306
0.7926574658317114
