694.0
689.0
725.0
694.0
746.0
699.0
765.0
670.0
668.0
724.0
722.0
709.0
754.0
849.0
781.0
704.0
881.0
696.0
717.0
690.0
674.0
772.0
691.0
693.0
733.0
738.0
706.0
570.0
652.0
714.0
698.0
722.0
667.0
741.0
722.0
669.0
740.0
700.0
691.0
698.0
759.0
694.0
638.0
682.0
661.0
680.0
680.0
692.0
766.0
673.0
782.0
707.0
662.0
690.0
609.0
780.0
712.0
702.0
807.0
674.0
818.0
680.0
692.0
677.0
679.0
703.0
712.0
686.0
729.0
600.0
834.0
735.0
672.0
720.0
696.0
758.0
793.0
820.0
690.0
761.0
673.0
742.0
812.0
966.0
651.0
698.0
810.0
737.0
738.0
714.0
668.0
683.0
710.0
708.0
579.0
653.0
715.0
682.0
714.0
741.0
872.0
702.0
683.0
703.0
708.0
705.0
678.0
711.0
566.0
686.0
708.0
664.0
701.0
684.0
686.0
734.0
582.0
680.0
807.0
657.0
669.0
656.0
764.0
670.0
867.0
697.0
748.0
685.0
659.0
645.0
633.0
643.0
754.0
634.0
672.0
656.0
709.0
681.0
710.0
757.0
679.0
670.0
654.0
693.0
737.0
660.0
596.0
666.0
691.0
784.0
703.0
714.0
609.0
680.0
686.0
652.0
936.0
717.0
695.0
710.0
714.0
601.0
676.0
744.0
726.0
736.0
675.0
800.0
737.0
660.0
696.0
683.0
822.0
652.0
724.0
672.0
778.0
690.0
645.0
686.0
733.0
692.0
702.0
707.0
662.0
679.0
708.0
652.0
722.0
730.0
705.0
697.0
669.0
706.0
676.0
678.0
875.0
740.0
698.0
810.0
805.0
679.0
699.0
717.0
699.0
722.0
680.0
672.0
724.0
705.0
693.0
682.0
653.0
782.0
669.0
708.0
789.0
681.0
695.0
742.0
693.0
680.0
677.0
658.0
662.0
661.0
662.0
680.0
762.0
775.0
894.0
695.0
685.0
652.0
641.0
664.0
708.0
866.0
772.0
604.0
723.0
676.0
795.0
722.0
712.0
820.0
677.0
676.0
605.0
711.0
656.0
762.0
692.0
653.0
743.0
749.0
672.0
686.0
617.0
692.0
571.0
676.0
743.0
682.0
758.0
705.0
700.0
644.0
774.0
764.0
593.0
723.0
682.0
682.0
717.0
756.0
701.0
714.0
681.0
805.0
674.0
669.0
773.0
656.0
678.0
665.0
667.0
736.0
722.0
683.0
747.0
843.0
675.0
686.0
678.0
748.0
682.0
658.0
649.0
650.0
711.0
762.0
684.0
682.0
670.0
756.0
761.0
706.0
698.0
724.0
691.0
736.0
661.0
661.0
713.0
647.0
659.0
685.0
857.0
653.0
751.0
723.0
586.0
687.0
689.0
787.0
670.0
669.0
715.0
683.0
660.0
695.0
690.0
728.0
682.0
680.0
727.0
730.0
739.0
684.0
668.0
759.0
672.0
731.0
685.0
698.0
666.0
666.0
687.0
610.0
683.0
745.0
777.0
763.0
681.0
644.0
648.0
668.0
728.0
747.0
669.0
651.0
696.0
658.0
710.0
706.0
702.0
760.0
725.0
664.0
676.0
701.0
664.0
836.0
656.0
745.0
656.0
698.0
685.0
718.0
753.0
734.0
688.0
717.0
806.0
675.0
567.0
711.0
666.0
675.0
685.0
662.0
686.0
721.0
739.0
767.0
696.0
754.0
659.0
729.0
662.0
678.0
821.0
711.0
637.0
655.0
660.0
680.0
793.0
817.0
693.0
710.0
660.0
782.0
684.0
684.0
702.0
661.0
740.0
631.0
613.0
708.0
722.0
718.0
658.0
672.0
683.0
681.0
1007.0
690.0
689.0
676.0
663.0
658.0
657.0
666.0
670.0
662.0
763.0
696.0
665.0
850.0
560.0
718.0
682.0
705.0
658.0
723.0
832.0
676.0
678.0
715.0
663.0
677.0
712.0
656.0
834.0
679.0
953.0
663.0
660.0
746.0
641.0
855.0
733.0
679.0
661.0
672.0
681.0
689.0
732.0
714.0
677.0
598.0
644.0
690.0
699.0
760.0
693.0
649.0
704.0
681.0
725.0
716.0
790.0
756.0
700.0
626.0
730.0
722.0
744.0
701.0
848.0
773.0
686.0
669.0
726.0
695.0
697.0
698.0
685.0
689.0
682.0
693.0
626.0
813.0
713.0
662.0
677.0
681.0
706.0
644.0
805.0
670.0
641.0
738.0
702.0
674.0
850.0
570.0
851.0
685.0
645.0
645.0
715.0
697.0
712.0
722.0
660.0
746.0
668.0
677.0
634.0
666.0
690.0
669.0
584.0
674.0
560.0
666.0
776.0
682.0
765.0
690.0
645.0
652.0
650.0
688.0
688.0
731.0
744.0
714.0
698.0
713.0
676.0
660.0
756.0
673.0
681.0
687.0
703.0
730.0
761.0
806.0
704.0
658.0
754.0
811.0
565.0
690.0
625.0
684.0
665.0
772.0
710.0
697.0
736.0
674.0
662.0
695.0
730.0
653.0
679.0
728.0
649.0
618.0
681.0
708.0
632.0
676.0
649.0
649.0
766.0
653.0
654.0
874.0
704.0
685.0
701.0
699.0
652.0
647.0
712.0
689.0
702.0
736.0
676.0
669.0
773.0
648.0
815.0
661.0
663.0
663.0
670.0
736.0
614.0
682.0
816.0
683.0
703.0
669.0
705.0
656.0
660.0
738.0
664.0
710.0
745.0
798.0
698.0
776.0
616.0
740.0
664.0
731.0
649.0
758.0
705.0
690.0
677.0
791.0
699.0
713.0
713.0
665.0
678.0
679.0
684.0
689.0
749.0
788.0
645.0
804.0
771.0
905.0
682.0
691.0
702.0
746.0
750.0
712.0
755.0
645.0
664.0
753.0
682.0
656.0
679.0
699.0
848.0
714.0
692.0
558.0
676.0
684.0
744.0
684.0
700.0
704.0
646.0
666.0
690.0
672.0
764.0
658.0
661.0
705.0
685.0
661.0
688.0
795.0
689.0
686.0
699.0
681.0
655.0
730.0
746.0
763.0
838.0
771.0
724.0
665.0
670.0
705.0
667.0
848.0
669.0
767.0
741.0
674.0
