0.7677107621808974
0.7096588569841215
0.6184083917092492
0.6812826444155851
0.6919237241287862
0.6478826907746699
0.7999638781924026
0.6741885912734509
0.7096588569841215
0.4731485432832946
1.2564102466828542
0.7557702024079933
0.6777356178445181
1.0108284949424766
0.6216833138276294
3.2556735272293356
0.8969192933390796
0.7202999366973226
0.8504123808966833
0.741582096123725
0.7273939898394568
0.5922090147622087
0.912421597486545
0.9382587710656541
0.65115761289305
0.6315080801827695
0.6446077686562898
0.8201220756995934
0.6708071456033303
0.7025648038419875
1.1307999642720061
0.8322169942039079
0.8762495544757922
0.8710821197599706
0.6577074571298102
0.6919237241287862
0.5922090147622087
0.6184083917092492
0.6446077686562898
0.7878689596880881
0.7132058835551887
0.7999638781924026
3.125308387718485
1.1128042438725765
1.0228256418754296
0.608583625354109
1.1860631115929339
0.8659146850441487
0.6990177772709204
0.6990177772709204
0.9692633793605852
0.6675322234849502
1.2423408196648702
0.5092496054006794
0.738035069552658
0.8160904361981552
0.8762495544757922
0.7132058835551887
0.7061118304130545
0.7636791226794593
0.6609823792481901
0.8241537152010315
0.7522231758369262
0.943426205781476
0.9589285099289415
0.9227564669181886
0.7238469632683898
0.6315080801827695
0.7878689596880881
0.7273939898394568
0.7167529101262556
0.6249582359460094
0.6708071456033303
0.6812826444155851
0.7717424016823355
0.6990177772709204
0.7557702024079933
0.6151334695908691
0.5809257417643156
0.974430814076407
0.8120587966967171
0.7677107621808974
1.57765794637832
0.6577074571298102
0.7061118304130545
0.748676149265859
1.1860631115929339
0.8281853547024697
0.6609823792481901
0.8710821197599706
0.6883766975577192
0.7717424016823355
0.6954707506998533
0.8555798156125051
0.6446077686562898
0.8322169942039079
0.6741885912734509
0.5922090147622087
0.6675322234849502
0.7167529101262556
0.7919005991895264
0.912421597486545
0.6741885912734509
1.016827068408953
0.9072541627707232
0.7999638781924026
0.7061118304130545
0.5570336963097702
0.6282331580643894
0.808027157195279
0.7999638781924026
0.7677107621808974
0.6848296709866522
0.65115761289305
0.748676149265859
0.5987588589989687
0.7878689596880881
0.7878689596880881
0.7273939898394568
0.6741885912734509
0.6642573013665701
0.6315080801827695
0.6675322234849502
0.6990177772709204
0.65115761289305
0.8762495544757922
0.5889340926438287
0.6675322234849502
0.6990177772709204
0.5543790245925985
0.6347830023011495
1.41785983470248
0.886584423907436
1.0948085234731473
1.4699610221056807
0.7238469632683898
0.5040514304224022
0.6184083917092492
1.3056532412457984
1.2775143872098305
0.6675322234849502
0.7878689596880881
0.8969192933390796
0.6315080801827695
2.502452721166642
0.7309410164105239
1.118802817339053
0.40050873132395576
0.6708071456033303
0.9951005529396941
1.1068056704061002
0.6812826444155851
0.7959322386909645
0.7096588569841215
0.567652383178457
0.65443253501143
0.6380579244195296
0.8607472503283268
0.738035069552658
1.0768128030737179
1.179028398083942
0.759647483178021
1.0588170826742884
0.6216833138276294
0.6777356178445181
0.734488042981591
0.5357963225723965
0.608583625354109
0.8555798156125051
0.5987588589989687
0.6315080801827695
0.7798056806852118
0.9795982487922286
0.6446077686562898
1.0948085234731473
0.47535589236465936
0.6919237241287862
0.6478826907746699
0.6642573013665701
0.7451291226947921
0.6282331580643894
0.7919005991895264
0.5596883680269419
0.7636791226794593
1.4960116158072814
0.7273939898394568
0.738035069552658
0.6675322234849502
0.912421597486545
0.6118585474724891
0.738035069552658
0.5570336963097702
0.7096588569841215
0.5835804134814875
0.6919237241287862
0.738035069552658
0.6848296709866522
0.6053087032357289
1.2564102466828542
0.7677107621808974
0.6675322234849502
1.3831257097670127
1.8651120391135934
5.826336317512972
1.0828113765401943
0.9485936404972979
0.6151334695908691
1.8216569926099762
0.6990177772709204
0.6954707506998533
0.7132058835551887
0.8504123808966833
1.2282713926468862
0.6577074571298102
0.8322169942039079
0.738035069552658
0.6708071456033303
0.6777356178445181
0.9227564669181886
0.6315080801827695
0.6446077686562898
0.5809257417643156
0.738035069552658
1.0828113765401943
0.9175890322023669
0.9330913363498323
0.738035069552658
0.40768143921308153
0.6741885912734509
0.734488042981591
0.7878689596880881
1.1068056704061002
0.65443253501143
0.7878689596880881
1.016827068408953
0.6675322234849502
1.2775143872098305
1.1607928316043885
1.040821362274859
0.4202336780190517
0.78383732018665
0.8555798156125051
0.7238469632683898
0.7999638781924026
0.7959322386909645
0.5809257417643156
0.7061118304130545
0.6020337811173488
0.7273939898394568
0.6053087032357289
0.65443253501143
0.549069681158255
0.65115761289305
0.8504123808966833
1.040821362274859
0.8504123808966833
0.7096588569841215
0.748676149265859
0.7557702024079933
0.8241537152010315
0.7636791226794593
0.9175890322023669
0.5987588589989687
0.7238469632683898
0.6609823792481901
0.6990177772709204
1.1248013908055297
0.748676149265859
0.6642573013665701
0.45548975063237596
0.6609823792481901
0.7798056806852118
0.45990444879510567
0.4202336780190517
0.741582096123725
0.8241537152010315
0.6577074571298102
0.7919005991895264
0.6990177772709204
0.7096588569841215
0.7202999366973226
0.6216833138276294
0.6919237241287862
0.6848296709866522
0.738035069552658
0.9795982487922286
0.6315080801827695
0.9847656835080505
1.1727899785373412
0.6675322234849502
0.759647483178021
0.6282331580643894
0.7273939898394568
0.6446077686562898
0.9279239016340106
0.549069681158255
0.759647483178021
0.4378309579814573
1.2986185277368063
0.7238469632683898
0.6741885912734509
0.6708071456033303
1.179028398083942
0.45107505246964635
0.7238469632683898
0.808027157195279
0.65115761289305
0.8710821197599706
0.5304869791380531
0.6990177772709204
1.5317267612335905
0.6315080801827695
0.5703070548956287
0.9279239016340106
0.6249582359460094
0.5119042771178511
0.734488042981591
0.5922090147622087
0.6812826444155851
0.7309410164105239
0.7202999366973226
0.39692237737939284
1.504695147041148
0.912421597486545
0.6216833138276294
0.7451291226947921
0.8322169942039079
0.6184083917092492
1.0828113765401943
0.7522231758369262
0.5729617266128004
0.6812826444155851
0.5304869791380531
0.8452449461808613
0.9072541627707232
0.5809257417643156
1.0054354223713378
0.6249582359460094
0.49522203409694293
0.9899331182238723
0.8555798156125051
0.7096588569841215
0.738035069552658
0.7025648038419875
0.738035069552658
0.6675322234849502
0.6609823792481901
0.8241537152010315
1.1367985377384826
0.7919005991895264
1.6419616055809418
0.6919237241287862
1.0588170826742884
0.7096588569841215
0.7522231758369262
0.6053087032357289
0.8555798156125051
0.7025648038419875
0.6990177772709204
0.741582096123725
0.7096588569841215
0.734488042981591
0.6848296709866522
0.6708071456033303
0.741582096123725
0.6642573013665701
0.9279239016340106
0.6577074571298102
0.6380579244195296
0.5729617266128004
0.7273939898394568
0.5464150094410833
0.7309410164105239
0.9795982487922286
0.5922090147622087
0.7798056806852118
1.7926869616075654
1.1367985377384826
0.7677107621808974
0.5922090147622087
0.586235085198659
0.65115761289305
0.734488042981591
0.6282331580643894
0.6446077686562898
0.8120587966967171
1.8795970546147989
1.0588170826742884
0.748676149265859
1.0468199357413355
0.6151334695908691
0.6642573013665701
2.2562074576461453
0.5543790245925985
0.8281853547024697
0.7309410164105239
0.6249582359460094
0.65443253501143
1.016827068408953
0.8201220756995934
0.6151334695908691
0.738035069552658
4.14937157188615
0.7959322386909645
0.8281853547024697
1.9230521011184156
0.65443253501143
0.6413328465379098
0.6777356178445181
0.5809257417643156
0.9640959446447632
0.7061118304130545
0.7677107621808974
0.6478826907746699
0.8402802732067842
0.9382587710656541
0.7522231758369262
0.8607472503283268
0.6777356178445181
0.6184083917092492
0.549069681158255
0.6118585474724891
0.6249582359460094
0.549069681158255
0.5384509942895682
0.8201220756995934
0.8160904361981552
0.47756324144602436
0.6708071456033303
0.6609823792481901
1.028824215341906
0.5922090147622087
0.5922090147622087
1.193097825101926
0.8322169942039079
0.9072541627707232
0.608583625354109
0.6990177772709204
0.6249582359460094
0.5729617266128004
0.8120587966967171
0.8039955176938408
0.734488042981591
0.6151334695908691
0.6413328465379098
0.8452449461808613
0.7273939898394568
0.5331416508552248
0.6708071456033303
0.6020337811173488
0.5756163983299721
0.5703070548956287
1.1487956846714353
0.8659146850441487
0.65115761289305
0.65115761289305
0.741582096123725
0.65443253501143
0.6577074571298102
1.1860631115929339
0.6708071456033303
0.6446077686562898
0.974430814076407
0.567652383178457
0.6848296709866522
1.20716725211991
0.9382587710656541
0.8402802732067842
0.7061118304130545
0.7677107621808974
1.193097825101926
0.567652383178457
1.1547942581379118
0.7238469632683898
0.9795982487922286
0.6812826444155851
0.9175890322023669
0.65443253501143
0.7061118304130545
0.6053087032357289
0.7167529101262556
0.4223795144119036
1.3831257097670127
0.6642573013665701
0.5729617266128004
0.8917518586232577
0.78383732018665
0.6151334695908691
0.6184083917092492
0.65443253501143
2.401057612658202
0.741582096123725
0.7677107621808974
1.3267573817727745
0.6848296709866522
0.4245868634932684
0.6184083917092492
0.6675322234849502
0.7522231758369262
0.6708071456033303
0.38974966949026707
0.6184083917092492
1.0708142296072412
0.6053087032357289
1.1487956846714353
0.5703070548956287
0.65115761289305
0.8504123808966833
1.3337920952817668
0.9951005529396941
0.6347830023011495
0.8555798156125051
0.6642573013665701
1.461277490871814
0.6446077686562898
0.9485936404972979
0.7919005991895264
0.6151334695908691
0.6478826907746699
0.6609823792481901
0.7132058835551887
0.741582096123725
0.6053087032357289
1.9809921631232386
0.4665264960392001
0.7636791226794593
0.8281853547024697
0.6919237241287862
0.65115761289305
0.6315080801827695
0.7025648038419875
0.78383732018665
0.7167529101262556
1.1248013908055297
1.2986185277368063
0.5145589488350228
0.7273939898394568
0.7557702024079933
1.052818509207812
0.7132058835551887
1.2634449601918463
0.7677107621808974
0.7309410164105239
0.44445300522555187
0.9847656835080505
0.5649977114612853
0.65115761289305
0.9899331182238723
1.2423408196648702
0.5198682922693663
0.738035069552658
2.183782380140118
0.6347830023011495
0.7309410164105239
0.5596883680269419
0.6184083917092492
1.118802817339053
0.6216833138276294
0.6741885912734509
0.759647483178021
1.193097825101926
0.6478826907746699
0.7959322386909645
0.9072541627707232
0.5889340926438287
0.578271070047144
0.7999638781924026
0.7096588569841215
1.2915838142278144
0.808027157195279
0.6848296709866522
0.6919237241287862
0.7202999366973226
0.5278323074208813
0.78383732018665
0.578271070047144
1.3337920952817668
1.2704796737008381
1.4004927722347462
0.65115761289305
0.6315080801827695
1.1128042438725765
0.6675322234849502
0.738035069552658
0.6413328465379098
0.7757740411837738
0.5809257417643156
0.5729617266128004
0.6609823792481901
0.65443253501143
0.5331416508552248
0.8241537152010315
0.5889340926438287
0.7557702024079933
0.9382587710656541
1.1367985377384826
0.608583625354109
0.6577074571298102
0.7025648038419875
0.586235085198659
0.6675322234849502
0.7061118304130545
0.5987588589989687
0.8607472503283268
0.748676149265859
0.8555798156125051
0.7451291226947921
4.559909978203451
1.0228256418754296
0.8201220756995934
0.7717424016823355
0.7919005991895264
0.5889340926438287
0.41126779315764445
0.6577074571298102
0.6184083917092492
0.5172136205521944
0.6848296709866522
0.6919237241287862
0.8969192933390796
0.6380579244195296
1.4352268971702136
0.6675322234849502
0.9899331182238723
0.9795982487922286
1.0588170826742884
0.6151334695908691
1.3197226682637824
0.39333602343482993
0.7025648038419875
0.8402802732067842
0.9382587710656541
0.9951005529396941
0.7132058835551887
1.4352268971702136
1.0708142296072412
0.6577074571298102
0.8281853547024697
0.6315080801827695
1.2775143872098305
0.6848296709866522
0.7238469632683898
1.3831257097670127
1.7347468996027424
1.2845491007188223
3.1397934032196906
1.2212366791378941
0.6609823792481901
0.6812826444155851
0.7096588569841215
0.6380579244195296
0.8969192933390796
0.6380579244195296
1.3056532412457984
1.6912918530991254
0.8281853547024697
0.6282331580643894
0.6249582359460094
1.1367985377384826
0.6249582359460094
0.9847656835080505
0.3807837846288598
0.7238469632683898
0.6708071456033303
1.8506270236123878
0.759647483178021
0.759647483178021
0.5922090147622087
0.47756324144602436
1.3831257097670127
1.166791405070865
0.5437603377239116
0.6812826444155851
0.7677107621808974
0.5835804134814875
1.0228256418754296
0.738035069552658
1.0348227888083825
0.8120587966967171
0.6919237241287862
0.9382587710656541
0.7557702024079933
0.6990177772709204
0.748676149265859
0.65443253501143
0.65443253501143
1.5317267612335905
0.586235085198659
0.9899331182238723
0.5065949336835077
0.7878689596880881
0.6741885912734509
0.7096588569841215
0.6216833138276294
1.2845491007188223
0.6609823792481901
0.7273939898394568
0.7757740411837738
0.6777356178445181
0.7309410164105239
0.5809257417643156
0.6577074571298102
0.8322169942039079
0.65443253501143
0.9279239016340106
3.313613589234158
0.5437603377239116
0.748676149265859
0.6184083917092492
0.7309410164105239
0.8201220756995934
0.6642573013665701
0.9020867280549013
0.9640959446447632
0.943426205781476
0.5570336963097702
0.78383732018665
0.6741885912734509
0.608583625354109
0.7273939898394568
0.7557702024079933
0.6380579244195296
0.6478826907746699
0.8659146850441487
0.9279239016340106
0.5889340926438287
0.6954707506998533
0.5987588589989687
0.6642573013665701
1.2634449601918463
0.6990177772709204
0.6577074571298102
0.5251776357037097
1.166791405070865
1.1128042438725765
0.7309410164105239
0.5304869791380531
0.7636791226794593
0.7061118304130545
0.5954839368805886
6.045959522138974
0.6380579244195296
0.8659146850441487
0.7636791226794593
0.7273939898394568
1.3337920952817668
0.6609823792481901
0.6020337811173488
1.5133786782750147
0.65443253501143
0.7025648038419875
0.8452449461808613
0.5040514304224022
0.578271070047144
0.44224565614418704
0.5889340926438287
0.5922090147622087
1.193097825101926
0.6478826907746699
0.549069681158255
0.9951005529396941
0.6053087032357289
0.7798056806852118
1.461277490871814
0.6577074571298102
1.0348227888083825
0.7096588569841215
0.912421597486545
0.7273939898394568
0.6282331580643894
1.1607928316043885
1.2353061061558783
0.6151334695908691
0.7878689596880881
0.5596883680269419
0.8969192933390796
0.7636791226794593
0.7919005991895264
1.0002679876555158
0.6216833138276294
0.6020337811173488
1.605216657465158
0.65115761289305
0.7238469632683898
0.8160904361981552
