1.037036481521038
0.9833495417995274
0.964038405174958
1.9085230211727042
0.35448025920599346
0.9447272685503885
0.8433438012713989
1.23692934528665
1.285521999021689
0.9012772111451074
1.0250521566190072
0.9398994843942461
0.7822574118454171
0.8186818584286703
0.8674827220521109
0.896449426988965
0.516501921312958
1.7767851393521488
0.441038033894379
0.8186818584286703
0.8267761798916154
1.1029502684822063
0.7903517333083623
0.8186818584286703
1.1269189182862676
1.043028643972053
1.168864055443375
0.5518380557667396
1.0026606784240968
0.8267761798916154
0.7020833893184659
1.0669972937761143
1.3808415639486753
0.8065403762342526
0.8674827220521109
0.6951157008346216
0.45992747736829953
0.8267761798916154
0.8267761798916154
0.9012772111451074
0.7822574118454171
1.9817107332952344
1.4132812939390325
0.7660687689195269
1.4619408889245677
0.8186818584286703
0.9833495417995274
0.9157605636135344
1.364621698953497
1.23692934528665
1.8499728514746796
0.7579744474565816
0.7543410529472977
0.4326427256837476
1.0250521566190072
0.9205883477696767
1.1089424309332214
1.1029502684822063
0.8105875369657252
0.9398994843942461
2.3622868363323937
2.786775566643071
2.157361242389308
0.7903517333083623
0.9543828368626733
0.6148600599536038
0.8433438012713989
0.4149465698058292
0.582126171012838
0.6242079665856898
0.9833495417995274
1.2716383836688205
0.8626549378959685
0.4662239585262731
0.896449426988965
0.7863045725768897
0.9881773259556698
1.528694762068149
1.372731631451086
0.7660687689195269
1.519417321362137
0.6951157008346216
0.8389176620860332
0.9350717002381037
0.857827153739826
0.8674827220521109
0.8819660745205379
1.9670731908707286
1.0490208064230686
0.9254161319258191
1.0669972937761143
0.6951157008346216
0.964038405174958
0.5040028454741143
1.019059994167992
0.4166741786801102
1.364621698953497
0.8348705013545605
0.7620216081880543
0.7984460547713075
0.896449426988965
1.6889598848051122
0.4080361343087051
0.733437987495765
0.822729019160143
0.830823340623088
0.7701159296509994
0.7984460547713075
0.9495550527065307
3.7309910339634893
1.195278499228045
0.9012772111451074
1.1209267558352523
0.6811803238669332
0.8867938586766801
0.8626549378959685
2.655037684822516
2.6111250575489975
1.0490208064230686
0.8674827220521109
1.1089424309332214
0.9592106210188157
1.9524356484462222
0.402853307685862
1.1329110807372826
1.096958106031191
0.9978328942679544
0.8867938586766801
0.6678315308687576
1.114934593384237
1.285521999021689
0.5518380557667396
0.80249321550278
0.822729019160143
0.705567233560388
1.0130678317169768
0.7943988940398349
1.037036481521038
0.7579744474565816
0.9495550527065307
1.0849737811291604
0.7903517333083623
0.9930051101118121
1.0909659435801757
0.7508572087053755
0.978521757643385
0.896449426988965
1.043028643972053
0.7782102511139446
1.478160753919746
0.7508572087053755
1.9670731908707286
0.8105875369657252
0.7782102511139446
0.8105875369657252
1.372731631451086
1.1329110807372826
0.4494333421050104
1.2646965759923865
0.7660687689195269
0.857827153739826
0.830823340623088
1.7475100545031363
2.0695359878422708
0.9930051101118121
2.3476492939078875
1.3063474220509914
0.910932779457392
1.470050821422157
1.1209267558352523
0.8389176620860332
0.8481715854275412
0.7863045725768897
0.7660687689195269
2.2012738696628267
0.8867938586766801
0.9350717002381037
1.3410564604331623
0.7782102511139446
0.7508572087053755
1.4862706864173356
2.289099124209863
1.0490208064230686
0.8348705013545605
1.096958106031191
0.4242474174731162
0.822729019160143
0.8819660745205379
0.4998051913687986
0.9254161319258191
0.35275265033171244
1.4376110914317999
1.547249643480173
0.9254161319258191
1.667856372658331
0.5669821133897889
0.47042161263158877
0.9398994843942461
0.6055121533215179
1.0550129688740837
0.8433438012713989
0.7438895202215313
0.8065403762342526
0.6811803238669332
0.7660687689195269
0.9978328942679544
0.7863045725768897
1.043028643972053
0.7943988940398349
0.8867938586766801
0.8433438012713989
0.857827153739826
0.7229864547699986
1.8206977666256672
0.7579744474565816
0.39939808993729997
1.2508129606395182
1.195278499228045
2.6111250575489975
0.8105875369657252
1.0849737811291604
0.8267761798916154
2.5672124302754793
0.774163090382472
0.7404056759796094
1.2230457299337816
0.7822574118454171
1.019059994167992
1.3970614289438539
1.0026606784240968
1.202220306904479
0.9061049953012497
1.364621698953497
0.8481715854275412
0.9398994843942461
0.402853307685862
0.7782102511139446
0.896449426988965
1.364621698953497
0.8819660745205379
0.7984460547713075
0.7822574118454171
1.0130678317169768
0.8186818584286703
0.38557721894305186
0.9398994843942461
0.9350717002381037
0.7438895202215313
0.8389176620860332
0.7229864547699986
1.23692934528665
0.9254161319258191
0.9447272685503885
0.9398994843942461
0.9978328942679544
0.6397878109724996
0.5316459789360073
0.8389176620860332
1.0130678317169768
0.47252043968424656
1.7621475969276426
0.4431368609470368
0.8819660745205379
0.7160187662861545
0.7579744474565816
1.0130678317169768
0.7701159296509994
0.6951157008346216
0.9012772111451074
0.49140988315816725
0.7782102511139446
1.2785801913452546
0.7903517333083623
0.705567233560388
0.8146346976971978
0.6678315308687576
0.9398994843942461
0.964038405174958
1.0026606784240968
1.364621698953497
0.7195026105280765
1.202220306904479
0.7543410529472977
3.4716414404675544
0.43474155273640536
1.0026606784240968
0.822729019160143
0.8771382903643955
1.4619408889245677
0.8674827220521109
0.6273239354630518
1.4943806189149247
0.8867938586766801
1.6121917284222582
0.978521757643385
0.7984460547713075
1.8938854787481976
1.2161039222573475
1.043028643972053
2.977063618161651
0.6985995450765438
0.6916318565926994
0.7903517333083623
0.8916216428328225
0.9447272685503885
0.9495550527065307
0.577078151805155
1.019059994167992
0.9254161319258191
1.5936368470102338
1.292463806698123
0.9398994843942461
0.80249321550278
0.7020833893184659
0.7903517333083623
1.114934593384237
0.516501921312958
0.9833495417995274
0.978521757643385
1.1029502684822063
1.7767851393521488
0.9061049953012497
0.441038033894379
0.7620216081880543
0.8723105062082531
0.8433438012713989
0.8626549378959685
0.8819660745205379
1.209162114580913
1.2508129606395182
0.43054389863108977
1.3202310374038597
0.9398994843942461
0.9736939734872427
0.7863045725768897
1.0130678317169768
2.4647496333039367
0.8146346976971978
0.8771382903643955
1.1628718929923594
0.8867938586766801
1.6307466098342824
0.8105875369657252
0.45572982326298384
0.9833495417995274
0.3579354769545556
0.9012772111451074
1.2438711529630841
2.6696752272470223
0.9543828368626733
0.8267761798916154
1.2577547683159522
0.44523568799969465
1.019059994167992
0.8146346976971978
0.9061049953012497
0.774163090382472
0.8481715854275412
0.978521757643385
0.7508572087053755
0.3423869970860263
0.6776964796250111
1.1813948838751764
0.8819660745205379
2.1427236999648023
0.8771382903643955
0.8771382903643955
1.658578931952319
0.4431368609470368
0.7020833893184659
0.6951157008346216
0.7782102511139446
0.7660687689195269
0.8389176620860332
0.7863045725768897
0.9978328942679544
2.977063618161651
0.7863045725768897
0.4431368609470368
0.9012772111451074
1.209162114580913
0.9061049953012497
0.35275265033171244
2.5672124302754793
0.5619340941821058
1.285521999021689
1.9524356484462222
1.327172845080294
0.9061049953012497
0.6584836242366716
0.8867938586766801
0.38557721894305186
1.4295011589342108
1.168864055443375
0.9398994843942461
1.8792479363236918
1.23692934528665
2.4354745484549243
0.8146346976971978
1.528694762068149
1.1269189182862676
1.6771338133643432
0.80249321550278
0.5040028454741143
1.195278499228045
0.896449426988965
1.285521999021689
0.7264702990119208
0.896449426988965
1.114934593384237
1.1628718929923594
1.6121917284222582
3.284452009076279
0.7903517333083623
0.9881773259556698
1.7035974272296182
0.8481715854275412
1.019059994167992
0.8105875369657252
1.23692934528665
0.8771382903643955
0.9350717002381037
0.7863045725768897
1.2577547683159522
2.025623360568753
0.6647155619913956
1.7914226817766548
0.9688661893311004
0.8389176620860332
4.674080464857801
1.1628718929923594
0.8065403762342526
0.9350717002381037
0.8626549378959685
0.47881692084222016
0.733437987495765
2.1280861575402956
0.9495550527065307
1.3484018339583184
0.7579744474565816
1.195278499228045
0.7229864547699986
1.7328725120786306
0.8481715854275412
0.3683011302002417
0.8771382903643955
0.8819660745205379
1.1448954056393135
1.195278499228045
0.9205883477696767
1.2161039222573475
0.8433438012713989
1.9085230211727042
0.9061049953012497
0.8186818584286703
0.7620216081880543
1.528694762068149
2.8306881939165898
0.9447272685503885
2.3330117514833812
1.7182349696541244
1.372731631451086
1.3063474220509914
0.8481715854275412
0.705567233560388
2.4647496333039367
0.7020833893184659
1.2646965759923865
1.364621698953497
0.7943988940398349
0.9012772111451074
0.3734839568230847
0.8481715854275412
0.9254161319258191
0.7863045725768897
0.9447272685503885
2.3330117514833812
2.6696752272470223
0.830823340623088
0.7299541432538429
1.1089424309332214
0.896449426988965
0.8819660745205379
0.9350717002381037
0.9254161319258191
0.857827153739826
0.80249321550278
1.156879730541344
0.964038405174958
1.0669972937761143
0.7782102511139446
0.8867938586766801
0.8433438012713989
0.7404056759796094
0.6881480123507774
0.9398994843942461
0.7943988940398349
1.2508129606395182
0.9978328942679544
0.964038405174958
1.3132892297274257
1.1389032431882982
0.9688661893311004
0.9302439160819614
2.3476492939078875
0.830823340623088
0.8267761798916154
0.3423869970860263
0.7229864547699986
0.8389176620860332
1.0849737811291604
0.9881773259556698
0.8146346976971978
0.7984460547713075
1.195278499228045
1.6400240505402945
2.010985818144247
1.1209267558352523
0.7903517333083623
0.9350717002381037
0.9012772111451074
0.4578286503156418
0.9398994843942461
1.195278499228045
1.5658045248921975
0.9061049953012497
0.822729019160143
0.6522516864819476
2.3476492939078875
1.2508129606395182
0.7579744474565816
0.774163090382472
1.2716383836688205
1.4943806189149247
0.7822574118454171
1.0669972937761143
1.1628718929923594
0.7229864547699986
1.6771338133643432
1.0310443190700225
0.8146346976971978
1.8646103938991856
0.7903517333083623
1.6307466098342824
0.6678315308687576
1.037036481521038
3.919608920142353
0.8771382903643955
1.0026606784240968
1.0610051313250992
0.35275265033171244
1.043028643972053
0.9833495417995274
1.1029502684822063
1.1389032431882982
1.0310443190700225
0.7543410529472977
2.64040014239801
0.7299541432538429
1.195278499228045
0.8771382903643955
0.9688661893311004
0.8867938586766801
0.7473733644634535
0.8389176620860332
1.6029142877162461
1.327172845080294
0.8674827220521109
1.4457210239293892
1.1448954056393135
1.8353353090501732
0.8481715854275412
0.7508572087053755
1.078981618678145
0.402853307685862
0.8389176620860332
0.9495550527065307
0.9688661893311004
0.9254161319258191
1.0026606784240968
0.7369218317376871
1.037036481521038
1.114934593384237
1.658578931952319
0.8916216428328225
0.7984460547713075
2.8599632787656017
0.5720301325974719
0.9205883477696767
1.4213912264366215
0.4872122290528515
1.1389032431882982
1.037036481521038
0.964038405174958
1.0550129688740837
1.4213912264366215
0.7508572087053755
0.9930051101118121
0.4097637431829861
0.8626549378959685
0.35966308582883655
0.45992747736829953
0.39939808993729997
0.9736939734872427
1.327172845080294
1.0610051313250992
0.7404056759796094
0.8348705013545605
1.2438711529630841
1.6029142877162461
0.397670481063019
0.9398994843942461
1.0074884625802392
0.774163090382472
0.7822574118454171
0.8481715854275412
1.2508129606395182
1.043028643972053
1.0026606784240968
0.7863045725768897
1.8792479363236918
1.4376110914317999
2.1280861575402956
0.8146346976971978
0.8626549378959685
1.0849737811291604
0.9447272685503885
0.8771382903643955
0.7620216081880543
0.7195026105280765
0.8674827220521109
1.7182349696541244
0.40112569881158106
0.7782102511139446
0.8348705013545605
0.8626549378959685
0.4080361343087051
0.7160187662861545
0.7620216081880543
0.9592106210188157
1.7621475969276426
1.0074884625802392
1.0849737811291604
0.8186818584286703
1.114934593384237
1.0849737811291604
0.8867938586766801
2.420837006030418
0.9302439160819614
2.040260902993259
0.9254161319258191
0.7701159296509994
1.0250521566190072
0.9302439160819614
1.078981618678145
1.019059994167992
2.8014131090675773
0.8389176620860332
0.7782102511139446
0.9736939734872427
1.1209267558352523
0.8916216428328225
2.537937345426467
1.2646965759923865
0.49770636431614074
1.8353353090501732
0.7438895202215313
0.9881773259556698
1.1813948838751764
1.4295011589342108
1.0550129688740837
0.774163090382472
2.1280861575402956
1.1883366915516107
0.6242079665856898
0.6678315308687576
0.8065403762342526
0.8771382903643955
2.1427236999648023
1.2716383836688205
0.9833495417995274
0.5961642466894319
0.4935087102108251
2.5964875151244913
0.822729019160143
1.3063474220509914
0.5695061229936305
1.364621698953497
0.582126171012838
