832.0
987.0
965.0
792.0
848.0
804.0
838.0
853.0
910.0
845.0
812.0
821.0
567.0
880.0
1070.0
838.0
901.0
929.0
809.0
862.0
886.0
823.0
786.0
826.0
652.0
814.0
844.0
844.0
859.0
866.0
996.0
815.0
899.0
869.0
1005.0
810.0
852.0
1029.0
587.0
818.0
941.0
944.0
869.0
897.0
894.0
896.0
909.0
981.0
854.0
902.0
902.0
918.0
821.0
858.0
813.0
829.0
793.0
685.0
861.0
828.0
788.0
857.0
826.0
865.0
996.0
829.0
781.0
829.0
798.0
880.0
829.0
814.0
962.0
853.0
898.0
930.0
957.0
831.0
579.0
806.0
838.0
730.0
628.0
881.0
853.0
797.0
893.0
834.0
856.0
883.0
837.0
809.0
848.0
584.0
858.0
681.0
829.0
876.0
866.0
852.0
841.0
816.0
959.0
998.0
831.0
830.0
822.0
810.0
829.0
874.0
876.0
903.0
850.0
824.0
577.0
646.0
796.0
847.0
545.0
887.0
890.0
965.0
566.0
854.0
907.0
907.0
869.0
561.0
815.0
822.0
843.0
817.0
842.0
814.0
898.0
778.0
803.0
858.0
880.0
803.0
852.0
876.0
905.0
841.0
646.0
843.0
1009.0
863.0
844.0
846.0
892.0
807.0
790.0
879.0
825.0
744.0
795.0
954.0
857.0
813.0
841.0
765.0
820.0
827.0
670.0
833.0
797.0
869.0
548.0
636.0
849.0
844.0
849.0
869.0
900.0
859.0
800.0
637.0
923.0
818.0
804.0
836.0
841.0
777.0
774.0
832.0
868.0
811.0
942.0
852.0
836.0
680.0
800.0
813.0
853.0
819.0
821.0
893.0
863.0
936.0
555.0
885.0
813.0
792.0
857.0
883.0
843.0
866.0
825.0
825.0
907.0
837.0
837.0
889.0
830.0
778.0
786.0
827.0
823.0
866.0
827.0
848.0
932.0
922.0
861.0
873.0
898.0
818.0
767.0
1057.0
917.0
822.0
862.0
785.0
578.0
813.0
863.0
941.0
836.0
933.0
897.0
895.0
855.0
848.0
830.0
812.0
857.0
818.0
651.0
817.0
924.0
684.0
704.0
873.0
726.0
738.0
922.0
810.0
692.0
1103.0
961.0
864.0
881.0
767.0
802.0
829.0
909.0
876.0
827.0
842.0
931.0
838.0
921.0
853.0
825.0
991.0
897.0
824.0
797.0
888.0
825.0
706.0
814.0
903.0
826.0
826.0
818.0
826.0
746.0
775.0
728.0
869.0
905.0
847.0
845.0
834.0
782.0
817.0
853.0
873.0
827.0
922.0
793.0
813.0
893.0
971.0
859.0
883.0
662.0
786.0
823.0
884.0
847.0
809.0
899.0
806.0
806.0
841.0
857.0
954.0
829.0
548.0
879.0
893.0
813.0
598.0
813.0
822.0
889.0
777.0
874.0
814.0
852.0
868.0
820.0
833.0
697.0
794.0
810.0
812.0
653.0
1019.0
869.0
826.0
805.0
835.0
857.0
852.0
844.0
874.0
786.0
813.0
843.0
1054.0
850.0
893.0
808.0
826.0
824.0
820.0
699.0
882.0
890.0
888.0
802.0
846.0
835.0
825.0
870.0
812.0
874.0
894.0
862.0
797.0
938.0
836.0
833.0
872.0
815.0
817.0
912.0
669.0
909.0
864.0
866.0
805.0
827.0
869.0
797.0
923.0
714.0
822.0
827.0
833.0
743.0
932.0
861.0
829.0
875.0
964.0
945.0
899.0
831.0
816.0
860.0
866.0
877.0
810.0
550.0
815.0
850.0
843.0
824.0
850.0
844.0
903.0
860.0
578.0
590.0
833.0
957.0
817.0
587.0
811.0
859.0
865.0
842.0
883.0
835.0
865.0
907.0
821.0
887.0
1066.0
850.0
773.0
833.0
745.0
825.0
924.0
812.0
808.0
933.0
809.0
856.0
806.0
849.0
905.0
809.0
781.0
959.0
831.0
850.0
854.0
832.0
834.0
833.0
851.0
822.0
958.0
792.0
1142.0
804.0
823.0
746.0
874.0
850.0
873.0
933.0
844.0
820.0
909.0
924.0
885.0
951.0
870.0
813.0
907.0
829.0
963.0
673.0
822.0
789.0
826.0
879.0
936.0
901.0
835.0
889.0
931.0
810.0
824.0
827.0
906.0
910.0
853.0
813.0
788.0
861.0
801.0
789.0
855.0
732.0
847.0
820.0
820.0
805.0
843.0
944.0
882.0
825.0
876.0
835.0
827.0
830.0
883.0
871.0
777.0
862.0
821.0
823.0
786.0
934.0
821.0
800.0
951.0
834.0
797.0
891.0
865.0
933.0
813.0
804.0
821.0
785.0
586.0
833.0
865.0
877.0
697.0
837.0
919.0
875.0
835.0
856.0
859.0
798.0
810.0
869.0
824.0
843.0
827.0
846.0
954.0
882.0
600.0
902.0
846.0
794.0
820.0
809.0
872.0
769.0
794.0
825.0
846.0
842.0
680.0
861.0
841.0
880.0
878.0
824.0
811.0
821.0
905.0
831.0
833.0
901.0
929.0
826.0
826.0
930.0
861.0
828.0
822.0
866.0
806.0
756.0
718.0
814.0
801.0
806.0
821.0
892.0
862.0
773.0
834.0
840.0
776.0
808.0
777.0
808.0
833.0
832.0
839.0
919.0
815.0
594.0
832.0
559.0
893.0
826.0
880.0
822.0
834.0
1026.0
844.0
800.0
858.0
873.0
919.0
815.0
774.0
847.0
880.0
856.0
805.0
701.0
772.0
832.0
868.0
865.0
794.0
821.0
842.0
798.0
992.0
593.0
800.0
546.0
835.0
817.0
826.0
836.0
881.0
938.0
834.0
904.0
642.0
845.0
788.0
837.0
878.0
855.0
853.0
1044.0
833.0
813.0
597.0
850.0
839.0
826.0
835.0
849.0
836.0
765.0
661.0
789.0
845.0
582.0
816.0
860.0
820.0
910.0
844.0
883.0
816.0
754.0
816.0
811.0
837.0
914.0
889.0
827.0
1085.0
810.0
813.0
773.0
863.0
880.0
856.0
822.0
849.0
868.0
836.0
864.0
950.0
872.0
850.0
813.0
882.0
814.0
851.0
829.0
725.0
903.0
984.0
836.0
