757.0
781.0
734.0
794.0
731.0
733.0
796.0
808.0
830.0
763.0
786.0
734.0
752.0
777.0
777.0
754.0
724.0
745.0
749.0
746.0
783.0
851.0
845.0
780.0
762.0
786.0
789.0
750.0
784.0
802.0
752.0
760.0
707.0
757.0
737.0
752.0
749.0
837.0
815.0
622.0
808.0
606.0
756.0
779.0
924.0
770.0
770.0
757.0
689.0
815.0
644.0
765.0
907.0
823.0
950.0
861.0
726.0
751.0
770.0
764.0
736.0
744.0
782.0
702.0
839.0
742.0
745.0
747.0
742.0
744.0
786.0
846.0
772.0
834.0
712.0
754.0
775.0
802.0
790.0
1076.0
647.0
795.0
845.0
678.0
785.0
800.0
800.0
699.0
743.0
785.0
966.0
817.0
717.0
694.0
747.0
779.0
792.0
756.0
781.0
787.0
806.0
599.0
831.0
783.0
609.0
660.0
825.0
778.0
771.0
797.0
818.0
732.0
770.0
753.0
743.0
797.0
808.0
789.0
648.0
768.0
742.0
749.0
765.0
724.0
774.0
755.0
754.0
772.0
835.0
838.0
800.0
782.0
724.0
752.0
857.0
786.0
778.0
776.0
751.0
797.0
739.0
720.0
760.0
822.0
738.0
788.0
789.0
804.0
675.0
761.0
877.0
742.0
782.0
774.0
789.0
761.0
742.0
754.0
759.0
731.0
781.0
762.0
795.0
784.0
726.0
629.0
766.0
743.0
715.0
722.0
617.0
743.0
795.0
790.0
773.0
834.0
851.0
668.0
1188.0
762.0
722.0
848.0
736.0
751.0
766.0
827.0
724.0
735.0
681.0
809.0
735.0
710.0
814.0
754.0
738.0
595.0
853.0
863.0
749.0
738.0
749.0
657.0
766.0
775.0
763.0
732.0
770.0
781.0
755.0
740.0
785.0
768.0
624.0
829.0
774.0
632.0
744.0
774.0
774.0
721.0
751.0
871.0
818.0
779.0
750.0
761.0
854.0
786.0
851.0
795.0
754.0
730.0
802.0
784.0
773.0
812.0
744.0
750.0
756.0
791.0
736.0
736.0
889.0
761.0
757.0
771.0
734.0
732.0
770.0
730.0
845.0
785.0
807.0
745.0
794.0
737.0
797.0
792.0
763.0
789.0
746.0
785.0
757.0
748.0
849.0
673.0
834.0
776.0
762.0
848.0
765.0
745.0
826.0
834.0
772.0
757.0
764.0
750.0
875.0
776.0
800.0
779.0
769.0
763.0
814.0
823.0
782.0
751.0
746.0
738.0
701.0
725.0
603.0
745.0
765.0
765.0
717.0
843.0
731.0
753.0
895.0
741.0
799.0
725.0
763.0
773.0
785.0
785.0
836.0
743.0
744.0
739.0
811.0
751.0
729.0
754.0
736.0
749.0
1065.0
765.0
802.0
777.0
741.0
805.0
763.0
753.0
730.0
850.0
770.0
739.0
771.0
795.0
747.0
907.0
749.0
769.0
756.0
737.0
730.0
928.0
596.0
753.0
754.0
901.0
782.0
814.0
904.0
729.0
741.0
748.0
866.0
752.0
748.0
792.0
739.0
801.0
678.0
610.0
753.0
710.0
744.0
981.0
801.0
710.0
900.0
844.0
738.0
849.0
775.0
773.0
738.0
765.0
735.0
785.0
723.0
790.0
721.0
775.0
878.0
772.0
776.0
649.0
741.0
724.0
717.0
850.0
747.0
827.0
737.0
741.0
791.0
780.0
789.0
737.0
758.0
720.0
727.0
884.0
805.0
933.0
909.0
754.0
809.0
694.0
1017.0
798.0
793.0
741.0
736.0
751.0
774.0
743.0
837.0
738.0
720.0
643.0
881.0
677.0
753.0
735.0
774.0
853.0
737.0
754.0
736.0
793.0
720.0
841.0
819.0
738.0
887.0
867.0
826.0
828.0
834.0
734.0
784.0
820.0
806.0
764.0
724.0
745.0
605.0
781.0
867.0
763.0
901.0
757.0
870.0
1140.0
853.0
732.0
774.0
618.0
754.0
773.0
772.0
770.0
761.0
757.0
752.0
780.0
949.0
742.0
771.0
848.0
812.0
796.0
800.0
712.0
790.0
872.0
776.0
780.0
746.0
751.0
737.0
775.0
830.0
599.0
751.0
735.0
806.0
736.0
757.0
762.0
817.0
824.0
734.0
725.0
752.0
745.0
732.0
779.0
759.0
698.0
650.0
784.0
754.0
744.0
773.0
730.0
750.0
784.0
754.0
781.0
794.0
797.0
732.0
713.0
813.0
741.0
736.0
922.0
847.0
783.0
804.0
751.0
734.0
751.0
770.0
725.0
728.0
759.0
773.0
787.0
740.0
731.0
749.0
749.0
717.0
705.0
877.0
740.0
787.0
780.0
830.0
869.0
772.0
737.0
787.0
874.0
797.0
748.0
774.0
746.0
748.0
834.0
724.0
740.0
749.0
743.0
811.0
835.0
786.0
829.0
763.0
758.0
933.0
928.0
718.0
601.0
796.0
780.0
749.0
611.0
758.0
859.0
741.0
746.0
729.0
842.0
767.0
755.0
822.0
734.0
785.0
776.0
772.0
786.0
794.0
794.0
857.0
752.0
741.0
786.0
762.0
809.0
750.0
773.0
736.0
735.0
760.0
827.0
730.0
782.0
736.0
785.0
782.0
731.0
646.0
730.0
729.0
806.0
884.0
756.0
749.0
813.0
752.0
734.0
726.0
785.0
751.0
740.0
751.0
754.0
702.0
715.0
725.0
608.0
744.0
939.0
750.0
737.0
754.0
604.0
765.0
772.0
778.0
895.0
766.0
782.0
738.0
769.0
831.0
620.0
798.0
735.0
762.0
756.0
751.0
743.0
738.0
748.0
758.0
730.0
723.0
772.0
778.0
737.0
785.0
739.0
736.0
656.0
978.0
870.0
868.0
797.0
770.0
721.0
901.0
722.0
805.0
773.0
725.0
750.0
778.0
820.0
791.0
729.0
850.0
826.0
792.0
761.0
733.0
814.0
758.0
665.0
889.0
739.0
783.0
597.0
766.0
813.0
690.0
806.0
621.0
760.0
834.0
745.0
749.0
816.0
923.0
689.0
758.0
770.0
802.0
758.0
734.0
