754.0
781.0
751.0
818.0
742.0
755.0
729.0
746.0
738.0
756.0
733.0
874.0
794.0
769.0
843.0
880.0
804.0
730.0
776.0
787.0
781.0
748.0
797.0
597.0
770.0
802.0
779.0
616.0
697.0
753.0
949.0
816.0
761.0
765.0
755.0
906.0
745.0
887.0
779.0
776.0
700.0
751.0
581.0
763.0
767.0
721.0
736.0
767.0
594.0
748.0
813.0
847.0
798.0
845.0
904.0
741.0
654.0
758.0
747.0
794.0
648.0
729.0
841.0
745.0
808.0
753.0
763.0
789.0
754.0
782.0
742.0
718.0
809.0
857.0
774.0
761.0
818.0
836.0
589.0
760.0
744.0
777.0
554.0
794.0
729.0
901.0
781.0
746.0
758.0
832.0
803.0
760.0
784.0
719.0
766.0
830.0
800.0
831.0
902.0
825.0
730.0
802.0
787.0
779.0
745.0
727.0
802.0
910.0
728.0
883.0
933.0
733.0
869.0
729.0
738.0
715.0
941.0
767.0
813.0
696.0
791.0
770.0
893.0
770.0
747.0
872.0
740.0
658.0
769.0
648.0
738.0
746.0
751.0
749.0
870.0
755.0
666.0
825.0
758.0
766.0
791.0
751.0
733.0
706.0
701.0
648.0
646.0
757.0
685.0
751.0
819.0
867.0
756.0
723.0
773.0
780.0
726.0
730.0
742.0
841.0
830.0
859.0
766.0
738.0
804.0
777.0
770.0
625.0
749.0
761.0
764.0
730.0
891.0
761.0
561.0
863.0
565.0
764.0
571.0
766.0
870.0
753.0
854.0
756.0
915.0
738.0
758.0
819.0
586.0
714.0
754.0
893.0
795.0
757.0
744.0
765.0
585.0
761.0
744.0
737.0
894.0
718.0
801.0
721.0
749.0
790.0
794.0
780.0
794.0
875.0
746.0
752.0
753.0
866.0
804.0
756.0
746.0
746.0
760.0
766.0
736.0
584.0
860.0
755.0
753.0
858.0
805.0
842.0
572.0
725.0
816.0
579.0
733.0
698.0
658.0
941.0
716.0
818.0
747.0
730.0
1001.0
845.0
804.0
766.0
759.0
819.0
753.0
855.0
585.0
854.0
837.0
765.0
681.0
925.0
777.0
784.0
786.0
822.0
728.0
772.0
719.0
737.0
738.0
746.0
743.0
806.0
839.0
877.0
770.0
779.0
749.0
772.0
949.0
826.0
949.0
738.0
794.0
771.0
912.0
790.0
757.0
762.0
767.0
748.0
560.0
738.0
853.0
738.0
756.0
714.0
741.0
828.0
734.0
570.0
749.0
735.0
791.0
761.0
872.0
778.0
725.0
833.0
790.0
810.0
782.0
765.0
754.0
981.0
753.0
638.0
726.0
773.0
804.0
712.0
706.0
784.0
734.0
885.0
826.0
861.0
728.0
765.0
774.0
768.0
597.0
784.0
751.0
756.0
971.0
745.0
725.0
1018.0
708.0
815.0
793.0
766.0
706.0
743.0
801.0
756.0
789.0
651.0
757.0
791.0
705.0
782.0
713.0
638.0
740.0
867.0
568.0
765.0
721.0
773.0
806.0
688.0
787.0
866.0
730.0
714.0
750.0
782.0
754.0
797.0
820.0
741.0
948.0
749.0
756.0
740.0
694.0
734.0
849.0
744.0
752.0
825.0
822.0
744.0
864.0
779.0
733.0
917.0
768.0
853.0
720.0
821.0
715.0
581.0
774.0
764.0
754.0
716.0
763.0
758.0
763.0
718.0
756.0
606.0
689.0
762.0
878.0
750.0
766.0
724.0
916.0
815.0
790.0
794.0
750.0
851.0
780.0
875.0
795.0
798.0
763.0
840.0
865.0
752.0
811.0
589.0
770.0
896.0
759.0
818.0
715.0
784.0
759.0
904.0
806.0
653.0
835.0
813.0
741.0
791.0
780.0
808.0
750.0
760.0
725.0
956.0
735.0
813.0
850.0
691.0
844.0
753.0
737.0
727.0
822.0
758.0
746.0
855.0
548.0
669.0
741.0
755.0
894.0
762.0
812.0
761.0
637.0
746.0
802.0
836.0
812.0
779.0
776.0
617.0
770.0
768.0
818.0
986.0
555.0
698.0
771.0
863.0
767.0
710.0
721.0
757.0
786.0
891.0
746.0
766.0
766.0
730.0
781.0
746.0
724.0
578.0
740.0
649.0
742.0
790.0
735.0
750.0
845.0
808.0
767.0
826.0
784.0
712.0
744.0
707.0
766.0
754.0
760.0
740.0
580.0
632.0
777.0
759.0
765.0
878.0
780.0
757.0
770.0
754.0
743.0
788.0
722.0
729.0
747.0
755.0
754.0
780.0
786.0
726.0
832.0
716.0
554.0
785.0
746.0
722.0
833.0
598.0
669.0
584.0
569.0
736.0
814.0
681.0
877.0
853.0
770.0
806.0
765.0
772.0
743.0
710.0
938.0
756.0
752.0
718.0
878.0
781.0
689.0
731.0
831.0
667.0
741.0
758.0
769.0
813.0
745.0
774.0
793.0
738.0
836.0
774.0
830.0
777.0
878.0
631.0
882.0
895.0
788.0
706.0
716.0
747.0
747.0
763.0
748.0
629.0
802.0
821.0
638.0
773.0
824.0
547.0
658.0
822.0
750.0
578.0
650.0
640.0
801.0
759.0
736.0
907.0
765.0
718.0
792.0
800.0
775.0
576.0
782.0
761.0
546.0
557.0
721.0
842.0
712.0
798.0
715.0
732.0
781.0
610.0
735.0
718.0
582.0
799.0
880.0
762.0
702.0
788.0
726.0
856.0
693.0
791.0
645.0
807.0
617.0
690.0
901.0
737.0
732.0
774.0
789.0
564.0
722.0
818.0
669.0
758.0
840.0
788.0
816.0
794.0
820.0
667.0
834.0
721.0
794.0
756.0
797.0
819.0
746.0
769.0
626.0
766.0
788.0
687.0
774.0
733.0
793.0
682.0
761.0
767.0
777.0
731.0
708.0
782.0
830.0
763.0
932.0
706.0
757.0
688.0
805.0
745.0
783.0
814.0
748.0
782.0
820.0
744.0
879.0
651.0
709.0
693.0
649.0
761.0
784.0
765.0
713.0
766.0
731.0
701.0
750.0
767.0
579.0
853.0
840.0
