736.0
732.0
698.0
715.0
596.0
672.0
717.0
746.0
841.0
753.0
722.0
808.0
714.0
714.0
760.0
794.0
778.0
833.0
718.0
713.0
769.0
762.0
700.0
717.0
663.0
685.0
814.0
689.0
762.0
785.0
723.0
677.0
770.0
774.0
899.0
708.0
611.0
708.0
708.0
731.0
819.0
702.0
822.0
770.0
750.0
781.0
770.0
768.0
654.0
765.0
597.0
729.0
741.0
754.0
759.0
774.0
762.0
721.0
817.0
800.0
738.0
713.0
755.0
700.0
836.0
856.0
754.0
741.0
771.0
663.0
794.0
762.0
829.0
724.0
718.0
741.0
738.0
636.0
682.0
654.0
737.0
765.0
747.0
773.0
729.0
760.0
749.0
749.0
752.0
797.0
733.0
756.0
789.0
792.0
721.0
724.0
740.0
768.0
855.0
767.0
721.0
778.0
887.0
662.0
806.0
729.0
782.0
789.0
633.0
705.0
738.0
715.0
759.0
732.0
856.0
727.0
778.0
770.0
736.0
792.0
773.0
555.0
694.0
706.0
808.0
745.0
768.0
676.0
736.0
748.0
761.0
725.0
802.0
874.0
772.0
775.0
820.0
725.0
573.0
800.0
733.0
825.0
739.0
767.0
774.0
874.0
738.0
867.0
724.0
813.0
738.0
646.0
700.0
616.0
937.0
711.0
810.0
768.0
924.0
712.0
700.0
858.0
724.0
861.0
815.0
769.0
749.0
881.0
773.0
758.0
770.0
704.0
737.0
925.0
770.0
763.0
828.0
781.0
767.0
757.0
788.0
701.0
749.0
579.0
686.0
792.0
698.0
724.0
728.0
789.0
772.0
786.0
811.0
895.0
757.0
763.0
756.0
749.0
725.0
744.0
801.0
741.0
763.0
603.0
773.0
762.0
835.0
778.0
753.0
818.0
737.0
702.0
893.0
776.0
737.0
788.0
831.0
713.0
773.0
746.0
829.0
813.0
756.0
738.0
719.0
710.0
865.0
806.0
802.0
769.0
708.0
738.0
734.0
790.0
701.0
772.0
732.0
718.0
734.0
717.0
686.0
722.0
710.0
722.0
712.0
714.0
846.0
588.0
706.0
730.0
744.0
784.0
561.0
759.0
611.0
746.0
730.0
756.0
717.0
754.0
738.0
749.0
736.0
741.0
740.0
768.0
738.0
769.0
772.0
855.0
760.0
784.0
759.0
725.0
734.0
728.0
608.0
694.0
713.0
722.0
791.0
646.0
826.0
727.0
766.0
745.0
800.0
747.0
695.0
763.0
783.0
724.0
840.0
784.0
763.0
727.0
748.0
772.0
761.0
749.0
722.0
820.0
569.0
793.0
781.0
800.0
613.0
752.0
749.0
720.0
728.0
726.0
725.0
754.0
754.0
722.0
734.0
717.0
812.0
728.0
708.0
776.0
698.0
725.0
686.0
756.0
895.0
761.0
750.0
805.0
810.0
726.0
701.0
724.0
745.0
791.0
795.0
712.0
738.0
821.0
711.0
714.0
764.0
690.0
811.0
714.0
726.0
865.0
744.0
759.0
784.0
711.0
777.0
765.0
759.0
801.0
761.0
722.0
742.0
740.0
735.0
621.0
721.0
780.0
746.0
754.0
730.0
706.0
766.0
696.0
617.0
752.0
745.0
718.0
754.0
765.0
778.0
786.0
725.0
766.0
762.0
773.0
841.0
712.0
758.0
616.0
744.0
746.0
702.0
731.0
705.0
759.0
776.0
994.0
725.0
733.0
737.0
766.0
849.0
756.0
736.0
783.0
744.0
741.0
757.0
714.0
735.0
719.0
717.0
721.0
709.0
725.0
735.0
602.0
771.0
715.0
796.0
711.0
706.0
760.0
1251.0
720.0
713.0
706.0
706.0
762.0
718.0
746.0
673.0
788.0
637.0
578.0
661.0
826.0
800.0
811.0
720.0
761.0
762.0
720.0
790.0
723.0
909.0
762.0
706.0
822.0
821.0
757.0
772.0
688.0
737.0
816.0
749.0
754.0
739.0
748.0
726.0
744.0
758.0
822.0
749.0
780.0
778.0
782.0
777.0
708.0
731.0
853.0
836.0
588.0
698.0
754.0
786.0
730.0
730.0
793.0
612.0
778.0
754.0
956.0
815.0
722.0
744.0
761.0
790.0
740.0
710.0
938.0
704.0
738.0
730.0
706.0
765.0
737.0
747.0
714.0
735.0
756.0
761.0
749.0
714.0
755.0
763.0
756.0
705.0
789.0
634.0
818.0
789.0
717.0
701.0
741.0
840.0
823.0
724.0
707.0
756.0
748.0
756.0
731.0
555.0
578.0
832.0
847.0
683.0
698.0
797.0
751.0
710.0
797.0
733.0
744.0
582.0
708.0
825.0
806.0
720.0
754.0
737.0
758.0
748.0
705.0
643.0
730.0
714.0
715.0
678.0
756.0
656.0
794.0
622.0
749.0
785.0
871.0
743.0
762.0
745.0
761.0
725.0
801.0
616.0
759.0
725.0
813.0
725.0
767.0
845.0
748.0
745.0
744.0
746.0
726.0
748.0
737.0
850.0
719.0
718.0
967.0
746.0
594.0
733.0
798.0
736.0
566.0
698.0
784.0
773.0
714.0
734.0
583.0
664.0
835.0
812.0
764.0
712.0
809.0
743.0
721.0
819.0
700.0
753.0
613.0
702.0
754.0
717.0
753.0
656.0
718.0
760.0
736.0
762.0
800.0
869.0
717.0
692.0
729.0
774.0
794.0
749.0
718.0
800.0
624.0
727.0
630.0
701.0
718.0
715.0
722.0
767.0
681.0
803.0
762.0
701.0
705.0
771.0
574.0
761.0
702.0
559.0
843.0
741.0
741.0
756.0
827.0
717.0
716.0
811.0
723.0
731.0
586.0
738.0
737.0
845.0
719.0
813.0
