961.0
1044.0
713.0
804.0
1093.0
802.0
797.0
818.0
796.0
804.0
859.0
855.0
777.0
781.0
833.0
781.0
862.0
761.0
817.0
770.0
878.0
781.0
752.0
856.0
786.0
794.0
735.0
752.0
824.0
772.0
823.0
845.0
942.0
825.0
628.0
640.0
912.0
759.0
831.0
800.0
824.0
974.0
859.0
670.0
730.0
893.0
932.0
801.0
903.0
750.0
837.0
903.0
1016.0
776.0
775.0
863.0
672.0
739.0
858.0
800.0
894.0
845.0
741.0
784.0
852.0
718.0
893.0
848.0
805.0
943.0
814.0
590.0
845.0
852.0
691.0
785.0
814.0
910.0
892.0
795.0
964.0
812.0
866.0
774.0
777.0
789.0
794.0
785.0
836.0
797.0
651.0
816.0
789.0
762.0
782.0
830.0
768.0
809.0
730.0
845.0
634.0
769.0
772.0
810.0
868.0
789.0
804.0
862.0
752.0
866.0
811.0
874.0
819.0
870.0
850.0
629.0
793.0
712.0
681.0
817.0
764.0
818.0
810.0
765.0
815.0
701.0
838.0
786.0
882.0
778.0
796.0
965.0
866.0
774.0
941.0
860.0
976.0
785.0
852.0
796.0
587.0
825.0
736.0
788.0
825.0
818.0
756.0
775.0
878.0
811.0
808.0
908.0
797.0
860.0
781.0
782.0
830.0
834.0
826.0
868.0
854.0
899.0
781.0
850.0
814.0
916.0
851.0
829.0
850.0
785.0
781.0
810.0
775.0
804.0
912.0
587.0
842.0
621.0
603.0
771.0
862.0
949.0
787.0
642.0
954.0
644.0
810.0
800.0
965.0
860.0
843.0
884.0
900.0
810.0
805.0
781.0
772.0
821.0
648.0
800.0
839.0
802.0
763.0
801.0
794.0
602.0
721.0
810.0
808.0
955.0
806.0
840.0
709.0
805.0
781.0
853.0
633.0
855.0
847.0
786.0
992.0
869.0
852.0
873.0
762.0
877.0
876.0
771.0
650.0
698.0
663.0
641.0
854.0
838.0
821.0
576.0
823.0
800.0
813.0
968.0
1004.0
883.0
693.0
761.0
791.0
893.0
632.0
770.0
705.0
814.0
734.0
931.0
804.0
778.0
763.0
854.0
748.0
849.0
784.0
762.0
693.0
799.0
904.0
808.0
890.0
838.0
808.0
798.0
773.0
863.0
773.0
850.0
984.0
776.0
972.0
912.0
966.0
784.0
662.0
902.0
1029.0
663.0
817.0
733.0
1002.0
842.0
892.0
892.0
1090.0
989.0
769.0
844.0
786.0
837.0
770.0
845.0
935.0
884.0
726.0
851.0
837.0
845.0
777.0
864.0
813.0
878.0
833.0
786.0
779.0
813.0
802.0
803.0
768.0
786.0
828.0
829.0
629.0
858.0
650.0
794.0
805.0
787.0
762.0
974.0
818.0
578.0
762.0
853.0
791.0
883.0
790.0
753.0
925.0
763.0
852.0
583.0
833.0
834.0
917.0
773.0
768.0
964.0
989.0
756.0
857.0
865.0
774.0
752.0
661.0
769.0
825.0
780.0
1101.0
893.0
781.0
850.0
763.0
898.0
779.0
757.0
797.0
788.0
954.0
808.0
814.0
917.0
890.0
822.0
790.0
785.0
766.0
841.0
882.0
779.0
910.0
735.0
783.0
638.0
802.0
756.0
812.0
779.0
773.0
851.0
882.0
820.0
782.0
806.0
610.0
872.0
920.0
805.0
757.0
848.0
828.0
797.0
913.0
758.0
762.0
1132.0
770.0
778.0
688.0
794.0
782.0
788.0
861.0
929.0
822.0
926.0
582.0
714.0
777.0
785.0
861.0
820.0
744.0
834.0
791.0
754.0
830.0
791.0
797.0
790.0
781.0
772.0
707.0
780.0
832.0
965.0
676.0
719.0
900.0
795.0
606.0
936.0
849.0
828.0
790.0
802.0
837.0
817.0
772.0
981.0
792.0
905.0
867.0
791.0
752.0
854.0
754.0
797.0
779.0
954.0
810.0
825.0
797.0
636.0
766.0
770.0
875.0
778.0
906.0
729.0
789.0
816.0
863.0
761.0
797.0
787.0
745.0
901.0
778.0
583.0
871.0
981.0
754.0
738.0
590.0
803.0
742.0
885.0
821.0
601.0
849.0
836.0
777.0
858.0
797.0
680.0
613.0
778.0
770.0
785.0
795.0
750.0
785.0
808.0
790.0
767.0
898.0
806.0
722.0
797.0
829.0
807.0
813.0
794.0
850.0
756.0
822.0
821.0
972.0
757.0
846.0
785.0
743.0
813.0
619.0
751.0
844.0
764.0
928.0
858.0
793.0
845.0
854.0
952.0
877.0
680.0
778.0
625.0
816.0
1019.0
817.0
849.0
850.0
741.0
980.0
839.0
830.0
826.0
739.0
643.0
752.0
827.0
822.0
837.0
762.0
773.0
996.0
1035.0
859.0
680.0
784.0
765.0
840.0
809.0
869.0
765.0
816.0
772.0
811.0
752.0
796.0
784.0
798.0
785.0
781.0
775.0
802.0
898.0
761.0
763.0
868.0
572.0
749.0
851.0
805.0
900.0
902.0
741.0
777.0
882.0
932.0
920.0
787.0
810.0
815.0
881.0
578.0
781.0
901.0
874.0
858.0
870.0
909.0
768.0
745.0
916.0
781.0
829.0
788.0
672.0
919.0
782.0
668.0
