777.0
727.0
724.0
684.0
693.0
706.0
714.0
666.0
733.0
701.0
740.0
704.0
723.0
773.0
741.0
717.0
694.0
714.0
776.0
709.0
691.0
782.0
689.0
757.0
686.0
755.0
693.0
790.0
714.0
706.0
716.0
735.0
601.0
719.0
713.0
784.0
867.0
672.0
694.0
859.0
810.0
578.0
738.0
707.0
730.0
754.0
784.0
727.0
753.0
693.0
573.0
715.0
690.0
629.0
746.0
746.0
746.0
740.0
714.0
754.0
744.0
693.0
792.0
834.0
727.0
706.0
800.0
758.0
745.0
810.0
815.0
731.0
772.0
761.0
592.0
695.0
752.0
761.0
753.0
804.0
708.0
747.0
740.0
779.0
931.0
580.0
714.0
757.0
696.0
813.0
693.0
764.0
747.0
661.0
743.0
601.0
702.0
707.0
629.0
751.0
1011.0
658.0
756.0
735.0
684.0
656.0
729.0
747.0
740.0
722.0
764.0
584.0
727.0
749.0
746.0
710.0
700.0
735.0
717.0
731.0
862.0
733.0
773.0
691.0
737.0
761.0
678.0
690.0
827.0
747.0
608.0
718.0
863.0
698.0
702.0
784.0
704.0
726.0
710.0
758.0
684.0
698.0
722.0
703.0
841.0
725.0
847.0
909.0
781.0
763.0
781.0
699.0
854.0
579.0
812.0
698.0
695.0
916.0
600.0
724.0
725.0
843.0
738.0
574.0
705.0
722.0
866.0
630.0
689.0
703.0
561.0
711.0
609.0
1110.0
688.0
751.0
770.0
752.0
715.0
704.0
676.0
898.0
720.0
705.0
578.0
717.0
690.0
713.0
742.0
717.0
771.0
594.0
701.0
641.0
710.0
701.0
798.0
693.0
700.0
731.0
753.0
794.0
722.0
778.0
737.0
742.0
725.0
872.0
765.0
733.0
758.0
738.0
725.0
897.0
744.0
778.0
741.0
736.0
731.0
801.0
717.0
708.0
714.0
836.0
698.0
620.0
721.0
692.0
585.0
770.0
776.0
729.0
751.0
782.0
776.0
725.0
761.0
797.0
674.0
712.0
665.0
778.0
853.0
837.0
684.0
685.0
808.0
763.0
824.0
734.0
748.0
828.0
810.0
708.0
721.0
821.0
865.0
735.0
750.0
861.0
692.0
766.0
726.0
689.0
806.0
570.0
702.0
664.0
704.0
736.0
727.0
758.0
745.0
689.0
704.0
551.0
560.0
704.0
720.0
693.0
898.0
625.0
690.0
708.0
734.0
733.0
718.0
684.0
771.0
741.0
704.0
707.0
859.0
688.0
574.0
689.0
699.0
712.0
798.0
699.0
701.0
686.0
619.0
870.0
729.0
572.0
750.0
723.0
705.0
756.0
737.0
777.0
748.0
731.0
714.0
556.0
730.0
708.0
715.0
748.0
716.0
715.0
764.0
712.0
722.0
740.0
700.0
720.0
675.0
695.0
582.0
741.0
700.0
753.0
739.0
689.0
718.0
715.0
778.0
738.0
840.0
673.0
689.0
908.0
611.0
737.0
812.0
771.0
875.0
700.0
655.0
823.0
721.0
757.0
699.0
698.0
707.0
745.0
824.0
706.0
721.0
700.0
690.0
748.0
907.0
709.0
745.0
737.0
699.0
790.0
730.0
763.0
562.0
697.0
796.0
634.0
736.0
813.0
712.0
828.0
798.0
766.0
689.0
624.0
690.0
742.0
725.0
557.0
761.0
782.0
729.0
781.0
773.0
708.0
693.0
710.0
684.0
622.0
706.0
696.0
755.0
674.0
733.0
696.0
917.0
633.0
691.0
897.0
801.0
665.0
730.0
709.0
683.0
714.0
697.0
736.0
793.0
709.0
833.0
732.0
734.0
736.0
746.0
725.0
818.0
704.0
711.0
705.0
812.0
558.0
693.0
691.0
561.0
724.0
717.0
784.0
765.0
690.0
669.0
725.0
688.0
672.0
722.0
712.0
852.0
760.0
686.0
686.0
802.0
756.0
635.0
640.0
719.0
695.0
747.0
716.0
673.0
714.0
773.0
855.0
707.0
757.0
818.0
788.0
717.0
676.0
715.0
694.0
756.0
686.0
751.0
694.0
716.0
740.0
707.0
722.0
774.0
757.0
847.0
693.0
703.0
694.0
746.0
715.0
699.0
557.0
708.0
685.0
714.0
552.0
685.0
722.0
726.0
695.0
746.0
687.0
691.0
690.0
714.0
688.0
719.0
731.0
705.0
707.0
631.0
731.0
584.0
592.0
748.0
736.0
818.0
735.0
712.0
776.0
721.0
583.0
652.0
733.0
832.0
709.0
673.0
705.0
731.0
641.0
760.0
686.0
715.0
712.0
914.0
682.0
746.0
628.0
701.0
736.0
717.0
563.0
701.0
586.0
703.0
792.0
756.0
693.0
704.0
740.0
712.0
889.0
690.0
699.0
703.0
670.0
763.0
703.0
700.0
736.0
713.0
766.0
739.0
728.0
771.0
762.0
712.0
723.0
690.0
708.0
745.0
706.0
700.0
720.0
562.0
706.0
877.0
681.0
760.0
1149.0
692.0
719.0
741.0
703.0
733.0
749.0
736.0
750.0
751.0
713.0
777.0
683.0
755.0
707.0
765.0
698.0
724.0
700.0
713.0
590.0
677.0
834.0
680.0
755.0
641.0
731.0
696.0
687.0
681.0
782.0
757.0
584.0
746.0
713.0
715.0
714.0
766.0
713.0
