0.756640231557559
0.7768228577693574
0.6814870400681973
0.8172555500770499
1.3758145003954352
1.082757072660216
0.9092236831238953
0.7244317209192611
0.7808661270001268
0.6171550210759758
1.1365906430727337
0.7423253379405377
0.7459040613447929
3.197335372636411
0.6958019336852185
0.7244317209192611
0.6680884019096058
0.6531079957820677
0.8374718962308961
0.6814870400681973
0.8416152995465196
0.6958019336852185
0.7244317209192611
0.7530615081533036
0.9092236831238953
0.8293853577693577
1.0528495335421504
0.6958019336852185
0.7530615081533036
0.7244317209192611
1.082757072660216
0.6201511023014834
0.6886444868767079
0.8334286270001269
0.6850657634724525
0.7768228577693574
0.7029593804937292
0.7244317209192611
0.918882023634949
0.9575153856791638
0.8899070021017881
1.2288814875567282
0.7065381038979844
0.981661236956798
0.6351315084290217
0.9285403641460027
0.6779083166639419
0.6743295932596867
0.8334286270001269
0.7929959346924343
0.6922232102809631
0.8293853577693577
0.9140528533794222
0.7530615081533036
0.6381275896545293
0.8464444698020465
1.193017948111099
0.9140528533794222
2.3234178111539032
0.918882023634949
0.6958019336852185
0.8705903210796807
2.250591347697027
0.8512736400575733
0.7808661270001268
0.9575153856791638
1.1858452402219732
1.2145360717784766
0.7208529975150058
0.9285403641460027
0.9526862154236369
1.1858452402219732
1.142572150896347
0.7768228577693574
0.7889526654616652
0.6620962394585905
0.6779083166639419
0.34941859941987014
1.0947200883074422
0.8657611508241538
0.894736172357315
1.0229419944240852
0.7929959346924343
0.6958019336852185
0.6993806570894738
0.7315891677277717
0.8051257423847422
0.7970392039232037
0.6680884019096058
1.0528495335421504
1.3364721058936155
0.9478570451681101
0.36316323680495693
0.6743295932596867
1.0169604866004718
1.0648125491893767
1.2217087796676023
1.6201675228725068
0.6850657634724525
0.6201511023014834
0.7101168273022398
0.7315891677277717
0.8899070021017881
1.5313607646887688
0.8754194913352075
0.5203926889856769
1.0947200883074422
0.7889526654616652
0.3358155639138734
0.7280104443235165
0.7808661270001268
1.0408865178949243
0.9526862154236369
0.8705903210796807
0.46541025781734907
0.5719403445173963
0.5384343684217788
0.7172742741107504
0.8416152995465196
0.4799460602864849
0.8172555500770499
0.5203926889856769
0.9285403641460027
0.8657611508241538
1.3758145003954352
0.7889526654616652
0.7646930500770498
1.1365906430727337
0.6531079957820677
0.8512736400575733
0.8051257423847422
0.8334286270001269
1.236054195445854
0.7808661270001268
0.8561028103131001
0.7970392039232037
1.1126646117782815
0.5961824524974221
0.768736319307819
0.7387466145362823
0.8512736400575733
0.8293853577693577
0.9092236831238953
0.43633865287907747
0.7244317209192611
0.7606497808462805
0.5796724928471542
0.8657611508241538
0.756640231557559
0.8212988193078191
1.2145360717784766
0.5332796028686068
1.279090442780609
0.6650923206840982
0.5332796028686068
0.7315891677277717
0.7208529975150058
0.7494827847490483
0.6680884019096058
0.7849093962308961
0.8850778318462612
0.8464444698020465
0.8899070021017881
0.9913195774678516
0.397524830267674
0.8995653426128416
0.7029593804937292
1.193017948111099
0.7065381038979844
0.8416152995465196
1.279090442780609
0.768736319307819
0.6591001582330829
0.6779083166639419
0.36316323680495693
0.7315891677277717
0.8657611508241538
0.8051257423847422
0.5991785337229298
0.7970392039232037
0.8416152995465196
0.7029593804937292
0.8212988193078191
0.9381987046570562
0.7280104443235165
0.7646930500770498
0.801082473153973
1.0648125491893767
0.7172742741107504
0.6501119145565599
0.7606497808462805
0.8212988193078191
0.7208529975150058
0.7172742741107504
0.7530615081533036
0.8293853577693577
0.7459040613447929
0.6922232102809631
0.7646930500770498
1.0009779179789053
0.7244317209192611
2.6729848357469064
0.9043945128683686
0.9430278749125833
0.7808661270001268
0.8899070021017881
0.768736319307819
0.6922232102809631
1.1007015961310551
0.6321354272035139
0.7136955507064952
0.3958067505945381
0.373471714843772
0.6441197521055445
3.13907420187091
1.0528495335421504
0.7768228577693574
0.894736172357315
0.6886444868767079
0.8253420885385883
1.314953982226238
0.8172555500770499
0.6171550210759758
1.0229419944240852
0.7208529975150058
0.8091690116155114
0.6381275896545293
0.8172555500770499
0.7970392039232037
0.6779083166639419
1.3758145003954352
0.9913195774678516
0.7244317209192611
0.7530615081533036
0.9285403641460027
0.3316665752606914
0.6171550210759758
1.279090442780609
0.9478570451681101
0.9671737261902174
0.7929959346924343
0.918882023634949
0.3786259538631796
1.3677084762990497
0.9671737261902174
0.6231471835269909
0.5931863712719145
0.8899070021017881
0.7065381038979844
0.5931863712719145
1.1485536587199596
0.7929959346924343
0.8172555500770499
3.095378323796785
0.6021746149484374
0.981661236956798
0.7423253379405377
1.1007015961310551
0.8051257423847422
0.9720028964457442
0.6779083166639419
0.7423253379405377
0.7244317209192611
0.9092236831238953
1.200190656000225
0.7351678911320271
0.8512736400575733
0.768736319307819
0.6561040770075751
1.0169604866004718
0.5719403445173963
0.7101168273022398
0.7530615081533036
0.37690787419004373
0.7970392039232037
0.37003555549750033
0.7646930500770498
0.6650923206840982
0.7970392039232037
0.6650923206840982
1.6290481986908805
0.8051257423847422
0.6814870400681973
0.5961824524974221
0.801082473153973
0.981661236956798
0.9381987046570562
0.7889526654616652
0.860931980568627
0.6993806570894738
1.0648125491893767
1.0289235022476984
0.3358155639138734
1.0408865178949243
0.8172555500770499
0.6381275896545293
0.8899070021017881
0.4404917392988306
0.9285403641460027
0.7849093962308961
0.9671737261902174
0.6561040770075751
0.44672136892846026
0.6591001582330829
0.8051257423847422
0.7929959346924343
0.35457283843927767
1.1664981821907991
0.7494827847490483
0.9720028964457442
0.5796724928471542
0.5332796028686068
0.5126605406559192
0.6743295932596867
0.7101168273022398
0.7970392039232037
0.5822498756237401
0.9671737261902174
1.1605166743671862
0.6993806570894738
0.6261432647524987
0.9720028964457442
0.3358155639138734
1.1246276274255076
0.6261432647524987
0.7606497808462805
1.0707940570129897
0.5281248373154349
0.7351678911320271
0.9720028964457442
0.9285403641460027
0.6531079957820677
1.2145360717784766
1.1007015961310551
1.5757641437806376
1.193017948111099
0.4799460602864849
0.7351678911320271
0.6471158333310523
0.7494827847490483
1.400132572684592
2.454505445376279
0.6471158333310523
0.4861756899161145
1.200190656000225
0.7889526654616652
0.5961824524974221
1.1485536587199596
1.154535166543573
0.9478570451681101
0.7459040613447929
0.6680884019096058
2.119503713474651
0.7530615081533036
0.5745177272939821
0.7244317209192611
1.3364721058936155
0.6779083166639419
1.5313607646887688
0.7530615081533036
0.9720028964457442
0.7136955507064952
0.801082473153973
1.307781274337112
0.7387466145362823
0.7315891677277717
0.8293853577693577
0.9671737261902174
1.3758145003954352
0.8172555500770499
0.5007114923852504
0.894736172357315
0.7208529975150058
0.7494827847490483
0.6501119145565599
1.0947200883074422
1.0009779179789053
1.082757072660216
0.7423253379405377
0.7423253379405377
0.9768320667012712
0.9913195774678516
0.6561040770075751
0.6779083166639419
1.0169604866004718
0.8293853577693577
0.6291393459780064
0.7606497808462805
0.8051257423847422
0.6922232102809631
0.8091690116155114
1.3364721058936155
0.4674868010272257
0.5961824524974221
1.0009779179789053
1.3364721058936155
0.981661236956798
1.6024061712357591
0.8293853577693577
0.6531079957820677
0.7351678911320271
0.9285403641460027
0.7889526654616652
1.0229419944240852
0.8899070021017881
0.6680884019096058
0.7849093962308961
0.981661236956798
1.4730867895520618
0.7387466145362823
1.1126646117782815
0.6680884019096058
1.9155896157953993
0.5075057751027471
0.756640231557559
0.7101168273022398
0.48202260349636145
1.611286847054133
0.7208529975150058
0.7530615081533036
0.6261432647524987
0.6261432647524987
0.41298754732589665
1.1126646117782815
1.0289235022476984
0.8802486615907343
1.505510885937604
0.7929959346924343
1.2432269033349796
0.6291393459780064
0.6886444868767079
0.7889526654616652
0.5796724928471542
0.6620962394585905
1.3292993980044896
0.6381275896545293
0.7606497808462805
0.6779083166639419
1.5757641437806376
0.6051706961739451
0.6680884019096058
0.522970071762263
0.8899070021017881
0.6650923206840982
0.3648813164780928
0.8995653426128416
1.4406626931665196
0.6231471835269909
0.6291393459780064
1.0887385804838288
0.9913195774678516
0.5538986650812946
1.0767755648366029
0.9671737261902174
1.1858452402219732
0.6471158333310523
0.8657611508241538
0.8561028103131001
0.5770951100705681
1.3596024522026644
0.3580089977855494
0.8705903210796807
0.7387466145362823
0.7808661270001268
0.7244317209192611
1.0109789787768588
1.6201675228725068
1.2432269033349796
2.090373128091901
0.8995653426128416
1.0229419944240852
1.0468680257185374
1.2503996112241054
0.7244317209192611
0.9285403641460027
0.6710844831351135
0.8850778318462612
1.7408061034988978
1.0707940570129897
0.9092236831238953
1.1066831039546683
0.6779083166639419
1.2575723191132313
0.5693629617408104
0.4425682825087071
0.6291393459780064
0.9961487477233785
0.7208529975150058
0.801082473153973
0.9961487477233785
0.4280324800395713
0.7727795885385883
1.2288814875567282
0.4591806281877195
0.5435891339749507
1.172479690014412
0.5203926889856769
0.9140528533794222
0.4716398874469787
0.6141589398504681
0.7101168273022398
0.7065381038979844
0.7768228577693574
1.755371396190273
0.7646930500770498
1.5580027921438901
0.7459040613447929
0.6958019336852185
1.0528495335421504
0.45295099855808985
0.39924290994080985
0.8850778318462612
0.7101168273022398
0.6779083166639419
0.7208529975150058
0.43218556645932443
0.801082473153973
0.8464444698020465
0.5564760478578804
0.7970392039232037
2.177764884240151
0.9526862154236369
0.7768228577693574
0.4280324800395713
0.6650923206840982
0.47371643065685526
1.034905010071311
0.43218556645932443
1.0229419944240852
0.8802486615907343
0.7494827847490483
1.4325566690701341
1.3758145003954352
0.6591001582330829
0.7244317209192611
0.7136955507064952
0.6441197521055445
1.1007015961310551
0.7808661270001268
0.7387466145362823
0.7889526654616652
0.7065381038979844
0.6411236708800371
2.4836360307590293
1.1186461196018942
0.4425682825087071
0.7208529975150058
0.7101168273022398
0.7387466145362823
1.1485536587199596
0.8899070021017881
1.0707940570129897
0.6680884019096058
0.8754194913352075
0.6381275896545293
1.0169604866004718
0.4508744553482133
0.9285403641460027
0.7970392039232037
0.9575153856791638
0.9720028964457442
0.7808661270001268
0.6531079957820677
0.6814870400681973
0.8212988193078191
3.4957301131912732
0.9768320667012712
0.7101168273022398
0.8705903210796807
0.8091690116155114
0.9140528533794222
0.7315891677277717
1.1007015961310551
0.801082473153973
0.6814870400681973
0.8464444698020465
0.6291393459780064
0.981661236956798
0.8172555500770499
0.7065381038979844
0.6620962394585905
0.3358155639138734
0.34082820105419087
1.4568747413592908
0.7727795885385883
0.8212988193078191
3.5431371030447116
1.0169604866004718
0.5991785337229298
0.7768228577693574
1.0887385804838288
0.7244317209192611
0.6814870400681973
0.9430278749125833
0.7351678911320271
0.6321354272035139
0.7768228577693574
1.6290481986908805
0.7387466145362823
0.8850778318462612
0.768736319307819
0.4218028504099417
1.0707940570129897
0.6779083166639419
0.7808661270001268
0.6993806570894738
0.9092236831238953
0.6231471835269909
0.7280104443235165
0.8374718962308961
1.7699366888816483
0.7849093962308961
0.8051257423847422
0.8464444698020465
1.0767755648366029
1.1126646117782815
0.9864904072123247
0.8802486615907343
0.7970392039232037
0.7315891677277717
1.005807088234432
0.7530615081533036
0.9575153856791638
0.7849093962308961
0.4404917392988306
0.6620962394585905
0.5461665167515366
0.43218556645932443
0.7387466145362823
0.8705903210796807
0.9575153856791638
0.6850657634724525
0.9671737261902174
0.7849093962308961
0.9478570451681101
0.34082820105419087
0.9043945128683686
0.8172555500770499
1.0588310413657636
0.6743295932596867
0.8850778318462612
0.9623445559346907
1.200190656000225
0.768736319307819
0.6958019336852185
0.9092236831238953
0.46125717139759603
