0.6459655548069027
1.8258948704311448
1.0395240429567874
1.2284291616898486
1.1629616636597613
0.9045515750352272
0.9971953938846764
0.9869016362347375
0.9869016362347375
0.9457266056349823
0.9096984538601967
1.2434873532744501
0.6718225878584015
0.8382205033472956
1.046020759835891
1.3187783111974585
0.9560203632849211
1.1499682299015535
0.704210370503426
0.8788171809103803
0.7368547179075989
0.8582296656105027
0.8788171809103803
1.2133709701052469
0.7998770383017029
0.7123714573544692
1.2736037364436537
0.8126581933169005
1.0200338923194756
0.7490963481841637
0.704210370503426
1.0023422727096456
0.7450158047586422
1.5061177780616577
0.7205325442055124
0.8633765444354721
0.9096984538601967
0.7082909139289476
0.7123714573544692
0.38715804651766517
0.8685234232604415
0.9096984538601967
1.1369747961433456
0.7531768916096853
0.5508467209785027
2.5585264493785145
0.765793958261176
0.8530827867855334
0.5536966023746396
0.6756465665247748
1.410351732513003
0.8041374233067687
1.2811328322359543
0.9096984538601967
0.7001298270779044
0.7327741744820773
0.7082909139289476
1.0785043442314106
1.0330273260776832
0.914845332685166
1.4538817532169368
0.6588940713326522
0.7870958832865054
1.610000083219402
0.7870958832865054
0.683807653375818
0.8126581933169005
1.3338365027820598
1.130478079264242
0.8685234232604415
1.3338365027820598
1.104491211747826
0.6298049091497161
0.7785751132763737
1.0200338923194756
0.7409352613331205
0.7082909139289476
0.6756465665247748
0.7490963481841637
0.7409352613331205
0.8382205033472956
0.7828354982814395
1.8258948704311448
0.6653583295955268
0.7828354982814395
1.1564649467806574
0.9508734844599518
0.6756465665247748
0.6653583295955268
1.4625877573577237
0.8633765444354721
0.7205325442055124
1.1369747961433456
0.7368547179075989
0.7409352613331205
1.0200338923194756
0.6104121343610921
0.7572731882510443
0.7164520007799908
0.8296997333371638
0.4933226955907731
1.104491211747826
1.326307406989759
0.8479359079605641
1.007489151534615
1.7037896072732501
1.0395240429567874
0.9611672421098906
1.4712937614985107
1.0655109104732028
1.130478079264242
1.497411773920871
1.9937896072732502
0.8296997333371638
1.7648422388521974
0.6685904587269642
1.375527715949856
0.7164520007799908
0.7615335732561103
1.4277637407945767
1.0785043442314106
0.7490963481841637
0.8041374233067687
0.8169185783219663
0.8788171809103803
1.0135371754403715
0.7743147282713078
0.683807653375818
0.7490963481841637
1.0979944948687224
0.7828354982814395
0.7828354982814395
1.0720076273523067
0.6524298130697774
0.7870958832865054
0.8296997333371638
2.28378960727325
0.7123714573544692
0.8582296656105027
0.8685234232604415
0.5251977884132706
0.9508734844599518
0.9508734844599518
1.9937896072732502
0.8339601183422297
1.0785043442314106
1.3037201196128567
0.42479501927720176
1.0200338923194756
0.3929794586081128
0.8126581933169005
0.8736703020854109
0.6685904587269642
0.8041374233067687
0.7450158047586422
0.9199922115101354
1.6575410668259591
2.131158028325882
0.7828354982814395
1.1499682299015535
1.4712937614985107
0.8582296656105027
0.6459655548069027
0.7409352613331205
1.0200338923194756
0.8339601183422297
0.8839640597353496
0.47914455566382724
0.7572731882510443
0.9199922115101354
1.007489151534615
0.9817547574097681
0.8169185783219663
1.1759550974179693
1.0720076273523067
2.4822106599048297
0.6621262004640895
1.1759550974179693
0.7327741744820773
0.6919687402268612
1.288661928028255
1.1369747961433456
0.8736703020854109
0.9508734844599518
1.326307406989759
1.1759550974179693
1.1499682299015535
0.45315129913109325
0.37357475163995413
0.8736703020854109
0.8126581933169005
0.9251390903351048
0.6071800052296547
0.9560203632849211
1.3929397242314296
0.9096984538601967
0.7164520007799908
0.914845332685166
0.6960492836523827
0.6919687402268612
1.0395240429567874
0.8530827867855334
0.6427334256754654
0.914845332685166
0.7828354982814395
0.6653583295955268
0.9096984538601967
0.5821954163360087
0.9560203632849211
0.5080985000364492
1.2058418743129464
2.0548422388521974
0.9663141209348598
0.8211789633270322
1.6195082799407134
0.8582296656105027
1.9937896072732502
1.2660746406513526
0.6756465665247748
1.0135371754403715
1.052517476714995
0.704210370503426
0.8736703020854109
0.8083978083118346
0.7870958832865054
1.1174846455060339
0.8382205033472956
0.7164520007799908
0.770054343266242
1.0914977779896184
0.7998770383017029
0.46969246237919676
1.3338365027820598
1.3668217118090693
0.8839640597353496
0.8736703020854109
0.5736457721475979
0.8633765444354721
0.9714609997598292
1.1434715130224498
0.5166481442248598
0.770054343266242
0.7082909139289476
0.4366101358829898
0.7956166532966371
0.8530827867855334
0.7998770383017029
0.9869016362347375
0.6919687402268612
0.6168763926239665
0.8169185783219663
0.7450158047586422
0.7490963481841637
0.8582296656105027
0.825439348332098
0.7828354982814395
0.7286936310565557
0.8582296656105027
0.49804874223308837
0.9302859691600742
0.7828354982814395
0.8633765444354721
0.6960492836523827
0.7164520007799908
0.7490963481841637
0.7956166532966371
0.8126581933169005
0.7368547179075989
0.5878951791282825
1.1239813623851378
1.0200338923194756
1.1369747961433456
2.543263291483777
0.8942578173852884
0.6960492836523827
2.8485264493785145
0.8839640597353496
1.0590141935940987
2.1006317125364085
0.6556619422012148
0.7327741744820773
0.4720554857003543
0.8169185783219663
1.6480328701046478
1.1174846455060339
0.6878881968013395
1.0590141935940987
0.7785751132763737
0.4271580425983593
0.7123714573544692
0.43424711256183224
1.0655109104732028
1.0023422727096456
0.6491976839383401
1.0979944948687224
0.7164520007799908
1.104491211747826
0.7409352613331205
0.7615335732561103
0.9560203632849211
1.4712937614985107
0.704210370503426
1.0720076273523067
1.3338365027820598
0.8530827867855334
0.8083978083118346
0.7956166532966371
0.8169185783219663
1.8716843441153552
0.7998770383017029
0.5251977884132706
0.9817547574097681
0.9971953938846764
0.940579726810013
0.7123714573544692
0.6524298130697774
0.8891109385603191
0.7743147282713078
0.9714609997598292
1.841158028325882
0.8633765444354721
0.8041374233067687
1.1629616636597613
0.8382205033472956
0.6797271099502964
1.4277637407945767
1.0135371754403715
0.8582296656105027
0.7828354982814395
0.6524298130697774
1.258545544859052
0.8382205033472956
1.0023422727096456
0.8788171809103803
1.4538817532169368
0.3813366344272176
0.8839640597353496
0.9096984538601967
0.3638723981558747
0.9199922115101354
1.3338365027820598
0.8382205033472956
0.7450158047586422
0.6524298130697774
0.7490963481841637
1.4016457283722163
0.7205325442055124
0.6459655548069027
0.8169185783219663
0.6298049091497161
0.9251390903351048
0.9663141209348598
1.326307406989759
0.9251390903351048
0.7956166532966371
0.5736457721475979
0.9611672421098906
0.683807653375818
0.8582296656105027
1.288661928028255
0.5080985000364492
1.3338365027820598
0.9354328479850436
0.5974836178353425
0.60071574696678
2.3601053967469348
0.41044369487945565
0.8839640597353496
1.4277637407945767
0.6797271099502964
0.6653583295955268
0.7001298270779044
0.8427890291355945
0.8942578173852884
1.6290164766620248
0.5942514887039052
0.6960492836523827
1.5339345094489103
0.7490963481841637
0.8169185783219663
1.6670492635472707
0.8211789633270322
0.9508734844599518
1.2058418743129464
1.1564649467806574
0.8736703020854109
0.9354328479850436
0.8211789633270322
0.6718225878584015
0.8296997333371638
0.7828354982814395
0.7998770383017029
0.6756465665247748
0.7956166532966371
0.7082909139289476
0.8994046962102578
0.6878881968013395
0.704210370503426
0.36969381024632236
1.0590141935940987
1.0720076273523067
0.8041374233067687
1.4538817532169368
0.6718225878584015
0.7327741744820773
0.8339601183422297
0.7913562682915711
1.0023422727096456
0.8211789633270322
0.7870958832865054
0.9354328479850436
0.9457266056349823
1.052517476714995
0.6233406508868413
0.683807653375818
0.7785751132763737
0.6556619422012148
0.6878881968013395
0.8839640597353496
0.683807653375818
0.7164520007799908
0.9302859691600742
0.9766078785847987
0.7572731882510443
1.1109879286269302
0.6071800052296547
0.6104121343610921
1.258545544859052
0.7572731882510443
0.9869016362347375
1.0655109104732028
0.7490963481841637
0.9611672421098906
0.7123714573544692
0.7998770383017029
0.5080985000364492
1.734315923062724
0.8083978083118346
0.8296997333371638
0.683807653375818
0.6919687402268612
0.7531768916096853
0.704210370503426
0.9354328479850436
0.7490963481841637
0.7828354982814395
1.104491211747826
0.8296997333371638
0.7956166532966371
1.1564649467806574
0.7123714573544692
0.9508734844599518
1.046020759835891
0.9096984538601967
0.8296997333371638
0.7956166532966371
0.8427890291355945
0.914845332685166
0.8339601183422297
0.6797271099502964
0.4815075789849849
0.9457266056349823
0.7870958832865054
0.8083978083118346
0.765793958261176
1.3929397242314296
0.8839640597353496
0.7870958832865054
1.0785043442314106
0.6556619422012148
0.7368547179075989
0.7743147282713078
0.7205325442055124
0.8041374233067687
0.8041374233067687
0.7082909139289476
0.9199922115101354
2.451684344115356
0.7490963481841637
0.7409352613331205
0.7164520007799908
0.8839640597353496
0.8942578173852884
0.5479968395823658
0.8685234232604415
0.8382205033472956
0.7409352613331205
0.6718225878584015
0.8169185783219663
0.7450158047586422
0.7368547179075989
0.9096984538601967
0.7205325442055124
0.6524298130697774
1.0200338923194756
1.130478079264242
0.7327741744820773
0.5974836178353425
0.940579726810013
3.9003961939958716
0.8211789633270322
0.5793455349398717
0.6588940713326522
0.8169185783219663
0.7205325442055124
0.6621262004640895
0.7082909139289476
0.7615335732561103
1.1759550974179693
0.8427890291355945
0.6395012965440281
0.9869016362347375
0.4885966489484578
0.6621262004640895
0.9611672421098906
0.6919687402268612
0.9560203632849211
0.6588940713326522
0.7998770383017029
0.6960492836523827
0.765793958261176
0.7870958832865054
0.7409352613331205
0.7123714573544692
0.704210370503426
0.8479359079605641
2.23800013358904
0.7368547179075989
1.2736037364436537
0.8126581933169005
0.5736457721475979
0.6685904587269642
0.5793455349398717
0.7327741744820773
0.36969381024632236
0.7572731882510443
1.0330273260776832
0.7205325442055124
0.4085032241826398
0.8942578173852884
0.7828354982814395
1.0330273260776832
0.8633765444354721
0.7001298270779044
0.7286936310565557
0.7828354982814395
3.046947502010093
0.7870958832865054
0.7998770383017029
0.6756465665247748
0.765793958261176
0.44842525248877807
0.940579726810013
0.8633765444354721
0.8685234232604415
0.7531768916096853
0.914845332685166
0.7531768916096853
0.8126581933169005
0.8839640597353496
0.9302859691600742
1.4364697449353634
0.9714609997598292
0.8633765444354721
0.6265727800182787
0.7490963481841637
1.0023422727096456
0.8530827867855334
0.7785751132763737
0.704210370503426
0.7123714573544692
0.6718225878584015
0.6039478760982173
1.1983127785206455
2.131158028325882
0.8582296656105027
0.6588940713326522
0.8839640597353496
0.7913562682915711
1.0200338923194756
1.734315923062724
0.7828354982814395
0.8530827867855334
0.8582296656105027
1.3929397242314296
1.3581157076682826
0.6653583295955268
0.914845332685166
1.052517476714995
0.570795890751461
2.2074738177995665
0.7870958832865054
1.2660746406513526
1.3581157076682826
0.43424711256183224
