701.0
730.0
711.0
705.0
875.0
701.0
702.0
694.0
761.0
791.0
819.0
709.0
948.0
721.0
608.0
729.0
734.0
770.0
728.0
598.0
758.0
748.0
741.0
714.0
786.0
821.0
706.0
764.0
876.0
715.0
750.0
790.0
590.0
690.0
745.0
745.0
777.0
713.0
759.0
734.0
719.0
725.0
875.0
819.0
678.0
807.0
708.0
703.0
726.0
734.0
772.0
742.0
730.0
744.0
703.0
862.0
748.0
730.0
686.0
807.0
738.0
733.0
682.0
773.0
914.0
778.0
782.0
842.0
655.0
725.0
702.0
693.0
705.0
763.0
592.0
869.0
754.0
707.0
870.0
745.0
769.0
721.0
727.0
998.0
703.0
993.0
727.0
769.0
784.0
698.0
706.0
742.0
748.0
872.0
718.0
808.0
808.0
746.0
715.0
678.0
718.0
729.0
774.0
710.0
789.0
772.0
741.0
818.0
697.0
789.0
710.0
622.0
702.0
766.0
633.0
845.0
744.0
696.0
714.0
692.0
722.0
756.0
743.0
708.0
729.0
710.0
730.0
802.0
751.0
784.0
767.0
682.0
751.0
726.0
678.0
635.0
736.0
763.0
773.0
763.0
754.0
765.0
826.0
725.0
604.0
801.0
839.0
712.0
762.0
713.0
720.0
744.0
581.0
788.0
772.0
690.0
686.0
722.0
868.0
791.0
724.0
700.0
763.0
767.0
730.0
823.0
727.0
843.0
744.0
690.0
701.0
672.0
765.0
738.0
770.0
830.0
730.0
869.0
773.0
732.0
726.0
763.0
769.0
777.0
730.0
911.0
744.0
773.0
605.0
751.0
810.0
769.0
765.0
794.0
696.0
726.0
760.0
676.0
884.0
737.0
751.0
740.0
715.0
700.0
771.0
699.0
754.0
731.0
712.0
828.0
706.0
744.0
722.0
760.0
715.0
721.0
774.0
706.0
551.0
760.0
788.0
712.0
592.0
705.0
711.0
722.0
722.0
743.0
718.0
777.0
786.0
824.0
759.0
714.0
946.0
726.0
749.0
729.0
734.0
713.0
587.0
800.0
714.0
834.0
916.0
723.0
746.0
790.0
745.0
755.0
767.0
718.0
765.0
733.0
734.0
738.0
736.0
753.0
709.0
877.0
706.0
697.0
824.0
860.0
718.0
729.0
713.0
686.0
769.0
850.0
746.0
731.0
720.0
730.0
746.0
704.0
636.0
706.0
724.0
721.0
834.0
757.0
705.0
710.0
774.0
759.0
717.0
746.0
745.0
717.0
744.0
854.0
715.0
838.0
734.0
791.0
717.0
735.0
717.0
717.0
791.0
812.0
645.0
714.0
803.0
676.0
678.0
741.0
797.0
725.0
612.0
815.0
744.0
765.0
745.0
594.0
851.0
741.0
751.0
752.0
778.0
752.0
580.0
703.0
758.0
971.0
717.0
726.0
714.0
868.0
701.0
718.0
806.0
850.0
751.0
747.0
730.0
808.0
716.0
732.0
714.0
728.0
846.0
690.0
752.0
791.0
696.0
766.0
745.0
767.0
786.0
739.0
849.0
581.0
697.0
730.0
747.0
752.0
821.0
798.0
673.0
881.0
634.0
872.0
736.0
634.0
776.0
719.0
753.0
698.0
731.0
766.0
745.0
708.0
869.0
749.0
718.0
548.0
762.0
699.0
738.0
714.0
766.0
829.0
702.0
773.0
758.0
796.0
733.0
741.0
750.0
731.0
692.0
723.0
738.0
709.0
761.0
729.0
702.0
696.0
819.0
657.0
811.0
699.0
689.0
802.0
693.0
746.0
789.0
776.0
800.0
635.0
746.0
753.0
752.0
720.0
726.0
740.0
884.0
766.0
723.0
736.0
714.0
685.0
736.0
723.0
981.0
738.0
843.0
706.0
757.0
720.0
733.0
752.0
736.0
855.0
692.0
731.0
725.0
706.0
790.0
793.0
709.0
626.0
714.0
707.0
797.0
725.0
771.0
749.0
770.0
784.0
803.0
747.0
833.0
770.0
720.0
754.0
724.0
718.0
802.0
770.0
774.0
699.0
922.0
794.0
694.0
720.0
702.0
734.0
686.0
745.0
709.0
686.0
714.0
886.0
775.0
820.0
780.0
822.0
728.0
714.0
714.0
787.0
726.0
781.0
729.0
704.0
702.0
803.0
806.0
716.0
693.0
701.0
858.0
555.0
726.0
754.0
732.0
735.0
816.0
680.0
742.0
737.0
800.0
775.0
792.0
771.0
734.0
720.0
741.0
765.0
801.0
706.0
710.0
734.0
783.0
734.0
749.0
712.0
742.0
753.0
702.0
742.0
711.0
742.0
706.0
732.0
811.0
674.0
825.0
748.0
754.0
738.0
717.0
726.0
741.0
748.0
689.0
765.0
698.0
729.0
737.0
766.0
747.0
886.0
758.0
838.0
701.0
756.0
917.0
610.0
754.0
707.0
858.0
845.0
757.0
729.0
564.0
714.0
755.0
740.0
749.0
676.0
728.0
670.0
687.0
740.0
711.0
776.0
710.0
679.0
870.0
628.0
754.0
794.0
744.0
762.0
723.0
706.0
720.0
701.0
784.0
723.0
747.0
738.0
782.0
714.0
593.0
784.0
719.0
677.0
710.0
715.0
763.0
715.0
592.0
738.0
635.0
757.0
804.0
869.0
776.0
771.0
715.0
751.0
732.0
737.0
755.0
703.0
660.0
729.0
548.0
813.0
702.0
694.0
739.0
622.0
850.0
714.0
847.0
750.0
716.0
738.0
712.0
826.0
772.0
715.0
892.0
890.0
581.0
685.0
770.0
771.0
559.0
754.0
789.0
837.0
750.0
633.0
866.0
548.0
744.0
796.0
698.0
725.0
771.0
834.0
742.0
773.0
676.0
739.0
747.0
743.0
699.0
724.0
728.0
696.0
714.0
727.0
737.0
706.0
676.0
573.0
737.0
755.0
748.0
697.0
750.0
716.0
714.0
668.0
815.0
824.0
748.0
781.0
749.0
742.0
769.0
711.0
608.0
774.0
698.0
824.0
782.0
797.0
715.0
762.0
707.0
773.0
858.0
740.0
829.0
734.0
626.0
760.0
693.0
658.0
559.0
744.0
716.0
736.0
666.0
726.0
589.0
778.0
777.0
818.0
720.0
734.0
717.0
715.0
722.0
722.0
713.0
826.0
604.0
685.0
726.0
719.0
722.0
844.0
706.0
707.0
718.0
684.0
759.0
907.0
854.0
741.0
701.0
757.0
744.0
703.0
1008.0
727.0
731.0
829.0
728.0
789.0
774.0
793.0
733.0
918.0
