805.0
739.0
730.0
747.0
756.0
835.0
814.0
722.0
726.0
740.0
733.0
721.0
720.0
729.0
733.0
715.0
738.0
754.0
797.0
708.0
710.0
805.0
809.0
663.0
585.0
649.0
821.0
789.0
738.0
701.0
810.0
794.0
760.0
728.0
612.0
692.0
764.0
870.0
724.0
782.0
755.0
752.0
654.0
695.0
747.0
736.0
780.0
789.0
736.0
710.0
741.0
752.0
762.0
793.0
941.0
741.0
745.0
875.0
723.0
579.0
856.0
722.0
791.0
701.0
596.0
692.0
840.0
821.0
714.0
706.0
804.0
718.0
743.0
781.0
772.0
718.0
658.0
724.0
756.0
730.0
729.0
859.0
824.0
780.0
742.0
735.0
715.0
748.0
712.0
805.0
824.0
700.0
838.0
749.0
746.0
730.0
902.0
840.0
676.0
795.0
761.0
722.0
788.0
806.0
724.0
774.0
714.0
777.0
773.0
814.0
645.0
759.0
772.0
780.0
841.0
709.0
749.0
804.0
879.0
772.0
736.0
772.0
717.0
606.0
747.0
949.0
721.0
812.0
738.0
722.0
758.0
628.0
994.0
773.0
746.0
840.0
860.0
757.0
784.0
786.0
759.0
753.0
734.0
776.0
760.0
749.0
805.0
746.0
703.0
795.0
718.0
730.0
726.0
715.0
747.0
746.0
728.0
805.0
744.0
817.0
906.0
782.0
758.0
777.0
773.0
718.0
712.0
790.0
744.0
688.0
906.0
760.0
709.0
589.0
763.0
705.0
695.0
653.0
763.0
742.0
749.0
750.0
825.0
736.0
780.0
715.0
759.0
734.0
706.0
749.0
720.0
673.0
819.0
706.0
726.0
794.0
773.0
717.0
725.0
711.0
923.0
817.0
794.0
769.0
904.0
740.0
761.0
740.0
757.0
857.0
717.0
853.0
632.0
728.0
773.0
815.0
721.0
834.0
722.0
803.0
868.0
843.0
757.0
806.0
820.0
741.0
802.0
850.0
672.0
804.0
635.0
721.0
858.0
738.0
870.0
662.0
762.0
686.0
818.0
767.0
690.0
784.0
721.0
708.0
925.0
738.0
996.0
704.0
811.0
731.0
994.0
733.0
830.0
721.0
677.0
734.0
744.0
696.0
807.0
828.0
765.0
890.0
790.0
728.0
883.0
754.0
676.0
772.0
727.0
729.0
716.0
773.0
790.0
772.0
758.0
733.0
762.0
762.0
717.0
791.0
777.0
728.0
708.0
841.0
891.0
753.0
706.0
644.0
711.0
745.0
754.0
788.0
759.0
780.0
798.0
746.0
823.0
940.0
825.0
811.0
714.0
706.0
756.0
715.0
813.0
736.0
745.0
827.0
735.0
693.0
735.0
784.0
652.0
727.0
858.0
725.0
800.0
720.0
726.0
737.0
718.0
758.0
802.0
722.0
762.0
890.0
885.0
740.0
901.0
847.0
804.0
651.0
713.0
738.0
731.0
765.0
729.0
836.0
770.0
765.0
738.0
706.0
716.0
785.0
725.0
848.0
653.0
728.0
807.0
806.0
693.0
765.0
683.0
878.0
798.0
830.0
710.0
690.0
861.0
773.0
797.0
818.0
726.0
730.0
778.0
742.0
786.0
709.0
695.0
724.0
792.0
990.0
767.0
710.0
838.0
736.0
690.0
778.0
725.0
712.0
803.0
591.0
643.0
691.0
728.0
786.0
738.0
725.0
781.0
727.0
618.0
735.0
725.0
754.0
861.0
822.0
722.0
786.0
820.0
746.0
740.0
706.0
768.0
711.0
854.0
740.0
817.0
770.0
753.0
733.0
779.0
858.0
716.0
770.0
750.0
717.0
796.0
734.0
741.0
694.0
742.0
734.0
755.0
746.0
710.0
858.0
746.0
741.0
731.0
707.0
722.0
757.0
654.0
737.0
772.0
767.0
712.0
717.0
715.0
744.0
833.0
842.0
698.0
700.0
744.0
880.0
772.0
723.0
957.0
752.0
784.0
733.0
714.0
727.0
724.0
784.0
742.0
709.0
739.0
820.0
722.0
600.0
742.0
878.0
782.0
765.0
783.0
754.0
734.0
682.0
955.0
784.0
724.0
779.0
785.0
893.0
596.0
785.0
783.0
791.0
658.0
658.0
737.0
874.0
745.0
709.0
751.0
745.0
725.0
625.0
818.0
773.0
849.0
741.0
680.0
741.0
742.0
756.0
740.0
709.0
820.0
882.0
713.0
716.0
864.0
738.0
735.0
770.0
736.0
786.0
768.0
720.0
758.0
705.0
724.0
788.0
612.0
778.0
679.0
708.0
696.0
769.0
731.0
778.0
779.0
617.0
744.0
770.0
859.0
718.0
728.0
811.0
750.0
729.0
769.0
922.0
710.0
724.0
692.0
756.0
787.0
592.0
697.0
876.0
722.0
833.0
848.0
714.0
747.0
713.0
725.0
727.0
768.0
722.0
808.0
785.0
733.0
832.0
783.0
845.0
739.0
725.0
688.0
713.0
726.0
613.0
586.0
802.0
709.0
732.0
890.0
740.0
741.0
866.0
820.0
738.0
744.0
739.0
699.0
765.0
978.0
765.0
726.0
760.0
753.0
765.0
696.0
856.0
730.0
693.0
723.0
733.0
713.0
717.0
806.0
690.0
714.0
741.0
759.0
825.0
752.0
800.0
710.0
766.0
733.0
718.0
751.0
744.0
734.0
694.0
620.0
575.0
748.0
627.0
790.0
894.0
668.0
703.0
808.0
746.0
773.0
