791.0
748.0
800.0
642.0
800.0
761.0
772.0
737.0
777.0
736.0
726.0
729.0
729.0
707.0
693.0
738.0
692.0
689.0
705.0
750.0
570.0
758.0
736.0
758.0
700.0
830.0
552.0
692.0
773.0
729.0
720.0
711.0
711.0
726.0
660.0
669.0
717.0
811.0
732.0
707.0
697.0
755.0
674.0
718.0
733.0
723.0
694.0
694.0
754.0
833.0
760.0
872.0
693.0
731.0
787.0
666.0
704.0
762.0
787.0
723.0
759.0
709.0
669.0
619.0
677.0
692.0
994.0
777.0
584.0
694.0
552.0
748.0
758.0
605.0
729.0
716.0
708.0
772.0
762.0
753.0
752.0
716.0
830.0
772.0
676.0
782.0
754.0
700.0
722.0
728.0
562.0
734.0
777.0
696.0
703.0
727.0
737.0
697.0
676.0
722.0
563.0
763.0
745.0
725.0
585.0
553.0
777.0
700.0
578.0
741.0
694.0
730.0
905.0
707.0
725.0
730.0
762.0
690.0
936.0
747.0
685.0
740.0
709.0
632.0
747.0
747.0
756.0
914.0
724.0
688.0
729.0
685.0
709.0
701.0
752.0
714.0
742.0
680.0
708.0
713.0
781.0
688.0
695.0
737.0
861.0
744.0
741.0
797.0
706.0
689.0
729.0
591.0
743.0
739.0
748.0
712.0
698.0
786.0
674.0
669.0
837.0
744.0
715.0
701.0
754.0
714.0
765.0
741.0
741.0
709.0
725.0
605.0
704.0
826.0
849.0
815.0
718.0
706.0
683.0
738.0
776.0
681.0
685.0
722.0
691.0
850.0
748.0
649.0
765.0
711.0
723.0
745.0
714.0
720.0
696.0
778.0
701.0
708.0
717.0
707.0
824.0
718.0
1002.0
727.0
664.0
684.0
725.0
559.0
633.0
677.0
715.0
732.0
869.0
765.0
814.0
778.0
688.0
737.0
1009.0
814.0
705.0
738.0
722.0
712.0
726.0
715.0
756.0
718.0
720.0
779.0
749.0
683.0
710.0
718.0
721.0
781.0
825.0
813.0
681.0
687.0
682.0
777.0
825.0
750.0
885.0
700.0
686.0
773.0
683.0
722.0
727.0
733.0
702.0
731.0
731.0
711.0
710.0
663.0
1021.0
678.0
710.0
789.0
738.0
734.0
756.0
909.0
710.0
801.0
701.0
718.0
714.0
741.0
814.0
835.0
703.0
720.0
824.0
763.0
770.0
716.0
604.0
718.0
608.0
709.0
700.0
730.0
891.0
736.0
693.0
672.0
730.0
703.0
632.0
802.0
597.0
690.0
762.0
687.0
602.0
776.0
712.0
564.0
772.0
797.0
863.0
746.0
707.0
768.0
760.0
698.0
712.0
706.0
775.0
658.0
698.0
705.0
798.0
712.0
700.0
705.0
702.0
756.0
774.0
770.0
788.0
792.0
710.0
752.0
749.0
706.0
677.0
613.0
585.0
728.0
704.0
687.0
709.0
718.0
756.0
718.0
842.0
848.0
699.0
778.0
631.0
711.0
734.0
759.0
732.0
756.0
705.0
900.0
748.0
729.0
720.0
803.0
712.0
709.0
784.0
677.0
749.0
568.0
755.0
709.0
715.0
904.0
672.0
685.0
715.0
692.0
802.0
693.0
716.0
672.0
714.0
747.0
737.0
687.0
724.0
688.0
705.0
730.0
680.0
678.0
606.0
742.0
765.0
774.0
658.0
678.0
715.0
782.0
800.0
721.0
781.0
662.0
709.0
701.0
696.0
822.0
860.0
677.0
731.0
783.0
853.0
590.0
1287.0
722.0
703.0
841.0
775.0
701.0
692.0
567.0
730.0
727.0
707.0
673.0
774.0
715.0
744.0
690.0
698.0
704.0
697.0
701.0
737.0
716.0
818.0
666.0
747.0
682.0
769.0
704.0
774.0
790.0
717.0
910.0
731.0
685.0
644.0
703.0
713.0
836.0
650.0
731.0
715.0
710.0
863.0
708.0
733.0
704.0
693.0
685.0
685.0
784.0
791.0
744.0
717.0
703.0
596.0
763.0
805.0
736.0
638.0
728.0
702.0
683.0
759.0
699.0
731.0
717.0
627.0
689.0
698.0
856.0
741.0
858.0
867.0
905.0
637.0
738.0
736.0
690.0
675.0
746.0
708.0
689.0
746.0
562.0
749.0
778.0
677.0
706.0
766.0
670.0
788.0
1032.0
782.0
677.0
766.0
630.0
708.0
753.0
820.0
714.0
715.0
740.0
714.0
765.0
681.0
730.0
711.0
763.0
689.0
683.0
841.0
688.0
685.0
781.0
734.0
731.0
748.0
560.0
826.0
637.0
566.0
811.0
719.0
712.0
706.0
653.0
681.0
726.0
583.0
701.0
825.0
698.0
727.0
846.0
675.0
673.0
692.0
667.0
724.0
776.0
864.0
777.0
752.0
730.0
753.0
794.0
758.0
711.0
715.0
752.0
707.0
717.0
891.0
751.0
682.0
710.0
687.0
713.0
737.0
727.0
747.0
778.0
682.0
670.0
734.0
703.0
793.0
758.0
733.0
722.0
710.0
796.0
695.0
713.0
574.0
592.0
766.0
690.0
726.0
847.0
701.0
707.0
557.0
629.0
722.0
752.0
724.0
702.0
733.0
722.0
761.0
854.0
657.0
741.0
688.0
795.0
726.0
696.0
728.0
684.0
684.0
721.0
790.0
673.0
707.0
723.0
708.0
685.0
695.0
716.0
712.0
678.0
746.0
670.0
682.0
762.0
710.0
698.0
743.0
705.0
804.0
712.0
720.0
657.0
809.0
700.0
722.0
765.0
775.0
814.0
876.0
688.0
701.0
697.0
702.0
691.0
707.0
756.0
690.0
757.0
826.0
731.0
786.0
712.0
717.0
736.0
725.0
578.0
752.0
