767.0
742.0
750.0
767.0
743.0
934.0
722.0
821.0
773.0
816.0
773.0
750.0
757.0
797.0
765.0
749.0
697.0
821.0
912.0
716.0
894.0
740.0
765.0
797.0
779.0
769.0
732.0
908.0
791.0
700.0
723.0
706.0
747.0
616.0
796.0
781.0
744.0
720.0
774.0
753.0
750.0
756.0
864.0
815.0
759.0
789.0
872.0
712.0
776.0
774.0
789.0
578.0
770.0
868.0
732.0
794.0
747.0
849.0
757.0
813.0
774.0
815.0
826.0
748.0
829.0
786.0
773.0
837.0
591.0
763.0
833.0
746.0
779.0
762.0
750.0
753.0
731.0
733.0
755.0
740.0
776.0
857.0
625.0
739.0
822.0
766.0
733.0
769.0
816.0
750.0
755.0
759.0
798.0
756.0
763.0
734.0
746.0
850.0
814.0
657.0
808.0
754.0
618.0
584.0
759.0
770.0
802.0
747.0
560.0
745.0
910.0
857.0
605.0
593.0
697.0
708.0
802.0
743.0
744.0
739.0
591.0
810.0
748.0
772.0
767.0
686.0
749.0
832.0
860.0
760.0
581.0
733.0
780.0
792.0
694.0
746.0
957.0
729.0
770.0
721.0
796.0
732.0
561.0
776.0
749.0
739.0
832.0
730.0
777.0
759.0
775.0
753.0
833.0
749.0
770.0
754.0
757.0
867.0
725.0
765.0
741.0
738.0
742.0
731.0
731.0
733.0
850.0
745.0
749.0
773.0
733.0
746.0
786.0
755.0
726.0
819.0
875.0
752.0
598.0
782.0
844.0
815.0
693.0
891.0
773.0
801.0
745.0
746.0
769.0
766.0
827.0
776.0
901.0
843.0
820.0
788.0
780.0
735.0
730.0
741.0
770.0
780.0
722.0
818.0
752.0
734.0
730.0
775.0
746.0
757.0
765.0
754.0
753.0
745.0
775.0
724.0
754.0
875.0
840.0
754.0
771.0
784.0
761.0
741.0
730.0
796.0
790.0
825.0
747.0
595.0
833.0
756.0
824.0
808.0
805.0
770.0
763.0
770.0
742.0
789.0
725.0
749.0
769.0
859.0
746.0
808.0
760.0
753.0
782.0
725.0
822.0
734.0
832.0
761.0
738.0
751.0
768.0
730.0
839.0
744.0
719.0
729.0
906.0
738.0
808.0
760.0
804.0
570.0
788.0
740.0
790.0
721.0
804.0
584.0
624.0
715.0
882.0
818.0
770.0
672.0
720.0
810.0
810.0
782.0
769.0
749.0
766.0
862.0
809.0
754.0
758.0
781.0
802.0
777.0
762.0
774.0
719.0
801.0
810.0
858.0
752.0
722.0
765.0
747.0
776.0
754.0
860.0
773.0
787.0
730.0
787.0
759.0
777.0
700.0
790.0
732.0
646.0
838.0
807.0
720.0
894.0
768.0
809.0
861.0
755.0
805.0
836.0
590.0
785.0
745.0
835.0
775.0
736.0
568.0
780.0
833.0
825.0
786.0
734.0
893.0
823.0
811.0
746.0
763.0
736.0
752.0
854.0
895.0
743.0
794.0
810.0
768.0
778.0
767.0
809.0
685.0
749.0
751.0
767.0
890.0
773.0
775.0
787.0
784.0
727.0
896.0
752.0
663.0
898.0
773.0
915.0
753.0
873.0
742.0
769.0
921.0
906.0
733.0
661.0
718.0
770.0
720.0
752.0
752.0
664.0
778.0
565.0
788.0
729.0
789.0
710.0
785.0
775.0
819.0
692.0
805.0
777.0
851.0
803.0
822.0
757.0
736.0
591.0
720.0
786.0
713.0
760.0
788.0
788.0
740.0
733.0
731.0
768.0
752.0
774.0
729.0
763.0
784.0
807.0
753.0
736.0
814.0
751.0
626.0
729.0
743.0
756.0
762.0
936.0
772.0
807.0
753.0
738.0
808.0
713.0
744.0
757.0
749.0
778.0
774.0
788.0
761.0
839.0
749.0
744.0
721.0
786.0
736.0
786.0
746.0
732.0
778.0
805.0
712.0
734.0
725.0
787.0
786.0
754.0
780.0
815.0
776.0
791.0
585.0
747.0
761.0
752.0
742.0
851.0
764.0
582.0
789.0
755.0
735.0
765.0
785.0
756.0
706.0
792.0
747.0
994.0
760.0
826.0
733.0
873.0
738.0
732.0
802.0
763.0
760.0
794.0
793.0
720.0
928.0
780.0
724.0
649.0
658.0
863.0
776.0
752.0
764.0
741.0
744.0
742.0
741.0
809.0
917.0
826.0
710.0
848.0
916.0
734.0
747.0
734.0
786.0
817.0
746.0
766.0
884.0
841.0
764.0
850.0
765.0
733.0
660.0
764.0
814.0
798.0
718.0
629.0
741.0
574.0
869.0
787.0
750.0
771.0
819.0
715.0
880.0
820.0
776.0
629.0
916.0
736.0
716.0
756.0
721.0
719.0
802.0
785.0
753.0
819.0
718.0
857.0
722.0
870.0
815.0
790.0
766.0
830.0
794.0
725.0
737.0
820.0
761.0
737.0
812.0
720.0
741.0
760.0
769.0
773.0
830.0
785.0
584.0
838.0
738.0
1102.0
718.0
619.0
789.0
774.0
748.0
755.0
763.0
810.0
773.0
813.0
745.0
759.0
886.0
781.0
838.0
617.0
790.0
591.0
665.0
789.0
845.0
745.0
917.0
593.0
746.0
744.0
737.0
789.0
824.0
725.0
776.0
874.0
782.0
725.0
925.0
713.0
820.0
787.0
819.0
741.0
749.0
632.0
802.0
744.0
812.0
754.0
753.0
727.0
754.0
708.0
834.0
786.0
782.0
733.0
616.0
834.0
754.0
769.0
778.0
853.0
1007.0
758.0
733.0
788.0
727.0
725.0
757.0
741.0
690.0
751.0
704.0
772.0
734.0
747.0
746.0
746.0
