690.0
733.0
667.0
675.0
710.0
738.0
704.0
717.0
683.0
728.0
693.0
730.0
638.0
746.0
664.0
727.0
649.0
729.0
766.0
661.0
658.0
665.0
698.0
693.0
687.0
818.0
655.0
726.0
752.0
847.0
664.0
712.0
808.0
609.0
688.0
674.0
624.0
595.0
747.0
650.0
672.0
690.0
721.0
736.0
688.0
625.0
597.0
720.0
721.0
666.0
709.0
733.0
672.0
700.0
667.0
675.0
674.0
678.0
680.0
725.0
804.0
708.0
679.0
649.0
823.0
669.0
714.0
708.0
740.0
717.0
705.0
641.0
747.0
813.0
716.0
677.0
657.0
716.0
765.0
685.0
690.0
688.0
658.0
694.0
740.0
692.0
644.0
674.0
685.0
571.0
697.0
699.0
710.0
758.0
665.0
665.0
674.0
656.0
678.0
1021.0
753.0
739.0
684.0
712.0
688.0
709.0
721.0
672.0
661.0
676.0
602.0
640.0
684.0
708.0
706.0
633.0
658.0
658.0
829.0
682.0
726.0
673.0
708.0
850.0
709.0
642.0
680.0
683.0
666.0
636.0
686.0
744.0
685.0
737.0
679.0
692.0
717.0
734.0
687.0
731.0
704.0
661.0
608.0
681.0
645.0
761.0
793.0
706.0
827.0
673.0
697.0
684.0
612.0
649.0
684.0
707.0
668.0
720.0
709.0
702.0
671.0
661.0
712.0
712.0
724.0
693.0
682.0
637.0
677.0
609.0
749.0
702.0
715.0
714.0
663.0
708.0
709.0
699.0
677.0
747.0
654.0
582.0
666.0
711.0
697.0
701.0
685.0
677.0
746.0
683.0
725.0
662.0
650.0
669.0
688.0
777.0
658.0
681.0
701.0
785.0
693.0
785.0
720.0
653.0
709.0
597.0
697.0
696.0
699.0
809.0
698.0
657.0
677.0
774.0
677.0
670.0
712.0
757.0
607.0
645.0
660.0
660.0
693.0
661.0
713.0
781.0
654.0
757.0
698.0
724.0
704.0
820.0
662.0
710.0
805.0
662.0
689.0
814.0
672.0
696.0
678.0
651.0
668.0
683.0
751.0
755.0
706.0
748.0
686.0
667.0
797.0
672.0
749.0
657.0
722.0
667.0
702.0
665.0
653.0
653.0
901.0
796.0
671.0
666.0
688.0
789.0
678.0
651.0
760.0
745.0
679.0
608.0
670.0
765.0
692.0
625.0
797.0
735.0
648.0
685.0
661.0
759.0
675.0
599.0
680.0
663.0
697.0
697.0
651.0
653.0
760.0
568.0
784.0
666.0
716.0
792.0
677.0
667.0
773.0
701.0
754.0
666.0
585.0
791.0
674.0
709.0
656.0
689.0
699.0
659.0
668.0
728.0
676.0
709.0
711.0
684.0
688.0
630.0
785.0
749.0
650.0
678.0
690.0
659.0
651.0
665.0
801.0
677.0
710.0
670.0
686.0
677.0
755.0
737.0
729.0
677.0
695.0
578.0
645.0
808.0
695.0
672.0
691.0
737.0
789.0
871.0
660.0
653.0
723.0
693.0
577.0
686.0
690.0
812.0
683.0
705.0
647.0
631.0
732.0
656.0
690.0
653.0
707.0
728.0
734.0
693.0
728.0
653.0
700.0
838.0
682.0
678.0
664.0
666.0
817.0
783.0
686.0
675.0
701.0
851.0
696.0
622.0
689.0
672.0
687.0
616.0
653.0
673.0
653.0
664.0
654.0
749.0
720.0
685.0
705.0
679.0
672.0
714.0
696.0
615.0
675.0
660.0
673.0
712.0
717.0
710.0
654.0
738.0
700.0
687.0
730.0
711.0
653.0
724.0
696.0
706.0
685.0
658.0
686.0
685.0
736.0
649.0
690.0
724.0
704.0
692.0
814.0
689.0
724.0
762.0
688.0
649.0
658.0
678.0
662.0
673.0
664.0
759.0
694.0
693.0
713.0
730.0
693.0
766.0
689.0
674.0
658.0
688.0
724.0
754.0
690.0
670.0
653.0
703.0
690.0
660.0
699.0
710.0
756.0
679.0
702.0
840.0
717.0
678.0
685.0
681.0
680.0
762.0
661.0
750.0
672.0
827.0
695.0
578.0
577.0
668.0
680.0
659.0
654.0
719.0
737.0
697.0
702.0
684.0
761.0
590.0
687.0
580.0
666.0
732.0
705.0
715.0
744.0
690.0
779.0
658.0
663.0
765.0
687.0
707.0
683.0
700.0
649.0
672.0
712.0
702.0
690.0
733.0
678.0
707.0
672.0
586.0
829.0
700.0
722.0
778.0
603.0
662.0
765.0
701.0
660.0
676.0
667.0
683.0
712.0
692.0
661.0
714.0
685.0
692.0
592.0
619.0
653.0
657.0
741.0
821.0
707.0
669.0
667.0
594.0
717.0
816.0
774.0
666.0
701.0
769.0
802.0
610.0
757.0
729.0
697.0
709.0
705.0
657.0
588.0
666.0
845.0
660.0
663.0
762.0
649.0
828.0
625.0
678.0
645.0
688.0
673.0
725.0
704.0
885.0
692.0
667.0
681.0
644.0
713.0
715.0
683.0
668.0
795.0
740.0
734.0
690.0
687.0
677.0
736.0
650.0
695.0
680.0
709.0
678.0
694.0
747.0
672.0
754.0
586.0
685.0
747.0
669.0
683.0
725.0
746.0
710.0
687.0
826.0
658.0
680.0
667.0
691.0
641.0
677.0
696.0
802.0
754.0
642.0
665.0
786.0
712.0
740.0
757.0
646.0
724.0
633.0
647.0
666.0
675.0
698.0
682.0
715.0
668.0
862.0
677.0
661.0
925.0
721.0
837.0
730.0
693.0
577.0
684.0
692.0
698.0
654.0
651.0
658.0
685.0
701.0
688.0
649.0
684.0
718.0
658.0
648.0
731.0
842.0
722.0
725.0
