829.0
733.0
740.0
796.0
806.0
813.0
577.0
787.0
982.0
674.0
844.0
826.0
742.0
726.0
752.0
723.0
721.0
752.0
749.0
760.0
710.0
749.0
837.0
845.0
753.0
713.0
816.0
682.0
722.0
946.0
649.0
708.0
749.0
797.0
820.0
755.0
735.0
741.0
786.0
787.0
572.0
860.0
863.0
751.0
850.0
735.0
796.0
724.0
748.0
794.0
727.0
808.0
645.0
765.0
787.0
806.0
744.0
765.0
842.0
792.0
805.0
738.0
754.0
848.0
759.0
780.0
744.0
757.0
741.0
795.0
756.0
832.0
756.0
867.0
810.0
713.0
728.0
762.0
790.0
665.0
690.0
850.0
746.0
720.0
754.0
802.0
712.0
641.0
819.0
785.0
765.0
755.0
779.0
750.0
599.0
756.0
848.0
891.0
755.0
754.0
858.0
752.0
749.0
858.0
703.0
769.0
725.0
753.0
761.0
744.0
794.0
728.0
735.0
755.0
784.0
740.0
800.0
763.0
574.0
730.0
706.0
745.0
732.0
736.0
737.0
806.0
730.0
720.0
764.0
886.0
751.0
806.0
756.0
729.0
657.0
722.0
597.0
749.0
636.0
748.0
732.0
790.0
771.0
762.0
796.0
766.0
749.0
769.0
744.0
740.0
729.0
750.0
731.0
720.0
730.0
930.0
709.0
795.0
757.0
818.0
784.0
683.0
757.0
717.0
733.0
878.0
747.0
717.0
765.0
1005.0
568.0
813.0
585.0
765.0
842.0
749.0
754.0
794.0
1010.0
760.0
813.0
732.0
749.0
734.0
714.0
780.0
768.0
831.0
747.0
837.0
736.0
718.0
690.0
747.0
856.0
754.0
744.0
749.0
666.0
756.0
692.0
820.0
725.0
776.0
771.0
830.0
705.0
820.0
830.0
831.0
820.0
745.0
757.0
850.0
775.0
694.0
861.0
800.0
730.0
905.0
706.0
612.0
720.0
749.0
850.0
738.0
820.0
832.0
1029.0
866.0
692.0
760.0
728.0
771.0
813.0
789.0
769.0
634.0
785.0
763.0
755.0
784.0
740.0
829.0
893.0
868.0
790.0
770.0
832.0
752.0
767.0
741.0
752.0
784.0
722.0
742.0
838.0
847.0
758.0
713.0
852.0
773.0
1050.0
736.0
774.0
670.0
725.0
849.0
751.0
889.0
734.0
732.0
866.0
729.0
893.0
766.0
612.0
766.0
735.0
844.0
613.0
563.0
740.0
805.0
750.0
724.0
765.0
750.0
853.0
752.0
789.0
712.0
845.0
737.0
789.0
712.0
762.0
726.0
702.0
730.0
642.0
885.0
780.0
740.0
751.0
762.0
795.0
642.0
754.0
742.0
770.0
768.0
965.0
747.0
796.0
726.0
698.0
748.0
748.0
972.0
865.0
736.0
849.0
920.0
737.0
734.0
562.0
733.0
846.0
698.0
723.0
653.0
799.0
757.0
811.0
738.0
676.0
744.0
784.0
730.0
723.0
784.0
765.0
742.0
755.0
769.0
752.0
768.0
736.0
873.0
774.0
738.0
722.0
749.0
802.0
663.0
744.0
722.0
788.0
817.0
778.0
757.0
779.0
720.0
773.0
734.0
817.0
737.0
766.0
757.0
684.0
738.0
647.0
757.0
760.0
772.0
798.0
811.0
717.0
746.0
772.0
763.0
727.0
562.0
750.0
736.0
786.0
792.0
890.0
769.0
734.0
831.0
621.0
718.0
807.0
765.0
673.0
775.0
726.0
746.0
932.0
905.0
684.0
662.0
752.0
793.0
754.0
749.0
756.0
790.0
593.0
824.0
780.0
781.0
675.0
749.0
685.0
741.0
752.0
780.0
793.0
774.0
793.0
754.0
730.0
742.0
771.0
706.0
724.0
594.0
728.0
760.0
698.0
718.0
595.0
774.0
709.0
733.0
787.0
757.0
858.0
806.0
743.0
851.0
746.0
747.0
765.0
648.0
822.0
761.0
803.0
728.0
606.0
924.0
724.0
720.0
830.0
742.0
718.0
737.0
770.0
789.0
839.0
763.0
766.0
722.0
796.0
626.0
797.0
706.0
749.0
853.0
761.0
766.0
811.0
747.0
781.0
796.0
823.0
870.0
756.0
771.0
850.0
738.0
753.0
849.0
776.0
772.0
775.0
779.0
720.0
742.0
855.0
754.0
726.0
829.0
690.0
753.0
890.0
830.0
831.0
781.0
761.0
853.0
838.0
928.0
749.0
759.0
826.0
618.0
780.0
776.0
852.0
804.0
740.0
943.0
726.0
732.0
785.0
578.0
775.0
759.0
560.0
882.0
606.0
728.0
770.0
747.0
680.0
797.0
752.0
905.0
936.0
747.0
742.0
862.0
801.0
736.0
888.0
813.0
758.0
570.0
895.0
690.0
738.0
878.0
808.0
801.0
734.0
773.0
760.0
832.0
788.0
598.0
742.0
841.0
793.0
753.0
822.0
710.0
726.0
749.0
747.0
650.0
754.0
711.0
596.0
734.0
706.0
750.0
728.0
739.0
829.0
746.0
854.0
726.0
775.0
924.0
750.0
768.0
802.0
742.0
754.0
776.0
857.0
982.0
750.0
744.0
785.0
703.0
811.0
829.0
761.0
770.0
744.0
770.0
763.0
920.0
822.0
760.0
746.0
799.0
726.0
743.0
744.0
819.0
741.0
887.0
726.0
896.0
808.0
650.0
741.0
659.0
739.0
758.0
789.0
813.0
767.0
722.0
647.0
731.0
786.0
756.0
643.0
857.0
781.0
723.0
806.0
744.0
764.0
709.0
758.0
758.0
629.0
711.0
767.0
757.0
757.0
829.0
866.0
986.0
728.0
870.0
730.0
743.0
643.0
897.0
888.0
752.0
769.0
724.0
793.0
792.0
