0.510662610828381
0.9801157340610432
1.1710791312686886
0.9801157340610432
0.7573605087906314
0.7958678347979578
0.8305244282045512
0.48845278059467717
0.9479551222063588
4.987664610974979
2.5985468009210004
1.1359765225730365
0.8422845403981097
0.7271334600234114
0.40529545731319766
0.38960515880573504
1.3759356553259245
0.9295776297179675
1.0774721747469493
0.8422845403981097
0.753948924351829
0.8836338984969897
1.1593782617034711
1.620126891119979
1.1902840791689862
0.9571438684505542
1.2305554279319548
0.9801157340610432
0.4162786662684215
1.6371943695573201
1.1535278269208622
0.8189722304023532
0.7881663695964923
1.0774721747469493
1.5945256734639668
0.9157945103516743
1.994700318315649
0.9617382415726521
0.8514732866423051
0.943360749084261
0.9984932265494344
1.1476773921382537
0.792017102197225
1.6542618479946618
0.8468789135202076
1.2305554279319548
0.9157945103516743
0.7843156369957598
1.4230945338305974
0.9249832565958699
0.7997185673986902
1.3995150945782608
0.8035692999994228
1.1301260877904276
0.9801157340610432
0.7505969913107768
1.1184252182252103
0.6768544644076283
1.0365191312686886
1.0774721747469493
1.1301260877904276
0.9617382415726521
0.7036699287360461
0.8606620328865008
1.2171316450109655
0.9984932265494344
2.5554149093063323
2.138473290364542
0.96633261469475
0.902011390985381
0.8074200326001554
0.9341720028400654
0.8189722304023532
0.6835583304897327
1.0599208703991232
0.8305244282045512
0.8422845403981097
0.7804649043950271
0.8035692999994228
0.38646709910424243
1.6371943695573201
0.7304853930644637
1.3110981254578926
1.0189678269208624
0.9295776297179675
0.8422845403981097
1.4702534123352704
0.9571438684505542
1.141826957355645
1.679863065650674
1.083322609529558
0.9617382415726521
0.8151214978016208
0.8882282716190876
1.196995970629481
1.3995150945782608
0.7505969913107768
0.9617382415726521
0.8035692999994228
0.7997185673986902
1.3759356553259245
1.6457281087759912
0.8422845403981097
1.2104197535504706
0.5780355390051767
1.5095524777558311
0.7689127065928293
0.9066057641074786
0.8606620328865008
0.8189722304023532
1.5603907165892839
1.0599208703991232
1.2439792108529446
1.501692664671719
0.9387663759621633
0.9847101071831411
0.9709269878168477
0.8151214978016208
4.161187003225436
0.7103737948181503
0.9479551222063588
3.0154884198627903
1.0365191312686886
0.5222786329278285
1.3680758422418122
1.1008739138773842
2.2966235596183244
0.7304853930644637
1.0716217399643406
0.8266736956038185
0.8343751608052838
0.943360749084261
0.7843156369957598
0.7438931252286725
0.7170776609002548
1.3759356553259245
1.3446575827603664
0.5571266992261711
1.083322609529558
0.9709269878168477
1.1652286964860799
1.1067243486599927
3.087374905887237
1.0189678269208624
1.446673973082934
0.856067659764403
1.083322609529558
0.9479551222063588
0.6705988911254104
0.943360749084261
1.0774721747469493
1.4781132254193827
0.9249832565958699
1.1652286964860799
0.8606620328865008
1.2775386681554184
2.641678692535668
3.688914084511411
0.96633261469475
0.626042599734682
1.2372673193924497
0.9893044803052389
0.9203888834737721
3.0442430142725687
0.7438931252286725
0.7338373261055159
0.7170776609002548
0.8422845403981097
0.8305244282045512
0.7650619739920966
0.9755213609389456
0.8112707652008881
0.8514732866423051
0.7137257278592026
0.4268692565672173
1.1593782617034711
1.1835721877084913
0.8836338984969897
0.9571438684505542
1.1535278269208622
0.8151214978016208
0.8468789135202076
1.141826957355645
0.7689127065928293
0.48845278059467717
0.6835583304897327
0.7405411921876203
0.5710659257455083
0.8882282716190876
0.8266736956038185
1.937191129496092
1.1184252182252103
0.7003179956949938
0.686910263530785
1.7215316714227527
1.1008739138773842
0.8035692999994228
1.0657713051817321
0.7689127065928293
0.620473063310841
1.5177220204959303
1.1359765225730365
0.856067659764403
0.9249832565958699
0.7958678347979578
1.5774581950266253
1.501692664671719
0.7766141717942946
2.972356528248122
0.9203888834737721
1.0657713051817321
0.8422845403981097
0.9938988534273366
0.9801157340610432
0.7573605087906314
1.2104197535504706
0.7612112413913642
1.6457281087759912
0.47113241446195403
1.5347894989332718
0.6065492222512383
1.6627955872133322
0.9295776297179675
1.4388141599988218
1.1008739138773842
0.7689127065928293
1.3995150945782608
0.9066057641074786
1.3446575827603664
1.1652286964860799
0.5803587434250662
1.0189678269208624
0.6288273679466025
1.3178100169183875
0.9984932265494344
0.8112707652008881
0.9157945103516743
0.7438931252286725
0.6936141296128893
3.0298657170676795
0.9617382415726521
0.8382258934060163
1.3178100169183875
1.3379456912998717
0.7958678347979578
0.8382258934060163
0.8882282716190876
0.9157945103516743
0.8514732866423051
1.8940592378814243
0.7237815269823592
1.0131173921382537
0.8266736956038185
0.753948924351829
0.7689127065928293
0.943360749084261
0.8882282716190876
1.937191129496092
0.7650619739920966
1.5689244558079547
1.1008739138773842
0.40529545731319766
0.753948924351829
1.0540704356165147
0.9938988534273366
0.8606620328865008
0.501924176475684
1.1902840791689862
0.9525494953284565
1.5177220204959303
0.7958678347979578
0.8974170178632831
0.8652564060085987
0.8606620328865008
0.6802063974486805
0.96633261469475
0.9341720028400654
0.9893044803052389
1.2238435364714602
0.7612112413913642
0.9571438684505542
0.7036699287360461
0.7271334600234114
1.3312337998393768
0.737189259146568
0.8974170178632831
0.9755213609389456
0.792017102197225
1.1125747834426016
0.8112707652008881
1.2104197535504706
2.18160518197921
0.7472450582697246
0.8189722304023532
0.8974170178632831
0.36763874089528725
0.6594598182777284
0.8836338984969897
0.8606620328865008
0.8151214978016208
0.7881663695964923
0.9525494953284565
0.7573605087906314
1.324521908378882
1.0891730443121668
0.9341720028400654
1.3178100169183875
0.8836338984969897
0.7843156369957598
1.083322609529558
1.2305554279319548
0.7472450582697246
1.2305554279319548
0.7338373261055159
1.0891730443121668
2.2966235596183244
1.1184252182252103
0.9112001372295765
1.176929566051297
0.7727634391935619
0.9479551222063588
0.9066057641074786
2.641678692535668
1.124275653007819
0.620473063310841
0.8606620328865008
0.7843156369957598
1.1835721877084913
0.753948924351829
0.9203888834737721
1.2305554279319548
0.879039525374892
0.5617731080659502
1.0365191312686886
0.9295776297179675
0.9203888834737721
0.8151214978016208
0.9249832565958699
0.8974170178632831
0.609333990463159
1.0365191312686886
1.0599208703991232
0.7304853930644637
0.9755213609389456
0.9341720028400654
0.8305244282045512
0.6835583304897327
1.0189678269208624
0.8228229630030859
1.1008739138773842
0.7438931252286725
0.9571438684505542
0.8468789135202076
0.8744451522527943
0.8882282716190876
0.8228229630030859
0.8305244282045512
0.8422845403981097
0.9341720028400654
1.5774581950266253
0.9938988534273366
0.9157945103516743
0.9249832565958699
0.8112707652008881
0.7338373261055159
0.673502531366576
0.856067659764403
0.8035692999994228
1.692777077012974
0.8343751608052838
1.1476773921382537
0.8266736956038185
1.0248182617034711
0.8189722304023532
0.8035692999994228
2.6273013953307784
1.1593782617034711
1.501692664671719
1.692777077012974
0.943360749084261
0.8514732866423051
0.7958678347979578
0.9938988534273366
0.9066057641074786
0.9525494953284565
0.7170776609002548
0.9984932265494344
1.1835721877084913
0.5873283566847347
3.5472322088972033
0.9984932265494344
0.7650619739920966
1.4623935992511583
1.2775386681554184
0.9801157340610432
1.1476773921382537
0.8974170178632831
1.3110981254578926
0.8882282716190876
0.9755213609389456
0.5455106771267236
1.1301260877904276
1.8653046434716456
0.7997185673986902
5.4360568247223355
4.1848006491611365
1.3312337998393768
0.673502531366576
0.8836338984969897
0.8151214978016208
2.0234549127254278
1.0891730443121668
0.879039525374892
0.7271334600234114
0.7237815269823592
0.8698507791306964
0.8266736956038185
0.9893044803052389
0.5981949176154767
0.8382258934060163
0.9617382415726521
0.7271334600234114
1.1593782617034711
1.141826957355645
0.7438931252286725
0.8974170178632831
0.7958678347979578
0.7881663695964923
1.1710791312686886
0.6650293547015693
1.083322609529558
0.5222786329278285
3.058620311477458
0.9112001372295765
0.8882282716190876
1.2775386681554184
1.3178100169183875
1.1067243486599927
1.3446575827603664
0.7727634391935619
1.176929566051297
0.7843156369957598
1.1593782617034711
1.352356216073588
0.673502531366576
0.9157945103516743
0.7727634391935619
0.8151214978016208
1.526255759714601
0.7204295939413071
2.210359776388989
1.526255759714601
0.8698507791306964
0.856067659764403
1.0540704356165147
2.641678692535668
0.8035692999994228
1.0657713051817321
1.176929566051297
0.7472450582697246
0.96633261469475
0.7170776609002548
1.7071543742178632
1.4623935992511583
0.7070218617770981
1.0189678269208624
0.7881663695964923
0.7304853930644637
1.250691102313439
0.5850051522648452
0.9617382415726521
1.3995150945782608
0.7505969913107768
1.2976743425369026
0.7003179956949938
1.0891730443121668
0.8744451522527943
1.3995150945782608
0.9709269878168477
0.753948924351829
2.5697922065112215
0.7958678347979578
1.0657713051817321
0.753948924351829
1.8077954546520882
1.176929566051297
0.9341720028400654
0.7766141717942946
0.4730568995878122
1.1593782617034711
0.8035692999994228
0.9203888834737721
0.8698507791306964
1.083322609529558
0.902011390985381
0.7766141717942946
0.9479551222063588
0.737189259146568
0.7438931252286725
0.9571438684505542
0.8422845403981097
0.620473063310841
0.7727634391935619
0.6538902818538872
0.7438931252286725
1.5859919342452962
0.5455106771267236
0.7271334600234114
0.8035692999994228
0.8422845403981097
0.8974170178632831
0.7958678347979578
2.469151126076996
0.7304853930644637
0.8343751608052838
0.9249832565958699
0.7881663695964923
0.8422845403981097
2.9148473394285648
0.902011390985381
1.0131173921382537
0.9203888834737721
1.083322609529558
1.324521908378882
0.9801157340610432
0.4268692565672173
1.1710791312686886
0.8974170178632831
0.7881663695964923
0.7881663695964923
2.1528505875694317
1.9803230211107599
1.836550049061867
0.8974170178632831
0.39117418865648124
1.1301260877904276
0.4345671970706498
2.167227884774321
0.8266736956038185
1.735908968627642
0.9571438684505542
2.18160518197921
1.270826776694924
0.9525494953284565
0.9203888834737721
1.1125747834426016
0.48267932521710283
0.5617731080659502
0.7003179956949938
0.673502531366576
0.8151214978016208
0.6969660626539416
3.4763912710900997
1.2775386681554184
0.8343751608052838
5.342664265033274
0.9938988534273366
0.48075484009124464
0.7997185673986902
0.8305244282045512
0.8514732866423051
0.9571438684505542
0.8744451522527943
0.8228229630030859
0.7472450582697246
1.4309543469147095
0.9066057641074786
0.8343751608052838
0.39117418865648124
0.8112707652008881
1.4702534123352704
0.8266736956038185
0.96633261469475
1.3379456912998717
1.3995150945782608
0.7997185673986902
1.0365191312686886
0.9571438684505542
0.7843156369957598
1.2305554279319548
0.856067659764403
0.8882282716190876
0.7997185673986902
1.003087599671532
0.8151214978016208
0.8074200326001554
0.943360749084261
0.8882282716190876
0.6594598182777284
1.0423695660512973
0.6538902818538872
0.7003179956949938
1.2037078620899757
1.3178100169183875
0.8468789135202076
1.0189678269208624
0.8189722304023532
1.0950234790947755
0.7997185673986902
2.8860927450187863
1.141826957355645
0.8698507791306964
0.8151214978016208
1.1593782617034711
0.943360749084261
0.48267932521710283
0.792017102197225
1.3680758422418122
1.3759356553259245
0.7881663695964923
2.2822462624134356
1.176929566051297
1.4623935992511583
0.7237815269823592
0.8112707652008881
1.1902840791689862
0.7505969913107768
0.902011390985381
0.8468789135202076
0.8744451522527943
0.9938988534273366
0.4480385929516566
1.1359765225730365
1.4859730385034948
0.902011390985381
0.6835583304897327
0.3786219498505112
0.7237815269823592
0.8468789135202076
0.9066057641074786
0.8652564060085987
0.9525494953284565
0.856067659764403
0.7003179956949938
1.250691102313439
0.943360749084261
1.692777077012974
0.8514732866423051
0.8305244282045512
0.6622445864896488
1.6371943695573201
1.1902840791689862
0.8698507791306964
0.8074200326001554
0.7036699287360461
0.8305244282045512
0.6902621965718371
0.8468789135202076
0.7766141717942946
1.00768197279363
4.3264825247753445
1.2171316450109655
0.737189259146568
1.0131173921382537
1.1476773921382537
1.4859730385034948
0.9249832565958699
1.994700318315649
0.8974170178632831
1.324521908378882
0.7505969913107768
