813.0
774.0
1017.0
785.0
765.0
838.0
739.0
794.0
736.0
780.0
606.0
741.0
865.0
758.0
786.0
738.0
738.0
750.0
797.0
618.0
716.0
614.0
790.0
806.0
754.0
838.0
741.0
752.0
754.0
828.0
765.0
756.0
900.0
787.0
678.0
789.0
771.0
825.0
913.0
934.0
745.0
745.0
744.0
754.0
802.0
776.0
764.0
759.0
787.0
787.0
866.0
762.0
797.0
717.0
784.0
749.0
765.0
749.0
838.0
724.0
750.0
778.0
899.0
765.0
777.0
766.0
733.0
765.0
762.0
720.0
758.0
722.0
644.0
831.0
774.0
862.0
838.0
727.0
869.0
749.0
900.0
781.0
767.0
804.0
782.0
773.0
629.0
758.0
752.0
756.0
915.0
835.0
722.0
736.0
795.0
742.0
766.0
811.0
789.0
802.0
844.0
730.0
727.0
760.0
746.0
738.0
765.0
850.0
789.0
788.0
809.0
747.0
825.0
628.0
755.0
665.0
825.0
881.0
750.0
729.0
763.0
786.0
779.0
754.0
749.0
811.0
756.0
945.0
727.0
757.0
904.0
718.0
741.0
722.0
748.0
761.0
722.0
810.0
741.0
754.0
762.0
834.0
713.0
773.0
730.0
740.0
730.0
776.0
797.0
762.0
851.0
812.0
896.0
763.0
764.0
753.0
719.0
908.0
804.0
812.0
789.0
776.0
730.0
605.0
750.0
738.0
777.0
646.0
766.0
791.0
722.0
678.0
722.0
748.0
743.0
812.0
991.0
791.0
717.0
807.0
782.0
784.0
733.0
762.0
745.0
761.0
745.0
785.0
890.0
803.0
731.0
801.0
746.0
852.0
900.0
612.0
741.0
835.0
793.0
761.0
810.0
766.0
790.0
813.0
864.0
866.0
743.0
874.0
914.0
737.0
821.0
808.0
631.0
783.0
727.0
857.0
714.0
756.0
729.0
802.0
794.0
813.0
860.0
753.0
741.0
754.0
773.0
780.0
785.0
768.0
823.0
866.0
921.0
728.0
742.0
750.0
774.0
740.0
626.0
855.0
841.0
880.0
749.0
822.0
717.0
802.0
741.0
790.0
874.0
706.0
777.0
733.0
638.0
796.0
690.0
790.0
790.0
761.0
668.0
740.0
714.0
753.0
753.0
760.0
758.0
794.0
770.0
732.0
873.0
743.0
777.0
801.0
744.0
634.0
614.0
861.0
827.0
765.0
821.0
746.0
838.0
866.0
733.0
837.0
750.0
757.0
747.0
765.0
723.0
761.0
755.0
710.0
697.0
831.0
766.0
845.0
812.0
807.0
833.0
715.0
788.0
841.0
764.0
770.0
712.0
753.0
737.0
893.0
664.0
915.0
717.0
714.0
768.0
851.0
710.0
829.0
1014.0
783.0
758.0
778.0
737.0
757.0
878.0
834.0
757.0
713.0
811.0
742.0
724.0
738.0
609.0
738.0
776.0
714.0
900.0
761.0
841.0
782.0
754.0
721.0
749.0
824.0
745.0
791.0
733.0
725.0
758.0
754.0
765.0
744.0
823.0
630.0
886.0
743.0
795.0
784.0
769.0
644.0
802.0
778.0
746.0
750.0
806.0
747.0
632.0
665.0
797.0
676.0
652.0
746.0
665.0
766.0
734.0
795.0
795.0
661.0
736.0
706.0
727.0
699.0
739.0
715.0
727.0
793.0
797.0
749.0
730.0
794.0
737.0
784.0
771.0
731.0
809.0
694.0
600.0
806.0
772.0
786.0
861.0
738.0
826.0
702.0
630.0
706.0
745.0
740.0
777.0
740.0
821.0
758.0
726.0
670.0
741.0
695.0
746.0
744.0
756.0
737.0
836.0
804.0
750.0
757.0
648.0
753.0
793.0
598.0
767.0
757.0
733.0
761.0
818.0
753.0
798.0
792.0
854.0
765.0
722.0
731.0
742.0
601.0
844.0
725.0
883.0
746.0
697.0
786.0
870.0
762.0
805.0
773.0
879.0
758.0
746.0
725.0
936.0
725.0
624.0
741.0
795.0
764.0
828.0
781.0
777.0
757.0
741.0
680.0
796.0
646.0
626.0
741.0
773.0
752.0
850.0
861.0
701.0
766.0
759.0
850.0
735.0
784.0
810.0
822.0
809.0
649.0
886.0
728.0
751.0
813.0
811.0
744.0
756.0
713.0
690.0
772.0
782.0
717.0
760.0
777.0
783.0
774.0
749.0
876.0
833.0
758.0
625.0
793.0
804.0
724.0
804.0
762.0
769.0
742.0
740.0
744.0
759.0
870.0
605.0
824.0
625.0
730.0
754.0
789.0
722.0
758.0
859.0
768.0
753.0
727.0
752.0
846.0
699.0
814.0
722.0
733.0
656.0
798.0
724.0
783.0
877.0
762.0
752.0
725.0
971.0
729.0
707.0
839.0
825.0
865.0
759.0
778.0
760.0
855.0
776.0
836.0
754.0
778.0
746.0
765.0
803.0
932.0
786.0
795.0
735.0
737.0
830.0
758.0
704.0
789.0
968.0
761.0
725.0
769.0
805.0
784.0
736.0
763.0
754.0
731.0
757.0
770.0
794.0
704.0
833.0
757.0
818.0
772.0
803.0
743.0
738.0
784.0
773.0
741.0
741.0
772.0
760.0
790.0
746.0
732.0
752.0
740.0
746.0
805.0
773.0
794.0
751.0
778.0
709.0
746.0
811.0
769.0
840.0
730.0
778.0
701.0
745.0
748.0
774.0
756.0
776.0
644.0
788.0
667.0
756.0
658.0
877.0
604.0
743.0
759.0
829.0
746.0
852.0
960.0
717.0
757.0
769.0
810.0
608.0
818.0
809.0
749.0
813.0
859.0
739.0
741.0
845.0
778.0
762.0
827.0
759.0
770.0
746.0
781.0
709.0
748.0
815.0
770.0
776.0
770.0
