793.0
779.0
705.0
736.0
705.0
743.0
734.0
681.0
756.0
754.0
758.0
726.0
596.0
704.0
701.0
727.0
697.0
786.0
699.0
700.0
837.0
701.0
722.0
749.0
823.0
740.0
625.0
727.0
735.0
732.0
740.0
701.0
889.0
552.0
750.0
748.0
752.0
570.0
642.0
725.0
709.0
840.0
705.0
753.0
589.0
575.0
790.0
839.0
718.0
718.0
746.0
855.0
685.0
708.0
674.0
790.0
722.0
698.0
705.0
592.0
723.0
784.0
702.0
591.0
704.0
778.0
767.0
850.0
709.0
588.0
674.0
773.0
701.0
905.0
715.0
736.0
552.0
858.0
730.0
789.0
764.0
786.0
610.0
749.0
708.0
888.0
794.0
682.0
800.0
717.0
725.0
688.0
772.0
803.0
786.0
754.0
676.0
730.0
685.0
728.0
699.0
741.0
624.0
689.0
706.0
708.0
687.0
882.0
821.0
667.0
768.0
716.0
544.0
725.0
721.0
738.0
736.0
702.0
758.0
742.0
706.0
717.0
1002.0
724.0
694.0
682.0
722.0
746.0
769.0
738.0
699.0
725.0
672.0
896.0
581.0
765.0
730.0
769.0
721.0
734.0
778.0
731.0
705.0
721.0
733.0
697.0
721.0
562.0
744.0
745.0
766.0
789.0
832.0
712.0
706.0
816.0
715.0
548.0
750.0
802.0
710.0
701.0
718.0
685.0
694.0
690.0
793.0
709.0
792.0
842.0
732.0
699.0
674.0
773.0
715.0
747.0
748.0
711.0
733.0
706.0
717.0
809.0
767.0
676.0
798.0
716.0
727.0
802.0
747.0
891.0
717.0
626.0
859.0
740.0
797.0
698.0
748.0
774.0
700.0
708.0
705.0
694.0
731.0
698.0
690.0
778.0
688.0
729.0
703.0
756.0
731.0
738.0
768.0
742.0
839.0
752.0
698.0
861.0
811.0
723.0
781.0
698.0
873.0
752.0
629.0
697.0
630.0
708.0
774.0
845.0
673.0
694.0
1054.0
861.0
698.0
714.0
693.0
700.0
874.0
606.0
695.0
702.0
708.0
564.0
716.0
721.0
797.0
739.0
795.0
723.0
730.0
852.0
692.0
847.0
702.0
866.0
745.0
767.0
688.0
562.0
728.0
706.0
749.0
778.0
802.0
685.0
692.0
761.0
764.0
698.0
703.0
702.0
760.0
744.0
762.0
741.0
826.0
747.0
694.0
744.0
585.0
830.0
722.0
760.0
900.0
754.0
716.0
853.0
687.0
734.0
699.0
905.0
684.0
765.0
707.0
703.0
617.0
763.0
682.0
701.0
692.0
713.0
710.0
765.0
776.0
711.0
751.0
775.0
688.0
720.0
690.0
722.0
778.0
695.0
747.0
697.0
702.0
725.0
688.0
766.0
694.0
708.0
792.0
705.0
720.0
713.0
672.0
733.0
726.0
651.0
773.0
693.0
738.0
725.0
722.0
688.0
696.0
706.0
752.0
747.0
695.0
712.0
756.0
770.0
750.0
870.0
710.0
750.0
699.0
713.0
822.0
764.0
723.0
665.0
724.0
730.0
753.0
709.0
740.0
737.0
775.0
775.0
699.0
832.0
629.0
699.0
721.0
710.0
602.0
685.0
581.0
568.0
726.0
765.0
782.0
725.0
605.0
702.0
832.0
776.0
882.0
641.0
741.0
818.0
777.0
745.0
688.0
722.0
725.0
628.0
758.0
727.0
755.0
744.0
706.0
735.0
834.0
748.0
662.0
864.0
723.0
721.0
871.0
716.0
681.0
812.0
833.0
776.0
918.0
730.0
705.0
714.0
694.0
725.0
747.0
686.0
660.0
708.0
684.0
817.0
714.0
886.0
749.0
808.0
649.0
765.0
785.0
685.0
706.0
686.0
790.0
810.0
669.0
697.0
757.0
737.0
800.0
695.0
739.0
793.0
634.0
728.0
703.0
722.0
715.0
726.0
808.0
740.0
729.0
781.0
767.0
778.0
649.0
613.0
610.0
784.0
830.0
684.0
821.0
824.0
811.0
710.0
971.0
792.0
733.0
760.0
714.0
684.0
718.0
730.0
826.0
754.0
729.0
681.0
703.0
750.0
729.0
745.0
865.0
784.0
786.0
772.0
797.0
699.0
723.0
737.0
826.0
888.0
694.0
685.0
757.0
742.0
717.0
843.0
559.0
689.0
762.0
717.0
689.0
692.0
738.0
690.0
757.0
725.0
682.0
1541.0
728.0
810.0
765.0
697.0
733.0
686.0
790.0
754.0
897.0
720.0
705.0
685.0
702.0
733.0
780.0
715.0
698.0
823.0
716.0
687.0
725.0
713.0
714.0
773.0
716.0
720.0
900.0
735.0
742.0
694.0
777.0
682.0
694.0
703.0
824.0
685.0
706.0
706.0
687.0
577.0
666.0
826.0
712.0
750.0
737.0
800.0
742.0
781.0
700.0
571.0
763.0
698.0
683.0
738.0
810.0
690.0
732.0
764.0
728.0
690.0
701.0
679.0
741.0
742.0
901.0
747.0
739.0
709.0
726.0
731.0
578.0
704.0
706.0
685.0
691.0
606.0
709.0
728.0
721.0
741.0
777.0
626.0
745.0
666.0
685.0
718.0
737.0
840.0
807.0
806.0
750.0
778.0
777.0
704.0
738.0
684.0
693.0
733.0
768.0
731.0
715.0
694.0
582.0
691.0
773.0
548.0
732.0
773.0
806.0
722.0
703.0
740.0
