1.576418844099642
2.8994009081115215
1.0122325399960066
2.929063195387776
2.810414046282759
1.156314476681295
1.965038858909512
0.6972922168916046
1.0247614040555966
1.2760345676943126
1.0065901864328652
1.2905033848986136
1.0811412923237531
1.890883140718876
2.1430125825670374
0.9458864270343692
0.716414545222664
0.9964728931997826
1.6054355203503607
0.4479135643548713
2.9438943390259027
1.2760345676943126
1.1061990204429337
1.4164289150624192
0.7087656138902402
1.1061990204429337
1.4417729632793959
0.4748686925599995
1.6441244220179858
0.8270435390978854
0.7928565472279666
1.001531539816324
0.9357691338012865
0.9711796601170758
1.0999345884131384
1.3741888347007918
1.0122325399960066
1.068612428264163
3.64197022917508
0.47936121392752085
1.0560835642045725
1.2181592988771084
1.1819872558663556
0.6781698885605449
1.3266754279093664
1.0748768602939578
0.930710487184745
0.930710487184745
1.4333249472070704
0.8313169130816253
0.5515171330930577
0.9914142465832413
1.156314476681295
1.424876931134745
1.4586689954240466
0.6781698885605449
1.0623479962343676
0.8801240210193315
1.1688433407408851
1.9205454279951302
3.240517211788446
0.4905925173463243
0.9812969533501584
1.0247614040555966
1.0122325399960066
0.8801240210193315
0.9711796601170758
2.8845697644733943
1.1819872558663556
1.5570743932658295
1.333909836511517
1.1312567485621143
1.156314476681295
0.8270435390978854
0.9509450736509103
0.9458864270343692
1.0623479962343676
1.0560835642045725
1.4164289150624192
1.0999345884131384
0.8270435390978854
1.3826368507731177
0.9104759007185796
1.319441019307216
1.1500500446514998
1.4924610597133487
1.2181592988771084
0.9914142465832413
0.6421266381393532
1.189221664468506
1.225393707479259
0.8700067277862488
0.9104759007185796
1.2977377935007643
2.291324018948309
0.9812969533501584
1.424876931134745
1.3411442451136675
1.1061990204429337
0.9205931939516623
1.4502209793517213
1.037290268115187
1.1312567485621143
1.2905033848986136
2.2616617316720546
0.8497721413200833
1.2470969332857105
1.1819872558663556
5.970211525150032
1.156314476681295
1.0999345884131384
1.537729942432017
1.031025836085392
1.407980898990094
0.961062366883993
1.0184969720258017
1.0122325399960066
1.0247614040555966
1.5570743932658295
0.8851826676358728
1.2688001590921623
1.2977377935007643
3.4514832529576394
1.1819872558663556
1.2760345676943126
1.0435547001449823
1.0874057243535482
1.16257890871109
1.068612428264163
0.9661210135005345
3.0922057754071743
1.1312567485621143
4.665837726343825
1.23986252468356
0.8142234171466658
1.0247614040555966
1.2615657504900113
0.9964728931997826
1.031025836085392
1.156314476681295
1.037290268115187
1.0122325399960066
1.1312567485621143
0.7393613392199355
0.4479135643548713
1.0498191321747772
0.8497721413200833
0.9812969533501584
0.9964728931997826
0.8700067277862488
2.498960029882089
1.8315585661663676
1.4164289150624192
1.3411442451136675
3.427672380930459
1.1375211805919097
0.8902413142524143
1.0247614040555966
0.9863555999666999
1.0560835642045725
1.156314476681295
0.9914142465832413
0.8398636610491049
1.16257890871109
1.001531539816324
1.068612428264163
0.961062366883993
1.5093570918579997
1.3122066107050652
1.2326281160814094
0.9509450736509103
1.037290268115187
1.225393707479259
0.4591448677736747
0.8548307879366247
0.9054172541020383
1.0560835642045725
1.7870651352519862
1.225393707479259
1.9353765716332578
0.9964728931997826
1.1819872558663556
2.2764928753101823
0.9054172541020383
1.4333249472070704
1.001531539816324
2.528622317158343
0.9458864270343692
1.0999345884131384
0.9812969533501584
0.961062366883993
0.9914142465832413
1.6731410982687047
1.500909075785674
1.6344521966010797
0.9863555999666999
9.178639329700019
0.9711796601170758
1.2326281160814094
2.1133502952907834
1.4924610597133487
1.1751077727706802
1.1375211805919097
0.8851826676358728
1.0811412923237531
0.8313169130816253
1.112463452472729
1.5280577170151106
11.326021275661887
1.1249923165323192
1.031025836085392
1.0623479962343676
0.9256518405682037
3.0625434881309204
1.3657408186284665
0.7800364252767471
1.156314476681295
1.5860910695165482
1.1375211805919097
0.7971299212117064
1.2036904816728071
1.357292802556141
1.16257890871109
1.1375211805919097
0.8952999608689555
2.1578437262051646
2.1430125825670374
0.9914142465832413
0.9458864270343692
1.2181592988771084
1.2760345676943126
2.9438943390259027
1.6151077457672673
1.407980898990094
1.16257890871109
1.3488447864838156
0.6819943542267568
0.9256518405682037
1.6441244220179858
1.2832689762964633
1.001531539816324
1.068612428264163
0.7393613392199355
0.529127782011527
1.156314476681295
1.2615657504900113
2.6472714662633603
1.0811412923237531
1.3741888347007918
1.5093570918579997
1.0498191321747772
1.6832471297850962
1.2760345676943126
0.5347251197819096
0.9155345473351211
1.3488447864838156
1.2109248902749579
1.1751077727706802
1.1437856126217045
1.0122325399960066
1.2036904816728071
0.8700067277862488
1.1688433407408851
1.0936701563833433
1.156314476681295
0.8801240210193315
1.1437856126217045
0.9256518405682037
2.869738620835267
1.3657408186284665
1.1312567485621143
1.2470969332857105
1.3995328829177685
0.9104759007185796
1.037290268115187
1.6151077457672673
1.0623479962343676
0.7317124078875118
1.537729942432017
1.4840130436410233
0.6613056575236178
1.0560835642045725
1.4502209793517213
1.23986252468356
1.2615657504900113
1.7277405606994776
1.3741888347007918
0.6165546122936674
1.2181592988771084
0.9155345473351211
1.6441244220179858
0.4591448677736747
0.46363738914119607
0.6293406252165102
1.0247614040555966
1.2760345676943126
1.2688001590921623
1.5667466186827357
0.43218973956854645
0.9509450736509103
1.6054355203503607
1.3049722021029146
0.8902413142524143
1.319441019307216
1.2181592988771084
1.7425717043376048
0.9408277804178279
1.5093570918579997
1.391084866845443
2.0095322898238934
0.9357691338012865
1.0065901864328652
1.2760345676943126
0.9863555999666999
0.9964728931997826
1.3995328829177685
0.9711796601170758
1.9353765716332578
0.9914142465832413
1.4840130436410233
2.4396354553295807
1.424876931134745
0.8355902870653652
1.4417729632793959
1.1312567485621143
1.4924610597133487
0.8801240210193315
0.456898607089914
0.6293406252165102
0.9914142465832413
0.9003586074854969
0.9458864270343692
1.7277405606994776
0.5018238207651278
1.189221664468506
1.2688001590921623
1.3488447864838156
4.118187669718683
1.0184969720258017
1.4586689954240466
3.16636149359781
2.5434534607964703
0.9863555999666999
1.9353765716332578
1.1819872558663556
9.489217013688412
1.846389709804495
0.9357691338012865
1.965038858909512
0.930710487184745
1.0999345884131384
0.8398636610491049
1.0623479962343676
1.001531539816324
0.5711078152893972
1.6832471297850962
1.118727884502524
0.9711796601170758
1.8760519970807492
1.1375211805919097
1.2760345676943126
1.0247614040555966
1.6054355203503607
2.083688008014529
1.118727884502524
0.7278879422212998
1.2615657504900113
1.1751077727706802
1.3049722021029146
0.42994347888478573
1.2977377935007643
2.6472714662633603
1.0811412923237531
1.3657408186284665
1.2326281160814094
1.3995328829177685
0.48609999597880293
1.001531539816324
1.189221664468506
1.333909836511517
1.0560835642045725
1.1249923165323192
0.7800364252767471
0.9256518405682037
0.7278879422212998
0.5823024908301627
1.4586689954240466
1.9502077152713846
1.001531539816324
1.1819872558663556
0.9711796601170758
1.2181592988771084
1.3411442451136675
1.979870002547639
1.537729942432017
1.0435547001449823
0.930710487184745
0.9458864270343692
1.2760345676943126
1.333909836511517
1.1688433407408851
1.5667466186827357
1.0748768602939578
1.2615657504900113
0.7586695553580479
1.23986252468356
0.9509450736509103
1.6441244220179858
1.0623479962343676
1.1061990204429337
2.6917648971777415
1.0560835642045725
1.031025836085392
1.3826368507731177
1.7129094170613506
3.8086463333653406
3.1218680626834288
0.6357336316779317
1.1312567485621143
0.9964728931997826
1.4502209793517213
0.9711796601170758
0.6357336316779317
1.3826368507731177
2.7807517590065043
1.1688433407408851
0.9509450736509103
1.189221664468506
0.9155345473351211
1.118727884502524
1.846389709804495
1.6247799711841733
1.965038858909512
1.254331341887861
0.8270435390978854
1.1819872558663556
2.039194577100148
1.0811412923237531
1.23986252468356
1.9947011461857664
3.9515115655284223
1.0435547001449823
0.9914142465832413
0.8902413142524143
1.0560835642045725
0.9661210135005345
0.4681299105087175
0.9104759007185796
1.4924610597133487
1.156314476681295
1.001531539816324
1.6980782734232234
1.3657408186284665
1.23986252468356
1.225393707479259
0.8548307879366247
0.5627118086338231
2.2468305880339274
2.1430125825670374
1.0748768602939578
1.2181592988771084
0.9863555999666999
1.3826368507731177
0.8014032951954463
1.001531539816324
1.031025836085392
1.031025836085392
0.9408277804178279
1.0748768602939578
0.8548307879366247
1.1249923165323192
0.8952999608689555
1.2036904816728071
0.8851826676358728
1.189221664468506
0.8099500431629261
1.9057142843570036
0.8184967911304057
0.8902413142524143
1.0560835642045725
0.9509450736509103
1.2036904816728071
1.0811412923237531
0.9661210135005345
0.8227701651141456
1.0623479962343676
1.225393707479259
1.0874057243535482
1.0122325399960066
1.357292802556141
0.9357691338012865
1.2760345676943126
0.961062366883993
1.0065901864328652
0.4546523464061533
1.0435547001449823
2.0540257207382746
1.2470969332857105
1.0560835642045725
1.2760345676943126
1.4417729632793959
1.5570743932658295
1.23986252468356
4.189620285800222
2.2171683007576735
0.6197511155243781
1.0184969720258017
0.6165546122936674
1.4502209793517213
0.9863555999666999
1.4755650275686978
1.3266754279093664
1.189221664468506
2.3506485935008175
0.5207317753559529
1.1375211805919097
0.9762383067336171
1.4164289150624192
0.8902413142524143
1.4417729632793959
1.2181592988771084
0.8801240210193315
1.2615657504900113
1.031025836085392
0.9812969533501584
0.9812969533501584
2.7955829026446315
3.032881200854666
1.4333249472070704
1.537729942432017
1.037290268115187
1.6247799711841733
1.1249923165323192
1.6537966474348922
1.7870651352519862
1.5183854915982042
