806.0
770.0
791.0
741.0
742.0
746.0
926.0
780.0
870.0
819.0
884.0
734.0
856.0
769.0
734.0
733.0
765.0
860.0
734.0
820.0
769.0
747.0
797.0
876.0
843.0
797.0
736.0
793.0
738.0
754.0
744.0
795.0
733.0
857.0
807.0
725.0
780.0
791.0
717.0
745.0
740.0
740.0
789.0
907.0
782.0
726.0
619.0
730.0
751.0
877.0
909.0
605.0
849.0
743.0
908.0
741.0
823.0
738.0
857.0
730.0
807.0
679.0
765.0
772.0
770.0
734.0
773.0
754.0
753.0
915.0
663.0
897.0
757.0
740.0
785.0
779.0
774.0
780.0
743.0
715.0
802.0
808.0
718.0
758.0
776.0
859.0
832.0
645.0
773.0
882.0
754.0
814.0
731.0
925.0
760.0
763.0
741.0
804.0
740.0
724.0
713.0
738.0
639.0
775.0
742.0
730.0
791.0
612.0
701.0
784.0
762.0
744.0
773.0
801.0
754.0
891.0
784.0
682.0
790.0
747.0
725.0
780.0
738.0
770.0
763.0
632.0
858.0
749.0
798.0
714.0
720.0
898.0
796.0
777.0
741.0
717.0
741.0
829.0
771.0
778.0
777.0
779.0
603.0
745.0
771.0
786.0
813.0
668.0
757.0
775.0
732.0
796.0
756.0
778.0
868.0
804.0
780.0
816.0
934.0
663.0
785.0
763.0
790.0
741.0
781.0
773.0
736.0
720.0
798.0
756.0
884.0
878.0
813.0
773.0
932.0
853.0
771.0
722.0
658.0
732.0
806.0
698.0
722.0
796.0
822.0
725.0
755.0
760.0
755.0
718.0
764.0
933.0
733.0
748.0
812.0
823.0
752.0
890.0
807.0
725.0
756.0
791.0
730.0
795.0
848.0
808.0
763.0
730.0
762.0
738.0
629.0
776.0
756.0
744.0
756.0
626.0
760.0
771.0
643.0
742.0
846.0
816.0
740.0
885.0
750.0
762.0
772.0
774.0
739.0
939.0
747.0
753.0
855.0
737.0
773.0
762.0
802.0
758.0
739.0
701.0
756.0
806.0
802.0
728.0
800.0
782.0
766.0
773.0
726.0
806.0
790.0
751.0
931.0
777.0
746.0
629.0
756.0
908.0
843.0
733.0
916.0
828.0
756.0
838.0
765.0
904.0
751.0
728.0
836.0
798.0
773.0
809.0
660.0
778.0
720.0
810.0
786.0
715.0
761.0
737.0
731.0
813.0
748.0
886.0
753.0
766.0
739.0
741.0
730.0
749.0
834.0
776.0
754.0
770.0
739.0
757.0
803.0
733.0
627.0
837.0
770.0
845.0
732.0
757.0
765.0
742.0
726.0
770.0
730.0
724.0
724.0
766.0
757.0
616.0
753.0
753.0
753.0
777.0
737.0
746.0
814.0
737.0
760.0
766.0
707.0
767.0
736.0
725.0
869.0
733.0
848.0
778.0
754.0
885.0
793.0
609.0
837.0
781.0
730.0
733.0
736.0
776.0
855.0
742.0
762.0
825.0
752.0
825.0
773.0
725.0
778.0
797.0
900.0
716.0
778.0
734.0
746.0
866.0
754.0
759.0
779.0
747.0
748.0
755.0
753.0
828.0
710.0
765.0
781.0
798.0
679.0
754.0
788.0
733.0
926.0
739.0
796.0
716.0
652.0
769.0
609.0
798.0
767.0
827.0
743.0
766.0
848.0
722.0
759.0
741.0
753.0
720.0
958.0
718.0
754.0
743.0
839.0
749.0
722.0
761.0
721.0
958.0
791.0
863.0
805.0
749.0
757.0
695.0
725.0
749.0
733.0
706.0
790.0
698.0
716.0
739.0
779.0
765.0
903.0
895.0
785.0
891.0
714.0
752.0
721.0
804.0
769.0
872.0
734.0
894.0
757.0
780.0
762.0
839.0
723.0
812.0
778.0
738.0
823.0
783.0
764.0
737.0
737.0
674.0
740.0
818.0
706.0
738.0
776.0
835.0
726.0
772.0
790.0
730.0
745.0
957.0
738.0
804.0
731.0
770.0
756.0
776.0
743.0
725.0
746.0
926.0
832.0
730.0
745.0
837.0
872.0
756.0
749.0
782.0
753.0
742.0
744.0
906.0
804.0
845.0
895.0
733.0
851.0
726.0
746.0
792.0
759.0
750.0
740.0
859.0
753.0
935.0
781.0
716.0
748.0
758.0
858.0
606.0
710.0
801.0
735.0
728.0
770.0
790.0
785.0
777.0
746.0
747.0
793.0
788.0
732.0
852.0
800.0
762.0
787.0
758.0
758.0
784.0
733.0
800.0
800.0
731.0
663.0
755.0
756.0
773.0
698.0
757.0
773.0
804.0
737.0
759.0
770.0
754.0
668.0
714.0
772.0
720.0
722.0
725.0
808.0
959.0
722.0
765.0
761.0
757.0
652.0
790.0
760.0
750.0
846.0
757.0
686.0
790.0
761.0
740.0
727.0
754.0
865.0
767.0
738.0
792.0
761.0
736.0
621.0
727.0
738.0
634.0
776.0
731.0
746.0
728.0
608.0
753.0
746.0
759.0
749.0
909.0
783.0
685.0
780.0
758.0
728.0
806.0
748.0
734.0
747.0
724.0
857.0
782.0
792.0
756.0
745.0
804.0
798.0
633.0
781.0
623.0
779.0
913.0
735.0
772.0
805.0
624.0
905.0
719.0
748.0
812.0
825.0
748.0
845.0
752.0
777.0
789.0
827.0
797.0
763.0
846.0
747.0
605.0
781.0
756.0
806.0
806.0
765.0
809.0
816.0
721.0
750.0
837.0
765.0
720.0
866.0
731.0
701.0
747.0
821.0
719.0
777.0
782.0
739.0
786.0
733.0
781.0
757.0
875.0
807.0
774.0
838.0
633.0
811.0
730.0
731.0
716.0
794.0
876.0
600.0
756.0
729.0
803.0
752.0
773.0
766.0
727.0
722.0
762.0
792.0
774.0
747.0
755.0
707.0
778.0
741.0
629.0
923.0
771.0
759.0
794.0
834.0
742.0
800.0
729.0
