849.0
801.0
788.0
595.0
846.0
838.0
898.0
786.0
760.0
778.0
792.0
852.0
755.0
833.0
633.0
805.0
753.0
611.0
750.0
805.0
809.0
809.0
826.0
757.0
762.0
753.0
792.0
951.0
590.0
793.0
806.0
777.0
801.0
802.0
889.0
782.0
806.0
846.0
742.0
732.0
834.0
764.0
859.0
808.0
636.0
802.0
788.0
851.0
786.0
757.0
789.0
914.0
840.0
681.0
798.0
808.0
754.0
790.0
844.0
766.0
766.0
756.0
896.0
760.0
905.0
783.0
829.0
849.0
1166.0
779.0
747.0
808.0
889.0
635.0
781.0
770.0
752.0
872.0
825.0
757.0
601.0
779.0
755.0
710.0
764.0
816.0
770.0
757.0
600.0
607.0
574.0
840.0
781.0
874.0
986.0
853.0
689.0
725.0
883.0
787.0
618.0
698.0
800.0
877.0
763.0
782.0
810.0
754.0
862.0
996.0
818.0
926.0
800.0
860.0
596.0
789.0
765.0
773.0
752.0
778.0
802.0
860.0
756.0
742.0
773.0
755.0
916.0
845.0
796.0
795.0
958.0
890.0
809.0
854.0
879.0
952.0
904.0
571.0
680.0
616.0
754.0
858.0
812.0
856.0
740.0
1074.0
854.0
853.0
799.0
835.0
872.0
888.0
818.0
609.0
820.0
742.0
811.0
780.0
856.0
847.0
805.0
842.0
861.0
813.0
779.0
785.0
763.0
801.0
827.0
874.0
794.0
757.0
823.0
748.0
748.0
730.0
850.0
754.0
845.0
817.0
696.0
762.0
657.0
796.0
743.0
880.0
749.0
642.0
675.0
723.0
765.0
825.0
800.0
754.0
845.0
676.0
890.0
780.0
613.0
661.0
735.0
837.0
745.0
816.0
762.0
823.0
605.0
845.0
808.0
601.0
733.0
642.0
837.0
776.0
690.0
781.0
755.0
677.0
776.0
787.0
776.0
752.0
642.0
752.0
763.0
674.0
818.0
804.0
751.0
770.0
758.0
775.0
925.0
756.0
953.0
803.0
856.0
726.0
846.0
765.0
791.0
925.0
826.0
826.0
786.0
797.0
810.0
761.0
563.0
712.0
788.0
825.0
745.0
774.0
641.0
805.0
896.0
824.0
842.0
594.0
849.0
817.0
800.0
873.0
744.0
866.0
873.0
762.0
784.0
741.0
755.0
772.0
757.0
784.0
578.0
798.0
823.0
757.0
676.0
607.0
809.0
769.0
799.0
733.0
662.0
751.0
815.0
792.0
861.0
858.0
753.0
763.0
732.0
854.0
687.0
658.0
741.0
818.0
722.0
796.0
807.0
676.0
808.0
585.0
804.0
772.0
891.0
913.0
808.0
825.0
873.0
820.0
814.0
569.0
741.0
761.0
810.0
804.0
913.0
785.0
584.0
815.0
809.0
761.0
742.0
808.0
800.0
784.0
786.0
797.0
997.0
839.0
566.0
782.0
780.0
733.0
817.0
773.0
626.0
759.0
875.0
776.0
786.0
760.0
852.0
776.0
799.0
764.0
729.0
921.0
741.0
881.0
851.0
760.0
770.0
813.0
784.0
770.0
773.0
862.0
765.0
749.0
563.0
769.0
692.0
649.0
752.0
855.0
773.0
806.0
797.0
781.0
818.0
787.0
730.0
806.0
777.0
770.0
774.0
789.0
785.0
835.0
797.0
817.0
934.0
870.0
808.0
796.0
844.0
761.0
624.0
747.0
764.0
798.0
778.0
733.0
837.0
783.0
781.0
716.0
752.0
816.0
731.0
795.0
949.0
781.0
754.0
744.0
807.0
746.0
839.0
905.0
630.0
799.0
666.0
751.0
749.0
800.0
685.0
746.0
754.0
898.0
718.0
871.0
808.0
779.0
816.0
804.0
775.0
718.0
766.0
751.0
779.0
854.0
801.0
576.0
573.0
781.0
781.0
796.0
662.0
938.0
787.0
974.0
769.0
807.0
794.0
593.0
757.0
783.0
803.0
766.0
813.0
816.0
750.0
964.0
793.0
793.0
859.0
761.0
805.0
773.0
573.0
807.0
818.0
751.0
804.0
812.0
730.0
746.0
862.0
694.0
787.0
671.0
850.0
1114.0
811.0
881.0
754.0
746.0
909.0
765.0
842.0
974.0
838.0
726.0
869.0
754.0
789.0
761.0
758.0
770.0
769.0
682.0
790.0
818.0
805.0
863.0
651.0
736.0
617.0
900.0
807.0
778.0
785.0
776.0
738.0
1047.0
798.0
815.0
789.0
735.0
795.0
804.0
789.0
589.0
685.0
955.0
847.0
740.0
578.0
765.0
873.0
791.0
768.0
750.0
777.0
841.0
880.0
794.0
798.0
790.0
665.0
789.0
769.0
690.0
742.0
779.0
781.0
724.0
863.0
857.0
621.0
760.0
916.0
804.0
800.0
785.0
926.0
827.0
757.0
937.0
790.0
853.0
831.0
