863.0
846.0
840.0
1008.0
866.0
909.0
875.0
839.0
976.0
849.0
844.0
720.0
843.0
852.0
964.0
840.0
851.0
886.0
804.0
941.0
895.0
910.0
903.0
894.0
991.0
871.0
709.0
821.0
853.0
832.0
848.0
895.0
893.0
838.0
877.0
859.0
898.0
864.0
829.0
945.0
932.0
1001.0
843.0
843.0
866.0
844.0
845.0
850.0
963.0
853.0
932.0
1377.0
1065.0
789.0
836.0
851.0
836.0
888.0
821.0
604.0
882.0
890.0
590.0
783.0
871.0
859.0
1077.0
870.0
1134.0
959.0
890.0
966.0
909.0
823.0
591.0
849.0
815.0
856.0
846.0
1062.0
806.0
717.0
933.0
848.0
805.0
856.0
813.0
822.0
893.0
864.0
932.0
1029.0
701.0
885.0
900.0
858.0
826.0
819.0
1032.0
836.0
872.0
847.0
877.0
665.0
830.0
653.0
662.0
823.0
818.0
832.0
979.0
829.0
796.0
1037.0
844.0
818.0
817.0
897.0
834.0
936.0
868.0
988.0
840.0
630.0
1066.0
914.0
897.0
862.0
851.0
847.0
795.0
864.0
649.0
1086.0
922.0
660.0
929.0
858.0
982.0
978.0
843.0
874.0
993.0
953.0
965.0
984.0
857.0
917.0
912.0
937.0
937.0
1006.0
877.0
812.0
863.0
840.0
861.0
629.0
950.0
829.0
859.0
956.0
853.0
877.0
871.0
821.0
798.0
803.0
971.0
913.0
930.0
660.0
938.0
1005.0
962.0
1005.0
847.0
821.0
748.0
866.0
861.0
978.0
828.0
828.0
890.0
919.0
852.0
860.0
884.0
869.0
846.0
834.0
916.0
898.0
628.0
968.0
905.0
912.0
572.0
882.0
854.0
1077.0
674.0
886.0
892.0
951.0
889.0
884.0
858.0
895.0
951.0
717.0
962.0
920.0
890.0
830.0
575.0
964.0
881.0
842.0
819.0
1066.0
869.0
857.0
943.0
858.0
841.0
869.0
1000.0
882.0
849.0
871.0
877.0
819.0
905.0
923.0
891.0
1006.0
802.0
925.0
930.0
1051.0
1042.0
850.0
939.0
820.0
697.0
844.0
895.0
826.0
857.0
934.0
823.0
914.0
881.0
907.0
902.0
843.0
871.0
938.0
848.0
934.0
818.0
889.0
853.0
589.0
838.0
890.0
658.0
779.0
884.0
814.0
882.0
913.0
822.0
894.0
870.0
898.0
923.0
889.0
826.0
832.0
820.0
850.0
832.0
871.0
849.0
829.0
921.0
884.0
834.0
900.0
626.0
844.0
639.0
835.0
847.0
829.0
909.0
836.0
859.0
850.0
829.0
827.0
856.0
588.0
834.0
903.0
1016.0
945.0
884.0
866.0
846.0
869.0
887.0
875.0
836.0
880.0
638.0
826.0
945.0
848.0
818.0
865.0
868.0
933.0
883.0
856.0
682.0
910.0
864.0
875.0
926.0
874.0
764.0
883.0
997.0
716.0
629.0
869.0
892.0
855.0
876.0
805.0
905.0
854.0
729.0
875.0
871.0
869.0
645.0
974.0
810.0
910.0
877.0
867.0
930.0
946.0
805.0
837.0
939.0
858.0
868.0
914.0
893.0
958.0
945.0
872.0
930.0
957.0
962.0
874.0
917.0
859.0
866.0
856.0
837.0
828.0
820.0
885.0
577.0
936.0
833.0
978.0
777.0
795.0
964.0
845.0
622.0
857.0
1133.0
946.0
839.0
817.0
613.0
877.0
996.0
637.0
742.0
1510.0
910.0
955.0
843.0
906.0
918.0
814.0
885.0
829.0
930.0
1008.0
841.0
901.0
892.0
869.0
846.0
845.0
900.0
843.0
644.0
657.0
933.0
885.0
590.0
991.0
841.0
867.0
1017.0
571.0
1119.0
613.0
720.0
862.0
861.0
818.0
843.0
603.0
818.0
908.0
790.0
832.0
840.0
1164.0
721.0
850.0
826.0
836.0
834.0
986.0
875.0
886.0
853.0
934.0
966.0
828.0
680.0
830.0
838.0
933.0
948.0
889.0
974.0
845.0
865.0
858.0
848.0
816.0
954.0
845.0
976.0
905.0
782.0
842.0
838.0
855.0
973.0
960.0
860.0
905.0
837.0
874.0
903.0
890.0
997.0
802.0
875.0
934.0
1068.0
1037.0
850.0
829.0
962.0
845.0
882.0
857.0
749.0
1015.0
1051.0
846.0
895.0
833.0
816.0
923.0
804.0
897.0
985.0
898.0
918.0
818.0
879.0
949.0
874.0
879.0
870.0
730.0
851.0
844.0
852.0
898.0
867.0
842.0
911.0
830.0
878.0
947.0
933.0
831.0
848.0
738.0
939.0
618.0
891.0
884.0
847.0
895.0
1122.0
859.0
580.0
937.0
909.0
693.0
828.0
909.0
849.0
944.0
865.0
872.0
862.0
866.0
819.0
870.0
853.0
770.0
801.0
854.0
931.0
841.0
861.0
917.0
914.0
845.0
996.0
576.0
834.0
885.0
941.0
851.0
991.0
872.0
875.0
952.0
649.0
877.0
906.0
928.0
782.0
889.0
861.0
764.0
884.0
877.0
1038.0
638.0
856.0
856.0
835.0
840.0
762.0
801.0
883.0
848.0
917.0
718.0
888.0
853.0
919.0
820.0
933.0
833.0
808.0
784.0
863.0
889.0
813.0
984.0
901.0
889.0
907.0
885.0
838.0
623.0
869.0
597.0
927.0
933.0
919.0
754.0
825.0
977.0
758.0
839.0
870.0
871.0
858.0
815.0
702.0
667.0
807.0
897.0
610.0
882.0
