1.0142533033420964
0.9817573829687122
1.7583921824423996
0.8915554902242329
0.8039294755491204
0.7776755733638967
0.8756375091516776
1.0029813577321192
1.0569746386106016
1.487229246382411
0.8809435028425294
1.1862865433378411
0.9074734712967881
1.0203563512375973
2.327177407448902
1.2423532100045076
1.3124365433378409
0.965839401896157
1.0752837822971038
1.3264532100045079
1.111902069670108
1.1057990217746074
1.6652654455171196
1.111902069670108
1.8750660747514258
0.5704215122941557
0.7995538251849164
1.4698172381008374
0.7820512237281005
1.8167291285969123
0.8438015470065673
4.202549705813794
0.41780833941152573
1.2143198766711745
0.8915554902242329
1.291411543337841
0.9764513892778606
1.2423532100045076
0.6570016085769786
1.4611112339600507
2.035492676676337
0.8039294755491204
1.0203563512375973
1.2844032100045075
0.8862494965333811
0.8083051259133244
0.7908025244565086
0.9499214208236018
1.050871590715101
1.1302112133566105
0.7732999229996927
0.9711453955870089
1.9188187843673106
1.4698172381008374
0.9870633766595639
0.48021986452121296
0.8083051259133244
1.3740511925521834
1.3194448766711744
1.1302112133566105
1.2844032100045075
0.9393094334418984
0.9870633766595639
3.650050419895485
0.4988983764590253
1.0142533033420964
1.1424173091476117
1.1302112133566105
1.0569746386106016
1.4611112339600507
5.019287780649555
1.228336543337841
1.1729325486251156
0.9233914523693433
1.0203563512375973
1.4524052298192642
2.5459409555283266
1.166829500729615
4.562875327064865
0.8968614839150846
2.0938296228308495
1.9625714939831955
1.0264593991330977
0.9817573829687122
1.2423532100045076
1.0447685428196003
1.1180051175656087
1.0142533033420964
0.6369698499426
1.1862865433378411
1.0082873514229709
0.6336312235035367
1.0325624470285986
0.9870633766595639
1.2563698766711746
0.9499214208236018
3.5779852956452705
1.0813868301926046
1.0935929259836061
0.9711453955870089
0.9446154271327503
1.4611112339600507
0.7023637125873339
0.9127794649876397
2.9980522882258027
1.0264593991330977
1.6462705273917668
1.7146394728265144
1.228336543337841
1.8313133651355409
0.9340034397510467
2.735536030530494
0.7202421139478781
1.3479331801298233
1.3827571966929701
0.32240874227667143
1.1485203570431126
1.2143198766711745
0.8597195280791226
1.1546234049386133
0.7908025244565086
2.1521665689853626
1.1424173091476117
1.4959352505231975
1.1607264528341141
1.1424173091476117
1.2353448766711745
1.0029813577321192
0.8650255217699743
0.8650255217699743
0.9870633766595639
2.735536030530494
1.069180734401603
1.0874898780881053
0.9340034397510467
0.965839401896157
0.9499214208236018
0.849107540697419
0.4045582831432386
0.7864268740923046
1.1792782100045076
0.9446154271327503
0.5396872930250528
0.8862494965333811
1.0264593991330977
0.8345590280985481
1.2984198766711745
1.2493615433378409
0.965839401896157
1.0142533033420964
0.9817573829687122
1.0142533033420964
0.8756375091516776
0.9446154271327503
1.0813868301926046
2.9688838151485464
1.050871590715101
0.9286974460601949
1.2143198766711745
0.7416961955805312
1.3264532100045079
0.9393094334418984
0.6069222119910318
1.270386543337841
0.8258077273701401
0.7601729719070809
1.1424173091476117
0.8597195280791226
1.0029813577321192
1.111902069670108
1.0874898780881053
0.5843916119619298
1.0325624470285986
3.9863543330631512
1.4785232422416243
1.2143198766711745
1.7000552362878862
1.1180051175656087
2.2250877516785046
0.8756375091516776
0.8756375091516776
2.327177407448902
1.5512959367650017
1.2423532100045076
1.3827571966929701
2.2688404612943893
0.698788032315225
2.9397153420712896
1.7000552362878862
1.0874898780881053
0.37048670988192867
0.830183377734344
2.1813350420626194
1.0203563512375973
1.1607264528341141
0.9021674776059364
1.2143198766711745
0.8039294755491204
1.0874898780881053
1.4785232422416243
1.0874898780881053
2.5896936651442113
1.1729325486251156
1.0752837822971038
0.6302925970644736
1.111902069670108
0.748847556124749
0.9393094334418984
1.0569746386106016
3.333489728614253
0.8915554902242329
0.9605334082053055
0.8438015470065673
1.0386654949240994
0.9286974460601949
1.1862865433378411
1.0630776865061022
0.9286974460601949
2.793872976685007
1.0630776865061022
1.1302112133566105
1.1302112133566105
0.7559989166689667
0.34777232770772215
1.0203563512375973
1.228336543337841
3.012636524764431
2.9105468689940337
0.7732999229996927
1.2984198766711745
0.8258077273701401
0.8809435028425294
0.965839401896157
0.9976753640412673
0.9976753640412673
2.502188245912442
0.7166664336757693
0.9127794649876397
0.9340034397510467
1.166829500729615
1.7292237093651428
0.48021986452121296
0.43819321266113515
0.37237957506311253
1.0447685428196003
1.0029813577321192
1.3194448766711744
0.7645486222712848
1.2003032100045077
1.0029813577321192
1.6177781502037372
1.0082873514229709
1.0935929259836061
0.9286974460601949
1.2003032100045077
2.341761643987531
1.2353448766711745
1.685470999749258
0.9923693703504158
1.1057990217746074
2.691783320914609
1.0325624470285986
0.9446154271327503
0.965839401896157
0.8915554902242329
0.9976753640412673
0.9711453955870089
1.5987832320783844
1.3194448766711744
0.9923693703504158
1.0630776865061022
0.8650255217699743
2.414682826680672
1.0935929259836061
1.0029813577321192
1.0264593991330977
0.9393094334418984
2.735536030530494
1.0142533033420964
1.4436992256784775
6.148416126264923
0.9233914523693433
1.2633782100045077
1.291411543337841
1.3264532100045079
0.8438015470065673
1.3404698766711745
0.9605334082053055
1.4698172381008374
1.2773948766711745
1.6462705273917668
0.8915554902242329
1.2493615433378409
1.2143198766711745
0.9870633766595639
0.9817573829687122
1.7583921824423996
1.0142533033420964
1.4611112339600507
0.8968614839150846
0.7095150731315516
1.0082873514229709
0.8597195280791226
0.8345590280985481
2.881378395916777
0.965839401896157
0.4522020966144944
1.4611112339600507
1.4436992256784775
1.4262872173969037
0.9233914523693433
2.1375823324467347
1.3479331801298233
1.2213282100045078
0.7732999229996927
1.270386543337841
2.925131105532661
1.4262872173969037
0.9446154271327503
1.8896503112900538
1.4262872173969037
2.195919278601248
0.7059393928594427
1.487229246382411
2.2542562247557614
1.5797883139530313
2.327177407448902
0.8915554902242329
0.8809435028425294
1.5797883139530313
0.48021986452121296
1.8021448920582845
1.1363142612521113
1.291411543337841
1.0082873514229709
1.0386654949240994
1.111902069670108
1.35663918427061
1.0082873514229709
0.44286284064558823
1.1363142612521113
0.9817573829687122
3.2314000728438557
1.1607264528341141
0.7951781748207124
1.1862865433378411
1.35663918427061
0.9127794649876397
0.8862494965333811
1.1302112133566105
1.0325624470285986
1.9917399670604519
0.9976753640412673
0.8214320770059361
1.1729325486251156
1.4611112339600507
1.0142533033420964
1.0029813577321192
0.9074734712967881
1.0082873514229709
1.4436992256784775
0.9552274145144536
3.6740721279788895
1.3914632008337569
2.808457213223635
0.7776755733638967
1.0082873514229709
1.3054282100045078
1.3740511925521834
0.8126807762775282
1.5417984777023253
0.9446154271327503
0.9552274145144536
1.3479331801298233
1.4349932215376904
1.1485203570431126
1.2844032100045075
1.2003032100045077
1.3914632008337569
0.9923693703504158
1.1792782100045076
1.0996959738791068
0.8968614839150846
0.8756375091516776
0.5173351335566143
0.8756375091516776
0.9021674776059364
1.0386654949240994
1.7292237093651428
0.32240874227667143
0.6636788614551049
0.9074734712967881
0.8809435028425294
0.870331515460826
1.487229246382411
1.2423532100045076
1.291411543337841
1.787560655519656
1.207311543337841
2.8376256863008917
1.0203563512375973
0.9870633766595639
1.0082873514229709
1.333461543337841
0.30684907530164834
1.4436992256784775
1.0813868301926046
1.7292237093651428
1.1729325486251156
0.7452718758526401
0.9711453955870089
0.8083051259133244
0.9021674776059364
0.8039294755491204
0.9711453955870089
1.0082873514229709
0.9074734712967881
1.0935929259836061
0.5564514126263816
1.0386654949240994
0.7601729719070809
0.8862494965333811
0.8345590280985481
0.9021674776059364
2.633446374760096
1.3194448766711744
1.2003032100045077
1.1363142612521113
0.9127794649876397
1.1485203570431126
0.5704215122941557
1.1180051175656087
2.195919278601248
1.5323010186396486
1.333461543337841
2.0938296228308495
1.1241081654611098
0.349665192888906
0.4965635624667987
0.640308476381663
0.9286974460601949
0.9233914523693433
1.3914632008337569
0.9711453955870089
1.3194448766711744
1.270386543337841
1.9771557305218237
1.1546234049386133
0.8968614839150846
0.8756375091516776
3.3043212555369967
1.0082873514229709
1.5323010186396486
1.1862865433378411
1.0935929259836061
0.8345590280985481
0.9340034397510467
1.1932948766711744
1.0447685428196003
0.9446154271327503
1.4611112339600507
0.9870633766595639
1.0935929259836061
0.9446154271327503
2.502188245912442
1.845897601674169
1.1729325486251156
1.4959352505231975
0.8809435028425294
0.9711453955870089
1.1424173091476117
1.7729764189810273
1.1546234049386133
1.3479331801298233
0.9711453955870089
0.8258077273701401
1.3914632008337569
1.2633782100045077
1.1792782100045076
2.0938296228308495
1.35663918427061
1.3194448766711744
0.9870633766595639
0.8597195280791226
1.1424173091476117
3.012636524764431
1.5702908548903547
2.954299578609918
1.0142533033420964
1.1302112133566105
2.0792453862922216
1.3479331801298233
1.0813868301926046
1.4959352505231975
3.2168158363052273
1.0029813577321192
1.3404698766711745
0.7951781748207124
1.4349932215376904
1.1363142612521113
0.8756375091516776
0.6703561143332312
0.8597195280791226
1.1932948766711744
0.9552274145144536
0.9870633766595639
1.291411543337841
1.2003032100045077
1.2143198766711745
1.1180051175656087
0.9074734712967881
1.8896503112900538
1.0752837822971038
0.9446154271327503
0.849107540697419
0.9817573829687122
2.385514353603415
1.7729764189810273
2.050076913214965
0.8345590280985481
1.1546234049386133
1.487229246382411
2.1521665689853626
0.8438015470065673
1.1862865433378411
1.7292237093651428
1.111902069670108
1.0264593991330977
1.0264593991330977
0.5648334724270461
1.7000552362878862
2.5459409555283266
0.9870633766595639
1.291411543337841
0.6880609914988987
1.35663918427061
0.8170564266417322
0.9286974460601949
1.2143198766711745
1.2143198766711745
1.8021448920582845
1.0386654949240994
3.7221155441456997
1.0325624470285986
0.6035835855519686
0.3317445424616854
0.9711453955870089
0.6809096309546809
1.7729764189810273
0.8862494965333811
1.111902069670108
0.7820512237281005
1.1485203570431126
4.707005575565293
