0.7922123276743219
0.9279855806316994
0.888937408838316
0.721708638272136
0.9231045591575264
0.8358552960188991
1.12578554581232
1.279955683008133
1.478747699739114
1.1638829410558083
0.9475096665283912
0.8645323014674511
0.884056387364143
0.96215273095091
1.0368916235775145
0.9767957953734289
1.3282295657469603
0.8645323014674511
1.1903041864931676
0.8140338118466104
1.3282295657469603
0.2927937824714591
0.9719147738992562
1.8056054308871585
1.1972004554558573
1.9668710109446845
0.7430177598937576
0.6505635901347542
0.7394662396234873
0.7965766245087796
1.1638829410558083
1.3737236843692777
1.106736848190576
1.2109929933812367
3.1250510859032814
0.9035804732608348
1.3144370278215811
0.9084614947350076
1.0060819242184666
0.5565917968620481
1.8202659381651156
0.7747551403364911
0.8358552960188991
1.151183809307979
2.670575360286617
1.0749890188210027
0.9328666021058724
0.9328666021058724
1.0559403211992586
0.2927937824714591
2.1574576055581245
0.7501208004342983
0.2971823717913408
1.5621062913474035
0.2971823717913408
0.9084614947350076
1.3282295657469603
0.7834837340054064
0.8938184303124888
0.9084614947350076
1.204096724418547
1.043241189451429
0.42793747519108555
0.32058818149737667
0.9279855806316994
0.8938184303124888
0.5921180890374609
0.9523906880025643
0.8547702585191053
1.293748220933512
0.8596512799932782
0.9231045591575264
0.7834837340054064
0.874294344415797
0.9279855806316994
1.0060819242184666
0.9475096665283912
1.1321351116862348
1.0241924918296852
0.5079790800990424
1.9668710109446845
0.8183981086810681
0.746569280164028
0.7965766245087796
0.7252601585424062
0.7703908435020334
4.717553662868063
0.9523906880025643
1.4464326180868567
0.8498892370449324
0.8596512799932782
2.65591485300866
0.7834837340054064
1.204096724418547
0.874294344415797
0.7359147193532172
0.8645323014674511
0.9231045591575264
0.8271267023499835
0.4985355864187875
0.8314909991844414
1.3494873731300847
0.888937408838316
0.9231045591575264
0.9816768168476019
0.2971823717913408
1.0114933600818559
0.4411746210462797
1.2523706071573746
1.2661631450827535
2.1574576055581245
0.8183981086810681
0.8227624055155258
0.7834837340054064
0.9035804732608348
0.8402195928533568
0.967033752425083
0.9767957953734289
0.7791194371709488
0.8009409213432374
0.7747551403364911
0.9475096665283912
1.2730594140454432
0.874294344415797
0.8358552960188991
0.8009409213432374
0.8227624055155258
0.9231045591575264
0.9475096665283912
0.8645323014674511
3.7626856526494965
0.610574563068185
0.8547702585191053
0.9767957953734289
0.967033752425083
0.8938184303124888
0.8938184303124888
0.9426286450542183
2.5972728238968323
0.7501208004342983
1.0114933600818559
0.8645323014674511
1.170232506929723
0.35290958039906417
0.7323631990829468
1.0749890188210027
1.1003872823166614
1.1130864140644907
1.0241924918296852
2.3187231856156507
1.2316818002693055
1.3656449139562132
0.8498892370449324
0.7616622498331179
1.7616239090532877
1.3006444898962017
0.8314909991844414
1.4464326180868567
0.3147367290708677
0.8314909991844414
0.7616622498331179
0.7323631990829468
0.7039510369207846
0.7536723207045685
1.0686394529470882
2.861161954900057
0.9719147738992562
1.1003872823166614
0.8694133229416242
0.9426286450542183
2.1134760837242537
1.9815315182226418
0.8791753658899699
0.8547702585191053
0.9426286450542183
1.0060819242184666
0.8547702585191053
1.0813385846949175
0.8096695150121527
0.8009409213432374
1.043241189451429
0.8694133229416242
0.8450082155707593
1.2661631450827535
0.8402195928533568
0.8450082155707593
0.7394662396234873
3.213014129571023
1.087688150568832
0.4963293954429218
0.28547946693832293
0.3780569533166207
0.9719147738992562
1.381802454782342
2.8318409403441427
0.967033752425083
1.1384846775601496
0.96215273095091
0.746569280164028
0.8227624055155258
1.57246981568505
0.34931709855369897
0.8450082155707593
1.0114933600818559
1.0368916235775145
0.9572717094767373
1.33512583470965
0.8314909991844414
1.2316818002693055
1.183407917530478
1.0559403211992586
1.3898812251954065
0.45661795787733944
0.9475096665283912
0.8183981086810681
1.478747699739114
0.7501208004342983
1.1130864140644907
0.6259549580937886
1.043241189451429
0.7965766245087796
0.8498892370449324
0.884056387364143
1.1638829410558083
0.7834837340054064
0.6790903950288927
0.9084614947350076
2.8025199257882294
0.32058818149737667
0.8791753658899699
1.043241189451429
0.9035804732608348
0.8140338118466104
2.65591485300866
0.5781974487567173
1.3979599956084707
0.8547702585191053
1.1765820728036376
0.8227624055155258
0.9572717094767373
1.2730594140454432
0.7791194371709488
0.874294344415797
1.0178429259557706
0.9133425162091806
0.7075025571910548
0.9475096665283912
1.4545113884999212
1.1903041864931676
0.96215273095091
1.12578554581232
0.967033752425083
0.7536723207045685
0.8547702585191053
1.2730594140454432
1.2661631450827535
0.7660265466675756
1.5931968643603427
1.8935684745549002
0.7572979529986602
0.96215273095091
1.1575333751818935
0.8986994517866618
0.721708638272136
0.9035804732608348
0.9426286450542183
0.8547702585191053
2.0694945618903833
0.7616622498331179
0.3942231216207642
1.3420221036723397
0.967033752425083
0.9035804732608348
1.0305420577036
1.2178892623439261
1.2730594140454432
1.0622898870731734
1.1321351116862348
2.2160996346699524
0.7146055977315954
0.8227624055155258
2.65591485300866
0.9475096665283912
0.874294344415797
0.7922123276743219
0.9133425162091806
0.5029479683705189
0.7703908435020334
2.1721181128360816
0.610574563068185
1.0241924918296852
2.6852358675645736
0.8645323014674511
1.406038766021535
0.9816768168476019
0.9084614947350076
0.9767957953734289
0.8358552960188991
0.7922123276743219
0.9377476235800455
0.696847996380244
1.937549996388771
0.888937408838316
0.874294344415797
0.7791194371709488
0.8227624055155258
1.1130864140644907
0.3439283757856511
0.7616622498331179
0.7703908435020334
1.746963401775331
0.8498892370449324
1.1321351116862348
1.1321351116862348
1.1130864140644907
0.7922123276743219
1.478747699739114
2.406686229283392
1.746963401775331
1.245474338194685
1.0813385846949175
0.9084614947350076
1.2661631450827535
1.4141175364345993
1.0012009027442939
0.7501208004342983
0.7039510369207846
0.8358552960188991
0.3421321348629685
0.967033752425083
1.33512583470965
0.7039510369207846
1.1003872823166614
0.8314909991844414
1.2109929933812367
0.7323631990829468
1.1384846775601496
0.96215273095091
0.8694133229416242
0.9572717094767373
1.0368916235775145
1.183407917530478
1.3006444898962017
2.0255130400565124
1.2109929933812367
1.183407917530478
0.8140338118466104
1.551742767009757
1.8495869527210294
0.8791753658899699
0.9816768168476019
1.170232506929723
1.1194359799384055
1.0305420577036
1.087688150568832
0.3798531942393033
0.33853965301760325
1.746963401775331
0.8183981086810681
1.3898812251954065
1.0178429259557706
0.8358552960188991
0.8938184303124888
0.986557838321775
0.8547702585191053
2.611933331174789
0.7501208004342983
0.6597918271501162
1.3075407588588914
0.6861934355694332
0.7791194371709488
0.8271267023499835
1.204096724418547
1.2523706071573746
3.66719885162764
1.1321351116862348
2.2160996346699524
1.279955683008133
1.5413792426721107
1.1638829410558083
0.34931709855369897
1.478747699739114
2.4946492729511336
0.7536723207045685
3.1103905786253248
0.9377476235800455
0.7616622498331179
1.5931968643603427
1.2730594140454432
0.9084614947350076
0.9084614947350076
0.8227624055155258
2.7878594185102723
1.279955683008133
0.9328666021058724
0.32058818149737667
0.7359147193532172
0.6597918271501162
0.4213189022634885
0.9523906880025643
1.2730594140454432
0.9914388597959478
0.39601936254344683
0.9816768168476019
0.7288116788126765
1.0368916235775145
0.7501208004342983
0.7660265466675756
2.5532913020629615
0.9719147738992562
0.3220510446040039
0.8596512799932782
0.8547702585191053
0.7834837340054064
1.4868264701521785
1.1765820728036376
0.8596512799932782
0.4323498571428169
1.1130864140644907
0.7003995166505144
0.7660265466675756
0.7660265466675756
0.5295847319937117
1.3575661435431492
1.0012009027442939
1.0114933600818559
1.0305420577036
0.8227624055155258
1.1638829410558083
0.967033752425083
0.7572979529986602
0.8547702585191053
0.41937049453832076
1.0114933600818559
1.717642387219417
0.986557838321775
0.8694133229416242
0.9084614947350076
0.9475096665283912
0.8791753658899699
0.7834837340054064
0.8183981086810681
0.7288116788126765
0.9719147738992562
0.8694133229416242
2.5532913020629615
0.8096695150121527
0.2664622465521688
1.9082289818328573
1.1003872823166614
0.9475096665283912
2.9491249985677985
0.7965766245087796
1.087688150568832
1.1194359799384055
0.7834837340054064
0.8498892370449324
0.805305218177695
1.0749890188210027
0.9719147738992562
0.8009409213432374
0.9963198812701207
0.7323631990829468
1.0368916235775145
0.3511133394763815
0.8450082155707593
0.9914388597959478
0.9914388597959478
1.151183809307979
0.9475096665283912
0.7501208004342983
0.9084614947350076
1.1448342434340641
2.3333836928936074
2.08415506916834
0.8358552960188991
1.9082289818328573
0.41757425361563816
1.0559403211992586
0.7922123276743219
0.7288116788126765
2.8465014476221002
0.7252601585424062
0.986557838321775
0.7323631990829468
0.4067968080795425
1.4706689293260498
0.888937408838316
0.4632365308049365
1.0060819242184666
0.9279855806316994
0.8791753658899699
1.0622898870731734
0.5241833190200442
0.8986994517866618
0.9914388597959478
0.7965766245087796
1.0114933600818559
0.7834837340054064
0.29425664557808634
1.478747699739114
1.204096724418547
0.7922123276743219
1.151183809307979
1.7029818799414602
0.8096695150121527
1.406038766021535
1.0060819242184666
0.35829830316711203
0.7288116788126765
0.8694133229416242
2.567951809340918
0.8314909991844414
0.7501208004342983
0.8140338118466104
0.9719147738992562
0.9084614947350076
1.0813385846949175
0.8358552960188991
0.6290310370989093
0.7834837340054064
0.96215273095091
0.7110540774613252
0.6228788790886679
0.43014366616695116
1.3898812251954065
1.245474338194685
0.31034813975098596
1.1130864140644907
0.5619932098357154
1.0060819242184666
0.3744644714712555
0.7834837340054064
0.9523906880025643
1.7029818799414602
0.9767957953734289
0.9328666021058724
0.7252601585424062
0.8498892370449324
0.7181571180018657
0.9231045591575264
1.6139239130356355
0.8938184303124888
1.3420221036723397
1.3006444898962017
0.696847996380244
2.641254345730703
1.3575661435431492
1.3979599956084707
1.106736848190576
1.1130864140644907
1.5413792426721107
1.0241924918296852
0.7616622498331179
1.043241189451429
0.9035804732608348
0.7572979529986602
0.9719147738992562
0.9572717094767373
1.3898812251954065
1.732302894497374
1.1130864140644907
1.4545113884999212
0.7922123276743219
0.8009409213432374
0.49412320446705615
0.36009454408979463
0.5160811995595433
2.3333836928936074
1.6553780103862212
0.7536723207045685
0.9767957953734289
0.874294344415797
1.204096724418547
0.9279855806316994
0.9475096665283912
1.0114933600818559
0.7834837340054064
0.8227624055155258
1.5110627813913713
0.4985355864187875
0.9279855806316994
0.8183981086810681
1.0813385846949175
0.8271267023499835
0.7660265466675756
1.1903041864931676
0.967033752425083
0.96215273095091
0.8402195928533568
1.6883213726635031
1.0813385846949175
1.0305420577036
1.3420221036723397
1.0305420577036
0.8938184303124888
1.6139239130356355
1.0114933600818559
1.9668710109446845
1.170232506929723
0.9133425162091806
0.2971823717913408
0.6628679061552369
0.8183981086810681
0.31912531839074937
0.8450082155707593
1.0114933600818559
1.151183809307979
0.2810908776184412
1.151183809307979
1.204096724418547
0.8271267023499835
0.8547702585191053
0.8694133229416242
0.8694133229416242
0.874294344415797
1.2178892623439261
1.1321351116862348
0.8694133229416242
0.7791194371709488
1.12578554581232
1.238578069231995
0.6690200641654784
1.1638829410558083
0.8694133229416242
0.5052783736122087
0.8938184303124888
0.8096695150121527
1.0813385846949175
0.8140338118466104
0.7834837340054064
0.8694133229416242
0.7359147193532172
0.8645323014674511
0.96215273095091
0.32058818149737667
1.6883213726635031
1.1194359799384055
1.0178429259557706
0.884056387364143
1.9228894891108137
1.2661631450827535
0.32790249703051283
0.96215273095091
0.986557838321775
0.8596512799932782
0.7834837340054064
0.7039510369207846
0.8938184303124888
1.0114933600818559
0.8694133229416242
4.096889456225995
1.1130864140644907
0.8009409213432374
1.0241924918296852
1.12578554581232
0.7791194371709488
1.0686394529470882
1.0305420577036
0.8227624055155258
1.245474338194685
1.0622898870731734
1.1638829410558083
0.7110540774613252
1.106736848190576
0.8140338118466104
1.9668710109446845
0.8096695150121527
1.5310157183344644
0.32058818149737667
1.2730594140454432
1.12578554581232
1.7762844163312448
0.7572979529986602
1.4625901589129855
0.7146055977315954
0.5781974487567173
0.8791753658899699
0.3059595504311043
0.4157780126929556
0.7791194371709488
0.8791753658899699
0.9279855806316994
1.0686394529470882
1.381802454782342
1.0813385846949175
1.0940377164427466
0.96215273095091
0.9719147738992562
