0.7333101391875668
0.6385015833564339
1.2817777484024995
0.8842776617114995
0.5383271643930826
1.4862083783000621
0.9569447124027437
1.061732081851636
1.3456282406402789
0.5284822712119295
1.2675896421182313
1.1187490310041783
3.929786680163065
0.3594799413083278
0.7851981229863978
0.9375668322184119
1.2321193764075606
1.2959658546867678
0.9763225925870755
0.8842776617114995
1.3385301735395727
1.141555810665195
1.5455131453743318
1.06743377676689
2.057049758999003
0.8648997815271676
1.2817777484024995
0.6053676292017061
1.1895550575547558
1.0218202174448563
0.8939666018036654
3.6658870937987795
3.2722643786335097
1.8140068350721017
1.0161185225296019
1.3456282406402789
1.9426766183275204
0.3924668014769883
0.8407358588354543
1.4283224392636809
6.321792431526094
1.0275219123601103
0.9811670626331583
1.06743377676689
1.0161185225296019
1.1472575055804495
1.985566546079326
0.8745887216193335
0.5727842905271183
1.19664911069689
1.4035141796766601
1.2179312701232923
1.0275219123601103
1.2817777484024995
0.8939666018036654
0.9860115326792415
0.6385015833564339
3.143594595378091
1.3172480141131704
1.0845388615126528
0.9521002423566606
3.953777551650727
0.8169339720430017
1.7282269795684895
1.203743163839024
1.477938958437722
1.253401535833963
1.0275219123601103
0.9617891824488265
1.2817777484024995
1.5801400110459738
1.5455131453743318
0.8988110718497484
1.141555810665195
1.0104168276143477
1.9569732609114556
0.9278778921262459
1.1529592004957037
1.8997866905757137
1.0560303869363818
0.9714781225409924
0.8745887216193335
0.9375668322184119
1.2321193764075606
1.1244507259194325
1.675363891642989
1.2321193764075606
1.0560303869363818
3.4019875074344945
0.34133716821556453
2.4144658235973875
2.9720348843708666
0.8367688777033788
0.41390826058661767
0.9375668322184119
0.3008191671923155
1.3869753399519797
1.3704365002272996
0.8367688777033788
1.10734564117367
0.8367688777033788
1.061732081851636
1.0389253021906188
1.469669538575382
1.5541698617922424
1.2604955889760971
0.8988110718497484
2.3572792532616464
1.253401535833963
1.0005449428174902
1.1757659801567206
0.8891221317575825
0.9424113022644949
0.9521002423566606
0.47059149397795613
1.1757659801567206
1.1244507259194325
1.141555810665195
0.4518098562608346
2.4716523939331294
1.7425236221524247
0.8697442515732507
0.39411614448542137
0.3528825692745957
2.6575087475242882
0.9424113022644949
0.9763225925870755
0.9811670626331583
0.9133444819879971
0.8503663713889189
1.6493937423892575
0.8010660475146997
1.130152420834687
5.218531561960879
2.157126257086551
0.39411614448542137
1.3101539609710362
1.2746836952603655
1.0275219123601103
1.2250253232654265
0.9811670626331583
0.9036555418958312
1.1130473360889241
2.1714228996704863
0.9811670626331583
1.1643625903262123
0.674907361409789
1.1016439462584156
0.8288349154392279
1.0275219123601103
2.9005516714511894
1.0959422513431614
1.3172480141131704
0.9617891824488265
1.2179312701232923
0.5963310962504166
1.0389253021906188
1.06743377676689
1.2959658546867678
0.8552108414350018
1.0104168276143477
0.8248679343071526
1.5195429961206004
1.9998631886632616
0.9521002423566606
2.3143893255098402
1.7139303369845538
1.1472575055804495
0.9521002423566606
0.8600553114810848
0.8050330286467752
0.8988110718497484
1.3385301735395727
0.8697442515732507
1.2746836952603655
1.005389412863573
0.8842776617114995
1.0218202174448563
1.2675896421182313
3.0149248121226724
0.9375668322184119
0.8552108414350018
1.19664911069689
2.9863315269548014
1.0275219123601103
1.0104168276143477
1.2392134295496948
0.9860115326792415
1.0161185225296019
1.6320803095534366
3.5939144793357927
0.8648997815271676
1.658050458807168
2.443059108765259
0.8988110718497484
2.5288389642688713
0.39411614448542137
1.3243420672553046
0.8050330286467752
0.40731088855288555
0.9908560027253243
0.8455219013428359
2.371575895845582
1.19664911069689
1.4117835995390005
1.10734564117367
0.8600553114810848
1.2108372169811583
1.0275219123601103
1.0959422513431614
1.0560303869363818
2.200016184838357
0.9908560027253243
0.5087924848496234
1.3621670803649593
0.8328018965713034
1.3952447598143198
1.2321193764075606
1.6407370259713467
1.0560303869363818
0.8697442515732507
0.5260210479166413
0.7851981229863978
0.31997322608283124
1.203743163839024
1.771116907320295
1.0275219123601103
1.1529592004957037
0.3875187724516893
1.203743163839024
0.32955025552808903
1.0731354716821444
0.7653632173260205
2.0713464015829386
1.5368564289564215
1.0275219123601103
1.0788371665973986
1.253401535833963
1.2179312701232923
1.8997866905757137
1.1824610044126216
0.8129669909109262
2.085643044166874
0.9666336524949096
0.9714781225409924
1.4614001187130419
1.4035141796766601
1.3172480141131704
0.8455219013428359
0.8745887216193335
1.06743377676689
0.6174163398034254
1.7425236221524247
1.19664911069689
1.4365918591260212
2.1714228996704863
3.2436710934656388
0.9763225925870755
1.4448612789883615
1.0005449428174902
1.2746836952603655
0.9424113022644949
0.3759733713926581
1.1187490310041783
0.8988110718497484
0.8455219013428359
0.8367688777033788
0.9521002423566606
3.000628169538737
1.9998631886632616
1.0275219123601103
1.0845388615126528
0.9278778921262459
0.8988110718497484
0.91818895203408
0.9617891824488265
1.3314361203974387
1.0560303869363818
1.2179312701232923
1.1895550575547558
0.9036555418958312
0.8552108414350018
0.7126973940895276
0.8697442515732507
1.246307482691829
1.1244507259194325
0.8050330286467752
1.623423593135526
0.9908560027253243
0.32681396140087254
0.8129669909109262
0.769330198458096
0.8010660475146997
0.9472557723105778
1.5541698617922424
0.8891221317575825
1.1757659801567206
0.9133444819879971
1.06743377676689
0.8842776617114995
0.923033422080163
1.3172480141131704
0.9424113022644949
0.923033422080163
5.785922866308704
0.32955025552808903
0.5481720575742356
0.9569447124027437
0.9521002423566606
0.3759733713926581
0.5432496109836592
1.4365918591260212
0.9860115326792415
0.8367688777033788
0.7851981229863978
0.9375668322184119
0.9666336524949096
1.0161185225296019
1.5801400110459738
1.3172480141131704
1.5801400110459738
1.0845388615126528
1.9569732609114556
0.5260210479166413
1.9569732609114556
0.8891221317575825
2.5574322494367414
2.271499397758034
1.4448612789883615
3.043518097290544
1.0788371665973986
0.367726656350493
0.31176434370118167
0.7058264790568478
1.5110166378870828
0.9714781225409924
2.1714228996704863
0.91818895203408
0.8600553114810848
2.085643044166874
0.31039619663757334
0.8503663713889189
1.0275219123601103
1.1586608954109578
1.10734564117367
1.06743377676689
1.3869753399519797
0.9957004727714074
1.130152420834687
1.005389412863573
1.0731354716821444
1.9140833331596492
0.4935468289655492
0.9521002423566606
0.8367688777033788
0.8794331916654167
0.6920846489914884
2.700398675276094
0.433028218543713
1.8140068350721017
2.3286859680937755
0.8648997815271676
1.2604955889760971
0.668623359860732
0.9375668322184119
0.8745887216193335
2.1428296145026158
2.9005516714511894
1.3538976605026192
0.7092619365731878
1.2604955889760971
0.7436165117365864
1.246307482691829
4.481576724379297
1.623423593135526
0.7161328516058675
1.5974534438817947
1.10734564117367
0.8328018965713034
1.0845388615126528
0.44554931035512735
1.4035141796766601
0.9569447124027437
2.7718818881957707
0.820900953175077
2.385872538429517
1.8854900479917784
0.761396236193945
0.91818895203408
1.1472575055804495
1.2321193764075606
1.9283799757435847
1.3314361203974387
1.246307482691829
0.39741483050228743
1.1244507259194325
0.9521002423566606
0.7732971795901715
0.8988110718497484
0.6234406951042849
1.6493937423892575
0.5358659410977944
2.7575852456118355
1.06743377676689
0.8600553114810848
2.7289919604439645
1.1529592004957037
1.5974534438817947
0.91818895203408
0.9763225925870755
1.8711934054078434
0.8988110718497484
0.6817782764424688
0.9860115326792415
0.7401810542202466
2.1857195422544216
1.203743163839024
1.0218202174448563
6.321792431526094
0.8328018965713034
2.371575895845582
2.5288389642688713
0.8169339720430017
0.8600553114810848
1.1586608954109578
1.10734564117367
0.9133444819879971
1.0389253021906188
0.8842776617114995
0.506331261554335
1.4365918591260212
3.0149248121226724
1.5368564289564215
0.932722362172329
0.8939666018036654
1.0902405564279072
1.0161185225296019
0.9133444819879971
1.0389253021906188
1.0332236072753649
1.3952447598143198
0.91818895203408
0.3875187724516893
0.8552108414350018
1.1757659801567206
0.8407358588354543
0.9521002423566606
0.8328018965713034
1.1586608954109578
1.0161185225296019
0.4768520398836633
1.2392134295496948
0.932722362172329
1.0788371665973986
0.9811670626331583
0.9569447124027437
0.9569447124027437
1.0902405564279072
0.6625990045598723
0.9375668322184119
0.8367688777033788
0.91818895203408
0.932722362172329
1.005389412863573
1.061732081851636
0.8745887216193335
1.303059907828902
0.4351150671789487
1.4944777981624024
0.6955201065078283
1.7854135499042307
1.3243420672553046
0.8090000097788507
0.7333101391875668
0.8010660475146997
0.3594799413083278
0.8288349154392279
0.6565746492590128
0.3627786273251939
1.1895550575547558
1.06743377676689
0.9569447124027437
0.8600553114810848
2.614618819772482
3.449969250409819
0.9133444819879971
2.3572792532616464
1.5195429961206004
0.8745887216193335
1.0788371665973986
1.1700642852414664
1.606110160299705
1.0446269971058733
0.2967147260014907
2.014159831247197
0.8891221317575825
1.1895550575547558
1.1757659801567206
0.32955025552808903
0.9521002423566606
0.8600553114810848
1.1700642852414664
1.2179312701232923
0.9908560027253243
1.0902405564279072
0.8988110718497484
1.0218202174448563
1.0503286920211274
1.0731354716821444
1.842600120239972
1.0731354716821444
0.9472557723105778
0.8794331916654167
0.8503663713889189
1.2604955889760971
1.2959658546867678
2.2429061125901635
1.606110160299705
0.91818895203408
2.3143893255098402
0.37927205740952413
1.0275219123601103
0.9714781225409924
0.3350228437825221
1.0218202174448563
1.0503286920211274
1.0788371665973986
0.9521002423566606
1.477938958437722
1.4531306988507016
1.1586608954109578
0.40566154554445255
1.1472575055804495
2.614618819772482
1.6147668767176155
1.0275219123601103
1.0332236072753649
2.5288389642688713
0.8328018965713034
2.914848314035125
0.8794331916654167
0.32270952021004773
0.8288349154392279
1.0788371665973986
0.33968782520713153
1.3704365002272996
0.4768520398836633
1.303059907828902
1.0005449428174902
0.9908560027253243
0.5580169507553886
0.34958388325772966
3.977768423138389
1.0332236072753649
0.8745887216193335
0.9666336524949096
1.1187490310041783
0.533404717802506
0.9763225925870755
1.0788371665973986
0.7931320852505488
1.130152420834687
1.0332236072753649
1.469669538575382
0.9860115326792415
5.376140257613053
0.820900953175077
0.4007135165191535
0.372674685375792
0.33639099084613044
1.005389412863573
0.9666336524949096
0.6264528727547148
1.2321193764075606
0.8367688777033788
1.1529592004957037
0.9666336524949096
1.4365918591260212
1.7282269795684895
