0.7159504684552866
0.5575451584328641
0.9691207926165646
0.8369364494458638
0.7801942807711649
1.508289461860854
0.594601306434973
0.594601306434973
0.9986900864929196
1.1342408497329297
0.549822477073819
0.580713202509999
0.6941157648637678
0.549822477073819
0.4883556737526421
3.2445349449512046
0.7923533169157432
0.8045123530603216
1.1282486872819144
0.7377851720468054
0.9592643613244463
1.0443584129677002
0.6630258626479908
0.41197012750361806
3.2003028271391427
0.6350339987426654
0.7013939993942742
0.6443646200444406
0.697754882129021
1.263900551525865
0.6536952413462158
0.7639822325783939
0.6904766475985147
0.812618377156707
0.7883003048675505
0.6070421348373399
0.4293457984927669
0.7680352446265867
0.726867820251046
0.7414242893120586
0.6008217206361566
0.8951975579256767
1.1402330121839452
1.3005614059286552
0.7341460547815523
0.7159504684552866
0.6350339987426654
0.7086722339247804
0.7599292205302012
0.8508436171111441
0.9050539892177951
0.697754882129021
1.1042800374778532
0.8207244012530927
0.5112090702785941
0.6904766475985147
0.6039319277367483
0.7086722339247804
0.7377851720468054
0.6132625490385234
0.6661360697485826
0.7305069375162992
0.6257033774408903
0.8705564796953809
0.7377851720468054
1.2199075262425172
0.650585034245624
1.5848356571759845
0.6692462768491744
0.6568054484468074
1.8143631356945418
0.6070421348373399
0.6225931703402986
0.6412544129438488
0.5858616567493625
0.650585034245624
0.518931751637639
0.6661360697485826
0.7159504684552866
1.0503505754187157
0.6795592958027553
0.7680352446265867
0.6443646200444406
0.8656282640493216
0.7013939993942742
0.6941157648637678
0.6568054484468074
0.8557718327572033
0.6568054484468074
0.6904766475985147
0.9198386361559727
1.0982878750268381
0.5472482499541373
0.6795592958027553
1.1582094995369911
1.0982878750268381
0.4992834284303968
0.6008217206361566
0.6225931703402986
0.5014689793659477
0.6630258626479908
0.6194829632397068
0.40163631632196745
0.8705564796953809
0.7305069375162992
0.6599156555473992
1.6817809021327568
0.7414242893120586
0.7883003048675505
1.434553465757591
0.6101523419379318
0.8902693422796176
0.9641925769705053
0.580713202509999
1.1042800374778532
0.6443646200444406
0.6599156555473992
0.5977115135355648
0.9395514987402095
0.7599292205302012
0.9986900864929196
1.4755179080371816
0.5729905211509542
0.6039319277367483
0.6225931703402986
0.4490157569127252
0.7013939993942742
0.6568054484468074
0.9050539892177951
0.697754882129021
0.7720882566747794
0.6163727561391151
0.6132625490385234
0.6194829632397068
0.6599156555473992
0.7487025238425647
0.7801942807711649
1.1462251746349605
0.796406328963936
0.5292286601163657
0.7377851720468054
0.7305069375162992
1.008546517785038
0.8557718327572033
0.5652678397919091
0.6319237916420738
0.7883003048675505
1.3772032465661639
0.7599292205302012
0.6795592958027553
0.6039319277367483
0.812618377156707
0.9740490082626238
1.271232722406423
0.6412544129438488
0.6692462768491744
0.5914910993343813
0.6008217206361566
0.7341460547815523
0.6443646200444406
1.197911013600843
0.7801942807711649
0.5420997957147741
0.5112090702785941
1.0323740880656695
0.6661360697485826
1.278564893286981
0.796406328963936
0.5884358838690441
0.6630258626479908
1.5848356571759845
0.7883003048675505
0.672356483949766
1.4263605773016728
0.7883003048675505
1.1642016619880065
1.4591321311253453
0.7450634065773117
0.9641925769705053
0.6257033774408903
0.9198386361559727
0.6443646200444406
0.7159504684552866
0.672356483949766
0.5914910993343813
0.752341641107818
0.7086722339247804
0.832883437397671
0.7377851720468054
0.5755647482706358
0.7050331166595272
1.1522173370859756
0.796406328963936
0.7195895857205398
1.1102721999288685
0.650585034245624
1.197911013600843
0.8247774133012855
0.726867820251046
0.9691207926165646
0.6795592958027553
1.116264362379884
1.285897064167539
0.8207244012530927
0.9888336552008012
0.6225931703402986
0.6868375303332614
0.8705564796953809
0.5678420669115908
0.9937618708468604
0.8247774133012855
0.8409894614940565
0.8607000484032625
0.628813584541482
0.6568054484468074
0.7883003048675505
1.4837107964930998
0.4992834284303968
0.8045123530603216
1.038366250516685
0.929695067448091
0.697754882129021
0.7377851720468054
0.832883437397671
0.6941157648637678
0.5343771143557291
0.7159504684552866
0.8207244012530927
0.650585034245624
0.7639822325783939
1.227239697123075
0.6831984130680084
0.726867820251046
0.5472482499541373
0.7680352446265867
1.1905788427202852
0.726867820251046
0.6163727561391151
0.7599292205302012
0.697754882129021
0.7599292205302012
0.7639822325783939
0.954336145678387
0.7195895857205398
0.8902693422796176
1.249236209764749
0.6795592958027553
0.9395514987402095
0.7923533169157432
0.6132625490385234
0.7050331166595272
0.6759201785375021
0.6661360697485826
0.7195895857205398
0.726867820251046
1.315225747689771
0.6568054484468074
0.6443646200444406
0.7487025238425647
0.6163727561391151
0.6599156555473992
0.8004593410121288
0.7639822325783939
1.0623349003207463
0.7305069375162992
0.7377851720468054
0.9641925769705053
0.7086722339247804
0.6257033774408903
0.526654432996684
0.7341460547815523
0.6008217206361566
0.6904766475985147
0.9494079300323278
0.6257033774408903
0.6101523419379318
0.5472482499541373
0.8656282640493216
0.7720882566747794
0.6132625490385234
0.6904766475985147
0.7195895857205398
0.7123113511900335
0.6350339987426654
0.490541224688193
0.8951975579256767
0.7086722339247804
0.7842472928193578
0.8409894614940565
0.5755647482706358
0.9247668518020319
1.3935890234780002
0.812618377156707
0.6412544129438488
0.9099822048638544
0.697754882129021
0.5832874296296808
0.7801942807711649
0.580713202509999
0.7883003048675505
0.7883003048675505
0.6132625490385234
0.6868375303332614
0.8004593410121288
0.6474748271450324
0.7195895857205398
0.7923533169157432
0.41541473123083494
1.0263819256146542
0.697754882129021
0.7487025238425647
0.6412544129438488
0.7414242893120586
0.954336145678387
0.7341460547815523
0.832883437397671
0.7050331166595272
0.650585034245624
0.672356483949766
0.5781389753903174
0.7720882566747794
0.796406328963936
0.8004593410121288
0.6132625490385234
0.7801942807711649
0.7414242893120586
1.1905788427202852
0.4839845718815402
0.6630258626479908
0.697754882129021
0.832883437397671
0.8004593410121288
0.6630258626479908
0.5704162940312724
0.7341460547815523
0.8656282640493216
0.8459154014650848
0.4665001643971327
0.87548469534144
0.6008217206361566
0.6350339987426654
0.6008217206361566
0.6599156555473992
0.6008217206361566
0.9198386361559727
0.45994351159048
0.5343771143557291
0.9789772239086829
1.555752083688953
0.6319237916420738
0.628813584541482
0.6941157648637678
0.6319237916420738
0.6692462768491744
0.6661360697485826
1.293229235048097
0.8705564796953809
0.8557718327572033
0.6412544129438488
1.0563427378697308
0.6008217206361566
0.4424591041060725
0.6443646200444406
0.929695067448091
0.929695067448091
0.7720882566747794
0.8853411266335584
0.796406328963936
0.8166713892048999
0.6132625490385234
1.6333082796543705
0.7123113511900335
0.8288304253494783
0.45994351159048
0.9494079300323278
0.7232287029857929
0.7086722339247804
0.9149104205099134
1.0443584129677002
0.726867820251046
0.5914910993343813
0.726867820251046
0.8045123530603216
0.6132625490385234
0.6831984130680084
0.6661360697485826
0.6630258626479908
0.9691207926165646
0.6941157648637678
0.8004593410121288
0.7086722339247804
0.6536952413462158
0.7377851720468054
0.6568054484468074
0.6831984130680084
0.9050539892177951
0.6868375303332614
0.580713202509999
0.5755647482706358
0.8557718327572033
0.7123113511900335
1.080311387673792
0.6795592958027553
2.2714283530858466
0.726867820251046
0.6257033774408903
0.6163727561391151
0.7680352446265867
0.6692462768491744
0.7559807583730711
0.9986900864929196
0.7599292205302012
0.6904766475985147
0.8705564796953809
0.4752423681393365
0.8508436171111441
0.6194829632397068
0.5884358838690441
1.1042800374778532
0.796406328963936
0.6831984130680084
0.8045123530603216
0.7232287029857929
0.7487025238425647
0.6132625490385234
1.038366250516685
0.7923533169157432
0.8166713892048999
1.038366250516685
0.7559807583730711
0.7639822325783939
0.6443646200444406
1.4919036849490177
0.7377851720468054
0.9691207926165646
0.8508436171111441
1.008546517785038
1.0503505754187157
1.434553465757591
0.7159504684552866
0.650585034245624
0.628813584541482
0.6831984130680084
1.3772032465661639
1.293229235048097
0.9050539892177951
0.6692462768491744
0.5678420669115908
1.116264362379884
0.8607000484032625
0.7305069375162992
0.4512013078482762
0.4446446550416234
0.9937618708468604
0.6039319277367483
0.6692462768491744
0.5858616567493625
0.8004593410121288
0.6381442058432572
0.7559807583730711
0.6039319277367483
0.752341641107818
0.7842472928193578
0.6904766475985147
2.0650118032962252
0.9986900864929196
0.5755647482706358
0.726867820251046
0.9099822048638544
1.020389763163639
0.8288304253494783
0.5781389753903174
0.9691207926165646
2.374636627980657
0.594601306434973
0.6319237916420738
0.7450634065773117
0.7842472928193578
0.594601306434973
0.6941157648637678
0.6692462768491744
0.5884358838690441
2.2714283530858466
0.6536952413462158
0.6101523419379318
1.434553465757591
0.812618377156707
0.9937618708468604
0.726867820251046
0.5472482499541373
0.8705564796953809
0.5832874296296808
1.516973985706244
0.697754882129021
0.6194829632397068
0.7414242893120586
0.7559807583730711
0.8557718327572033
0.4227891456861141
0.8607000484032625
0.9099822048638544
1.3772032465661639
0.7720882566747794
0.6941157648637678
1.008546517785038
1.0036183021389788
0.8369364494458638
0.6194829632397068
1.4263605773016728
0.6443646200444406
0.832883437397671
0.6941157648637678
0.6070421348373399
0.6941157648637678
0.40508092004918433
0.8004593410121288
0.697754882129021
0.7086722339247804
0.5014689793659477
1.1282486872819144
0.7487025238425647
0.7487025238425647
0.7487025238425647
0.672356483949766
0.8207244012530927
0.6319237916420738
1.1282486872819144
0.6759201785375021
0.6008217206361566
0.9740490082626238
0.6319237916420738
0.6008217206361566
0.6132625490385234
0.5704162940312724
0.7086722339247804
0.87548469534144
1.0263819256146542
0.628813584541482
0.628813584541482
0.6831984130680084
0.726867820251046
0.5472482499541373
0.7599292205302012
0.796406328963936
1.0623349003207463
0.796406328963936
0.9247668518020319
0.7801942807711649
0.726867820251046
0.6759201785375021
1.227239697123075
0.7123113511900335
0.7377851720468054
0.7414242893120586
0.628813584541482
0.7377851720468054
0.8459154014650848
1.183246671839727
2.2714283530858466
0.5914910993343813
1.5751411326803075
0.7883003048675505
0.650585034245624
0.9691207926165646
0.7559807583730711
0.6381442058432572
0.9050539892177951
0.5036545303014986
0.832883437397671
0.672356483949766
0.7086722339247804
0.594601306434973
0.7487025238425647
0.7720882566747794
0.3947471088675337
0.7680352446265867
0.697754882129021
0.5781389753903174
1.1905788427202852
1.0323740880656695
0.5884358838690441
0.6070421348373399
0.7013939993942742
0.6319237916420738
0.650585034245624
0.7842472928193578
0.594601306434973
0.6568054484468074
0.5914910993343813
0.7720882566747794
0.594601306434973
0.8369364494458638
1.7996190964238545
0.6412544129438488
0.9149104205099134
0.7680352446265867
0.6795592958027553
0.457757960654929
0.8557718327572033
0.5704162940312724
