927.0
766.0
802.0
850.0
764.0
819.0
793.0
815.0
780.0
699.0
792.0
853.0
776.0
572.0
772.0
884.0
872.0
774.0
826.0
741.0
790.0
769.0
775.0
793.0
802.0
750.0
854.0
798.0
749.0
854.0
859.0
770.0
836.0
802.0
918.0
766.0
826.0
834.0
816.0
857.0
797.0
781.0
697.0
811.0
760.0
763.0
773.0
864.0
930.0
650.0
931.0
745.0
863.0
765.0
875.0
810.0
824.0
805.0
812.0
798.0
826.0
610.0
790.0
779.0
814.0
746.0
756.0
770.0
827.0
854.0
805.0
684.0
771.0
826.0
780.0
925.0
794.0
761.0
970.0
832.0
780.0
795.0
654.0
613.0
910.0
883.0
822.0
859.0
784.0
749.0
790.0
765.0
861.0
818.0
794.0
768.0
882.0
782.0
840.0
774.0
893.0
808.0
776.0
793.0
766.0
705.0
770.0
811.0
834.0
780.0
781.0
873.0
778.0
782.0
821.0
818.0
771.0
820.0
918.0
771.0
834.0
602.0
817.0
758.0
749.0
897.0
762.0
823.0
786.0
852.0
554.0
817.0
787.0
942.0
936.0
886.0
744.0
785.0
922.0
776.0
807.0
809.0
764.0
838.0
813.0
579.0
805.0
800.0
795.0
898.0
837.0
884.0
794.0
714.0
793.0
742.0
805.0
824.0
758.0
746.0
790.0
774.0
720.0
903.0
706.0
970.0
765.0
983.0
793.0
769.0
813.0
720.0
781.0
954.0
815.0
842.0
898.0
771.0
795.0
837.0
820.0
936.0
801.0
809.0
794.0
880.0
810.0
548.0
789.0
820.0
574.0
770.0
764.0
811.0
805.0
879.0
859.0
877.0
799.0
741.0
891.0
769.0
738.0
917.0
758.0
837.0
742.0
780.0
908.0
820.0
746.0
808.0
772.0
943.0
672.0
949.0
578.0
829.0
786.0
756.0
750.0
828.0
832.0
798.0
698.0
789.0
781.0
879.0
886.0
862.0
783.0
892.0
798.0
792.0
1034.0
835.0
754.0
743.0
784.0
790.0
800.0
734.0
816.0
750.0
823.0
706.0
945.0
563.0
961.0
838.0
789.0
761.0
834.0
828.0
853.0
741.0
796.0
761.0
598.0
818.0
804.0
780.0
811.0
800.0
787.0
817.0
756.0
863.0
825.0
857.0
750.0
882.0
659.0
552.0
765.0
865.0
763.0
773.0
649.0
813.0
898.0
801.0
850.0
910.0
770.0
751.0
802.0
573.0
800.0
688.0
798.0
777.0
789.0
866.0
874.0
944.0
747.0
838.0
754.0
882.0
829.0
873.0
781.0
856.0
789.0
910.0
800.0
743.0
806.0
761.0
820.0
565.0
757.0
778.0
861.0
797.0
757.0
880.0
894.0
783.0
778.0
777.0
745.0
800.0
850.0
815.0
830.0
913.0
834.0
760.0
797.0
780.0
840.0
783.0
562.0
766.0
907.0
845.0
684.0
788.0
882.0
793.0
811.0
784.0
975.0
842.0
814.0
1105.0
804.0
797.0
798.0
780.0
661.0
853.0
804.0
830.0
841.0
762.0
701.0
761.0
774.0
661.0
750.0
829.0
770.0
769.0
756.0
592.0
619.0
757.0
608.0
775.0
1056.0
788.0
821.0
803.0
856.0
759.0
997.0
808.0
781.0
740.0
832.0
552.0
672.0
757.0
763.0
738.0
802.0
765.0
805.0
783.0
991.0
917.0
797.0
774.0
738.0
778.0
844.0
982.0
855.0
772.0
568.0
656.0
785.0
732.0
835.0
798.0
811.0
808.0
850.0
850.0
803.0
865.0
777.0
746.0
882.0
776.0
763.0
623.0
714.0
714.0
881.0
654.0
731.0
789.0
746.0
826.0
810.0
913.0
742.0
897.0
865.0
829.0
722.0
808.0
765.0
737.0
740.0
811.0
939.0
738.0
776.0
771.0
937.0
1026.0
757.0
869.0
802.0
929.0
785.0
831.0
790.0
802.0
789.0
615.0
759.0
791.0
822.0
781.0
777.0
836.0
808.0
900.0
833.0
751.0
738.0
899.0
778.0
765.0
776.0
826.0
842.0
800.0
825.0
866.0
834.0
938.0
882.0
817.0
790.0
868.0
740.0
612.0
933.0
897.0
763.0
890.0
808.0
836.0
760.0
845.0
794.0
796.0
748.0
784.0
729.0
823.0
824.0
862.0
866.0
803.0
785.0
817.0
947.0
790.0
700.0
750.0
802.0
574.0
776.0
745.0
757.0
786.0
769.0
769.0
816.0
823.0
766.0
792.0
750.0
759.0
896.0
570.0
809.0
789.0
794.0
934.0
747.0
791.0
760.0
813.0
900.0
738.0
788.0
614.0
890.0
758.0
602.0
618.0
782.0
677.0
544.0
845.0
806.0
797.0
857.0
755.0
807.0
854.0
773.0
922.0
784.0
730.0
763.0
864.0
759.0
898.0
757.0
616.0
762.0
786.0
751.0
756.0
801.0
757.0
754.0
860.0
820.0
823.0
800.0
1038.0
854.0
576.0
781.0
799.0
800.0
815.0
858.0
986.0
778.0
866.0
672.0
778.0
810.0
753.0
724.0
766.0
821.0
770.0
818.0
822.0
823.0
813.0
793.0
837.0
880.0
777.0
921.0
832.0
848.0
800.0
792.0
836.0
684.0
584.0
733.0
861.0
765.0
821.0
781.0
794.0
846.0
615.0
843.0
869.0
755.0
893.0
891.0
800.0
911.0
853.0
825.0
798.0
802.0
873.0
795.0
759.0
765.0
793.0
836.0
786.0
753.0
804.0
769.0
983.0
562.0
706.0
785.0
776.0
867.0
801.0
770.0
778.0
800.0
775.0
757.0
786.0
746.0
744.0
801.0
738.0
846.0
1043.0
780.0
797.0
773.0
553.0
805.0
786.0
840.0
604.0
806.0
900.0
818.0
544.0
852.0
744.0
617.0
918.0
821.0
