798.0
835.0
798.0
841.0
805.0
837.0
807.0
792.0
869.0
793.0
776.0
629.0
757.0
785.0
1170.0
731.0
665.0
844.0
843.0
759.0
811.0
811.0
589.0
713.0
891.0
848.0
649.0
839.0
825.0
793.0
722.0
853.0
829.0
922.0
730.0
779.0
578.0
773.0
705.0
707.0
850.0
837.0
736.0
821.0
614.0
725.0
559.0
773.0
798.0
729.0
903.0
884.0
750.0
887.0
593.0
766.0
810.0
764.0
635.0
815.0
763.0
834.0
759.0
753.0
731.0
810.0
915.0
894.0
780.0
739.0
922.0
823.0
779.0
766.0
758.0
571.0
575.0
817.0
802.0
769.0
834.0
633.0
983.0
882.0
755.0
727.0
829.0
830.0
750.0
788.0
821.0
640.0
824.0
809.0
744.0
1006.0
761.0
743.0
794.0
844.0
736.0
752.0
571.0
784.0
853.0
704.0
848.0
784.0
636.0
780.0
626.0
736.0
613.0
742.0
810.0
767.0
577.0
602.0
873.0
590.0
832.0
750.0
771.0
811.0
802.0
802.0
805.0
777.0
843.0
764.0
752.0
740.0
790.0
937.0
709.0
829.0
845.0
741.0
789.0
936.0
805.0
732.0
782.0
635.0
745.0
738.0
840.0
727.0
747.0
793.0
742.0
838.0
619.0
782.0
673.0
910.0
787.0
772.0
784.0
587.0
797.0
954.0
784.0
781.0
574.0
776.0
810.0
872.0
837.0
897.0
774.0
720.0
865.0
791.0
781.0
774.0
751.0
771.0
744.0
1073.0
757.0
790.0
838.0
735.0
805.0
712.0
605.0
785.0
776.0
900.0
735.0
740.0
791.0
857.0
780.0
790.0
756.0
905.0
748.0
778.0
904.0
841.0
859.0
796.0
758.0
792.0
809.0
755.0
910.0
727.0
746.0
588.0
709.0
789.0
701.0
774.0
821.0
764.0
750.0
736.0
805.0
786.0
819.0
785.0
823.0
856.0
754.0
812.0
854.0
745.0
779.0
773.0
817.0
787.0
800.0
747.0
779.0
941.0
593.0
831.0
872.0
893.0
752.0
771.0
752.0
797.0
756.0
784.0
807.0
744.0
841.0
777.0
896.0
873.0
878.0
834.0
821.0
845.0
773.0
835.0
773.0
618.0
802.0
793.0
580.0
887.0
565.0
772.0
836.0
759.0
811.0
893.0
925.0
766.0
848.0
794.0
779.0
777.0
757.0
765.0
821.0
814.0
1012.0
949.0
802.0
769.0
939.0
804.0
766.0
790.0
773.0
814.0
589.0
772.0
823.0
843.0
810.0
771.0
763.0
747.0
930.0
765.0
772.0
755.0
740.0
909.0
905.0
776.0
840.0
655.0
812.0
768.0
865.0
729.0
898.0
776.0
770.0
746.0
769.0
778.0
771.0
806.0
776.0
717.0
722.0
755.0
808.0
764.0
805.0
774.0
648.0
780.0
854.0
828.0
779.0
820.0
794.0
638.0
799.0
852.0
840.0
794.0
868.0
724.0
850.0
713.0
831.0
786.0
872.0
771.0
784.0
720.0
836.0
855.0
731.0
626.0
936.0
756.0
763.0
749.0
932.0
803.0
893.0
826.0
741.0
774.0
809.0
782.0
818.0
745.0
793.0
990.0
914.0
773.0
795.0
793.0
941.0
733.0
781.0
781.0
825.0
763.0
611.0
846.0
742.0
789.0
725.0
658.0
698.0
824.0
766.0
740.0
750.0
808.0
756.0
712.0
837.0
835.0
770.0
823.0
752.0
867.0
739.0
766.0
611.0
549.0
777.0
762.0
845.0
808.0
598.0
782.0
756.0
813.0
875.0
758.0
755.0
916.0
1005.0
559.0
779.0
748.0
549.0
717.0
795.0
759.0
776.0
909.0
549.0
730.0
1052.0
594.0
810.0
795.0
869.0
751.0
772.0
753.0
804.0
791.0
768.0
725.0
772.0
841.0
872.0
746.0
747.0
765.0
768.0
796.0
781.0
762.0
770.0
769.0
774.0
854.0
834.0
782.0
741.0
775.0
713.0
774.0
801.0
788.0
834.0
914.0
764.0
812.0
897.0
753.0
807.0
795.0
692.0
764.0
818.0
827.0
798.0
775.0
691.0
733.0
781.0
836.0
769.0
742.0
805.0
807.0
774.0
778.0
797.0
705.0
745.0
611.0
860.0
717.0
750.0
745.0
785.0
731.0
736.0
688.0
602.0
759.0
811.0
798.0
760.0
810.0
802.0
920.0
742.0
863.0
842.0
769.0
749.0
630.0
777.0
751.0
746.0
741.0
940.0
782.0
791.0
781.0
780.0
785.0
874.0
638.0
750.0
800.0
853.0
766.0
786.0
790.0
810.0
724.0
811.0
742.0
788.0
581.0
905.0
761.0
1066.0
759.0
553.0
773.0
796.0
751.0
782.0
549.0
874.0
790.0
744.0
829.0
805.0
821.0
751.0
545.0
621.0
848.0
706.0
808.0
754.0
889.0
932.0
1115.0
761.0
796.0
737.0
718.0
807.0
765.0
709.0
762.0
780.0
840.0
907.0
686.0
753.0
816.0
828.0
812.0
782.0
769.0
773.0
749.0
584.0
746.0
750.0
796.0
771.0
832.0
922.0
779.0
788.0
758.0
825.0
840.0
818.0
773.0
