738.0
793.0
705.0
762.0
708.0
845.0
756.0
747.0
722.0
710.0
785.0
672.0
708.0
763.0
717.0
834.0
720.0
723.0
588.0
790.0
778.0
877.0
722.0
735.0
768.0
742.0
781.0
680.0
744.0
821.0
714.0
764.0
745.0
722.0
686.0
807.0
701.0
813.0
713.0
782.0
927.0
708.0
728.0
784.0
781.0
746.0
740.0
842.0
748.0
742.0
740.0
740.0
733.0
770.0
781.0
781.0
725.0
756.0
722.0
754.0
713.0
760.0
734.0
711.0
714.0
729.0
765.0
702.0
610.0
745.0
788.0
779.0
775.0
838.0
749.0
964.0
720.0
763.0
614.0
712.0
747.0
701.0
645.0
741.0
734.0
711.0
774.0
756.0
738.0
737.0
740.0
703.0
735.0
702.0
777.0
728.0
757.0
740.0
781.0
746.0
730.0
750.0
654.0
821.0
729.0
789.0
869.0
688.0
730.0
779.0
727.0
738.0
692.0
740.0
693.0
714.0
753.0
685.0
703.0
715.0
829.0
803.0
744.0
716.0
708.0
734.0
714.0
723.0
738.0
729.0
756.0
645.0
788.0
604.0
718.0
720.0
682.0
724.0
760.0
722.0
788.0
730.0
735.0
936.0
788.0
758.0
697.0
775.0
747.0
688.0
854.0
725.0
783.0
704.0
661.0
829.0
748.0
747.0
707.0
704.0
753.0
710.0
728.0
743.0
732.0
756.0
726.0
744.0
902.0
797.0
621.0
638.0
800.0
652.0
744.0
827.0
760.0
722.0
604.0
773.0
843.0
861.0
745.0
735.0
692.0
730.0
747.0
805.0
682.0
700.0
777.0
717.0
757.0
717.0
741.0
857.0
704.0
685.0
719.0
814.0
702.0
743.0
724.0
814.0
749.0
689.0
731.0
649.0
734.0
736.0
709.0
596.0
774.0
730.0
749.0
755.0
733.0
741.0
699.0
741.0
764.0
780.0
596.0
706.0
798.0
724.0
750.0
608.0
589.0
803.0
731.0
755.0
766.0
852.0
709.0
729.0
761.0
769.0
740.0
805.0
750.0
840.0
907.0
735.0
711.0
728.0
796.0
852.0
863.0
638.0
722.0
738.0
722.0
722.0
749.0
685.0
718.0
633.0
733.0
690.0
742.0
701.0
748.0
778.0
768.0
784.0
714.0
710.0
706.0
833.0
887.0
854.0
778.0
770.0
733.0
714.0
729.0
646.0
829.0
736.0
721.0
732.0
748.0
728.0
699.0
803.0
886.0
756.0
721.0
764.0
738.0
731.0
666.0
735.0
722.0
804.0
698.0
666.0
766.0
736.0
773.0
726.0
778.0
895.0
744.0
706.0
904.0
779.0
661.0
903.0
737.0
742.0
811.0
754.0
709.0
737.0
694.0
698.0
779.0
721.0
592.0
722.0
815.0
700.0
755.0
794.0
743.0
786.0
722.0
790.0
730.0
769.0
793.0
730.0
815.0
819.0
713.0
739.0
827.0
645.0
731.0
766.0
935.0
784.0
693.0
887.0
733.0
725.0
724.0
834.0
722.0
704.0
750.0
734.0
765.0
714.0
777.0
724.0
690.0
773.0
818.0
612.0
710.0
752.0
1018.0
856.0
734.0
725.0
761.0
725.0
863.0
797.0
737.0
895.0
804.0
728.0
833.0
748.0
729.0
768.0
738.0
726.0
836.0
678.0
706.0
741.0
690.0
749.0
683.0
810.0
724.0
718.0
703.0
734.0
722.0
737.0
727.0
733.0
750.0
773.0
721.0
708.0
697.0
749.0
753.0
766.0
713.0
588.0
739.0
688.0
725.0
718.0
678.0
806.0
711.0
722.0
779.0
840.0
801.0
715.0
742.0
928.0
726.0
732.0
725.0
805.0
741.0
747.0
757.0
713.0
801.0
741.0
772.0
752.0
808.0
829.0
717.0
763.0
820.0
744.0
741.0
759.0
883.0
646.0
800.0
733.0
714.0
746.0
747.0
782.0
769.0
840.0
732.0
742.0
738.0
747.0
780.0
757.0
744.0
824.0
723.0
692.0
703.0
710.0
784.0
629.0
737.0
883.0
716.0
734.0
762.0
762.0
825.0
723.0
707.0
668.0
728.0
729.0
709.0
725.0
590.0
707.0
738.0
566.0
744.0
754.0
765.0
621.0
657.0
784.0
702.0
762.0
753.0
714.0
756.0
704.0
872.0
584.0
788.0
730.0
873.0
686.0
877.0
757.0
624.0
734.0
712.0
698.0
732.0
747.0
625.0
748.0
709.0
737.0
702.0
730.0
781.0
641.0
794.0
745.0
693.0
716.0
698.0
834.0
782.0
859.0
694.0
647.0
717.0
715.0
712.0
745.0
732.0
704.0
782.0
763.0
708.0
763.0
928.0
850.0
757.0
693.0
729.0
734.0
779.0
703.0
729.0
594.0
746.0
727.0
717.0
727.0
765.0
806.0
726.0
801.0
735.0
850.0
709.0
737.0
825.0
704.0
575.0
728.0
784.0
717.0
692.0
724.0
766.0
573.0
711.0
713.0
725.0
738.0
866.0
724.0
714.0
713.0
724.0
731.0
762.0
798.0
689.0
752.0
796.0
756.0
833.0
761.0
696.0
759.0
712.0
801.0
709.0
714.0
770.0
722.0
744.0
678.0
762.0
697.0
729.0
744.0
757.0
699.0
738.0
829.0
696.0
714.0
578.0
830.0
750.0
752.0
729.0
697.0
762.0
710.0
759.0
727.0
734.0
717.0
732.0
714.0
731.0
767.0
794.0
711.0
736.0
767.0
754.0
821.0
726.0
746.0
762.0
751.0
720.0
686.0
742.0
776.0
746.0
674.0
725.0
721.0
757.0
645.0
737.0
929.0
845.0
764.0
725.0
731.0
723.0
730.0
754.0
688.0
744.0
654.0
704.0
709.0
755.0
698.0
763.0
747.0
777.0
710.0
746.0
725.0
754.0
751.0
634.0
