737.0
663.0
709.0
699.0
716.0
808.0
879.0
678.0
773.0
667.0
702.0
700.0
759.0
757.0
692.0
737.0
700.0
707.0
684.0
736.0
785.0
720.0
594.0
599.0
710.0
672.0
729.0
744.0
761.0
680.0
710.0
817.0
677.0
702.0
700.0
675.0
783.0
683.0
717.0
697.0
769.0
676.0
669.0
776.0
667.0
672.0
661.0
710.0
668.0
702.0
600.0
663.0
746.0
694.0
703.0
668.0
849.0
689.0
693.0
733.0
714.0
712.0
687.0
702.0
732.0
732.0
677.0
607.0
737.0
723.0
930.0
804.0
690.0
689.0
686.0
732.0
745.0
736.0
670.0
680.0
779.0
701.0
689.0
712.0
674.0
722.0
714.0
714.0
686.0
732.0
717.0
747.0
871.0
599.0
741.0
672.0
685.0
809.0
702.0
664.0
773.0
695.0
761.0
700.0
824.0
760.0
707.0
729.0
883.0
673.0
657.0
746.0
662.0
673.0
662.0
693.0
706.0
676.0
693.0
653.0
742.0
668.0
757.0
723.0
676.0
674.0
757.0
670.0
648.0
642.0
697.0
673.0
798.0
676.0
857.0
709.0
730.0
706.0
710.0
665.0
729.0
678.0
682.0
597.0
673.0
586.0
681.0
776.0
676.0
682.0
734.0
714.0
660.0
691.0
680.0
605.0
684.0
717.0
662.0
753.0
731.0
699.0
586.0
695.0
637.0
723.0
840.0
746.0
727.0
692.0
680.0
693.0
673.0
705.0
736.0
584.0
755.0
654.0
669.0
686.0
732.0
716.0
718.0
695.0
669.0
725.0
695.0
804.0
676.0
678.0
676.0
693.0
694.0
715.0
670.0
693.0
738.0
715.0
730.0
680.0
669.0
677.0
661.0
699.0
823.0
722.0
819.0
694.0
678.0
749.0
701.0
725.0
734.0
670.0
681.0
693.0
662.0
861.0
656.0
772.0
847.0
701.0
772.0
672.0
738.0
685.0
649.0
674.0
741.0
679.0
749.0
861.0
674.0
658.0
681.0
906.0
686.0
644.0
752.0
696.0
661.0
794.0
860.0
706.0
648.0
790.0
656.0
683.0
635.0
685.0
666.0
672.0
794.0
683.0
859.0
712.0
692.0
723.0
767.0
653.0
693.0
714.0
706.0
734.0
680.0
744.0
863.0
685.0
774.0
618.0
691.0
655.0
677.0
764.0
680.0
644.0
770.0
664.0
613.0
770.0
682.0
686.0
720.0
656.0
747.0
690.0
667.0
573.0
735.0
730.0
771.0
717.0
742.0
694.0
755.0
726.0
670.0
755.0
679.0
685.0
666.0
776.0
675.0
763.0
708.0
703.0
661.0
708.0
685.0
686.0
698.0
629.0
694.0
761.0
730.0
673.0
677.0
795.0
685.0
779.0
672.0
698.0
733.0
788.0
679.0
728.0
698.0
706.0
694.0
672.0
894.0
740.0
674.0
696.0
698.0
813.0
576.0
718.0
714.0
662.0
585.0
641.0
785.0
675.0
827.0
722.0
573.0
714.0
692.0
761.0
754.0
648.0
728.0
683.0
684.0
646.0
758.0
672.0
731.0
725.0
669.0
678.0
630.0
695.0
718.0
731.0
710.0
754.0
676.0
778.0
702.0
685.0
711.0
755.0
724.0
619.0
676.0
674.0
684.0
764.0
649.0
678.0
720.0
741.0
617.0
734.0
712.0
680.0
793.0
659.0
650.0
678.0
699.0
726.0
677.0
569.0
601.0
742.0
760.0
740.0
742.0
645.0
691.0
707.0
701.0
738.0
656.0
684.0
677.0
695.0
782.0
585.0
669.0
717.0
667.0
695.0
613.0
687.0
699.0
701.0
567.0
662.0
724.0
670.0
661.0
662.0
709.0
663.0
675.0
815.0
734.0
613.0
739.0
686.0
692.0
681.0
657.0
667.0
669.0
585.0
706.0
699.0
737.0
800.0
715.0
666.0
642.0
725.0
688.0
722.0
740.0
765.0
677.0
682.0
726.0
659.0
741.0
689.0
706.0
706.0
677.0
675.0
730.0
622.0
664.0
682.0
629.0
776.0
613.0
674.0
714.0
777.0
746.0
733.0
846.0
737.0
659.0
800.0
668.0
658.0
671.0
719.0
710.0
676.0
719.0
710.0
694.0
705.0
686.0
721.0
670.0
772.0
765.0
651.0
713.0
660.0
776.0
757.0
789.0
740.0
685.0
741.0
670.0
709.0
687.0
753.0
788.0
691.0
730.0
666.0
693.0
701.0
800.0
658.0
703.0
709.0
763.0
670.0
677.0
596.0
587.0
654.0
712.0
774.0
678.0
731.0
684.0
706.0
708.0
693.0
698.0
682.0
683.0
688.0
655.0
774.0
676.0
668.0
657.0
696.0
658.0
801.0
584.0
714.0
724.0
605.0
677.0
653.0
763.0
769.0
778.0
737.0
706.0
659.0
638.0
807.0
716.0
715.0
674.0
756.0
690.0
821.0
597.0
753.0
714.0
755.0
720.0
695.0
692.0
717.0
688.0
682.0
678.0
678.0
694.0
741.0
717.0
681.0
692.0
714.0
660.0
742.0
745.0
659.0
672.0
705.0
762.0
970.0
589.0
701.0
688.0
666.0
679.0
661.0
789.0
704.0
631.0
772.0
784.0
755.0
690.0
683.0
751.0
669.0
655.0
722.0
583.0
