2.3478553805861777
0.8308525333021981
0.6313555788239276
0.9228046680008593
1.1890710149816701
0.6989083871065169
0.6845445954754322
0.7563635536308551
1.1890710149816701
0.7491816578153129
0.9079765751416174
1.3466822094615394
0.6809536475676612
0.7096812308298303
0.9722316441983321
0.613243590309929
0.8733776918033864
1.6044032247709181
0.8684349941836391
1.210543355407202
1.7196983543572395
0.9623462489588376
0.7563635536308551
0.7811382475879125
0.8437215060849027
1.446110780890111
0.8634922965638918
0.7276359703686859
0.7384088140919993
1.2964327171093295
0.9771743418180794
0.6737717517521188
1.054555570171002
0.8634922965638918
0.8882057846626283
0.7894239618736268
1.6689182932640687
1.054555570171002
0.6917264912909745
0.898091179902123
1.3881107808901108
1.1329564306944873
2.829929377459549
2.2309889571017236
0.575744746157375
1.4792536380329682
0.9376327608601012
0.613243590309929
0.9672889465785849
0.8437215060849027
0.7687096761593412
0.9425754584798485
0.7563635536308551
0.7728525333021984
0.8349953904450552
0.8783203894231337
0.8733776918033864
0.8391382475879122
0.8225668190164838
0.7687096761593412
0.8059953904450554
2.420896895263961
0.7491816578153129
1.0364630638963517
0.9079765751416174
0.7096812308298303
0.8018525333021983
0.8437215060849027
1.2463305894497554
0.8783203894231337
0.5951316017959305
0.6162622550622622
0.6615422263472586
0.6313555788239276
0.6989083871065169
1.690481748486126
0.6494675673379262
0.5464786911115035
0.6845445954754322
1.8803896866483634
0.6989083871065169
0.6737717517521188
0.7455907099075416
0.6737717517521188
0.8225668190164838
0.7455907099075416
0.8184239618736266
0.8931484822823756
0.5651025443225127
2.2163806541661675
0.7276359703686859
0.7132721787376014
0.7384088140919993
1.3549679237472538
0.7563635536308551
0.8684349941836391
0.6989083871065169
0.8142811047307695
0.7204540745531436
1.0847097472954195
0.84866420370465
1.2463305894497554
1.7927398690350231
1.6320525398394112
0.9277473656206066
0.7240450224609147
0.6404115730809269
0.883263087042881
1.6412689781955756
0.7168631266453726
1.2606454830667764
0.49146590384317934
0.6953174391987457
0.7811382475879125
1.3107476107263507
0.7728525333021984
0.7384088140919993
1.289275270300819
0.7563635536308551
0.7728525333021984
0.6845445954754322
0.6464489025855932
0.4453032291924807
0.883263087042881
0.5863869479922373
0.6917264912909745
1.0244013930465847
0.6845445954754322
0.64343023783326
0.9920024346773214
0.8882057846626283
1.0605864055958856
0.6524862320902592
0.7811382475879125
0.7240450224609147
0.7894239618736268
0.706090282922059
0.8308525333021981
0.7563635536308551
0.7604239618736269
12.837128376477574
1.470967923747254
0.4578930495517622
0.7168631266453726
0.7348178661842283
0.8536069013243973
0.8437215060849027
1.690481748486126
0.8536069013243973
0.706090282922059
0.6222995845669284
1.4875393523186824
0.7687096761593412
0.793566819016484
0.7563635536308551
0.8059953904450554
0.7852811047307697
0.793566819016484
0.6675795558519247
0.7687096761593412
0.8018525333021983
0.7240450224609147
0.7096812308298303
0.7563635536308551
0.8391382475879122
0.9079765751416174
3.0636622244284557
0.8349953904450552
3.0782705273640127
0.8184239618736266
1.0485247347461184
0.7687096761593412
0.9326900632403539
0.898091179902123
0.8634922965638918
0.7852811047307697
1.0123397221968176
0.7811382475879125
0.4893676004499657
1.145018101544254
0.793566819016484
1.0847097472954195
0.8349953904450552
1.89499798958392
0.8059953904450554
0.898091179902123
0.7276359703686859
1.018370557621701
0.8225668190164838
0.8536069013243973
0.40076476544992923
1.5214552795654386
0.6737717517521188
0.6989083871065169
0.7852811047307697
0.6989083871065169
0.84866420370465
0.4025300887076958
0.7419997619997705
0.9920024346773214
0.6917264912909745
0.8267096761593409
0.6464489025855932
0.752772605723084
0.8142811047307695
0.752772605723084
0.8733776918033864
0.706090282922059
1.0123397221968176
0.8536069013243973
0.6705982206042578
0.6253182493192614
0.9079765751416174
0.793566819016484
0.9475181560995958
0.7491816578153129
0.46838456651783
0.4411066224060536
0.7563635536308551
1.748914960228353
0.6989083871065169
0.6615422263472586
1.1691414432437879
0.9228046680008593
0.6645608910995917
0.7852811047307697
0.883263087042881
0.7096812308298303
1.7343066572927963
1.8073481719705797
0.6705982206042578
0.7384088140919993
0.9771743418180794
0.7455907099075416
0.7204540745531436
0.6989083871065169
0.7728525333021984
0.5837263975335217
0.6253182493192614
1.3035901639178402
0.7852811047307697
1.4958250666043968
3.875533454194218
0.7769953904450554
0.9376327608601012
0.6917264912909745
0.8634922965638918
0.8142811047307695
0.7491816578153129
0.7894239618736268
0.7312269182764571
0.6953174391987457
3.31200337433292
4.543561822988545
0.764566819016484
1.5583210329900963
0.8184239618736266
0.6845445954754322
0.793566819016484
0.5571208929463659
0.6555048968425923
0.6615422263472586
1.1570797723940212
0.7977096761593411
0.7348178661842283
1.5214552795654386
1.0786789118705358
0.9326900632403539
0.917861970381112
0.702499335014288
0.7204540745531436
0.793566819016484
1.2749603766837978
1.5398881562777673
0.9574035513390903
0.8733776918033864
0.5491392415702191
1.5859703480585892
2.2455972600372807
0.509230984689485
0.6845445954754322
0.8018525333021983
0.8018525333021983
0.39370347241886294
0.764566819016484
0.9574035513390903
1.421253638032968
0.7769953904450554
0.8018525333021983
0.41841799802759505
0.8308525333021981
0.7419997619997705
0.8142811047307695
1.2248582490242235
1.1329564306944873
0.7384088140919993
0.8391382475879122
0.84866420370465
0.7312269182764571
0.4411066224060536
0.8437215060849027
0.7276359703686859
1.3107476107263507
0.7204540745531436
1.6412689781955756
0.9771743418180794
0.883263087042881
3.005229012686229
1.0605864055958856
1.1269255952696038
0.7687096761593412
0.6524862320902592
0.8634922965638918
0.6494675673379262
0.7276359703686859
0.7096812308298303
0.6917264912909745
0.613243590309929
0.7604239618736269
1.3393773979603936
0.6645608910995917
0.9623462489588376
1.267802929875287
0.752772605723084
0.9574035513390903
1.8073481719705797
1.2177008022157128
0.7132721787376014
0.6917264912909745
0.5981502665482636
0.9376327608601012
0.6809536475676612
0.6989083871065169
0.6404115730809269
1.0847097472954195
0.6989083871065169
0.7977096761593411
0.5491392415702191
0.6253182493192614
0.5597814434050814
0.7276359703686859
0.8437215060849027
0.9969451322970686
3.0636622244284557
1.1208947598447203
0.6524862320902592
0.4599913529449757
0.6989083871065169
1.0068305275365632
0.898091179902123
0.7384088140919993
0.7312269182764571
0.84866420370465
0.6585235615949254
0.7348178661842283
2.7861044686528786
0.8059953904450554
0.7852811047307697
0.7811382475879125
0.509230984689485
0.6989083871065169
0.8225668190164838
0.7276359703686859
0.7852811047307697
1.2248582490242235
0.8585495989441446
0.6953174391987457
0.7811382475879125
0.7563635536308551
0.6464489025855932
0.9574035513390903
0.7276359703686859
0.9376327608601012
0.6615422263472586
0.8142811047307695
0.7894239618736268
0.9821170394378267
0.9228046680008593
0.8308525333021981
0.6773626996598899
0.6989083871065169
0.9722316441983321
1.0786789118705358
0.8733776918033864
0.8267096761593409
0.48726929705675215
1.145018101544254
0.7276359703686859
1.0666172410207688
1.2749603766837978
0.7728525333021984
0.7728525333021984
1.3107476107263507
1.5675374713462604
0.43900831901284004
1.1819135681731596
1.5675374713462604
0.6404115730809269
1.470967923747254
0.9574035513390903
0.8585495989441446
0.7384088140919993
0.987059737057574
0.917861970381112
0.8882057846626283
0.7096812308298303
0.706090282922059
1.0424938993212352
0.5921129370435975
0.7132721787376014
0.7276359703686859
0.8184239618736266
0.4893676004499657
0.7132721787376014
0.47258117330425714
0.7384088140919993
0.9524608537193431
1.0786789118705358
0.764566819016484
0.7455907099075416
0.7384088140919993
0.6845445954754322
0.48517099366353855
1.0364630638963517
0.8018525333021983
0.6464489025855932
3.565377425825424
0.6555048968425923
1.2749603766837978
0.7204540745531436
1.446110780890111
0.6953174391987457
1.0364630638963517
1.0364630638963517
0.8931484822823756
0.7852811047307697
0.6809536475676612
0.7687096761593412
0.706090282922059
0.7811382475879125
2.0556893218750436
0.8308525333021981
1.232015695832734
0.7604239618736269
0.6917264912909745
0.8733776918033864
0.3972341189343961
0.7419997619997705
0.6917264912909745
0.8059953904450554
0.9623462489588376
0.9574035513390903
0.7977096761593411
1.2964327171093295
1.0967714181451864
0.7096812308298303
1.030432228471468
0.7204540745531436
0.764566819016484
0.7769953904450554
0.7811382475879125
1.3549679237472538
2.128730836552827
0.6011689313005967
0.7894239618736268
0.7312269182764571
0.7728525333021984
0.6524862320902592
0.4432049257992672
0.7491816578153129
0.793566819016484
0.9771743418180794
0.8733776918033864
1.446110780890111
0.5921129370435975
0.6917264912909745
0.7348178661842283
0.898091179902123
1.6044032247709181
0.7419997619997705
1.4875393523186824
0.7419997619997705
0.4746794766974707
0.9722316441983321
0.7312269182764571
0.6615422263472586
0.8391382475879122
0.6675795558519247
0.6845445954754322
0.6222995845669284
1.6689182932640687
0.6705982206042578
0.7687096761593412
1.1890710149816701
0.7240450224609147
1.4875393523186824
0.6464489025855932
1.0666172410207688
0.8142811047307695
1.090740582720303
0.6705982206042578
0.7348178661842283
0.7384088140919993
0.7204540745531436
0.9920024346773214
0.8349953904450552
1.2391731426412447
0.9326900632403539
1.1751722786686714
0.4620896563381893
0.8349953904450552
0.8308525333021981
1.1819135681731596
0.7563635536308551
0.5863869479922373
0.7852811047307697
0.764566819016484
0.898091179902123
1.3250625043433721
1.2391731426412447
0.8882057846626283
0.8059953904450554
0.8059953904450554
1.371539352318682
0.7728525333021984
0.7977096761593411
0.9326900632403539
0.9376327608601012
0.7384088140919993
0.6705982206042578
1.2534880362582657
0.5810658470748062
0.6494675673379262
0.6585235615949254
1.2749603766837978
0.5411575901940722
0.8931484822823756
0.702499335014288
1.2391731426412447
0.6989083871065169
0.7687096761593412
0.9326900632403539
1.1631106078189046
2.1871640482950543
0.5784052966160906
1.1631106078189046
0.7977096761593411
2.0410810189394866
0.6555048968425923
0.8349953904450552
0.9771743418180794
0.6845445954754322
0.6737717517521188
0.7384088140919993
1.018370557621701
0.7384088140919993
0.6313555788239276
0.8536069013243973
0.6809536475676612
0.6585235615949254
0.6773626996598899
0.917861970381112
0.6705982206042578
0.8391382475879122
0.8585495989441446
0.48517099366353855
0.8882057846626283
0.9277473656206066
1.1819135681731596
1.267802929875287
1.3322199511518829
0.9079765751416174
0.6917264912909745
0.7563635536308551
0.7728525333021984
2.493938409941745
1.4626822094615395
0.7384088140919993
1.0068305275365632
0.7977096761593411
0.7491816578153129
0.8391382475879122
0.64343023783326
0.64343023783326
0.6555048968425923
0.7132721787376014
0.8184239618736266
1.4626822094615395
0.6917264912909745
0.8585495989441446
0.883263087042881
0.5863869479922373
1.1691414432437879
1.3881107808901108
0.8225668190164838
0.8267096761593409
0.7687096761593412
0.6555048968425923
0.6809536475676612
0.9376327608601012
1.3322199511518829
0.8225668190164838
0.9920024346773214
1.3322199511518829
0.6845445954754322
1.2463305894497554
0.764566819016484
0.9425754584798485
0.6917264912909745
1.0967714181451864
