752.0
700.0
713.0
829.0
765.0
724.0
756.0
725.0
734.0
872.0
788.0
737.0
818.0
748.0
730.0
773.0
718.0
641.0
701.0
754.0
793.0
873.0
720.0
810.0
749.0
836.0
650.0
764.0
724.0
765.0
862.0
596.0
617.0
823.0
595.0
778.0
749.0
767.0
834.0
716.0
715.0
742.0
602.0
603.0
733.0
756.0
732.0
800.0
741.0
724.0
802.0
698.0
746.0
676.0
741.0
748.0
709.0
705.0
1019.0
715.0
762.0
740.0
764.0
721.0
678.0
644.0
766.0
919.0
728.0
725.0
796.0
749.0
744.0
741.0
776.0
802.0
729.0
690.0
694.0
775.0
798.0
713.0
740.0
840.0
704.0
702.0
740.0
748.0
751.0
861.0
653.0
746.0
730.0
766.0
690.0
754.0
816.0
794.0
722.0
712.0
714.0
759.0
708.0
818.0
782.0
729.0
833.0
682.0
709.0
584.0
812.0
794.0
750.0
625.0
714.0
719.0
740.0
756.0
801.0
804.0
733.0
786.0
616.0
732.0
731.0
727.0
739.0
719.0
1038.0
733.0
761.0
856.0
726.0
842.0
938.0
573.0
745.0
701.0
838.0
752.0
728.0
697.0
788.0
766.0
715.0
692.0
738.0
849.0
712.0
781.0
712.0
746.0
756.0
729.0
736.0
728.0
743.0
749.0
721.0
810.0
705.0
745.0
729.0
833.0
677.0
721.0
738.0
673.0
594.0
706.0
661.0
758.0
790.0
708.0
795.0
763.0
755.0
731.0
720.0
898.0
730.0
769.0
730.0
821.0
741.0
797.0
639.0
753.0
705.0
698.0
609.0
722.0
836.0
718.0
761.0
805.0
710.0
824.0
738.0
773.0
735.0
818.0
723.0
703.0
759.0
640.0
785.0
743.0
715.0
778.0
747.0
730.0
690.0
616.0
642.0
609.0
682.0
802.0
777.0
742.0
782.0
680.0
800.0
883.0
745.0
712.0
733.0
760.0
715.0
756.0
842.0
695.0
718.0
748.0
754.0
773.0
751.0
753.0
616.0
801.0
722.0
729.0
751.0
893.0
746.0
746.0
808.0
780.0
788.0
773.0
741.0
732.0
733.0
655.0
797.0
622.0
744.0
768.0
736.0
908.0
717.0
990.0
742.0
747.0
821.0
708.0
746.0
654.0
653.0
749.0
756.0
737.0
640.0
750.0
725.0
734.0
772.0
709.0
717.0
712.0
791.0
791.0
854.0
1108.0
629.0
788.0
738.0
700.0
744.0
726.0
616.0
724.0
795.0
785.0
696.0
734.0
739.0
791.0
732.0
750.0
818.0
586.0
798.0
717.0
721.0
716.0
605.0
738.0
723.0
862.0
707.0
737.0
753.0
766.0
703.0
756.0
779.0
717.0
803.0
770.0
689.0
796.0
776.0
778.0
779.0
724.0
794.0
750.0
706.0
758.0
813.0
788.0
726.0
832.0
880.0
720.0
653.0
697.0
784.0
592.0
741.0
738.0
906.0
710.0
810.0
752.0
750.0
785.0
712.0
862.0
693.0
765.0
781.0
744.0
794.0
759.0
757.0
793.0
620.0
778.0
731.0
903.0
703.0
717.0
731.0
726.0
721.0
717.0
826.0
676.0
653.0
726.0
722.0
754.0
720.0
814.0
756.0
801.0
730.0
738.0
729.0
689.0
829.0
735.0
795.0
773.0
745.0
601.0
734.0
720.0
777.0
733.0
654.0
788.0
705.0
714.0
717.0
694.0
792.0
788.0
807.0
817.0
657.0
718.0
753.0
713.0
842.0
710.0
695.0
791.0
793.0
688.0
706.0
701.0
725.0
705.0
758.0
751.0
752.0
758.0
724.0
725.0
793.0
801.0
775.0
781.0
621.0
689.0
922.0
584.0
749.0
703.0
853.0
762.0
754.0
585.0
742.0
712.0
769.0
838.0
769.0
714.0
734.0
808.0
791.0
786.0
689.0
713.0
728.0
748.0
770.0
746.0
730.0
651.0
749.0
763.0
621.0
752.0
690.0
784.0
703.0
708.0
721.0
694.0
876.0
586.0
742.0
720.0
609.0
756.0
729.0
810.0
809.0
742.0
713.0
786.0
872.0
770.0
761.0
728.0
738.0
707.0
954.0
732.0
722.0
754.0
779.0
858.0
625.0
706.0
711.0
769.0
711.0
850.0
744.0
837.0
798.0
857.0
737.0
716.0
756.0
749.0
747.0
636.0
699.0
856.0
708.0
874.0
726.0
789.0
705.0
682.0
783.0
770.0
740.0
923.0
750.0
762.0
732.0
826.0
713.0
744.0
750.0
714.0
738.0
810.0
569.0
736.0
720.0
579.0
726.0
720.0
689.0
729.0
696.0
799.0
745.0
629.0
805.0
720.0
726.0
778.0
698.0
710.0
810.0
735.0
942.0
711.0
716.0
729.0
934.0
597.0
660.0
796.0
664.0
717.0
717.0
756.0
604.0
713.0
695.0
819.0
737.0
733.0
731.0
708.0
703.0
636.0
604.0
731.0
724.0
800.0
756.0
746.0
762.0
717.0
730.0
843.0
768.0
800.0
720.0
635.0
806.0
776.0
775.0
773.0
708.0
713.0
773.0
809.0
713.0
624.0
657.0
705.0
714.0
830.0
762.0
739.0
710.0
779.0
773.0
802.0
757.0
730.0
736.0
717.0
853.0
693.0
893.0
703.0
798.0
763.0
715.0
789.0
801.0
657.0
725.0
754.0
722.0
726.0
821.0
752.0
761.0
614.0
924.0
694.0
707.0
907.0
718.0
708.0
759.0
712.0
713.0
725.0
708.0
773.0
749.0
766.0
725.0
820.0
725.0
733.0
736.0
759.0
788.0
713.0
715.0
749.0
768.0
700.0
753.0
747.0
759.0
724.0
708.0
717.0
840.0
745.0
674.0
854.0
604.0
776.0
726.0
696.0
858.0
728.0
885.0
721.0
699.0
586.0
749.0
768.0
761.0
722.0
645.0
816.0
756.0
808.0
786.0
722.0
703.0
922.0
763.0
771.0
770.0
608.0
678.0
724.0
769.0
747.0
737.0
791.0
588.0
719.0
742.0
788.0
766.0
766.0
707.0
705.0
809.0
826.0
