0.6001490706204602
0.969865660207994
1.0407302800129399
1.1686158701650036
0.5388844892573771
0.7775833246053881
0.9748940608059012
1.3129354899677552
1.2252932841492574
0.812882380219239
1.144256710136039
0.8542124464561253
1.3348460414223795
0.9849508620017159
1.1686158701650036
0.9195816542289205
0.5015553202451339
0.9598088590121793
1.1320771301215566
1.0000360637954377
1.1381669201287978
0.8994680518372913
1.1564362901505212
1.0772690200563866
1.4889221358268057
1.0589996500346632
0.9950076631975305
0.894439651239384
1.4970990925599121
0.7485282465337365
0.7908204704605822
0.7775833246053881
0.8642692476519399
0.737667290872953
0.549736102160603
0.9899792625996232
0.9095248530331058
0.8040576163157763
1.1625260801577624
1.3129354899677552
1.144256710136039
0.39898883890605835
1.1259873401143157
1.18877569839155
1.217989766997716
0.9195816542289205
0.799645234364045
0.7557688836409254
0.7340469723193584
1.217989766997716
0.6536558071474063
2.2431744870309926
0.9447236572184573
0.3916529695012568
0.8642692476519399
4.412538616263309
0.9447236572184573
0.7412876094265475
0.93969525662055
0.9598088590121793
2.391525166163115
0.8305319080261645
0.8843828500435692
0.8743260488477546
0.8692976482498472
1.0050644643933453
0.8542124464561253
1.0163711199839753
0.8793544494456619
4.860757410092202
1.0224609099912163
0.7819957065571195
1.1259873401143157
1.2983284556646721
0.6442134418779454
1.1198975501070745
1.1138077600998333
0.954780458414272
0.9346668560226425
0.7412876094265475
0.9095248530331058
1.2252932841492574
0.8217071441227017
0.7087047424441971
0.8305319080261645
1.0346404900056987
1.0772690200563866
0.3788151980428542
1.1814721812400086
1.0346404900056987
1.1138077600998333
0.8542124464561253
1.0224609099912163
0.7687585607019254
0.8172947621709703
0.8692976482498472
0.590706705350999
0.9598088590121793
1.1686158701650036
1.4316834386950608
1.0000360637954377
0.3824831327452549
1.0050644643933453
0.9950076631975305
2.4063602340763275
0.4211049326648802
1.0772690200563866
0.744907927980142
0.8491840458582178
0.6347710766084841
0.799645234364045
0.8743260488477546
0.9447236572184573
1.3662677848302092
0.4136605777156613
3.5396914914386253
1.4235064819619543
1.0772690200563866
0.5938541604408193
2.717896660253783
0.744907927980142
1.1198975501070745
0.9497520578163646
0.8040576163157763
0.8084699982675077
2.0058134004195973
0.9044964524351985
0.737667290872953
0.4635648594433474
1.0224609099912163
0.8441556452603105
1.3744447415633156
0.8084699982675077
0.549736102160603
2.539875845295237
0.9195816542289205
2.154164079551719
1.4316834386950608
1.089448600070869
0.7412876094265475
0.9497520578163646
1.046820070020181
2.0058134004195973
0.812882380219239
2.1986692832913564
0.7123250609977917
0.6379185316983045
1.407152568495741
1.0833588100636278
0.39898883890605835
0.8441556452603105
0.8793544494456619
1.3580908280971027
1.0772690200563866
0.8542124464561253
0.8441556452603105
0.8542124464561253
1.4889221358268057
1.8574627212874757
0.8491840458582178
0.6221812562492026
1.2837214213615893
1.1381669201287978
0.7643461787501941
1.327542524270838
0.8743260488477546
0.7087047424441971
0.894439651239384
0.8349442899778958
0.7643461787501941
0.8692976482498472
0.9899792625996232
1.0285506999984575
0.585003844096087
0.3916529695012568
1.1381669201287978
0.9497520578163646
0.752148565087331
1.6606687877383184
1.3662677848302092
1.0589996500346632
0.9145532536310131
1.7387821779817778
0.8040576163157763
1.2545073527554231
1.7091120421553532
1.1686158701650036
0.7485282465337365
0.8542124464561253
0.8994680518372913
2.4360303699027517
1.107717970092592
1.2764179042100476
0.9648372596100866
0.9497520578163646
0.799645234364045
0.8894112506414765
1.0772690200563866
0.7908204704605822
1.2399003184523403
1.3129354899677552
0.9598088590121793
0.6127388909797415
0.93969525662055
0.9899792625996232
0.9145532536310131
1.1686158701650036
0.969865660207994
0.9044964524351985
0.9145532536310131
0.9346668560226425
0.8305319080261645
1.0711792300491456
0.969865660207994
0.9246100548268278
0.8491840458582178
0.5015553202451339
0.969865660207994
0.8793544494456619
0.6032965257102805
1.0711792300491456
0.8894112506414765
1.0346404900056987
1.046820070020181
1.0589996500346632
1.3202390071192966
0.8843828500435692
1.621392663978832
0.93969525662055
0.7304266537657641
3.893548433935119
0.8261195260744331
0.8441556452603105
1.0346404900056987
1.1381669201287978
0.9145532536310131
1.089448600070869
0.9648372596100866
1.2764179042100476
1.2691143870585062
1.1259873401143157
0.8172947621709703
0.7864080885088508
1.0000360637954377
0.7908204704605822
1.9316380608535362
1.2983284556646721
1.0772690200563866
0.8393566719296272
0.9748940608059012
0.8217071441227017
0.5938541604408193
0.9899792625996232
0.8349442899778958
0.8894112506414765
1.0650894400419044
1.2764179042100476
1.1564362901505212
0.8692976482498472
0.8894112506414765
0.6221812562492026
0.6630981724168675
1.0650894400419044
1.1747056601722448
0.8441556452603105
0.9246100548268278
1.0772690200563866
1.0955383900781102
0.8843828500435692
1.4153295252288478
0.8261195260744331
0.812882380219239
0.39898883890605835
0.9346668560226425
0.8542124464561253
0.8217071441227017
0.744907927980142
1.2764179042100476
0.737667290872953
0.8172947621709703
1.046820070020181
0.969865660207994
0.7485282465337365
2.688226524427359
0.7908204704605822
0.8040576163157763
2.9552577468651786
0.9195816542289205
0.7195656981049806
1.0650894400419044
1.6942769742421413
1.2910249385131307
0.9195816542289205
1.1198975501070745
0.812882380219239
0.9899792625996232
1.3202390071192966
1.0346404900056987
0.7819957065571195
3.148113629736937
1.2983284556646721
1.3056319728162136
0.9748940608059012
1.1747056601722448
0.8217071441227017
0.8441556452603105
0.7775833246053881
1.3744447415633156
1.3421495585739212
1.1814721812400086
0.9799224614038086
0.9648372596100866
1.0407302800129399
0.7687585607019254
0.8642692476519399
1.3129354899677552
0.7304266537657641
1.0833588100636278
1.0772690200563866
0.7819957065571195
1.3129354899677552
0.8305319080261645
1.144256710136039
3.103608425997301
1.8129575175478385
0.7908204704605822
0.7485282465337365
0.9598088590121793
0.9648372596100866
0.894439651239384
1.1625260801577624
0.8743260488477546
1.8871328571138999
0.7340469723193584
0.7819957065571195
0.8441556452603105
1.1686158701650036
0.8642692476519399
0.969865660207994
0.8743260488477546
0.894439651239384
2.02064846833281
1.382621698296422
1.4235064819619543
1.4970990925599121
1.0285506999984575
1.107717970092592
1.0529098600274223
0.6410659867881249
0.8592408470540326
1.2472038356038817
0.8692976482498472
3.192618833476574
1.2764179042100476
1.7832873817214145
0.954780458414272
1.1016281800853511
0.93969525662055
0.954780458414272
0.9195816542289205
1.4316834386950608
0.8393566719296272
1.0955383900781102
0.5938541604408193
0.9095248530331058
0.8793544494456619
2.1986692832913564
0.9195816542289205
0.7864080885088508
0.8305319080261645
1.2399003184523403
0.8542124464561253
1.2252932841492574
1.1747056601722448
0.8040576163157763
1.046820070020181
2.124493943725295
1.6410307258585755
0.4154945450668617
1.2837214213615893
0.8172947621709703
0.8491840458582178
0.9346668560226425
1.0529098600274223
1.217989766997716
0.8793544494456619
0.37147932863805266
0.8843828500435692
0.9748940608059012
0.7599337967984627
1.046820070020181
3.059103222257664
1.0224609099912163
0.7864080885088508
1.089448600070869
0.9095248530331058
0.737667290872953
1.18877569839155
0.9799224614038086
0.6725405376863286
0.8305319080261645
0.9799224614038086
0.8994680518372913
1.2545073527554231
0.8349442899778958
1.4970990925599121
0.7485282465337365
1.144256710136039
1.6942769742421413
1.2472038356038817
1.18877569839155
1.1138077600998333
0.9497520578163646
1.107717970092592
0.7819957065571195
0.8592408470540326
0.954780458414272
2.6437213206877224
0.9195816542289205
2.8810824072991177
0.9648372596100866
0.7731709426536567
1.0102813299767341
0.8172947621709703
0.7908204704605822
0.7195656981049806
1.5919355711592176
0.9648372596100866
0.9748940608059012
0.8441556452603105
1.398975611762635
1.4643912656274862
0.7643461787501941
0.9799224614038086
6.766125501921697
2.1986692832913564
1.0224609099912163
1.0000360637954377
0.969865660207994
0.954780458414272
0.9899792625996232
1.0050644643933453
1.1138077600998333
0.8592408470540326
1.0955383900781102
0.3788151980428542
0.9145532536310131
0.9598088590121793
0.9899792625996232
0.8793544494456619
1.0650894400419044
3.088773358084089
0.37698123069165385
1.0772690200563866
0.6797421940154412
0.9447236572184573
0.7775833246053881
0.48367745633841086
1.2472038356038817
1.382621698296422
0.48367745633841086
0.9799224614038086
0.8542124464561253
1.0955383900781102
0.8793544494456619
0.7557688836409254
1.0711792300491456
0.9497520578163646
0.93969525662055
0.7485282465337365
0.9748940608059012
0.752148565087331
0.7340469723193584
0.9497520578163646
1.089448600070869
1.2691143870585062
1.2764179042100476
0.8793544494456619
1.1138077600998333
0.9497520578163646
0.9598088590121793
0.8843828500435692
1.2837214213615893
1.6410307258585755
0.8793544494456619
1.0346404900056987
0.4568606604783263
0.9195816542289205
1.1198975501070745
2.065153672072446
0.8441556452603105
0.9246100548268278
0.9447236572184573
0.6662456275066878
0.5877167473218933
0.8894112506414765
0.8743260488477546
0.6536558071474063
1.1198975501070745
1.107717970092592
0.8542124464561253
0.8040576163157763
0.5470231989347965
0.7050844238906026
0.7599337967984627
0.969865660207994
0.9497520578163646
0.8349442899778958
0.8843828500435692
2.0354835362460215
0.8642692476519399
0.9497520578163646
0.5470231989347965
0.7643461787501941
0.7412876094265475
1.046820070020181
0.8793544494456619
1.1814721812400086
0.9497520578163646
0.9598088590121793
1.439860395428167
0.6797421940154412
0.6442134418779454
0.549736102160603
3.3261344446954837
0.9849508620017159
1.2618108699069648
1.0529098600274223
0.9849508620017159
1.3129354899677552
0.9346668560226425
0.8084699982675077
1.9909783325063855
0.9296384554247352
1.398975611762635
1.0000360637954377
3.1332785618237255
0.8040576163157763
0.9246100548268278
0.9095248530331058
0.3568075898284497
0.8441556452603105
0.8217071441227017
1.0346404900056987
0.9044964524351985
0.9497520578163646
0.7557688836409254
0.7864080885088508
1.6942769742421413
0.8040576163157763
0.8692976482498472
0.8441556452603105
0.46803432542002815
1.3580908280971027
4.318176764930912
1.0955383900781102
1.6115736330389607
0.9598088590121793
0.737667290872953
0.744907927980142
0.7775833246053881
0.9095248530331058
0.8349442899778958
0.9899792625996232
0.8349442899778958
2.3618550303366908
0.8592408470540326
0.8743260488477546
0.7485282465337365
0.9799224614038086
1.2252932841492574
0.8393566719296272
1.2545073527554231
1.0102813299767341
0.9145532536310131
0.9044964524351985
1.0000360637954377
0.8261195260744331
0.8305319080261645
3.059103222257664
2.02064846833281
0.8172947621709703
1.144256710136039
0.812882380219239
0.8349442899778958
1.552659447399731
0.9899792625996232
0.9648372596100866
0.894439651239384
0.7485282465337365
1.2472038356038817
1.0407302800129399
0.4233396656532206
0.9748940608059012
0.799645234364045
0.93969525662055
0.8793544494456619
0.7340469723193584
0.7340469723193584
0.7195656981049806
1.0102813299767341
1.8129575175478385
1.7387821779817778
1.0955383900781102
1.2033827326946331
1.0955383900781102
0.7731709426536567
0.4769732573733897
1.1960792155430915
0.8642692476519399
0.6761218754618467
0.737667290872953
1.1320771301215566
1.1381669201287978
0.969865660207994
0.969865660207994
0.5198941666767319
1.0163711199839753
1.0000360637954377
2.4063602340763275
0.8793544494456619
0.6978437867834136
1.0050644643933453
1.3662677848302092
0.7014641053370082
