648.0
684.0
744.0
724.0
696.0
701.0
676.0
701.0
644.0
706.0
684.0
814.0
715.0
670.0
637.0
696.0
746.0
723.0
692.0
738.0
734.0
758.0
685.0
745.0
774.0
786.0
669.0
714.0
704.0
667.0
718.0
769.0
893.0
684.0
838.0
691.0
666.0
718.0
705.0
692.0
705.0
677.0
706.0
673.0
742.0
666.0
780.0
688.0
733.0
689.0
712.0
781.0
749.0
692.0
852.0
677.0
726.0
797.0
705.0
742.0
788.0
736.0
698.0
693.0
683.0
685.0
726.0
670.0
709.0
837.0
667.0
784.0
714.0
629.0
715.0
763.0
740.0
741.0
680.0
675.0
730.0
627.0
682.0
727.0
682.0
700.0
836.0
705.0
778.0
700.0
749.0
672.0
711.0
678.0
703.0
619.0
695.0
765.0
708.0
772.0
697.0
736.0
714.0
821.0
815.0
714.0
707.0
731.0
695.0
823.0
669.0
729.0
720.0
759.0
861.0
700.0
734.0
762.0
699.0
701.0
679.0
717.0
714.0
788.0
698.0
686.0
1199.0
706.0
747.0
722.0
664.0
803.0
704.0
730.0
747.0
717.0
731.0
670.0
741.0
665.0
669.0
677.0
735.0
675.0
716.0
695.0
736.0
761.0
701.0
749.0
725.0
698.0
741.0
811.0
706.0
736.0
742.0
685.0
836.0
737.0
677.0
897.0
679.0
686.0
714.0
697.0
700.0
683.0
862.0
674.0
734.0
843.0
706.0
721.0
694.0
725.0
720.0
686.0
706.0
775.0
674.0
830.0
740.0
683.0
706.0
707.0
749.0
690.0
686.0
845.0
710.0
706.0
682.0
691.0
708.0
692.0
737.0
726.0
733.0
774.0
690.0
714.0
680.0
705.0
682.0
712.0
739.0
699.0
740.0
710.0
708.0
753.0
773.0
740.0
701.0
730.0
717.0
634.0
726.0
638.0
698.0
694.0
699.0
649.0
826.0
738.0
741.0
720.0
682.0
712.0
786.0
654.0
754.0
672.0
683.0
774.0
651.0
694.0
745.0
717.0
694.0
705.0
804.0
722.0
786.0
680.0
759.0
673.0
697.0
702.0
699.0
696.0
738.0
670.0
693.0
630.0
667.0
709.0
670.0
695.0
720.0
736.0
692.0
790.0
724.0
703.0
859.0
725.0
689.0
736.0
713.0
645.0
715.0
724.0
692.0
758.0
674.0
711.0
743.0
727.0
669.0
694.0
708.0
669.0
621.0
716.0
709.0
720.0
753.0
709.0
723.0
755.0
685.0
861.0
613.0
677.0
702.0
706.0
788.0
825.0
667.0
788.0
890.0
722.0
673.0
650.0
693.0
740.0
755.0
670.0
674.0
790.0
845.0
687.0
670.0
657.0
888.0
636.0
709.0
712.0
762.0
672.0
689.0
656.0
706.0
715.0
841.0
699.0
724.0
693.0
774.0
692.0
728.0
689.0
715.0
736.0
751.0
716.0
690.0
738.0
682.0
705.0
706.0
687.0
692.0
720.0
774.0
746.0
715.0
668.0
702.0
709.0
1061.0
705.0
709.0
734.0
720.0
802.0
736.0
614.0
748.0
735.0
689.0
692.0
877.0
818.0
756.0
730.0
679.0
776.0
730.0
622.0
774.0
699.0
692.0
664.0
750.0
693.0
651.0
721.0
697.0
709.0
732.0
817.0
684.0
684.0
724.0
658.0
712.0
683.0
688.0
686.0
701.0
826.0
697.0
673.0
739.0
698.0
800.0
676.0
805.0
705.0
686.0
685.0
676.0
744.0
753.0
683.0
728.0
643.0
712.0
711.0
680.0
686.0
663.0
704.0
702.0
621.0
700.0
741.0
725.0
713.0
700.0
721.0
680.0
678.0
691.0
679.0
688.0
700.0
685.0
725.0
784.0
804.0
694.0
762.0
720.0
707.0
709.0
700.0
710.0
808.0
762.0
660.0
715.0
729.0
698.0
787.0
683.0
685.0
660.0
674.0
843.0
877.0
705.0
702.0
761.0
676.0
806.0
669.0
649.0
707.0
673.0
720.0
738.0
667.0
693.0
666.0
683.0
745.0
710.0
845.0
694.0
784.0
713.0
676.0
696.0
711.0
676.0
661.0
714.0
703.0
741.0
674.0
674.0
746.0
742.0
708.0
697.0
742.0
720.0
715.0
702.0
685.0
653.0
714.0
676.0
713.0
762.0
717.0
728.0
641.0
695.0
683.0
678.0
682.0
730.0
700.0
705.0
685.0
739.0
653.0
813.0
709.0
684.0
696.0
731.0
682.0
714.0
705.0
695.0
680.0
759.0
676.0
691.0
669.0
746.0
710.0
666.0
689.0
670.0
725.0
668.0
743.0
731.0
775.0
670.0
708.0
758.0
693.0
684.0
664.0
613.0
704.0
715.0
745.0
701.0
685.0
791.0
685.0
687.0
649.0
795.0
678.0
700.0
794.0
760.0
705.0
668.0
623.0
682.0
690.0
631.0
689.0
760.0
621.0
704.0
665.0
681.0
649.0
712.0
726.0
811.0
730.0
737.0
692.0
682.0
728.0
737.0
805.0
800.0
770.0
819.0
742.0
648.0
763.0
734.0
731.0
746.0
815.0
705.0
688.0
718.0
676.0
644.0
664.0
713.0
696.0
744.0
693.0
726.0
740.0
853.0
653.0
678.0
680.0
714.0
724.0
870.0
628.0
786.0
698.0
673.0
700.0
702.0
682.0
935.0
693.0
765.0
709.0
684.0
714.0
680.0
751.0
831.0
764.0
709.0
770.0
676.0
747.0
672.0
683.0
687.0
703.0
745.0
789.0
838.0
621.0
616.0
742.0
677.0
648.0
754.0
690.0
732.0
683.0
666.0
750.0
777.0
765.0
772.0
734.0
773.0
704.0
