0.6203057536420472
0.9828817688930475
1.2206745246649349
1.0924221529819413
1.2000449253190641
0.8225059424442893
0.7995173319659293
0.684258313473403
1.0461974879183893
1.115534485513717
1.5544313679893162
0.6738197532748098
0.9922862978279091
0.8340002476834693
0.7225330342015784
1.4393504886153698
2.0778452339593256
1.255057190241386
0.803348767045656
0.6680101246797515
0.3024451847264581
0.5431178315490931
0.9875840333604782
0.7612029811686627
0.7364511144663693
1.1328687349125492
0.6623978457341392
0.6623978457341392
0.9640727110233243
0.684258313473403
0.870027421674708
0.684258313473403
0.8186745073645627
1.1559810674443252
1.0750879035831091
1.0519755710513332
1.2413041240108056
0.6877378335396008
2.005998573108805
0.7434101545987648
0.8794319506095698
0.2998744984968998
0.7468896746649626
0.7468896746649626
0.6511732878429147
0.803348767045656
0.7364511144663693
0.6427548694244963
0.7016559138043919
0.837831682763196
0.7399306345325671
0.47688568124336245
0.6981763937381941
0.945263653153601
0.7612029811686627
0.6807787934072054
1.7186119297067217
1.0115289891207253
0.6652039852069453
0.7573715460889361
1.2688102564719665
0.814843072284836
0.8606228927398464
0.7503691947311604
1.3918139836695385
0.8841342150770005
0.8301688126037428
2.0203679052789085
0.7051354338705896
0.684258313473403
0.8841342150770005
0.791854461806476
0.768865851328116
0.6623978457341392
0.814843072284836
0.7120944740029852
0.768865851328116
0.3063012140707955
0.6946968736719964
0.9264545952838777
0.814843072284836
1.3918139836695385
1.1794153259731934
0.684258313473403
0.7841915916470227
0.8935387440118622
0.8794319506095698
0.7434101545987648
0.6946968736719964
0.5333868509300593
1.5367773493512322
0.8935387440118622
0.2998744984968998
0.7573715460889361
0.8110116372051094
0.7051354338705896
0.814843072284836
1.1794153259731934
0.6062750562780166
0.7841915916470227
0.7841915916470227
0.7468896746649626
0.9499659176210319
0.9029432729467238
0.8071802021253828
0.7399306345325671
0.557714302477644
0.814843072284836
0.791854461806476
0.5723107734061949
0.7880230267267494
0.7765287214875695
0.7841915916470227
0.7995173319659293
0.7880230267267494
0.6652039852069453
0.6203057536420472
0.3532695306416253
0.6146934746964349
0.7995173319659293
0.791854461806476
0.7155739940691829
0.6315303115332718
0.7995173319659293
1.0519755710513332
0.6912173536057986
0.6259180325876594
0.6287241720604657
1.2963163889331277
0.8418138348701232
1.2069214584343542
0.5820417540252286
0.6807787934072054
2.7675731781243242
0.7294920743339739
0.7503691947311604
0.7120944740029852
0.684258313473403
0.8301688126037428
0.7726972864078427
0.6738197532748098
1.282563322702547
0.6772992733410076
0.7260125542677762
0.6738197532748098
0.6146934746964349
0.6539794273157209
0.9593704465558935
0.32429601767770366
0.7468896746649626
1.5456043586702741
2.3796012095315127
0.9640727110233243
0.6567855667885271
0.7538487147973582
2.5664025277428664
1.1931683922037737
0.3063012140707955
0.837831682763196
1.5191233307131484
0.8841342150770005
1.1931683922037737
0.6231118931148534
0.49253583244131544
0.6738197532748098
1.4789642427368959
0.7120944740029852
0.7260125542677762
0.8888364795444312
0.6203057536420472
0.7468896746649626
1.109756402380773
0.7880230267267494
0.6567855667885271
0.9311568597513085
0.7190535141353807
1.8479359192376592
0.9076455374141545
0.9546681820884626
0.7956858968862027
0.6315303115332718
0.7329715944001717
0.8110116372051094
0.38196172169545395
0.814843072284836
0.6772992733410076
1.0063930912302015
0.9217523308164468
0.7260125542677762
2.2071692234902627
0.9640727110233243
0.7468896746649626
0.5820417540252286
0.5978566378595981
0.7995173319659293
0.9405613886861702
1.0230851553866132
0.8794319506095698
0.7434101545987648
0.7434101545987648
0.8841342150770005
0.7051354338705896
1.0016908267627709
0.9123478018815853
1.115534485513717
1.080865986716053
0.637142590478884
1.0693098204501652
0.5601470476324025
0.8186745073645627
1.028863238519557
0.791854461806476
0.6006627773324043
1.4710414919125905
0.7155739940691829
0.7260125542677762
1.5544313679893162
0.6772992733410076
1.5632583773083584
1.2619337233566763
0.3899317747659619
0.8225059424442893
1.5191233307131484
0.6231118931148534
0.7468896746649626
0.9029432729467238
0.7468896746649626
1.5897394052654845
0.837831682763196
1.375968482020928
0.5504160670133685
0.7399306345325671
0.7841915916470227
0.7573715460889361
1.028863238519557
0.6595917062613331
1.161759150577269
0.7051354338705896
0.6981763937381941
0.38355573230955553
0.8110116372051094
0.8841342150770005
1.127090651779605
0.9546681820884626
0.7503691947311604
0.9358591242187394
3.054959821526406
0.8186745073645627
0.47884195014310654
1.0461974879183893
0.6946968736719964
0.3963078172223683
0.44949791664694466
0.8888364795444312
0.8186745073645627
0.6595917062613331
1.0924221529819413
0.7155739940691829
3.0980678180367187
0.6062750562780166
0.870027421674708
0.7880230267267494
0.6511732878429147
0.6946968736719964
2.0778452339593256
2.5807718599129705
0.562579792787161
0.6511732878429147
1.1794153259731934
0.6912173536057986
0.9264545952838777
0.8512183638049848
0.9217523308164468
0.7995173319659293
0.43776030324847987
0.8186745073645627
1.423504986966759
0.7726972864078427
0.826337377524016
1.0016908267627709
4.290919810065037
0.8110116372051094
1.109756402380773
0.7294920743339739
1.4076594853181486
0.791854461806476
0.6708162641525577
0.6483671483701086
0.7190535141353807
0.7765287214875695
0.8512183638049848
0.7294920743339739
0.5820417540252286
1.8335665870675546
1.6515284704987787
0.7434101545987648
0.6287241720604657
0.945263653153601
0.9499659176210319
0.7329715944001717
0.6623978457341392
0.3516755200275237
0.637142590478884
0.7329715944001717
0.6595917062613331
0.8071802021253828
0.814843072284836
0.8110116372051094
0.7190535141353807
1.3169459882789984
0.8186745073645627
0.8512183638049848
0.6738197532748098
0.7260125542677762
0.8841342150770005
0.7190535141353807
0.9029432729467238
0.8340002476834693
1.423504986966759
0.7155739940691829
0.7841915916470227
0.7650344162483893
0.803348767045656
1.1733153168431572
1.6250474425416526
0.7841915916470227
0.6259180325876594
0.6981763937381941
1.109756402380773
0.2973038122673415
1.1559810674443252
0.684258313473403
0.6877378335396008
0.8841342150770005
1.1386468180454932
0.8340002476834693
1.6162204332226107
1.255057190241386
0.7155739940691829
0.6343364510060779
13.261984419062578
0.6912173536057986
0.9640727110233243
0.6511732878429147
1.1213125686466612
1.0016908267627709
0.9405613886861702
0.7650344162483893
1.1444249011784373
0.6912173536057986
0.8186745073645627
0.7726972864078427
1.0016908267627709
1.3601229803723174
0.6231118931148534
0.7995173319659293
0.7155739940691829
1.1559810674443252
1.0404194047854451
0.8888364795444312
0.846516099337554
0.7612029811686627
0.2998744984968998
0.8888364795444312
0.4074658915210794
1.0016908267627709
1.3238225213942887
0.870027421674708
1.2688102564719665
1.0577536541842771
0.8225059424442893
0.6623978457341392
0.4964483702408037
0.7503691947311604
0.7650344162483893
0.791854461806476
0.7573715460889361
0.7880230267267494
0.6259180325876594
0.5869072443347456
0.7803601565672962
0.3421114563429142
0.6595917062613331
0.7726972864078427
0.6483671483701086
1.0750879035831091
1.080865986716053
0.6146934746964349
1.1444249011784373
0.7880230267267494
0.7399306345325671
1.1733153168431572
0.7190535141353807
0.7803601565672962
0.424066420950271
1.8623052514077632
0.7120944740029852
0.6511732878429147
0.803348767045656
0.9123478018815853
0.3268667039072619
0.9217523308164468
0.6315303115332718
0.6772992733410076
0.5187903800015086
0.8340002476834693
1.028863238519557
0.37717968985314915
0.2985891553821206
0.37558567923904757
0.8935387440118622
0.6287241720604657
0.6511732878429147
0.7803601565672962
0.6315303115332718
0.6946968736719964
2.954374496335677
0.837831682763196
0.6877378335396008
0.5869072443347456
0.6315303115332718
0.8110116372051094
0.7155739940691829
1.5106552460341167
0.7051354338705896
0.7260125542677762
0.43776030324847987
1.127090651779605
0.6259180325876594
0.7468896746649626
0.6946968736719964
1.0693098204501652
1.4631187410882853
1.2619337233566763
0.9499659176210319
0.7538487147973582
0.9029432729467238
0.7612029811686627
0.7364511144663693
0.8110116372051094
0.36283359432623485
0.768865851328116
0.6738197532748098
0.7803601565672962
0.2998744984968998
0.7538487147973582
1.115534485513717
1.2894398558178373
0.7995173319659293
0.846516099337554
1.017307072253669
0.7016559138043919
0.7155739940691829
2.034737237449013
0.8747296861421388
1.4789642427368959
0.8186745073645627
0.7503691947311604
1.4551959902639802
0.8071802021253828
0.8301688126037428
0.8225059424442893
0.9217523308164468
0.7016559138043919
0.7880230267267494
0.7650344162483893
0.8888364795444312
0.9593704465558935
0.8794319506095698
0.8653251572072771
0.9029432729467238
1.0577536541842771
0.7880230267267494
0.7225330342015784
0.7573715460889361
0.9828817688930475
0.6680101246797515
0.6343364510060779
0.8512183638049848
0.7468896746649626
0.8512183638049848
0.8418138348701232
0.6427548694244963
0.6118873352236287
0.7190535141353807
0.6539794273157209
0.562579792787161
0.637142590478884
0.6772992733410076
0.6680101246797515
2.494555866892346
0.6595917062613331
0.6595917062613331
1.1733153168431572
1.4076594853181486
0.7573715460889361
0.6807787934072054
0.6738197532748098
0.9593704465558935
0.7190535141353807
0.9217523308164468
0.5650125379419194
0.6772992733410076
0.7468896746649626
0.8512183638049848
0.7399306345325671
0.7650344162483893
0.6287241720604657
0.595050498386792
1.1039783192478292
0.791854461806476
0.6946968736719964
0.7364511144663693
0.4964483702408037
1.1213125686466612
0.3931197959941651
0.7880230267267494
1.2206745246649349
0.826337377524016
0.7880230267267494
0.7225330342015784
0.7726972864078427
2.106583898299534
0.4729731434438742
0.7503691947311604
0.6315303115332718
0.43776030324847987
0.3994958384505715
0.7956858968862027
0.8559206282724156
0.6708162641525577
0.6427548694244963
0.6511732878429147
0.7995173319659293
2.595141192083075
1.2413041240108056
0.9734772399581858
0.43776030324847987
0.8110116372051094
0.7841915916470227
0.7468896746649626
0.7468896746649626
0.63994872995169
0.567445283096678
0.8888364795444312
0.8606228927398464
0.7399306345325671
0.38196172169545395
0.9922862978279091
0.8186745073645627
0.8186745073645627
0.9499659176210319
2.7963118424645326
0.7120944740029852
0.7841915916470227
0.684258313473403
1.8623052514077632
0.684258313473403
0.9076455374141545
0.557714302477644
0.846516099337554
0.5212231251562671
0.8110116372051094
0.9828817688930475
0.6315303115332718
0.5978566378595981
1.9772599087685965
0.7726972864078427
0.8186745073645627
0.8794319506095698
0.7765287214875695
1.161759150577269
0.6455610088973024
0.8301688126037428
0.6595917062613331
0.6203057536420472
1.1862918590884834
0.9217523308164468
0.7503691947311604
0.9029432729467238
0.7726972864078427
0.6912173536057986
0.7726972864078427
0.7880230267267494
0.8301688126037428
0.6315303115332718
1.0016908267627709
0.7726972864078427
0.3915257853800635
0.7329715944001717
0.7880230267267494
0.9358591242187394
0.6652039852069453
0.637142590478884
0.9029432729467238
0.6259180325876594
0.7503691947311604
0.49253583244131544
0.567445283096678
0.9687749754907551
0.41224792336338417
0.6708162641525577
1.0230851553866132
0.36283359432623485
1.0750879035831091
0.9969885622953398
0.814843072284836
0.5382523412395762
0.8512183638049848
0.8186745073645627
0.803348767045656
0.7016559138043919
0.8747296861421388
0.7329715944001717
0.6231118931148534
0.684258313473403
0.6539794273157209
0.7364511144663693
0.7364511144663693
0.9640727110233243
0.7120944740029852
0.7225330342015784
1.5191233307131484
0.562579792787161
0.9123478018815853
0.684258313473403
0.8512183638049848
1.0461974879183893
0.28959175357866657
0.7294920743339739
0.6912173536057986
0.5771762637157117
0.6539794273157209
0.6738197532748098
0.9734772399581858
0.9311568597513085
0.8606228927398464
0.7434101545987648
0.9217523308164468
0.7468896746649626
1.6250474425416526
2.7963118424645326
0.7155739940691829
0.846516099337554
0.7086149539367874
0.7190535141353807
0.870027421674708
0.7329715944001717
0.567445283096678
0.595050498386792
0.6203057536420472
0.7294920743339739
0.6708162641525577
0.6652039852069453
1.0404194047854451
0.6231118931148534
0.6287241720604657
0.7155739940691829
0.6708162641525577
1.303192922048418
1.1675372337102132
0.791854461806476
0.791854461806476
0.6259180325876594
3.1411758145470308
