1.6346810511186312
0.2879468664842339
0.36459370850743317
1.1447815066807383
0.7979742001116226
1.4340120260636722
1.0914974517704952
0.899940447568727
0.41400072154213113
1.696412241873984
1.0087490729056543
0.9634121456819346
1.004215380183282
0.41400072154213113
1.1873883906294729
0.9362099893477027
0.2791916612492547
2.07771139387085
1.2611015380398316
1.3796788465528276
1.1210997044984081
1.2611015380398316
1.0382133968602525
1.2879063189163258
0.778416060576739
2.6284768356441
0.3954730916541194
0.9770132238490504
0.9498110675148186
0.8818056766792391
1.9223672949091635
2.105955775500247
0.9452773747924467
0.83709047918139
1.2007907810677203
0.3476100477767558
0.8018858280185993
1.0559747484970001
1.0204520452235046
0.3179647130041625
1.3719169637655642
0.83709047918139
1.3214122950119431
0.9860806092937943
2.670843408088196
0.778416060576739
0.9634121456819346
0.9951479947385383
1.4805833227872531
0.9634121456819346
1.2007907810677203
0.922608911180587
0.8253555954604599
0.4989648742543434
1.9223672949091635
0.8727382912344951
0.36459370850743317
1.3415158806693135
0.3568738627207616
1.044133847405835
1.097417902316078
1.9647338673532595
1.3013087093545725
0.7159173607173446
0.9634121456819346
0.34143417114741853
1.7105344326886824
1.1566224077719034
0.9452773747924467
0.9951479947385383
2.840309697864581
1.1151792539528256
0.40628087575545957
1.2611015380398316
0.3383462328327499
1.4495357916381992
1.294607514135449
1.5116308539363073
6.522181313561523
1.0914974517704952
1.1873883906294729
1.0914974517704952
0.7705928047627855
0.39856102996878806
0.5613698519763028
0.890873062123983
1.2611015380398316
1.465059557212726
1.0678156495881652
7.535585735453642
0.5772206866558934
0.8818056766792391
0.8682045985121233
0.9452773747924467
1.4184882604891451
1.2141931715059673
1.044133847405835
1.2879063189163258
0.33989020199008424
1.587166926824846
1.3796788465528276
1.0678156495881652
1.5206471528135468
2.6425990264587984
1.8235119592062727
1.3641550809783005
1.2007907810677203
0.8018858280185993
1.6061725765423602
3.0803869417144596
0.9362099893477027
1.85175634083567
0.9271426039029589
1.097417902316078
3.5797574593334627
0.9044741402910991
1.9364894857238621
1.1507019572263206
0.7862393163906923
0.9906143020161663
0.899940447568727
1.227595561944214
0.8727382912344951
1.1566224077719034
0.9362099893477027
1.162542858317486
1.0737361001337475
1.6441838759773881
0.8292672233674366
1.004215380183282
0.2779409176442577
1.4961070883617802
1.2074919762868435
0.8292672233674366
0.3954730916541194
0.6365125689187335
0.6223923540093983
1.5681612771073319
1.356393198191037
1.5681612771073319
0.8636709057897513
0.8682045985121233
0.9724795311266785
1.004215380183282
0.28044240485425176
1.0678156495881652
1.1806871954103497
0.9634121456819346
0.30920950776918327
0.8214439675534831
0.9452773747924467
1.6726923505536595
1.044133847405835
1.2611015380398316
1.0322929463146697
2.6849655989028953
0.8727382912344951
1.0678156495881652
2.0494670122414522
1.5206471528135468
0.8591372130673793
1.5396528025310607
2.9674094151968697
1.004215380183282
1.1507019572263206
1.0087490729056543
0.9180752184582148
0.9271426039029589
1.0145315946779223
1.837634150020971
0.8636709057897513
1.9788560581679584
1.356393198191037
0.8591372130673793
0.6675770417192708
0.9996816874609104
0.9724795311266785
1.1566224077719034
0.3892972150247822
0.9770132238490504
0.8500698276226355
0.9634121456819346
1.4029644949146183
1.0145315946779223
0.8818056766792391
0.9770132238490504
0.9724795311266785
1.1507019572263206
0.9815469165714225
0.40782484491279386
0.9996816874609104
1.044133847405835
1.4107263777018815
0.2891976100892309
1.1388610561351558
0.9498110675148186
3.165120086602652
0.8292672233674366
0.7862393163906923
0.8136207117395297
1.3415158806693135
0.8727382912344951
1.0263724957690874
1.294607514135449
1.240997952382461
0.9271426039029589
0.9815469165714225
0.8018858280185993
2.07771139387085
0.9996816874609104
0.8136207117395297
1.3415158806693135
0.3329736362641268
0.9044741402910991
0.8682045985121233
1.4107263777018815
0.7519836375204634
0.7421473802105218
0.3954730916541194
0.8591372130673793
1.2678027332589552
1.2611015380398316
1.2342967571633376
0.899940447568727
1.4029644949146183
0.9634121456819346
1.1806871954103497
0.8546035203450074
1.2074919762868435
2.3601552101648244
0.7552623899571106
1.0145315946779223
0.6647529987374038
0.5523122321593938
1.3214122950119431
2.51549930912651
1.9788560581679584
0.28294389206424575
0.6962448460974614
3.603953095871463
1.696412241873984
0.9090078330134709
0.8727382912344951
1.294607514135449
2.840309697864581
1.5396528025310607
2.5861102632000037
1.174383759408651
0.8727382912344951
0.3954730916541194
1.0263724957690874
1.0559747484970001
0.35996180103543024
0.9951479947385383
0.41863262901413406
0.8175323396465064
0.6798510839142256
1.162542858317486
1.0855770012249129
1.174383759408651
1.3214122950119431
1.2745039284780788
3.5797574593334627
1.1447815066807383
1.2879063189163258
0.292949840904222
1.3415158806693135
0.3192154566091595
0.7159173607173446
1.1388610561351558
0.8682045985121233
0.8018858280185993
0.8018858280185993
1.696412241873984
0.5500478272051665
0.8500698276226355
1.3796788465528276
1.5396528025310607
3.2922198039349406
1.1388610561351558
1.0914974517704952
0.7552623899571106
0.9271426039029589
1.5206471528135468
1.0559747484970001
0.6864085887875199
0.2704364560142755
1.281205123697202
0.9679458384043064
2.1342001571296447
0.7862393163906923
0.2754394304342636
0.6506327838280686
0.9090078330134709
1.696412241873984
1.33481468545019
1.1873883906294729
3.150997895787953
0.5341969925255758
0.5969759671725953
1.6631895256949023
1.0559747484970001
0.8682045985121233
0.9044741402910991
0.8682045985121233
0.9951479947385383
0.4527983600731905
0.38312133839544493
0.31171099497917737
1.0087490729056543
0.8214439675534831
1.3796788465528276
0.8331788512744133
0.7519836375204634
1.0263724957690874
2.1765667295737408
0.9180752184582148
1.0204520452235046
4.934713105461491
1.2208943667250904
0.8772719839568672
0.9906143020161663
0.2791916612492547
1.281205123697202
1.1388610561351558
2.035344821426753
1.1507019572263206
1.1566224077719034
1.4961070883617802
0.9271426039029589
1.6346810511186312
1.2879063189163258
0.6534568268099357
3.603953095871463
0.8057974559255762
1.294607514135449
0.5228749677544396
1.0559747484970001
2.5437436907559077
1.1033383528616605
1.1507019572263206
0.9906143020161663
2.063589203056151
1.2074919762868435
1.1940895858485967
0.3017050461392012
0.895406754846355
1.4728214399999897
1.85175634083567
1.2476991476015846
1.2476991476015846
2.5013771183118116
1.6346810511186312
0.8863393694016112
0.8818056766792391
1.4107263777018815
3.821713824713467
0.9498110675148186
0.7666811768558087
0.7666811768558087
0.7159173607173446
1.4107263777018815
1.2208943667250904
0.8500698276226355
1.0382133968602525
1.109258803407243
0.9679458384043064
0.8214439675534831
0.8591372130673793
0.8818056766792391
0.8682045985121233
2.317788637720728
1.097417902316078
1.3952026121273546
1.3214122950119431
2.374277400979523
0.9815469165714225
0.890873062123983
0.9906143020161663
3.150997895787953
0.5341969925255758
0.8863393694016112
1.5206471528135468
1.240997952382461
0.9271426039029589
0.9316762966253309
0.9770132238490504
1.2342967571633376
0.890873062123983
0.9951479947385383
1.1151792539528256
0.9634121456819346
1.4572976744254627
0.9543447602371906
0.890873062123983
2.5296214999412086
1.6441838759773881
1.6156754014011172
1.4262501432764085
2.74145436216169
0.49127045522415125
0.427791498225066
1.4805833227872531
1.162542858317486
1.3796788465528276
1.3214122950119431
0.48934685046660314
0.43548591725525815
0.9724795311266785
1.9223672949091635
0.8410024421778914
0.427791498225066
0.37076958513677044
2.148322347944343
0.9724795311266785
1.1151792539528256
0.5840139015185751
0.9452773747924467
0.778416060576739
0.8018858280185993
0.8136207117395297
0.8727382912344951
0.31421248218917147
0.9770132238490504
1.85175634083567
0.8636709057897513
1.1940895858485967
1.162542858317486
1.2141931715059673
0.5704274717932116
1.0204520452235046
1.8093897683915736
0.8863393694016112
1.6441838759773881
0.5477834222509393
1.3952026121273546
0.9090078330134709
0.8727382912344951
0.7940625722046459
1.1151792539528256
0.7588579210418552
1.3147110997928195
1.097417902316078
0.40319293744079093
0.43933312677035424
1.837634150020971
1.227595561944214
1.1151792539528256
1.240997952382461
4.45080037470148
0.4854996409515071
0.2841946356692428
1.356393198191037
1.2678027332589552
1.097417902316078
0.7159173607173446
0.8500698276226355
0.9815469165714225
1.2745039284780788
1.4728214399999897
0.8500698276226355
1.0914974517704952
1.3486313154037735
0.9951479947385383
1.1566224077719034
1.2074919762868435
1.4961070883617802
0.7901509442976691
0.8546035203450074
1.3080099045736961
2.0071004397973558
2.6849655989028953
1.1806871954103497
1.281205123697202
1.2007907810677203
0.9044741402910991
0.8214439675534831
17.49500973936849
0.8772719839568672
1.2611015380398316
1.2544003428207082
2.487254927497113
0.8500698276226355
1.0204520452235046
1.294607514135449
0.922608911180587
2.6143546448294015
0.9090078330134709
0.9996816874609104
0.5885427114270296
1.1447815066807383
0.8331788512744133
0.7979742001116226
0.4001049991261223
1.3952026121273546
1.2544003428207082
0.4451039410429983
1.465059557212726
1.004215380183282
1.0145315946779223
0.9951479947385383
1.1566224077719034
0.899940447568727
1.3874407293400912
1.044133847405835
0.8214439675534831
0.5998000101544622
0.6896873412241671
0.899940447568727
0.43163870774016205
0.483576036193959
1.2544003428207082
0.7901509442976691
0.8546035203450074
3.0238981784556644
0.9407436820700746
0.8057974559255762
0.9452773747924467
0.7552623899571106
1.0737361001337475
0.9770132238490504
0.28544537927423985
1.1033383528616605
0.7028023509707557
1.4340120260636722
0.778416060576739
0.8214439675534831
0.8772719839568672
1.7670231959474774
1.3641550809783005
1.0618951990425827
1.0618951990425827
1.240997952382461
0.3769454617661077
2.6425990264587984
1.1566224077719034
0.9724795311266785
1.0678156495881652
0.7355898753372275
1.4340120260636722
1.5301499776723038
1.1566224077719034
0.3217169438191536
0.9996816874609104
2.487254927497113
0.8546035203450074
0.9588784529595625
0.2741886868292666
0.9498110675148186
0.8818056766792391
1.2208943667250904
1.4495357916381992
1.0855770012249129
1.1447815066807383
1.4961070883617802
0.9951479947385383
4.474996011239481
1.162542858317486
1.3641550809783005
0.9452773747924467
1.2208943667250904
0.525139372708667
1.0322929463146697
2.826187507049882
1.1388610561351558
0.8682045985121233
0.8682045985121233
1.4184882604891451
0.9407436820700746
1.2544003428207082
1.6536867008361453
1.0618951990425827
0.9316762966253309
1.2678027332589552
0.4508747553156424
1.3415158806693135
0.6421606548824677
0.3229676874241506
1.1873883906294729
1.0855770012249129
1.0914974517704952
2.3036664469060297
0.8292672233674366
0.9090078330134709
1.6536867008361453
1.0322929463146697
1.174383759408651
0.9634121456819346
0.28294389206424575
1.0678156495881652
1.5681612771073319
2.035344821426753
1.1566224077719034
0.7588579210418552
1.3080099045736961
1.07965655067933
5.981345300699788
1.1447815066807383
0.4604927791033826
0.9860806092937943
1.4340120260636722
0.8591372130673793
0.7552623899571106
0.9906143020161663
0.9724795311266785
1.2074919762868435
1.4961070883617802
0.9271426039029589
1.1151792539528256
0.83709047918139
0.6082721391000633
0.8214439675534831
1.3719169637655642
1.294607514135449
1.4417739088509356
1.294607514135449
1.7387788143180798
0.6223923540093983
1.240997952382461
1.07965655067933
1.0914974517704952
0.9951479947385383
0.8863393694016112
0.9316762966253309
2.600232454014703
0.8727382912344951
0.9770132238490504
0.9815469165714225
1.3013087093545725
0.9724795311266785
1.577664101966089
0.7705928047627855
0.7421473802105218
0.7290323704639332
1.1806871954103497
2.487254927497113
0.8863393694016112
0.8292672233674366
0.9543447602371906
0.7823276884837156
1.0382133968602525
0.9407436820700746
1.4262501432764085
1.0855770012249129
0.38312133839544493
3.700735642023465
2.105955775500247
0.7588579210418552
3.0521425600850622
1.0500542979514176
1.07965655067933
2.1906889203884394
1.1806871954103497
0.899940447568727
4.329822192011478
0.9588784529595625
0.9588784529595625
0.9815469165714225
1.3796788465528276
1.044133847405835
0.8682045985121233
1.0087490729056543
0.9543447602371906
1.2476991476015846
0.9588784529595625
0.8057974559255762
1.3641550809783005
1.1329406055895732
1.097417902316078
2.063589203056151
0.9588784529595625
1.4340120260636722
1.549155627389818
1.752901005132779
0.28044240485425176
0.8500698276226355
1.227595561944214
0.3892972150247822
1.8093897683915736
1.0204520452235046
0.7588579210418552
0.9452773747924467
0.5523122321593938
1.004215380183282
0.6167442680456643
0.913541525735843
0.9180752184582148
0.9316762966253309
0.8057974559255762
1.1806871954103497
1.0087490729056543
2.670843408088196
1.6156754014011172
0.44125673152790224
1.1388610561351558
0.895406754846355
1.162542858317486
2.1906889203884394
0.7588579210418552
0.7940625722046459
