0.8396116692796575
0.658151475099113
0.7909733937801832
0.7316820843115333
0.8351900078706143
0.683602046198146
1.3503817126769548
1.0542476925690438
0.7236687446259688
0.9463847199044609
1.1940563699303737
0.9892109452386428
3.3322175564320493
0.7156554049404042
2.7192437954991044
1.085246586782092
1.3032265136485008
0.7865517323711401
0.7196620747831864
0.8821453819031879
0.8500257129025515
0.8396116692796575
0.6717653965883886
0.7356887541543156
1.3422158506906892
0.9303248854041426
0.5288949568266256
0.6795953763553637
0.8042383780073125
1.9377022503096002
0.44648251314909604
0.8446724347357788
0.5840710617990014
0.8928519382367334
1.029448577198605
0.41964724181539914
0.7196620747831864
1.0170490195133859
0.8874986600699607
0.9196183290705972
0.6996287255692751
0.7688650867349676
0.7517154335254446
0.7356887541543156
0.7437020938398802
0.8500257129025515
0.903558494570279
0.6956220557264928
0.903558494570279
0.6479410339821563
0.7517154335254446
2.4740542911259267
0.9463847199044609
0.8714388255696425
0.5550310065503826
0.8660855474028698
0.9142650509038245
0.782130070962097
1.0418481348838244
0.683602046198146
0.9249716072373699
0.9089117727370517
0.5056629126277307
0.782130070962097
0.9945642234054155
0.8982052164035061
0.9945642234054155
0.7076420652548396
0.7644434253259246
0.5492229955006587
0.9677978325715518
1.048047913726434
1.2486414417894374
1.091446365624702
0.6377305928651996
0.661554955471432
0.8175033622344419
0.9142650509038245
0.8307683464615713
1.256439309197875
0.7998167165982694
0.6956220557264928
0.7036353954120574
0.8351900078706143
0.7732867481440108
0.6513445143544753
0.7732867481440108
1.091446365624702
0.8042383780073125
1.326620115873814
0.7316820843115333
0.755722103368227
0.7236687446259688
0.8714388255696425
0.7316820843115333
0.8175033622344419
0.7236687446259688
0.8500257129025515
0.7909733937801832
0.8874986600699607
1.0356483560412149
1.0976461444673113
1.159643932893408
0.8042383780073125
0.7116487350976219
0.9999175015721883
0.9517379980712336
0.6343271124928807
0.8263466850525282
0.8767921037364153
0.8874986600699607
0.8396116692796575
1.0170490195133859
0.6649584358437509
0.624116671375924
0.7156554049404042
0.9142650509038245
0.7316820843115333
1.085246586782092
1.2252478395641242
1.0542476925690438
0.661554955471432
1.085246586782092
1.091446365624702
1.2876307788316255
0.8351900078706143
0.9089117727370517
0.5259909513017639
1.1100457021525307
1.0790468079394826
0.7236687446259688
0.6002923087696915
1.029448577198605
1.091446365624702
1.6681607952033919
0.683602046198146
1.005270779738961
1.5417738196241801
1.4433098894725345
0.903558494570279
0.43418719151166907
0.9731511107383246
1.5733705635189832
1.2954286462400633
0.755722103368227
0.962444554404779
1.2486414417894374
0.8660855474028698
1.4771019537618364
0.8607322692360969
0.6916153858837106
0.8175033622344419
0.8607322692360969
1.0728470290968728
0.9999175015721883
0.8553789910693242
0.7356887541543156
1.4855499698341617
0.8446724347357788
0.683602046198146
0.45631877045903746
0.9463847199044609
0.7688650867349676
0.8396116692796575
1.6925127459364224
1.1784606351134983
0.7116487350976219
1.0604474714116534
0.6479410339821563
0.47845034940640596
0.9570912762380064
0.903558494570279
1.147244375208189
0.8714388255696425
2.1062700345661596
0.8660855474028698
0.6683619162160698
0.6956220557264928
1.8151074981230113
0.8396116692796575
1.1410445963655789
0.7865517323711401
0.6996287255692751
1.4095178251832325
1.0356483560412149
0.8307683464615713
0.6956220557264928
0.782130070962097
0.7732867481440108
0.9517379980712336
0.8175033622344419
0.9142650509038245
0.8928519382367334
1.5628383155540488
0.8821453819031879
1.147244375208189
1.147244375208189
1.3032265136485008
0.7732867481440108
0.683602046198146
0.7356887541543156
0.7909733937801832
0.8500257129025515
0.6173097106312861
0.7865517323711401
1.048047913726434
1.9223779062862763
1.2876307788316255
0.9249716072373699
0.7998167165982694
0.8396116692796575
1.0728470290968728
0.8660855474028698
0.9249716072373699
0.6717653965883886
0.7644434253259246
0.7316820843115333
1.5207093236943117
0.7356887541543156
0.9303248854041426
0.8874986600699607
0.658151475099113
0.7316820843115333
0.9303248854041426
0.7396954239970978
1.1348448175229693
1.1100457021525307
0.9677978325715518
0.9999175015721883
1.029448577198605
0.6309236321205618
1.0790468079394826
0.6036957891420105
0.7644434253259246
0.7236687446259688
1.0790468079394826
0.4612368991140083
0.6479410339821563
0.8874986600699607
1.233045706972562
0.9089117727370517
1.326620115873814
1.0170490195133859
0.7356887541543156
0.7156554049404042
1.3188222484653764
0.9463847199044609
0.6916153858837106
0.6547479947267941
0.7437020938398802
1.2408435743809996
0.9303248854041426
3.629917508232987
0.683602046198146
0.8767921037364153
0.7156554049404042
0.8660855474028698
1.6681607952033919
0.6309236321205618
0.7517154335254446
2.1215943785894833
0.7688650867349676
0.7156554049404042
1.2408435743809996
0.8821453819031879
0.7396954239970978
0.7076420652548396
0.8660855474028698
0.8396116692796575
1.392621793038582
2.504702979172574
0.727675414468751
1.2252478395641242
0.9892109452386428
0.7316820843115333
0.6649584358437509
1.0728470290968728
0.7998167165982694
1.029448577198605
0.7777084095530538
0.7517154335254446
0.9249716072373699
0.7909733937801832
0.8714388255696425
1.091446365624702
0.7517154335254446
0.9196183290705972
0.9089117727370517
0.8714388255696425
0.7517154335254446
0.8175033622344419
0.7688650867349676
0.7236687446259688
0.6105027498866483
0.9196183290705972
0.8660855474028698
0.5347029678763495
1.0108492406707763
0.7688650867349676
1.029448577198605
1.005270779738961
0.5782630507492774
0.7953950551892264
0.7865517323711401
2.995081987918929
0.9945642234054155
0.658151475099113
14.183656410940127
0.683602046198146
0.6996287255692751
0.727675414468751
1.1720434905786272
0.661554955471432
0.6683619162160698
0.6717653965883886
6.721404440484074
0.8263466850525282
0.8660855474028698
0.7236687446259688
1.085246586782092
0.6275201517482428
0.7236687446259688
1.4348618734002092
0.5934853480250538
0.8874986600699607
0.6956220557264928
0.8982052164035061
1.0232487983559955
0.6956220557264928
1.091446365624702
0.7316820843115333
1.12244525983775
1.5108940180511379
0.9570912762380064
2.136918722612807
0.7036353954120574
0.7036353954120574
0.8086600394163557
0.9142650509038245
0.7396954239970978
0.5900818676527348
0.6479410339821563
1.4771019537618364
0.6207131910036051
0.7316820843115333
0.7865517323711401
0.7196620747831864
1.1658437117360176
1.0976461444673113
1.4517579055448597
0.6916153858837106
0.8175033622344419
0.9677978325715518
0.683602046198146
0.6683619162160698
0.6445375536098373
0.8500257129025515
0.8446724347357788
1.4771019537618364
1.0604474714116534
0.5753590452244157
1.7538101220297166
0.6956220557264928
0.7600217639168814
0.8928519382367334
0.9142650509038245
1.085246586782092
0.8660855474028698
0.962444554404779
0.7236687446259688
1.4095178251832325
0.5550310065503826
0.7688650867349676
0.9517379980712336
0.8263466850525282
1.2018542373388112
1.1100457021525307
0.7477087636826624
1.2720350440147503
0.6755887065125814
0.8500257129025515
0.8396116692796575
0.7156554049404042
0.6755887065125814
0.5811670562741394
0.7732867481440108
1.0790468079394826
0.9303248854041426
0.569551034174692
0.8714388255696425
1.0790468079394826
0.41375238200231507
0.7477087636826624
1.0728470290968728
0.8130817008253988
0.8086600394163557
1.0790468079394826
1.233045706972562
2.8265142036623696
0.658151475099113
0.7909733937801832
0.727675414468751
0.7236687446259688
0.6755887065125814
0.8086600394163557
0.5056629126277307
0.6105027498866483
1.1658437117360176
0.6795953763553637
0.6956220557264928
0.7600217639168814
0.755722103368227
0.8042383780073125
0.755722103368227
0.9517379980712336
0.7236687446259688
0.9142650509038245
0.7477087636826624
1.0356483560412149
0.683602046198146
1.4010698091109073
1.2174499721556868
1.0790468079394826
0.782130070962097
0.7644434253259246
0.9731511107383246
0.8307683464615713
1.3032265136485008
0.8396116692796575
0.7909733937801832
0.8086600394163557
1.0604474714116534
0.5637430231249682
1.5944350594488519
0.6139062302589672
0.7036353954120574
0.7998167165982694
1.0976461444673113
0.7396954239970978
0.9892109452386428
0.6996287255692751
1.0604474714116534
0.8928519382367334
0.903558494570279
1.0170490195133859
0.7396954239970978
0.7236687446259688
1.005270779738961
0.6479410339821563
0.8874986600699607
0.7036353954120574
0.8130817008253988
0.4612368991140083
0.9892109452386428
0.7236687446259688
1.1162454809951403
0.8396116692796575
0.8660855474028698
0.755722103368227
0.7517154335254446
0.9570912762380064
0.7196620747831864
1.005270779738961
0.409822475460259
0.9677978325715518
1.2018542373388112
2.2595134747993963
0.7396954239970978
1.6925127459364224
0.9999175015721883
0.7036353954120574
1.1100457021525307
1.5944350594488519
0.7076420652548396
1.4010698091109073
0.7865517323711401
0.7356887541543156
0.8263466850525282
0.5724550396995538
0.7477087636826624
0.7909733937801832
0.782130070962097
0.7437020938398802
0.6479410339821563
0.7156554049404042
0.5579350120752444
0.9945642234054155
1.3344179832822516
0.6876087160409283
0.782130070962097
0.8219250236434849
0.6916153858837106
0.9142650509038245
0.4907456710438328
0.9945642234054155
0.7396954239970978
0.683602046198146
0.7076420652548396
0.9945642234054155
0.8714388255696425
0.9249716072373699
0.5840710617990014
0.7953950551892264
3.8246216031541267
1.8610805301929818
0.9249716072373699
0.7356887541543156
1.0728470290968728
0.9731511107383246
1.375725760893931
1.2720350440147503
0.7396954239970978
0.7437020938398802
1.0356483560412149
0.7196620747831864
1.1162454809951403
0.7600217639168814
0.755722103368227
0.962444554404779
0.49812286402628886
0.7396954239970978
0.6717653965883886
0.6717653965883886
0.9142650509038245
0.9677978325715518
0.7236687446259688
0.8446724347357788
0.8553789910693242
1.0728470290968728
2.5966490433125156
0.962444554404779
1.066647250254263
0.6445375536098373
0.7688650867349676
0.7196620747831864
0.8446724347357788
1.5417738196241801
0.8821453819031879
0.8396116692796575
0.6755887065125814
0.7517154335254446
0.8396116692796575
0.8660855474028698
0.8042383780073125
0.6755887065125814
0.6445375536098373
0.7517154335254446
0.8553789910693242
0.9677978325715518
0.7909733937801832
0.8396116692796575
0.683602046198146
0.7356887541543156
0.9196183290705972
0.8219250236434849
1.1410445963655789
0.5434149844509351
0.9463847199044609
0.6445375536098373
0.6755887065125814
0.7600217639168814
0.7909733937801832
0.8446724347357788
0.8042383780073125
1.147244375208189
0.7777084095530538
0.8821453819031879
0.9945642234054155
0.6275201517482428
0.7644434253259246
0.7437020938398802
0.7116487350976219
0.9303248854041426
1.2486414417894374
0.658151475099113
1.0356483560412149
0.7076420652548396
0.7236687446259688
0.683602046198146
0.8351900078706143
0.5900818676527348
1.2720350440147503
0.7953950551892264
0.7600217639168814
0.7356887541543156
1.5417738196241801
0.661554955471432
0.5811670562741394
1.0108492406707763
1.1038459233099212
0.8982052164035061
0.8660855474028698
2.1828917546827777
0.7396954239970978
0.4759912850789205
1.9836752823795707
0.7116487350976219
0.9356781635709155
1.0728470290968728
2.3514595389393382
0.6445375536098373
1.0170490195133859
0.6916153858837106
0.9838576670718701
0.8175033622344419
0.7732867481440108
1.0418481348838244
0.7236687446259688
1.085246586782092
0.8219250236434849
0.6377305928651996
0.8553789910693242
0.6717653965883886
0.782130070962097
1.2486414417894374
0.7356887541543156
0.9945642234054155
1.1162454809951403
0.7236687446259688
0.426809998529213
0.7732867481440108
1.1100457021525307
1.392621793038582
0.6755887065125814
0.7316820843115333
0.7732867481440108
0.9999175015721883
0.6683619162160698
0.9089117727370517
1.5628383155540488
0.7865517323711401
0.9892109452386428
0.6876087160409283
0.6207131910036051
0.903558494570279
0.6717653965883886
1.2252478395641242
0.7236687446259688
0.7236687446259688
0.8767921037364153
0.9089117727370517
0.727675414468751
0.7196620747831864
0.7437020938398802
0.8821453819031879
1.8457561861696585
0.7156554049404042
1.1100457021525307
0.5085669181525926
0.7356887541543156
0.727675414468751
1.4855499698341617
0.6377305928651996
0.6916153858837106
0.7688650867349676
0.7600217639168814
1.2876307788316255
1.0790468079394826
0.6343271124928807
1.12244525983775
0.7356887541543156
2.0296483144495423
0.8086600394163557
