0.7701011854827756
0.6053702563071296
0.6080562991049577
0.7120496949774904
0.7351450264800404
0.6510329838702086
0.6376027698810677
0.9735752732002322
0.8581167339360916
1.1537174125026317
0.7933546417039737
0.8321104020726373
0.6757570311877689
0.8243592499989045
0.9781936147707979
2.13897613780426
1.001285322623626
1.607770080552914
0.6510329838702086
0.5999981707114732
0.6483469410723804
0.8627350755066572
2.0106771294137182
0.6955530296185262
0.6241725558919269
0.9135368327828792
0.6268585986897549
0.8088569458514391
0.7933546417039737
0.4684935899009454
0.7153490280492832
1.0279817686018504
0.718648361121076
0.6349167270832395
0.6241725558919269
0.6456608982745522
0.6402888126788958
0.6349167270832395
0.5023896937970495
0.6955530296185262
0.6053702563071296
0.8812084417889198
0.5372442370852394
1.0222665120609058
0.6188004702962705
0.6188004702962705
1.0508427947656287
0.9089184912123135
0.9273918574945759
0.6456608982745522
0.6757570311877689
0.987430297911929
0.6823556973313547
1.5330145249973586
0.43836371977107536
0.5278001045754135
0.6510329838702086
0.745043025695419
0.610742341902786
0.8049813698145728
0.5973121279136451
0.721947694192869
0.7153490280492832
0.773976761519642
0.9135368327828792
0.9966669810530603
0.5584935352323477
0.6349167270832395
0.8088569458514391
0.9781936147707979
0.6922536965467333
0.6698352834550058
0.48355852496588064
0.6026842135093013
0.7252470272646618
0.6564050694658649
0.6955530296185262
0.7584744573721766
0.5946260851158169
0.7584744573721766
0.5750207671245431
0.6349167270832395
0.6671492406571776
0.6214865130940986
0.6988523626903189
0.8127325218883055
0.6026842135093013
0.8049813698145728
0.7778523375565083
0.6080562991049577
1.1422868994207425
0.6590911122636931
1.2104964931099047
2.238764255441348
0.6757570311877689
1.0737038209294074
1.7683345580093615
0.4197161415997138
0.7623500334090428
0.7516416918390046
0.6955530296185262
0.9135368327828792
2.994302860407871
1.3263554882476682
0.6268585986897549
0.9689569316296667
0.7087503619056975
0.79723021774084
0.5750207671245431
0.5946260851158169
0.9643385900591009
0.7120496949774904
0.8627350755066572
0.745043025695419
0.8488800507949603
0.7120496949774904
0.6134283847006141
0.6026842135093013
0.610742341902786
1.3549676822894157
0.7483423587672119
0.4120873317303379
1.1194258732569642
0.6590911122636931
0.4014069979132116
0.5023896937970495
0.83986155414637
0.6757570311877689
0.47414294055029615
0.3617371865924569
0.5632156014872608
0.7021516957621119
0.5726597339970866
0.8321104020726373
1.7255682218791808
0.6241725558919269
0.6053702563071296
0.5702987008696301
0.8127325218883055
1.0279817686018504
1.3947877580469914
0.7933546417039737
0.7417436926236262
0.7351450264800404
0.6564050694658649
1.5703923027751365
0.6026842135093013
0.6349167270832395
1.2309421981342161
0.9828119563413636
0.3647887105402073
0.7894790656671073
3.293667213319135
0.6988523626903189
0.6483469410723804
0.39988123593933644
0.6376027698810677
1.1137106167160196
0.79723021774084
0.6790563642595617
0.8904451249300509
0.6026842135093013
1.9679107932835376
0.8765901002183542
1.0737038209294074
0.6698352834550058
0.6856550304031476
1.2582031381666312
0.7054510288339048
0.3739432823834583
0.46096112236847797
0.6823556973313547
0.44024683665419223
0.5868259327618256
0.5655766346147172
0.8011057937777064
1.4903559398651731
0.6856550304031476
0.6349167270832395
0.8534983923655259
0.7252470272646618
0.6402888126788958
0.9181551743534446
0.5844648996343691
0.6349167270832395
0.9597202484885354
0.6026842135093013
0.8359859781095036
1.739823667255908
0.6856550304031476
0.9181551743534446
1.0108359989790165
1.0565580513065733
0.8127325218883055
0.7252470272646618
0.7933546417039737
0.6955530296185262
0.7252470272646618
0.5999981707114732
1.7540791126326352
0.5726597339970866
0.9735752732002322
0.6617771550615212
0.8534983923655259
0.6402888126788958
0.721947694192869
0.8534983923655259
0.5797428333794561
0.6757570311877689
0.5750207671245431
0.7021516957621119
0.6295446414875832
0.7252470272646618
0.6188004702962705
0.6188004702962705
2.2245088100646213
0.7318456934082476
0.9366285406357073
0.6161144274984423
0.39988123593933644
0.6856550304031476
0.6268585986897549
0.6456608982745522
0.6080562991049577
0.6537190266680367
0.5821038665069126
1.607770080552914
0.38004633027895907
0.7933546417039737
0.987430297911929
1.362931697440931
1.1594326690435763
1.0565580513065733
0.79723021774084
0.9320101990651416
1.1594326690435763
0.7351450264800404
0.5278001045754135
0.745043025695419
0.5919400423179887
0.5065508064283051
2.6379167259896996
0.8581167339360916
0.3693659964618328
1.5423589694418034
0.4854416418489975
0.6671492406571776
0.7701011854827756
0.7120496949774904
0.6590911122636931
0.7623500334090428
0.79723021774084
0.6510329838702086
0.6429748554767241
0.7021516957621119
0.6349167270832395
1.5797367472195811
0.7584744573721766
0.7351450264800404
1.1251411297979086
0.6955530296185262
0.7817279135933747
0.7252470272646618
0.7252470272646618
0.6349167270832395
0.6671492406571776
0.6053702563071296
0.7584744573721766
1.0451275382246843
0.6053702563071296
0.6161144274984423
0.610742341902786
0.6483469410723804
0.79723021774084
0.6268585986897549
0.83986155414637
0.6988523626903189
0.6188004702962705
0.6698352834550058
0.5655766346147172
1.148002155961687
0.9366285406357073
0.6026842135093013
2.1247206924275335
0.7351450264800404
1.033697025142795
1.0565580513065733
0.9043001496417477
0.6564050694658649
1.434607833804567
1.1137106167160196
0.6671492406571776
0.6295446414875832
0.7417436926236262
0.53016113770287
0.6790563642595617
0.7701011854827756
0.6757570311877689
0.5919400423179887
1.2650183731747346
0.6026842135093013
0.6955530296185262
0.6823556973313547
0.8534983923655259
0.5946260851158169
0.5584935352323477
0.718648361121076
0.53016113770287
0.7894790656671073
1.0965648470931855
0.5490494027225218
0.745043025695419
0.7701011854827756
0.6889543634749403
0.7662256094459092
1.2513879031585273
0.7384443595518333
0.6617771550615212
0.5797428333794561
0.8442617092243947
4.434162207616587
0.6483469410723804
0.6241725558919269
0.9366285406357073
1.5890811916640255
0.5892539995201606
0.520717005193044
0.7894790656671073
0.3647887105402073
0.6295446414875832
0.5278001045754135
0.7021516957621119
0.6757570311877689
0.7087503619056975
0.6080562991049577
0.721947694192869
1.1832355530774898
0.53016113770287
0.6564050694658649
0.5702987008696301
1.1832355530774898
0.610742341902786
0.5584935352323477
0.48920787561523116
2.3955741545853435
0.5973121279136451
0.6955530296185262
0.47602605743341303
0.6295446414875832
0.610742341902786
0.5702987008696301
0.6644631978593494
0.5396052702126958
0.6590911122636931
0.6295446414875832
0.7153490280492832
0.5868259327618256
0.7894790656671073
0.7153490280492832
0.8282348260357709
0.6617771550615212
0.6564050694658649
1.2922793132071497
0.6026842135093013
0.8088569458514391
1.426643818653052
2.1247206924275335
0.8127325218883055
0.6790563642595617
0.7549410249107975
0.5797428333794561
0.8049813698145728
0.9597202484885354
0.7584744573721766
0.49862346003081565
1.2718336081828385
0.7351450264800404
0.6537190266680367
0.6349167270832395
0.6402888126788958
0.7483423587672119
0.8719717586477883
0.6590911122636931
0.6134283847006141
1.3263554882476682
0.5089118395557616
0.44777930418665973
1.5143256361084698
0.9366285406357073
0.6856550304031476
0.721947694192869
0.7153490280492832
0.8765901002183542
0.8950634665006165
0.7662256094459092
0.8858267833594853
0.5466883695950653
0.6757570311877689
0.7054510288339048
0.950483565347404
0.8442617092243947
0.5868259327618256
0.5919400423179887
0.6483469410723804
0.4059842838348372
0.45719488860224416
0.8243592499989045
0.6376027698810677
0.7817279135933747
0.7817279135933747
0.5278001045754135
0.6376027698810677
0.4014069979132116
0.6188004702962705
0.5919400423179887
0.5443273364676089
0.5514104358499783
1.2718336081828385
0.7701011854827756
0.5797428333794561
0.7384443595518333
0.6955530296185262
0.6510329838702086
0.6376027698810677
0.6268585986897549
0.6564050694658649
0.9181551743534446
0.5679376677421737
0.6214865130940986
0.6322306842854113
0.7856034896302411
0.6617771550615212
0.6322306842854113
0.6376027698810677
0.7252470272646618
0.7817279135933747
0.6053702563071296
1.8111008941395421
0.6376027698810677
0.7087503619056975
0.773976761519642
0.8581167339360916
0.6757570311877689
0.6698352834550058
0.5608545683598043
0.987430297911929
0.7933546417039737
0.4440130704204259
0.6856550304031476
1.2104964931099047
0.5919400423179887
0.5999981707114732
0.6823556973313547
0.5868259327618256
0.8765901002183542
0.6988523626903189
0.6322306842854113
0.8127325218883055
0.6483469410723804
0.83986155414637
0.6510329838702086
1.1708631821254656
0.6349167270832395
0.950483565347404
0.6053702563071296
0.8765901002183542
0.6026842135093013
1.0279817686018504
0.7153490280492832
0.6429748554767241
1.0059036641941916
0.7384443595518333
0.5868259327618256
0.3602114246185817
1.1422868994207425
0.6402888126788958
1.5610478583306922
0.6241725558919269
0.7384443595518333
0.9089184912123135
0.6955530296185262
0.987430297911929
0.6349167270832395
0.950483565347404
0.7817279135933747
0.6295446414875832
0.8488800507949603
0.47037670678406235
0.427065018472374
0.5919400423179887
0.6161144274984423
0.4722598236671793
0.6537190266680367
0.6483469410723804
0.7153490280492832
0.6322306842854113
0.6188004702962705
0.5726597339970866
0.718648361121076
0.6349167270832395
0.8673534170772228
0.8282348260357709
0.8858267833594853
0.7285463603364547
0.7021516957621119
0.6790563642595617
0.7153490280492832
0.8765901002183542
0.6955530296185262
0.5919400423179887
0.6644631978593494
0.6617771550615212
0.6889543634749403
0.5726597339970866
0.6955530296185262
0.718648361121076
0.7623500334090428
0.4534286548360104
0.7817279135933747
0.6510329838702086
0.6922536965467333
0.8127325218883055
0.9181551743534446
0.6955530296185262
1.2104964931099047
0.7054510288339048
0.6456608982745522
0.9089184912123135
0.6644631978593494
0.5655766346147172
0.8488800507949603
0.7778523375565083
0.49674034314769877
0.6590911122636931
1.5423589694418034
1.0565580513065733
0.6922536965467333
0.8858267833594853
0.8442617092243947
0.7384443595518333
0.8282348260357709
0.721947694192869
1.607770080552914
0.6456608982745522
0.7483423587672119
0.7285463603364547
0.7252470272646618
0.8581167339360916
0.7817279135933747
0.6856550304031476
0.8765901002183542
0.7701011854827756
0.6402888126788958
0.7054510288339048
0.8488800507949603
0.7021516957621119
0.6053702563071296
0.427065018472374
0.8581167339360916
2.1674870285577135
0.8127325218883055
0.7856034896302411
0.6698352834550058
0.610742341902786
0.7483423587672119
0.6026842135093013
0.5466883695950653
0.6214865130940986
0.6080562991049577
0.6268585986897549
0.7384443595518333
0.8204836739620381
1.285464078199046
0.7021516957621119
0.6510329838702086
0.6161144274984423
0.5999981707114732
0.5868259327618256
1.6828018857490008
0.6590911122636931
0.6349167270832395
0.7054510288339048
0.7662256094459092
0.6955530296185262
0.7252470272646618
1.0165512555199612
0.5750207671245431
0.7778523375565083
0.7252470272646618
0.8442617092243947
0.6644631978593494
0.8581167339360916
0.83986155414637
0.4345974860048416
0.5089118395557616
0.6590911122636931
0.6456608982745522
0.79723021774084
0.8243592499989045
0.8996818080711823
0.6955530296185262
0.8166080979251717
0.6322306842854113
0.6402888126788958
0.8534983923655259
0.7516416918390046
0.83986155414637
0.6053702563071296
0.8996818080711823
0.6698352834550058
1.0908495905522408
0.79723021774084
0.6483469410723804
0.672521326252834
0.721947694192869
0.48355852496588064
0.7120496949774904
0.773976761519642
0.8765901002183542
0.8049813698145728
1.0108359989790165
0.721947694192869
1.1194258732569642
1.0451275382246843
0.6922536965467333
0.6080562991049577
0.6080562991049577
0.7054510288339048
0.5973121279136451
0.773976761519642
0.7120496949774904
0.6241725558919269
0.6988523626903189
0.6349167270832395
0.6856550304031476
0.6429748554767241
0.8282348260357709
0.6376027698810677
0.8442617092243947
0.3754690443573335
0.5844648996343691
0.5946260851158169
0.5946260851158169
0.6537190266680367
0.9551019069179697
0.7516416918390046
0.79723021774084
0.6214865130940986
0.5919400423179887
0.7021516957621119
0.7351450264800404
0.6188004702962705
0.5946260851158169
0.8282348260357709
0.6955530296185262
0.9181551743534446
0.9366285406357073
1.378859727743961
0.8166080979251717
0.7778523375565083
0.83986155414637
1.079419077470352
0.6510329838702086
1.0737038209294074
0.5679376677421737
0.8049813698145728
1.1537174125026317
0.5773818002519996
0.7054510288339048
0.6823556973313547
1.0851343340112964
0.6955530296185262
0.9089184912123135
0.7285463603364547
0.7623500334090428
0.9412468822062728
0.8282348260357709
0.6537190266680367
1.0851343340112964
0.7285463603364547
0.9089184912123135
0.5702987008696301
0.7817279135933747
0.672521326252834
0.672521326252834
0.6241725558919269
0.6617771550615212
0.9735752732002322
0.7153490280492832
0.4797922911996468
0.5514104358499783
1.1251411297979086
0.6757570311877689
0.8673534170772228
0.5750207671245431
0.5821038665069126
0.3861493781744598
0.7021516957621119
0.4873247587321144
0.9920486394824948
0.6214865130940986
0.6214865130940986
0.7384443595518333
0.5372442370852394
1.062273307847518
0.6188004702962705
1.1251411297979086
0.6590911122636931
0.6698352834550058
0.5773818002519996
0.7153490280492832
1.148002155961687
0.83986155414637
0.6671492406571776
0.718648361121076
0.6161144274984423
0.7021516957621119
0.6402888126788958
0.7933546417039737
0.44777930418665973
0.6823556973313547
0.6955530296185262
