0.7204731191304492
0.9555119730768282
0.6299897219431455
0.7309116793290424
0.9458895474475374
1.6421608032377915
0.77056600503373
0.7413502395276356
1.2262442004478336
0.77056600503373
0.8977774193010842
0.7937873580019766
0.8247491619596388
0.8053980344860998
0.6752393582698782
0.969945611520764
0.6752393582698782
0.820878936464931
0.8053980344860998
0.6961164786670647
0.3255117411797633
0.8737213552278577
0.8402300639384699
0.6479534100883929
1.2122508560218765
0.641965514039977
0.8053980344860998
0.3255117411797633
1.3381909558554876
0.8785325680425029
1.2052541838088981
0.7274321592628447
3.5770499969543765
0.6891574385346693
0.5105149624481071
0.8977774193010842
0.6995959987332625
0.9266446961889563
0.46230626923447743
1.3929820094246523
0.7169935990642514
0.7744362305284377
1.6236263679760834
0.5970562936768583
0.7378707194614379
0.7413502395276356
2.03749915108804
0.5430827312893344
13.17831746258207
0.7135140789980536
0.8544765039692764
1.0988003797116264
0.9218334833743109
0.9555119730768282
0.6961164786670647
1.2192475282348547
0.7628255540443145
0.692636958600867
1.086725720702294
0.7274321592628447
0.6269957739189376
0.7100345589318559
0.7744362305284377
0.4418140665054326
1.2402375448737901
0.7030755187994603
0.77056600503373
0.8496652911546311
0.9266446961889563
0.7065550388656581
0.7135140789980536
0.8286193874543466
0.5531035832404811
0.7204731191304492
0.6030441897252742
0.6359776179915613
0.5012414544196626
0.6689110462578483
0.7343911993952401
0.7274321592628447
0.9843792499646999
1.0444644141696309
2.7858862478622326
0.8592877167839217
0.6891574385346693
0.7065550388656581
1.6236263679760834
0.8833437808571482
1.2892142503646387
0.6752393582698782
0.7628255540443145
0.6299897219431455
0.7552683197924266
0.8737213552278577
0.3828500255424515
0.8131384854755155
0.7204731191304492
0.9025886321157296
0.7628255540443145
1.0988003797116264
0.820878936464931
0.9170222705596655
0.678718878336076
3.480549710092644
0.678718878336076
0.6180139298463138
1.4408340720135568
1.496661478367279
0.3845160318815957
0.8286193874543466
0.8092682599808076
1.0988003797116264
0.8737213552278577
0.9458895474475374
1.020315096150966
0.6240018258947295
0.9170222705596655
0.7274321592628447
1.6143591503452295
0.9747568243354094
0.7100345589318559
0.456158608415764
0.7783064560231455
1.93675473421459
0.9843792499646999
0.692636958600867
0.7899171325072689
0.678718878336076
0.7135140789980536
0.836359838443762
0.7274321592628447
1.0746510616929619
0.6856779184684715
0.7343911993952401
0.43361718541381467
0.7517887997262289
0.9362671218182469
0.8833437808571482
0.8247491619596388
0.7821766815178532
0.9218334833743109
0.8977774193010842
0.6891574385346693
0.7899171325072689
0.7821766815178532
1.5494886269292514
0.8785325680425029
0.820878936464931
0.3911800572381726
0.7135140789980536
0.6569352541610166
1.09276305020696
1.6792296737612076
0.8053980344860998
0.31344189586003757
1.0142777666462999
0.8544765039692764
0.8785325680425029
0.9458895474475374
0.7517887997262289
0.7204731191304492
0.7100345589318559
0.7860469070125611
1.086725720702294
1.0384270846649648
0.7274321592628447
0.7065550388656581
0.6539413061368087
0.6359776179915613
0.692636958600867
0.9603231858914734
2.109459448854789
0.4254203043221967
0.820878936464931
0.7135140789980536
0.7448297595938334
0.4950937936009492
0.8402300639384699
0.7135140789980536
0.6509473581126008
1.5126121658969138
1.0988003797116264
0.9170222705596655
0.7628255540443145
0.9940016755939907
0.5940623456526505
0.5105149624481071
1.1229496977302913
0.7517887997262289
1.6421608032377915
0.7976575834966845
0.7274321592628447
0.6150199818221058
0.7169935990642514
0.9458895474475374
0.7860469070125611
1.2192475282348547
0.7343911993952401
1.6143591503452295
0.6269957739189376
0.8286193874543466
0.7899171325072689
0.7589553285496067
0.723952639196647
0.5756505001305615
0.8737213552278577
0.6821983984022737
0.9122110577450202
0.6995959987332625
1.1229496977302913
0.641965514039977
0.409506126968759
0.8881549936717937
2.1382435679614886
0.9218334833743109
0.7783064560231455
0.7628255540443145
0.678718878336076
0.8737213552278577
1.110875038720959
0.6599292021852246
0.892966206486439
0.9122110577450202
0.6961164786670647
0.5105149624481071
0.460257048961573
0.7274321592628447
0.6150199818221058
0.7483092796600311
0.5781557131183482
0.41450414598619156
0.39951008893389367
0.8737213552278577
1.9799309128746396
0.820878936464931
0.5405775183015477
1.3241976114295309
1.2892142503646387
0.8247491619596388
1.1772856632722868
0.5455879442771211
0.7860469070125611
0.4028421016121821
0.7483092796600311
0.5505983702526944
0.9507007602621828
0.9555119730768282
0.641965514039977
0.8402300639384699
0.7274321592628447
1.0142777666462999
0.7666957795390221
0.7517887997262289
0.8689101424132124
1.2892142503646387
1.0036241012232812
0.8737213552278577
0.6821983984022737
0.6240018258947295
0.8496652911546311
0.7065550388656581
1.1229496977302913
0.820878936464931
0.7744362305284377
0.6150199818221058
0.456158608415764
0.7937873580019766
0.7483092796600311
0.8496652911546311
3.5770499969543765
0.9507007602621828
1.1591736747582884
0.8324896129490543
0.8131384854755155
0.6856779184684715
1.1229496977302913
0.6479534100883929
1.0036241012232812
0.6689110462578483
0.8402300639384699
0.9122110577450202
0.8092682599808076
1.2262442004478336
1.3241976114295309
1.99432297242799
0.9122110577450202
0.820878936464931
0.5305566663504008
0.8544765039692764
0.39784408259474946
2.3685165208150867
0.8402300639384699
0.7309116793290424
0.8092682599808076
0.8015278089913921
0.7937873580019766
0.641965514039977
0.9458895474475374
0.8544765039692764
0.7030755187994603
0.8544765039692764
0.9410783346328921
1.0323897551602983
1.6143591503452295
0.892966206486439
0.7783064560231455
0.8053980344860998
0.8496652911546311
0.8324896129490543
1.2262442004478336
0.6961164786670647
0.7413502395276356
0.4078401206296148
0.7204731191304492
0.6509473581126008
0.7135140789980536
0.7030755187994603
0.35452791777699993
0.8977774193010842
0.6752393582698782
0.678718878336076
1.1229496977302913
0.7483092796600311
0.9025886321157296
0.5556087962282679
0.8286193874543466
0.692636958600867
1.9655388533212899
0.7378707194614379
0.5970562936768583
0.7483092796600311
0.8092682599808076
0.9314559090036014
0.6539413061368087
0.7309116793290424
0.7937873580019766
0.8053980344860998
0.6856779184684715
0.8592877167839217
0.7552683197924266
1.879186496001191
0.8131384854755155
1.0323897551602983
0.8402300639384699
1.850402376894491
0.8247491619596388
1.080688391197628
2.253380044388287
0.3828500255424515
0.7135140789980536
0.4254203043221967
0.7783064560231455
0.836359838443762
0.4061741142904705
0.6240018258947295
0.7860469070125611
0.7169935990642514
0.7899171325072689
1.4567847595431918
0.43361718541381467
0.7552683197924266
1.5046368221320963
0.9507007602621828
0.8286193874543466
0.612026033797898
0.362857949472721
0.6509473581126008
0.8015278089913921
1.1289870272349574
1.2332408726608117
0.6240018258947295
0.8247491619596388
0.8737213552278577
0.5940623456526505
1.850402376894491
0.47050315032609535
0.7937873580019766
0.7413502395276356
1.9799309128746396
0.8131384854755155
0.4254203043221967
1.2402375448737901
0.7860469070125611
0.6509473581126008
0.820878936464931
0.7204731191304492
1.1591736747582884
0.7030755187994603
0.8977774193010842
0.5910683976284425
0.969945611520764
0.47870003141771333
1.0036241012232812
1.3381909558554876
0.7030755187994603
1.296210922577617
0.8402300639384699
0.7483092796600311
0.6599292021852246
0.77056600503373
0.892966206486439
0.9314559090036014
0.33221721080183314
0.6509473581126008
0.8402300639384699
0.8785325680425029
0.7413502395276356
0.6856779184684715
0.77056600503373
0.8247491619596388
0.9362671218182469
0.678718878336076
0.6659170982336403
0.6329836699673533
0.8544765039692764
0.3281939290285912
0.6030441897252742
1.424883384483922
1.020315096150966
0.7899171325072689
1.5772902798218136
0.6509473581126008
0.864098929598567
0.8448540783399857
0.34786389242042304
0.9843792499646999
0.7274321592628447
0.6891574385346693
0.8737213552278577
1.4727354470728267
0.6752393582698782
0.8881549936717937
1.5402214092983975
0.77056600503373
1.0142777666462999
0.6329836699673533
0.5430827312893344
0.8544765039692764
0.678718878336076
1.1229496977302913
0.7309116793290424
0.7483092796600311
1.2612275615127253
0.8015278089913921
0.8247491619596388
0.8881549936717937
0.7821766815178532
0.820878936464931
0.7448297595938334
0.7783064560231455
1.5587558445601053
0.6961164786670647
0.6719049942820561
0.6329836699673533
0.692636958600867
1.3531052906005652
0.371187981168442
1.3241976114295309
0.6030441897252742
0.8053980344860998
1.0625764026836293
0.9410783346328921
0.9218334833743109
0.8247491619596388
0.7589553285496067
0.641965514039977
0.8977774193010842
0.8785325680425029
0.5556087962282679
0.7448297595938334
0.8402300639384699
1.1410616862442895
0.7744362305284377
0.8015278089913921
0.7860469070125611
0.34786389242042304
0.8592877167839217
0.6090320857736901
0.8247491619596388
0.836359838443762
1.2402375448737901
0.77056600503373
0.6060381377494821
1.1591736747582884
0.7343911993952401
0.7937873580019766
0.7378707194614379
0.8592877167839217
1.821618257787791
1.3690559781301999
0.6030441897252742
1.8072261982344417
0.7204731191304492
0.641965514039977
0.6659170982336403
0.6329836699673533
1.0142777666462999
0.7343911993952401
1.7496579600210418
0.7413502395276356
1.0142777666462999
0.8015278089913921
1.0142777666462999
0.46845393005319086
1.147099015748956
0.5756505001305615
0.8053980344860998
0.8170087109702233
0.36618996215100935
1.2822175781516603
1.2332408726608117
1.4886861346024614
0.3445318797421346
0.7204731191304492
0.820878936464931
0.8496652911546311
0.7937873580019766
0.9940016755939907
0.9555119730768282
0.9555119730768282
0.77056600503373
1.3531052906005652
1.3381909558554876
0.9555119730768282
0.5130201754358938
0.7274321592628447
0.641965514039977
0.6030441897252742
0.8324896129490543
1.6236263679760834
0.9795680371500547
0.6030441897252742
0.7065550388656581
0.6961164786670647
0.8402300639384699
0.7030755187994603
0.8496652911546311
0.7169935990642514
1.080688391197628
0.7204731191304492
0.9170222705596655
0.6509473581126008
0.7937873580019766
0.7135140789980536
0.8737213552278577
0.6995959987332625
0.8286193874543466
0.8092682599808076
1.1652110042629544
0.6856779184684715
0.8324896129490543
0.8977774193010842
0.8324896129490543
0.9603231858914734
1.4169080407191048
0.8170087109702233
0.8015278089913921
1.0036241012232812
0.7483092796600311
0.7169935990642514
1.4169080407191048
0.8544765039692764
0.9458895474475374
0.7899171325072689
0.6539413061368087
0.6479534100883929
1.6421608032377915
0.8247491619596388
0.7783064560231455
0.8833437808571482
2.5987894736686843
0.7204731191304492
1.3172009392165522
0.836359838443762
0.8247491619596388
2.584397414115335
0.6961164786670647
0.9747568243354094
0.7204731191304492
0.8737213552278577
0.9651343987061186
0.6856779184684715
0.6719049942820561
0.9170222705596655
0.892966206486439
0.7976575834966845
0.7169935990642514
0.9555119730768282
0.7589553285496067
0.7413502395276356
0.7309116793290424
0.9940016755939907
0.7309116793290424
0.8286193874543466
0.8092682599808076
0.6269957739189376
0.4061741142904705
0.820878936464931
0.8592877167839217
0.6752393582698782
0.6719049942820561
0.7204731191304492
1.3531052906005652
1.3929820094246523
0.7821766815178532
0.7065550388656581
0.7821766815178532
0.6752393582698782
1.0746510616929619
0.7783064560231455
0.6599292021852246
0.9891904627793454
0.864098929598567
0.8092682599808076
0.5105149624481071
0.7413502395276356
2.080675329748089
0.9314559090036014
0.34286587340299035
0.7448297595938334
0.7552683197924266
0.644959462064185
0.8785325680425029
0.6719049942820561
0.8737213552278577
0.7744362305284377
0.7343911993952401
0.6995959987332625
0.9122110577450202
0.7030755187994603
0.6509473581126008
1.020315096150966
0.6891574385346693
1.821618257787791
0.8785325680425029
0.5330618793381875
0.8131384854755155
0.7100345589318559
0.6000502417010662
0.8324896129490543
0.7744362305284377
0.7204731191304492
0.7030755187994603
0.7343911993952401
0.7343911993952401
0.8737213552278577
1.086725720702294
0.6539413061368087
0.8977774193010842
0.7899171325072689
0.8247491619596388
0.7783064560231455
0.7100345589318559
0.7204731191304492
0.77056600503373
0.9651343987061186
0.9122110577450202
1.496661478367279
3.5770499969543765
0.7135140789980536
0.8496652911546311
0.8402300639384699
0.6389715660157692
1.1229496977302913
0.7628255540443145
0.644959462064185
0.7483092796600311
0.9891904627793454
0.7135140789980536
0.8247491619596388
0.4459125070512415
1.09276305020696
0.8785325680425029
0.8833437808571482
0.9122110577450202
0.8053980344860998
0.7744362305284377
0.7135140789980536
0.7517887997262289
0.7274321592628447
0.8286193874543466
0.8689101424132124
0.8286193874543466
0.7937873580019766
0.7274321592628447
1.2472342170867685
1.4408340720135568
0.641965514039977
1.296210922577617
0.820878936464931
0.7135140789980536
0.8170087109702233
