1.3449762354963473
0.650397930903569
0.793998650712831
0.9080519436792166
0.5783906802267424
1.1475839896945168
0.6802744399641578
0.9852787572696667
1.0609148693411856
0.9904272115090299
1.1859560378169325
0.5671736078692899
0.6695551063022022
0.6152764426727414
0.9646849403122134
0.6025049924069859
0.8196911150712831
0.793998650712831
0.6695551063022022
0.8325373472505092
0.7141857302867385
0.7897165733197556
0.5531522674224745
0.7405611783154122
0.6312407555049357
0.7330253360215055
1.1475839896945168
0.8325373472505092
1.655992508324085
0.650397930903569
0.6120835801063024
0.6631693811693244
0.6152764426727414
0.729257414874552
0.5671736078692899
0.7443290994623657
0.793998650712831
0.650397930903569
0.6535907934700077
0.5755864121373794
0.8617158555249467
0.6184693052391802
0.748097020609319
0.8668643097643098
0.9955756657483934
0.7405611783154122
0.8977550352004899
0.6376264806378135
0.806844882892057
1.0547242178873761
0.6408193432042523
1.78958512147544
0.6472050683371301
0.6631693811693244
0.8111269602851324
0.7768703411405296
0.710417809139785
1.3875961890243902
1.122821383879279
1.4474234247967483
0.650397930903569
0.5531522674224745
0.7556328629032258
0.8196911150712831
0.9440911233547601
0.8111269602851324
0.7854344959266804
0.8154090376782078
1.3160634722819082
0.6248550303720578
0.8368194246435846
0.6312407555049357
0.6878102822580647
0.6915782034050181
0.8823096724823999
0.5307181227075694
0.6840423611111113
0.9029034894398532
1.2076406102277617
0.8668643097643098
0.5961192672741081
0.7141857302867385
0.6408193432042523
0.5868034844948319
0.7405611783154122
0.6953461245519714
0.7405611783154122
0.9698333945515766
0.5839992164054687
2.6396826564993807
0.7597420315682281
0.672747968868641
0.6915782034050181
0.7518649417562724
0.7443290994623657
1.5253154827968929
0.6472050683371301
1.4645169207317077
57.95403613807985
0.6408193432042523
0.5868034844948319
2.1773489093810974
0.5897335421412304
0.8196911150712831
0.6408193432042523
0.7443290994623657
0.5030497045393502
0.650397930903569
0.9234973063973065
0.6953461245519714
0.5755864121373794
0.6802744399641578
0.6184693052391802
0.5755864121373794
1.1475839896945168
0.6056978549734248
0.9749818487909401
1.3790494410569107
0.6120835801063024
0.5868034844948319
0.5929264047076691
0.49401398066075763
0.9234973063973065
0.5993121298405469
0.5929264047076691
0.7725882637474543
0.6663622437357632
0.7640241089613035
0.6631693811693244
0.8368194246435846
0.6953461245519714
0.6440122057706912
0.793998650712831
0.6184693052391802
0.5279138546182063
0.6631693811693244
0.8617158555249467
0.5961192672741081
1.1599652926021353
0.5559565355118375
0.6695551063022022
0.49627291163040577
0.5929264047076691
0.710417809139785
1.193184228620542
0.6248550303720578
0.6440122057706912
0.710417809139785
0.5993121298405469
0.8282552698574338
0.672747968868641
0.7683061863543789
0.6631693811693244
0.6184693052391802
0.6535907934700077
0.8368194246435846
0.6025049924069859
0.5868034844948319
0.8025628054989816
0.7330253360215055
1.0671055207949949
0.6915782034050181
0.7640241089613035
1.3449762354963473
0.6567836560364466
0.8977550352004899
0.6184693052391802
0.672747968868641
0.6376264806378135
0.6056978549734248
0.7217215725806453
0.7597420315682281
0.7640241089613035
0.7066498879928316
0.5030497045393502
1.0980587780640416
0.729257414874552
0.6915782034050181
0.6840423611111113
0.6056978549734248
0.6695551063022022
0.6440122057706912
0.6440122057706912
0.6440122057706912
0.5503479993331113
2.1475209256960466
0.806844882892057
0.6056978549734248
0.6056978549734248
0.710417809139785
0.5839992164054687
0.8325373472505092
0.6765065188172046
0.6025049924069859
0.6280478929384968
0.6248550303720578
0.7405611783154122
0.650397930903569
0.6535907934700077
0.52230531843948
0.7556328629032258
0.9286457606366699
0.6248550303720578
1.2365533734422005
0.5993121298405469
0.8720127640036733
0.729257414874552
0.806844882892057
0.6663622437357632
0.7597420315682281
0.6765065188172046
0.6915782034050181
0.5929264047076691
0.9389426691153966
0.9698333945515766
0.6216621678056191
0.5755864121373794
0.6025049924069859
0.5868034844948319
0.6840423611111113
0.7217215725806453
0.9646849403122134
0.5699778759586531
0.6280478929384968
1.4303299288617888
1.0175803091645201
0.7141857302867385
1.0671055207949949
0.6991140456989249
0.7897165733197556
0.9029034894398532
0.781152418533605
1.2799225182638592
0.6765065188172046
0.7518649417562724
0.650397930903569
0.7768703411405296
0.7254894937275986
0.6802744399641578
4.948469254944975
2.266832860436249
0.6695551063022022
0.6056978549734248
0.6120835801063024
0.6280478929384968
0.6025049924069859
0.650397930903569
0.7443290994623657
0.8411220385674933
0.5811949483161056
0.6184693052391802
0.7518649417562724
0.6088907175398636
0.6631693811693244
0.7640241089613035
0.6953461245519714
0.6765065188172046
0.6280478929384968
0.6120835801063024
0.6840423611111113
0.6802744399641578
1.104249429517851
0.793998650712831
0.6376264806378135
0.6840423611111113
1.0237709606183294
0.6915782034050181
0.9389426691153966
0.6567836560364466
0.5643693397799269
0.5993121298405469
0.6184693052391802
0.6802744399641578
0.5307181227075694
0.5961192672741081
1.3160634722819082
0.5615650716905637
0.5643693397799269
0.6535907934700077
1.00587257422712
0.6535907934700077
0.7141857302867385
0.6663622437357632
1.0423429149797576
0.6695551063022022
2.0282089909558443
0.6056978549734248
0.6840423611111113
0.9183488521579433
1.036152263525948
0.9801303030303032
0.6472050683371301
0.6695551063022022
0.6312407555049357
0.6376264806378135
0.9337942148760334
0.6280478929384968
0.5755864121373794
0.7725882637474543
0.729257414874552
0.6440122057706912
0.5993121298405469
0.6440122057706912
1.1859560378169325
0.6056978549734248
0.710417809139785
0.6535907934700077
0.8282552698574338
0.6312407555049357
0.7597420315682281
1.2437815642458105
0.8565674012855833
0.85141894704622
0.8668643097643098
0.7640241089613035
0.6120835801063024
0.7518649417562724
0.6631693811693244
0.5475437312437482
0.5335223907969325
0.7518649417562724
0.7028819668458783
0.6991140456989249
0.7897165733197556
0.5699778759586531
0.6120835801063024
0.6765065188172046
0.5868034844948319
1.104249429517851
0.8617158555249467
0.9029034894398532
1.1290120353330886
0.8411220385674933
0.710417809139785
0.8617158555249467
0.7597420315682281
1.7150151622628134
0.6408193432042523
0.6025049924069859
0.9852787572696667
0.7405611783154122
1.0175803091645201
1.2726943274602496
0.5961192672741081
0.5615650716905637
0.8462704928068565
0.5961192672741081
0.7897165733197556
0.7640241089613035
0.5587608036012007
0.7066498879928316
0.6152764426727414
0.6915782034050181
0.6802744399641578
0.9029034894398532
0.6915782034050181
0.729257414874552
0.6120835801063024
1.3449762354963473
0.6440122057706912
0.6280478929384968
0.5755864121373794
0.6567836560364466
0.49175504969110945
0.6120835801063024
0.5839992164054687
0.6184693052391802
0.806844882892057
0.9955756657483934
0.6953461245519714
1.00587257422712
0.5897335421412304
0.5929264047076691
1.804499113317965
0.5868034844948319
0.6535907934700077
0.8823096724823999
1.3016070906746886
0.8668643097643098
0.7141857302867385
0.7768703411405296
1.1787278470133227
0.7725882637474543
0.710417809139785
0.8111269602851324
0.544739463154385
0.5929264047076691
1.1599652926021353
0.5251095865288431
0.748097020609319
2.2220908849086727
0.6695551063022022
1.685187178577763
0.710417809139785
1.0485335664335669
0.6376264806378135
0.9492395775941233
0.781152418533605
0.6631693811693244
0.5475437312437482
0.7254894937275986
1.00587257422712
0.5475437312437482
0.5643693397799269
0.5868034844948319
0.8668643097643098
0.5839992164054687
0.6248550303720578
0.7141857302867385
0.5110882460820276
0.6663622437357632
0.8771612182430366
0.8282552698574338
0.6184693052391802
0.6025049924069859
0.672747968868641
0.5897335421412304
0.6840423611111113
0.9234973063973065
0.6765065188172046
0.5961192672741081
0.6184693052391802
0.5755864121373794
0.6248550303720578
1.2148688010313715
0.7028819668458783
0.5699778759586531
0.5961192672741081
0.6440122057706912
0.7367932571684588
0.6152764426727414
0.7141857302867385
0.5783906802267424
0.6535907934700077
0.5929264047076691
0.5727821440480162
0.5166967822607538
0.6120835801063024
0.8462704928068565
0.5503479993331113
0.806844882892057
0.6184693052391802
1.2437815642458105
0.5897335421412304
0.49175504969110945
0.6631693811693244
0.6088907175398636
0.6663622437357632
0.5643693397799269
1.6466584350721425
0.650397930903569
0.6695551063022022
1.0671055207949949
0.5783906802267424
1.2365533734422005
0.5897335421412304
0.6840423611111113
0.6765065188172046
0.6440122057706912
0.7897165733197556
0.6663622437357632
0.7028819668458783
0.6915782034050181
0.8111269602851324
0.5993121298405469
0.6344336180713745
0.5559565355118375
0.6376264806378135
0.5868034844948319
0.5897335421412304
0.6802744399641578
0.5811949483161056
0.5961192672741081
1.1661559440559448
0.5993121298405469
0.6025049924069859
0.6152764426727414
0.6184693052391802
0.6567836560364466
0.6120835801063024
0.7640241089613035
1.153774641148326
0.8282552698574338
1.036152263525948
0.4985318426000539
0.748097020609319
0.729257414874552
1.00587257422712
0.5615650716905637
0.6120835801063024
0.7897165733197556
0.8977550352004899
0.6408193432042523
0.6802744399641578
0.6991140456989249
0.6440122057706912
0.6056978549734248
0.8239731924643585
0.6631693811693244
0.7405611783154122
0.5587608036012007
0.6152764426727414
1.172346595509754
0.5783906802267424
4.313949967941977
0.6953461245519714
0.6631693811693244
0.7179536514336918
0.5961192672741081
0.5671736078692899
0.6535907934700077
0.6631693811693244
0.5961192672741081
0.5699778759586531
0.6567836560364466
0.7217215725806453
0.6440122057706912
0.5868034844948319
2.0431229827983697
1.0547242178873761
0.6184693052391802
1.2437815642458105
0.9492395775941233
1.153774641148326
0.7254894937275986
0.7597420315682281
0.7254894937275986
0.6878102822580647
0.6472050683371301
0.6025049924069859
0.6802744399641578
0.6567836560364466
0.6663622437357632
0.5993121298405469
0.7640241089613035
0.5727821440480162
0.49401398066075763
0.9234973063973065
1.1859560378169325
0.7768703411405296
0.7768703411405296
0.781152418533605
0.6535907934700077
1.036152263525948
0.5475437312437482
0.6631693811693244
0.5839992164054687
0.6184693052391802
0.5868034844948319
0.6953461245519714
1.0237709606183294
0.6408193432042523
0.6663622437357632
0.8462704928068565
0.6440122057706912
0.9389426691153966
0.8668643097643098
0.5811949483161056
0.6535907934700077
0.6953461245519714
1.153774641148326
0.6567836560364466
0.49175504969110945
0.5587608036012007
0.5699778759586531
0.8111269602851324
0.6802744399641578
0.6802744399641578
0.729257414874552
0.7179536514336918
0.5929264047076691
0.8462704928068565
0.5559565355118375
0.5961192672741081
0.7854344959266804
0.7405611783154122
0.6440122057706912
0.5993121298405469
1.78958512147544
0.7518649417562724
0.6184693052391802
0.6535907934700077
0.8874581267217633
0.7597420315682281
0.5811949483161056
0.7443290994623657
0.8668643097643098
0.5961192672741081
0.9801303030303032
0.6120835801063024
0.5897335421412304
0.781152418533605
0.541935195065022
0.7443290994623657
0.6663622437357632
0.6631693811693244
0.7254894937275986
1.2004124194241519
0.6248550303720578
0.6695551063022022
0.6312407555049357
0.7556328629032258
0.6376264806378135
0.8617158555249467
0.8668643097643098
0.5643693397799269
0.7367932571684588
0.7683061863543789
0.6915782034050181
0.9029034894398532
0.8282552698574338
1.193184228620542
0.6312407555049357
0.6440122057706912
1.0175803091645201
0.5755864121373794
0.9543880318334867
0.6408193432042523
0.7597420315682281
0.6088907175398636
1.0423429149797576
2.266832860436249
0.6280478929384968
0.9029034894398532
0.8617158555249467
0.5475437312437482
0.6408193432042523
1.0299616120721387
1.0485335664335669
0.5783906802267424
0.8325373472505092
0.9183488521579433
0.5783906802267424
0.710417809139785
0.5929264047076691
0.8771612182430366
0.793998650712831
0.7854344959266804
