658.0
676.0
778.0
675.0
660.0
690.0
709.0
669.0
654.0
702.0
691.0
690.0
797.0
651.0
654.0
663.0
742.0
720.0
695.0
857.0
756.0
815.0
806.0
662.0
666.0
772.0
669.0
787.0
670.0
702.0
733.0
761.0
634.0
777.0
655.0
735.0
669.0
666.0
720.0
654.0
684.0
824.0
617.0
736.0
798.0
663.0
680.0
815.0
705.0
742.0
696.0
665.0
642.0
667.0
576.0
775.0
672.0
746.0
653.0
673.0
652.0
806.0
553.0
826.0
629.0
636.0
685.0
631.0
663.0
677.0
661.0
674.0
696.0
654.0
720.0
653.0
729.0
678.0
836.0
844.0
681.0
632.0
722.0
651.0
690.0
642.0
569.0
672.0
700.0
722.0
676.0
605.0
695.0
684.0
676.0
677.0
653.0
757.0
682.0
718.0
770.0
677.0
724.0
784.0
787.0
675.0
731.0
731.0
663.0
653.0
713.0
663.0
633.0
640.0
694.0
664.0
851.0
671.0
676.0
794.0
659.0
597.0
737.0
690.0
622.0
650.0
638.0
788.0
651.0
661.0
632.0
661.0
626.0
667.0
729.0
663.0
697.0
658.0
676.0
736.0
688.0
720.0
648.0
683.0
747.0
672.0
626.0
674.0
693.0
701.0
699.0
721.0
627.0
776.0
675.0
692.0
683.0
680.0
679.0
662.0
637.0
697.0
680.0
676.0
709.0
699.0
691.0
657.0
618.0
606.0
690.0
736.0
703.0
717.0
731.0
666.0
689.0
638.0
738.0
660.0
657.0
646.0
726.0
705.0
809.0
784.0
788.0
659.0
681.0
690.0
773.0
677.0
852.0
633.0
680.0
678.0
546.0
690.0
821.0
715.0
612.0
676.0
733.0
672.0
677.0
651.0
701.0
599.0
609.0
653.0
703.0
734.0
710.0
648.0
718.0
714.0
541.0
696.0
691.0
684.0
693.0
635.0
718.0
743.0
696.0
922.0
630.0
682.0
666.0
687.0
692.0
670.0
711.0
658.0
649.0
724.0
669.0
793.0
701.0
678.0
731.0
778.0
686.0
672.0
665.0
669.0
673.0
637.0
626.0
706.0
622.0
717.0
661.0
642.0
736.0
672.0
708.0
555.0
638.0
681.0
679.0
687.0
1035.0
654.0
722.0
548.0
708.0
621.0
627.0
727.0
635.0
672.0
809.0
745.0
707.0
654.0
553.0
846.0
650.0
678.0
769.0
664.0
677.0
640.0
701.0
558.0
650.0
707.0
798.0
646.0
659.0
589.0
740.0
676.0
676.0
677.0
668.0
688.0
653.0
694.0
820.0
658.0
581.0
681.0
732.0
588.0
635.0
756.0
676.0
656.0
596.0
740.0
662.0
733.0
657.0
674.0
744.0
677.0
656.0
644.0
682.0
692.0
668.0
562.0
708.0
604.0
660.0
669.0
657.0
692.0
657.0
666.0
610.0
658.0
656.0
706.0
690.0
681.0
678.0
672.0
661.0
657.0
686.0
821.0
674.0
638.0
789.0
717.0
706.0
670.0
678.0
758.0
685.0
635.0
732.0
866.0
739.0
653.0
729.0
651.0
665.0
665.0
730.0
672.0
688.0
772.0
930.0
654.0
891.0
842.0
657.0
688.0
678.0
642.0
690.0
763.0
593.0
758.0
677.0
652.0
651.0
588.0
773.0
717.0
683.0
762.0
694.0
772.0
669.0
718.0
661.0
678.0
652.0
641.0
696.0
680.0
657.0
644.0
659.0
695.0
688.0
664.0
730.0
744.0
673.0
696.0
665.0
663.0
699.0
699.0
657.0
734.0
768.0
702.0
731.0
638.0
655.0
624.0
689.0
626.0
690.0
630.0
676.0
573.0
629.0
610.0
656.0
677.0
626.0
708.0
692.0
552.0
689.0
780.0
626.0
673.0
554.0
668.0
645.0
755.0
638.0
701.0
717.0
624.0
684.0
624.0
646.0
659.0
659.0
600.0
721.0
646.0
700.0
642.0
654.0
683.0
579.0
688.0
676.0
766.0
689.0
663.0
648.0
670.0
762.0
679.0
647.0
701.0
720.0
802.0
677.0
668.0
660.0
667.0
659.0
648.0
652.0
640.0
734.0
660.0
717.0
691.0
660.0
685.0
666.0
670.0
660.0
627.0
676.0
644.0
672.0
645.0
741.0
677.0
650.0
665.0
637.0
690.0
690.0
825.0
640.0
644.0
656.0
669.0
682.0
678.0
657.0
705.0
648.0
692.0
684.0
720.0
550.0
646.0
722.0
805.0
653.0
646.0
786.0
643.0
642.0
662.0
700.0
691.0
662.0
667.0
683.0
666.0
691.0
677.0
714.0
679.0
672.0
650.0
634.0
702.0
641.0
651.0
669.0
711.0
663.0
714.0
684.0
714.0
678.0
646.0
629.0
640.0
639.0
679.0
736.0
765.0
731.0
755.0
752.0
695.0
633.0
739.0
699.0
863.0
661.0
667.0
712.0
666.0
721.0
670.0
862.0
680.0
788.0
680.0
675.0
736.0
690.0
667.0
578.0
646.0
650.0
605.0
667.0
670.0
632.0
578.0
818.0
686.0
792.0
637.0
652.0
737.0
658.0
627.0
841.0
642.0
651.0
686.0
726.0
638.0
688.0
679.0
632.0
667.0
686.0
633.0
666.0
696.0
822.0
665.0
669.0
671.0
689.0
645.0
636.0
673.0
658.0
698.0
750.0
600.0
703.0
780.0
692.0
672.0
818.0
711.0
654.0
700.0
693.0
640.0
585.0
682.0
793.0
695.0
634.0
660.0
668.0
683.0
602.0
689.0
690.0
730.0
770.0
893.0
682.0
718.0
754.0
660.0
677.0
688.0
774.0
649.0
672.0
678.0
672.0
645.0
672.0
654.0
738.0
785.0
629.0
702.0
662.0
652.0
686.0
882.0
739.0
666.0
729.0
734.0
683.0
670.0
