0.5544034212875255
0.7870400676298221
0.5544034212875255
0.7735768872669619
0.8462005617600803
0.8005032479926824
0.7284213792367674
0.8139664283555426
0.6634198579566895
0.9847244768693616
0.8888233048706283
0.8462005617600803
0.764601433691722
0.7010527134999008
1.0808128307116738
0.9580852624252688
0.8094787015679225
0.9580852624252688
0.6971429041089199
1.6589832049186926
0.8274296087184028
1.074534368598945
0.8229418819307827
0.778064614054582
1.011749747471659
0.9101346764259024
0.653275105242576
0.8094787015679225
0.9527574195364504
0.8274296087184028
0.8781676190929915
0.5428789265975632
1.3861037890424328
0.6932330947179389
0.7127821416728437
1.0996482170498596
0.8675119333153544
0.7401508074097103
0.8274296087184028
0.8728397762041727
0.7479704261916721
1.5922371731726608
0.9314460479811765
0.7479704261916721
0.6363671840523871
0.8621840904265358
1.1749897624026027
0.49553358105610656
0.8675119333153544
0.7440606168006911
0.8184541551431626
0.8184541551431626
0.6498935210045383
1.9015028840266386
0.7010527134999008
1.1819193953234073
0.6634198579566895
0.7915277944174423
0.6498935210045383
0.7960155212050622
0.778064614054582
0.9207903622035395
0.7960155212050622
0.7284213792367674
0.6701830264327652
0.8888233048706283
1.3212913970678473
0.8462005617600803
2.352965709471749
3.2257938386656297
0.7245115698457866
1.9015028840266386
0.6160776786241603
0.778064614054582
0.9900523197581801
0.9261182050923579
0.7735768872669619
0.8994789906482655
0.7690891604793421
0.8462005617600803
2.262673144382727
0.5659279159774878
0.8568562475377173
0.6854134759359771
0.9048068335370839
0.9048068335370839
0.8274296087184028
0.8515284046488988
0.7601137069041018
0.7284213792367674
0.7049625228908818
0.7870400676298221
0.5544034212875255
0.9101346764259024
0.9101346764259024
0.7960155212050622
1.043142058035302
0.8462005617600803
0.7960155212050622
1.8262590797857867
0.9048068335370839
1.124762065500774
1.124762065500774
0.7440606168006911
0.968740948202906
0.7870400676298221
0.8229418819307827
1.3515303049725458
0.7960155212050622
0.7825523408422022
0.7915277944174423
1.0808128307116738
0.7362409980187293
0.9154625193147208
0.8094787015679225
0.7440606168006911
0.8005032479926824
0.9261182050923579
0.9474295766476319
1.2406023434263296
2.051990492508342
0.778064614054582
0.605932925910047
0.764601433691722
0.7690891604793421
0.8728397762041727
0.6932330947179389
0.7825523408422022
0.7690891604793421
1.074534368598945
0.8728397762041727
1.2112608693748685
2.1573318184455346
0.6498935210045383
0.8515284046488988
0.4515916362085013
0.7088723322818627
0.8319173355060229
0.7323311886277484
0.9314460479811765
0.7601137069041018
1.1435974518389598
1.1373189897262315
0.6160776786241603
1.0870912928244025
0.9474295766476319
0.7870400676298221
0.6296040155763115
0.4564740745249018
1.4898242412520932
1.1184836033880454
0.8005032479926824
0.9367738908699949
0.8364050622936428
0.6668014421947273
0.7735768872669619
0.8274296087184028
0.5544034212875255
0.764601433691722
0.8049909747803023
1.525491141426629
0.7088723322818627
0.8728397762041727
0.9367738908699949
1.0494205201480307
0.7206017604548056
1.2772791859906556
0.8621840904265358
0.751880235582653
1.0243066716971163
0.7440606168006911
1.1435974518389598
1.3432975026064433
0.7915277944174423
1.9917954491156606
0.8941511477594467
0.8888233048706283
1.4033905310773762
0.8184541551431626
0.8319173355060229
0.7601137069041018
0.7206017604548056
0.9740687910917245
1.1059266791625881
0.8319173355060229
1.498467612269565
0.8049909747803023
1.2185962378877337
1.0243066716971163
0.6701830264327652
3.4813843986039323
0.8462005617600803
0.4662389511577031
0.49553358105610656
1.0870912928244025
0.9048068335370839
0.9847244768693616
0.968740948202906
0.6815036665449962
0.9421017337588136
0.9048068335370839
1.4725374992171498
0.764601433691722
4.602555243409033
0.6431303525284627
0.6668014421947273
0.6971429041089199
0.9953801626469986
1.0870912928244025
0.764601433691722
0.8515284046488988
0.47844504694870454
0.7479704261916721
0.8184541551431626
0.7127821416728437
0.8675119333153544
0.6701830264327652
0.7284213792367674
1.8563566014821273
0.764601433691722
0.47356260863230387
0.8781676190929915
0.7825523408422022
1.3601736759900176
0.7915277944174423
1.0556989822607592
0.5342355555800915
0.6668014421947273
1.6589832049186926
0.8568562475377173
0.8274296087184028
0.8005032479926824
0.5169488135451481
0.8049909747803023
0.5924065889578958
0.8621840904265358
0.7323311886277484
0.7401508074097103
0.7440606168006911
0.9580852624252688
0.7401508074097103
1.1687113002898744
0.8941511477594467
1.1561543760644173
0.8319173355060229
0.9953801626469986
0.7601137069041018
2.9248186217022227
0.8781676190929915
0.8094787015679225
1.011749747471659
1.3066206600421166
0.9207903622035395
1.2039255008620031
1.7811127972412755
0.6736840477630343
0.8184541551431626
0.9207903622035395
0.8994789906482655
0.8834954619818098
0.9740687910917245
0.7440606168006911
0.8184541551431626
0.8621840904265358
0.8005032479926824
0.9740687910917245
0.6668014421947273
0.8364050622936428
0.8319173355060229
0.9367738908699949
0.6815036665449962
1.4379640151472628
1.030585133809845
0.8139664283555426
0.7735768872669619
2.3379169486235787
0.7323311886277484
0.8184541551431626
0.6566566894806138
0.7245115698457866
0.7127821416728437
0.7915277944174423
0.9421017337588136
0.9634131053140876
0.8675119333153544
1.3601736759900176
0.7479704261916721
1.030585133809845
1.0619774443734877
0.8184541551431626
0.8728397762041727
0.968740948202906
0.8781676190929915
0.8319173355060229
0.7601137069041018
0.7284213792367674
0.9314460479811765
0.8888233048706283
0.968740948202906
0.7557900449736339
0.8515284046488988
1.043142058035302
0.6854134759359771
1.412033902094848
0.778064614054582
0.6971429041089199
0.9847244768693616
0.7284213792367674
0.9740687910917245
0.7206017604548056
0.8515284046488988
0.7284213792367674
0.9154625193147208
1.2406023434263296
0.8364050622936428
1.074534368598945
1.0180282095843878
0.7479704261916721
0.8728397762041727
0.605932925910047
0.7960155212050622
0.7440606168006911
0.8319173355060229
1.6303777627418217
1.0180282095843878
0.7401508074097103
0.9207903622035395
1.3286267655807125
0.7825523408422022
0.7479704261916721
0.8941511477594467
0.7479704261916721
0.7440606168006911
0.8364050622936428
0.6854134759359771
0.8139664283555426
0.9793966339805429
0.778064614054582
0.8139664283555426
1.6494480575264021
0.6815036665449962
0.8274296087184028
1.1310405276135027
0.778064614054582
0.7049625228908818
1.9015028840266386
0.7166919510638246
0.7284213792367674
0.7010527134999008
0.8568562475377173
0.8462005617600803
0.6566566894806138
0.8139664283555426
0.7010527134999008
0.8994789906482655
1.3688170470074892
0.8834954619818098
0.8621840904265358
1.3601736759900176
0.6668014421947273
0.6854134759359771
0.968740948202906
0.7601137069041018
0.7206017604548056
1.1749897624026027
0.8781676190929915
1.2699438174777904
2.563648361346134
0.7401508074097103
1.5071109832870369
0.7010527134999008
0.778064614054582
0.7440606168006911
0.6126960943861226
0.7825523408422022
0.9154625193147208
0.8319173355060229
0.6815036665449962
0.8184541551431626
1.074534368598945
0.8184541551431626
0.8888233048706283
0.8319173355060229
0.8364050622936428
0.6932330947179389
1.0933697549371308
0.8364050622936428
0.9101346764259024
0.7049625228908818
0.8005032479926824
1.377460418024961
0.6736840477630343
0.7960155212050622
0.8094787015679225
0.8941511477594467
0.7401508074097103
1.4206772731123194
0.7127821416728437
0.7401508074097103
0.7166919510638246
0.8139664283555426
1.525491141426629
0.8888233048706283
0.7127821416728437
0.7960155212050622
0.7479704261916721
0.6093145101480848
1.3432975026064433
0.9580852624252688
0.7323311886277484
0.8274296087184028
0.7401508074097103
0.6600382737186516
0.9953801626469986
0.8515284046488988
1.0494205201480307
0.8515284046488988
0.6971429041089199
0.8408927890812629
0.9953801626469986
0.778064614054582
0.7479704261916721
0.7870400676298221
0.8005032479926824
0.6397487682904249
0.7960155212050622
0.8515284046488988
1.3432975026064433
0.7166919510638246
0.7323311886277484
1.8112103189376163
0.7960155212050622
0.7010527134999008
1.335962134093578
0.9154625193147208
0.4662389511577031
0.8994789906482655
0.8675119333153544
0.8364050622936428
1.1059266791625881
0.7870400676298221
0.9367738908699949
0.8621840904265358
0.778064614054582
0.7245115698457866
1.1819193953234073
0.6126960943861226
0.9261182050923579
0.7284213792367674
1.3515303049725458
0.8568562475377173
0.751880235582653
0.8364050622936428
1.0180282095843878
0.7479704261916721
0.6566566894806138
0.6296040155763115
1.0060358484246357
0.6971429041089199
3.210745077817459
1.043142058035302
0.8408927890812629
0.9261182050923579
1.1435974518389598
0.6566566894806138
6.354097529019578
0.9740687910917245
0.6854134759359771
1.463894128199678
1.463894128199678
0.9421017337588136
0.6854134759359771
0.8184541551431626
2.5786971221943045
0.8621840904265358
0.7401508074097103
0.7915277944174423
0.8941511477594467
0.7557900449736339
1.7058689930004238
2.9549161433985627
0.7960155212050622
0.8462005617600803
0.5716901633224689
0.6701830264327652
0.7049625228908818
0.764601433691722
0.7690891604793421
0.9207903622035395
0.6296040155763115
0.8515284046488988
0.8184541551431626
0.8319173355060229
0.48332748526510505
0.8005032479926824
0.7960155212050622
1.030585133809845
0.7960155212050622
0.6775938571540151
1.1892547638362725
0.8229418819307827
0.7960155212050622
0.7127821416728437
0.764601433691722
1.2919499230163862
0.7401508074097103
0.6815036665449962
1.0619774443734877
0.5284733082351104
0.7825523408422022
0.8184541551431626
0.6296040155763115
0.7825523408422022
0.8781676190929915
0.7825523408422022
0.9314460479811765
0.8888233048706283
0.6431303525284627
0.6566566894806138
1.3432975026064433
0.8408927890812629
0.8941511477594467
0.6668014421947273
0.6815036665449962
0.8049909747803023
0.8005032479926824
0.5255921845626198
0.8568562475377173
0.7245115698457866
1.9767466882674902
1.0007080055358168
0.8568562475377173
0.8781676190929915
1.011749747471659
0.8515284046488988
1.1749897624026027
0.49553358105610656
0.7088723322818627
0.9314460479811765
0.7960155212050622
0.7401508074097103
0.7088723322818627
0.9154625193147208
1.0007080055358168
1.0933697549371308
0.9740687910917245
0.778064614054582
1.498467612269565
0.8184541551431626
1.2112608693748685
0.7960155212050622
0.7049625228908818
3.944476704066909
0.8094787015679225
0.6600382737186516
0.8094787015679225
1.2039255008620031
0.778064614054582
0.8274296087184028
0.6228408471002359
1.5071109832870369
1.0996482170498596
0.9900523197581801
0.8005032479926824
1.1435974518389598
0.968740948202906
1.2626084489649252
0.7915277944174423
1.4379640151472628
0.9580852624252688
0.7284213792367674
0.6025513416720091
0.968740948202906
0.8728397762041727
1.7209177538485942
0.8049909747803023
0.6296040155763115
0.5745712869949594
0.8728397762041727
1.4466073861647346
0.689323285326958
0.7557900449736339
3.6276240740132937
0.653275105242576
1.074534368598945
1.3212913970678473
0.6228408471002359
0.7049625228908818
0.8274296087184028
0.8462005617600803
0.7960155212050622
0.7127821416728437
1.313956028554982
0.8005032479926824
0.8094787015679225
0.9847244768693616
0.6932330947179389
0.7284213792367674
1.1624328381771456
0.8184541551431626
0.7166919510638246
0.8229418819307827
0.7479704261916721
0.4930923618979063
0.6775938571540151
1.1498759139516885
0.9953801626469986
0.7960155212050622
0.6634198579566895
1.0870912928244025
0.7401508074097103
0.7010527134999008
0.8462005617600803
