730.0
680.0
682.0
715.0
608.0
690.0
737.0
681.0
720.0
730.0
717.0
785.0
750.0
735.0
682.0
702.0
742.0
713.0
706.0
731.0
745.0
677.0
711.0
696.0
728.0
739.0
697.0
805.0
721.0
710.0
771.0
751.0
721.0
712.0
681.0
818.0
798.0
741.0
738.0
733.0
678.0
709.0
707.0
778.0
840.0
1047.0
676.0
701.0
729.0
759.0
841.0
665.0
821.0
699.0
715.0
678.0
710.0
732.0
682.0
766.0
759.0
687.0
726.0
809.0
722.0
744.0
731.0
677.0
597.0
671.0
700.0
757.0
668.0
685.0
757.0
836.0
728.0
785.0
695.0
824.0
712.0
730.0
788.0
681.0
720.0
800.0
724.0
677.0
763.0
869.0
770.0
755.0
683.0
669.0
689.0
740.0
763.0
685.0
705.0
811.0
710.0
715.0
793.0
681.0
721.0
690.0
729.0
726.0
724.0
704.0
696.0
709.0
684.0
703.0
710.0
719.0
684.0
791.0
584.0
692.0
753.0
694.0
691.0
709.0
701.0
738.0
703.0
728.0
689.0
734.0
676.0
889.0
712.0
711.0
714.0
812.0
733.0
722.0
685.0
821.0
967.0
677.0
688.0
705.0
722.0
570.0
700.0
712.0
698.0
656.0
646.0
692.0
701.0
700.0
684.0
736.0
725.0
602.0
760.0
724.0
855.0
678.0
750.0
687.0
749.0
812.0
700.0
682.0
772.0
738.0
730.0
699.0
694.0
680.0
732.0
853.0
833.0
695.0
735.0
685.0
736.0
749.0
688.0
693.0
750.0
674.0
662.0
756.0
764.0
707.0
566.0
831.0
834.0
705.0
713.0
702.0
600.0
807.0
778.0
692.0
714.0
677.0
685.0
712.0
700.0
713.0
712.0
851.0
682.0
584.0
700.0
595.0
697.0
684.0
744.0
672.0
674.0
747.0
597.0
706.0
668.0
717.0
707.0
676.0
754.0
937.0
674.0
698.0
780.0
779.0
750.0
705.0
863.0
879.0
696.0
735.0
683.0
703.0
753.0
732.0
652.0
716.0
720.0
763.0
589.0
756.0
773.0
709.0
872.0
601.0
746.0
701.0
690.0
740.0
698.0
697.0
700.0
564.0
714.0
748.0
706.0
724.0
756.0
696.0
703.0
690.0
742.0
722.0
685.0
724.0
674.0
657.0
873.0
738.0
849.0
673.0
680.0
821.0
745.0
901.0
824.0
739.0
725.0
764.0
746.0
707.0
734.0
678.0
772.0
686.0
757.0
690.0
718.0
737.0
740.0
677.0
582.0
852.0
695.0
749.0
678.0
653.0
699.0
684.0
682.0
677.0
786.0
790.0
698.0
634.0
720.0
763.0
789.0
781.0
702.0
834.0
722.0
724.0
690.0
701.0
800.0
691.0
693.0
683.0
699.0
740.0
694.0
637.0
688.0
701.0
687.0
696.0
685.0
731.0
692.0
778.0
761.0
669.0
784.0
694.0
715.0
643.0
689.0
767.0
653.0
711.0
809.0
815.0
706.0
750.0
681.0
724.0
698.0
691.0
826.0
753.0
701.0
698.0
734.0
784.0
758.0
669.0
702.0
700.0
784.0
830.0
792.0
682.0
677.0
789.0
698.0
706.0
683.0
726.0
680.0
676.0
690.0
706.0
651.0
818.0
733.0
692.0
713.0
737.0
693.0
725.0
746.0
689.0
637.0
722.0
738.0
731.0
664.0
708.0
692.0
737.0
725.0
666.0
693.0
669.0
682.0
680.0
682.0
701.0
699.0
718.0
814.0
751.0
784.0
614.0
576.0
674.0
711.0
632.0
756.0
730.0
733.0
740.0
690.0
772.0
736.0
778.0
716.0
757.0
760.0
702.0
717.0
724.0
710.0
672.0
661.0
704.0
693.0
750.0
697.0
721.0
687.0
730.0
622.0
699.0
712.0
685.0
739.0
703.0
734.0
721.0
715.0
666.0
772.0
762.0
711.0
798.0
694.0
681.0
588.0
805.0
771.0
900.0
723.0
669.0
703.0
621.0
597.0
725.0
706.0
839.0
726.0
825.0
701.0
677.0
697.0
727.0
702.0
759.0
763.0
685.0
759.0
598.0
708.0
743.0
664.0
628.0
682.0
700.0
646.0
700.0
806.0
791.0
737.0
776.0
696.0
699.0
826.0
961.0
863.0
761.0
682.0
685.0
761.0
710.0
789.0
735.0
695.0
737.0
690.0
686.0
702.0
679.0
714.0
599.0
802.0
1153.0
692.0
830.0
733.0
753.0
694.0
664.0
716.0
731.0
766.0
920.0
747.0
705.0
692.0
857.0
717.0
706.0
828.0
623.0
772.0
689.0
712.0
741.0
715.0
709.0
656.0
718.0
737.0
658.0
582.0
693.0
707.0
700.0
695.0
721.0
696.0
716.0
673.0
633.0
715.0
858.0
694.0
846.0
708.0
734.0
726.0
696.0
749.0
815.0
664.0
714.0
720.0
761.0
691.0
765.0
674.0
806.0
693.0
740.0
738.0
730.0
734.0
714.0
874.0
565.0
608.0
687.0
734.0
668.0
734.0
723.0
705.0
652.0
729.0
686.0
693.0
789.0
680.0
708.0
736.0
587.0
796.0
682.0
706.0
833.0
779.0
768.0
730.0
716.0
701.0
665.0
