762.0
788.0
722.0
851.0
659.0
779.0
726.0
897.0
821.0
803.0
818.0
852.0
844.0
875.0
792.0
847.0
823.0
909.0
841.0
873.0
838.0
843.0
1042.0
789.0
778.0
836.0
1018.0
769.0
683.0
795.0
773.0
821.0
815.0
768.0
815.0
822.0
881.0
808.0
760.0
850.0
685.0
668.0
779.0
802.0
765.0
806.0
789.0
637.0
622.0
778.0
798.0
822.0
824.0
793.0
807.0
943.0
769.0
786.0
784.0
842.0
793.0
856.0
773.0
821.0
891.0
858.0
785.0
619.0
777.0
871.0
837.0
765.0
789.0
853.0
594.0
750.0
877.0
807.0
778.0
805.0
781.0
823.0
794.0
870.0
830.0
766.0
758.0
784.0
548.0
774.0
861.0
872.0
821.0
645.0
788.0
813.0
730.0
811.0
791.0
837.0
844.0
544.0
809.0
756.0
849.0
818.0
745.0
786.0
810.0
817.0
776.0
854.0
863.0
842.0
785.0
618.0
790.0
769.0
773.0
805.0
805.0
765.0
766.0
819.0
877.0
784.0
811.0
646.0
788.0
827.0
797.0
943.0
800.0
754.0
779.0
779.0
919.0
811.0
802.0
802.0
709.0
771.0
953.0
814.0
839.0
778.0
841.0
755.0
754.0
813.0
926.0
778.0
774.0
777.0
882.0
729.0
788.0
814.0
814.0
789.0
774.0
802.0
788.0
825.0
810.0
690.0
565.0
840.0
767.0
913.0
785.0
914.0
854.0
777.0
836.0
807.0
778.0
820.0
779.0
913.0
781.0
776.0
923.0
757.0
774.0
848.0
775.0
784.0
848.0
808.0
810.0
793.0
779.0
826.0
780.0
754.0
780.0
873.0
765.0
795.0
674.0
1113.0
796.0
1004.0
642.0
864.0
807.0
748.0
766.0
861.0
845.0
937.0
653.0
850.0
837.0
578.0
824.0
766.0
806.0
696.0
790.0
861.0
873.0
808.0
749.0
802.0
820.0
698.0
552.0
816.0
767.0
781.0
858.0
802.0
820.0
792.0
553.0
786.0
793.0
782.0
662.0
822.0
854.0
786.0
827.0
878.0
820.0
912.0
742.0
774.0
823.0
734.0
841.0
885.0
776.0
866.0
793.0
787.0
864.0
645.0
815.0
758.0
755.0
1035.0
928.0
857.0
763.0
805.0
798.0
672.0
752.0
765.0
977.0
786.0
821.0
800.0
762.0
881.0
789.0
859.0
591.0
798.0
761.0
774.0
769.0
785.0
836.0
840.0
816.0
765.0
800.0
778.0
770.0
905.0
818.0
588.0
1057.0
736.0
766.0
924.0
804.0
774.0
810.0
842.0
769.0
806.0
918.0
829.0
699.0
783.0
874.0
817.0
813.0
835.0
775.0
734.0
790.0
919.0
781.0
814.0
790.0
791.0
802.0
778.0
562.0
798.0
749.0
813.0
573.0
773.0
758.0
610.0
916.0
921.0
821.0
986.0
788.0
821.0
542.0
897.0
817.0
814.0
770.0
683.0
765.0
795.0
822.0
718.0
805.0
716.0
891.0
853.0
722.0
763.0
816.0
567.0
664.0
826.0
849.0
932.0
797.0
750.0
789.0
819.0
826.0
616.0
678.0
753.0
802.0
848.0
814.0
789.0
825.0
793.0
818.0
822.0
724.0
778.0
806.0
824.0
864.0
823.0
769.0
652.0
802.0
787.0
822.0
800.0
765.0
801.0
798.0
788.0
747.0
1057.0
834.0
760.0
795.0
804.0
890.0
724.0
775.0
764.0
821.0
880.0
797.0
786.0
770.0
756.0
875.0
774.0
869.0
786.0
810.0
793.0
786.0
776.0
842.0
883.0
717.0
779.0
998.0
775.0
764.0
820.0
802.0
744.0
809.0
763.0
593.0
766.0
1127.0
758.0
865.0
815.0
739.0
757.0
825.0
757.0
663.0
810.0
766.0
705.0
1003.0
755.0
1012.0
838.0
766.0
745.0
786.0
756.0
849.0
773.0
826.0
734.0
794.0
605.0
837.0
760.0
578.0
578.0
858.0
797.0
645.0
771.0
810.0
970.0
752.0
809.0
782.0
793.0
891.0
936.0
784.0
837.0
770.0
797.0
889.0
837.0
829.0
751.0
827.0
842.0
718.0
746.0
834.0
959.0
810.0
823.0
774.0
860.0
780.0
649.0
843.0
646.0
777.0
806.0
792.0
567.0
886.0
757.0
820.0
771.0
661.0
816.0
771.0
780.0
862.0
922.0
808.0
829.0
602.0
784.0
794.0
702.0
988.0
775.0
784.0
830.0
776.0
820.0
888.0
801.0
829.0
789.0
663.0
766.0
794.0
841.0
781.0
755.0
793.0
875.0
777.0
785.0
810.0
773.0
823.0
790.0
746.0
844.0
797.0
1003.0
841.0
748.0
762.0
745.0
776.0
773.0
603.0
697.0
797.0
843.0
881.0
730.0
792.0
832.0
874.0
866.0
820.0
623.0
795.0
730.0
798.0
845.0
731.0
900.0
802.0
802.0
632.0
840.0
754.0
578.0
855.0
789.0
808.0
762.0
829.0
908.0
847.0
794.0
800.0
788.0
932.0
764.0
809.0
817.0
810.0
800.0
781.0
874.0
916.0
716.0
781.0
822.0
783.0
795.0
590.0
826.0
744.0
766.0
788.0
807.0
740.0
752.0
882.0
632.0
785.0
906.0
780.0
794.0
794.0
767.0
825.0
869.0
857.0
832.0
800.0
795.0
774.0
841.0
761.0
759.0
810.0
789.0
769.0
786.0
925.0
801.0
968.0
811.0
651.0
780.0
557.0
822.0
661.0
961.0
881.0
808.0
793.0
881.0
748.0
765.0
781.0
807.0
804.0
837.0
722.0
803.0
749.0
956.0
804.0
550.0
