0.8233188333060182
1.6201586048340746
1.0195785876440404
0.998645253726099
3.1470898976421995
1.0033580584333
0.9609428160684917
0.49062432074360635
0.7255879879959146
0.8155461900527835
1.4018289884389816
1.600679739750114
1.6785952000859568
0.512022309223287
0.5803764456528951
1.2834329099952184
2.0372869841889005
0.7689103305333751
0.37560756066907625
2.3255474811897576
0.9373787925324873
0.7396456561948282
1.2903948305250195
1.072638524552558
0.6904438174986309
0.43841324146948984
0.831091476559253
0.7922282602930795
1.4415925818195965
0.5486405965962914
1.9363958102386005
1.1790041020481985
0.8855379407532773
0.38223874537240754
0.6434236105265048
0.8808251360460764
0.9939324490188981
0.4725512548410275
0.8808251360460764
1.4097817071151049
0.49062432074360635
0.7220735709461864
0.7361312391450998
0.8713995266316746
1.1551762041880296
0.9326659878252864
0.3971589109549031
0.831091476559253
0.9750812301900946
1.629898037376055
0.95151720665409
1.1929279431078015
0.9279531831180854
0.8996763548748801
0.9279531831180854
0.6799005663494457
1.0903251701887302
0.39384331860323746
0.9420915972396882
2.1237651332891576
2.6426340278907
0.4223482940005309
0.38886993007573895
0.7611376872801405
1.3461599577061214
1.066742976007167
0.4725512548410275
1.5812008746661534
0.42036805741656286
0.9279531831180854
1.2625471484058142
0.7220735709461864
0.8713995266316746
0.553523034912692
0.852548307802871
0.8233188333060182
0.8388641198124877
0.8155461900527835
1.0080708631405009
0.757251365653523
0.8808251360460764
0.9562300113612909
1.2764709894654167
0.9138147689964827
0.9138147689964827
1.0785340730979487
0.8077735467995487
0.8077735467995487
1.5714614421241733
0.8194325116794009
0.49062432074360635
0.599268902791118
1.734613462338001
0.9420915972396882
0.7805692954132273
1.037265233280213
0.831091476559253
1.131594010006466
0.852548307802871
0.5963252556087589
3.1038508230920705
0.7431600732445567
0.8272051549326356
0.5803764456528951
0.8272051549326356
1.072638524552558
0.8233188333060182
0.9373787925324873
0.9185275737036837
0.718559153896458
0.8272051549326356
0.9656556207756927
0.5510818157544917
1.043160781825604
0.36566078361407917
1.0962207187341213
0.37892315302074187
0.7501889073440133
0.47054313640740775
0.8388641198124877
0.8116598684261661
0.894963550167679
2.224656307239458
0.831091476559253
0.408763484185733
1.304318671584622
1.7634395120380868
1.600679739750114
1.2068517841674038
1.1998898636376027
0.8713995266316746
0.9703684254828936
5.03447299908797
0.7961145819196966
0.7501889073440133
0.9185275737036837
1.659116335001996
1.5909403072081338
0.9939324490188981
1.2416613868164104
0.831091476559253
0.946804401946889
5.695567144696755
0.8233188333060182
0.7727966521599926
0.9420915972396882
0.6904438174986309
1.131594010006466
1.0254741361894315
0.6345926689794272
0.43439700460225017
1.0608474274617763
1.0313696847348222
1.2555852278760131
1.3461599577061214
0.852548307802871
1.8643306859883868
0.7650240089067579
1.1374895585518567
0.7501889073440133
0.9892196443116973
1.0490563303709945
0.8855379407532773
1.2764709894654167
0.7650240089067579
1.542243144498232
0.8996763548748801
0.7080159027472728
0.852548307802871
0.718559153896458
0.894963550167679
0.4645187811065481
0.7220735709461864
0.8116598684261661
0.9609428160684917
0.8996763548748801
0.8808251360460764
1.6396374699180354
0.4424294783367296
0.8855379407532773
0.7922282602930795
1.131594010006466
0.5026730313453256
0.9892196443116973
1.3700181137344902
1.0844296216433396
1.1080118158249028
0.718559153896458
0.9185275737036837
1.0136830390986498
0.8572611125100719
1.2207756252270066
0.8077735467995487
0.8902507454604782
0.9091019642892819
0.9373787925324873
0.8155461900527835
0.9279531831180854
1.1256984614610752
0.8761123313388756
1.066742976007167
0.7883419386664621
0.729102405045643
0.7727966521599926
1.1859660225779998
0.4054478918340673
1.1998898636376027
0.8478355030956701
0.8233188333060182
1.9796348847887295
4.422322943096929
0.6640291408030184
0.8194325116794009
0.5437581582798907
0.36566078361407917
0.9279531831180854
0.8077735467995487
0.946804401946889
0.9138147689964827
0.9091019642892819
0.8996763548748801
1.066742976007167
0.9892196443116973
0.7883419386664621
1.1080118158249028
1.2277375457568078
1.0785340730979487
1.043160781825604
0.7150447368467295
1.1492806556426385
1.3391282742336286
1.4177344257912277
0.8349777981858703
0.7396456561948282
0.7689103305333751
1.1492806556426385
1.9219827853885578
0.7689103305333751
1.3112805921144233
2.354373530889843
0.7501889073440133
1.1669673012788109
1.2555852278760131
3.8337171200286204
0.7466744902942851
1.043160781825604
0.8272051549326356
0.8431226983884692
0.8761123313388756
0.7844556170398446
0.49464055761084613
0.7431600732445567
1.2277375457568078
8.766752458734423
0.9326659878252864
0.5559642540708922
0.904389159582081
0.39881670713073597
0.6974726515980877
0.8572611125100719
0.8666867219244737
13.586588749342623
1.043160781825604
0.7689103305333751
0.9703684254828936
0.9939324490188981
0.7805692954132273
0.8116598684261661
0.8431226983884692
0.894963550167679
1.6913743877878726
0.7805692954132273
0.8996763548748801
0.9373787925324873
0.7883419386664621
0.7220735709461864
0.5315520624888893
0.9326659878252864
0.9279531831180854
0.946804401946889
0.9373787925324873
1.6104191722920946
0.7805692954132273
0.8038872251729315
0.8038872251729315
0.8808251360460764
0.8116598684261661
1.4654507378479655
0.9703684254828936
1.0549518789163854
0.8855379407532773
0.8666867219244737
0.7883419386664621
1.102116267279512
0.8666867219244737
0.7501889073440133
0.7961145819196966
1.102116267279512
0.4424294783367296
0.9750812301900946
0.7255879879959146
0.8478355030956701
1.3620653950583674
1.131594010006466
0.9420915972396882
0.7961145819196966
0.8666867219244737
0.9656556207756927
0.8996763548748801
0.6287053746147091
0.9939324490188981
0.9703684254828936
0.95151720665409
0.729102405045643
0.9703684254828936
1.0549518789163854
1.1374895585518567
1.0313696847348222
0.6939582345483594
0.8116598684261661
0.7805692954132273
0.8155461900527835
0.7611376872801405
0.9609428160684917
0.4524700705048289
0.7326168220953715
0.8808251360460764
1.3112805921144233
2.570568903640486
0.6434236105265048
0.8808251360460764
0.894963550167679
0.39384331860323746
0.8194325116794009
1.2625471484058142
1.066742976007167
1.0254741361894315
0.9750812301900946
1.1551762041880296
1.8210916114382578
0.7689103305333751
0.9562300113612909
0.4645187811065481
0.757251365653523
0.9750812301900946
0.894963550167679
0.9609428160684917
0.8808251360460764
0.7501889073440133
0.9892196443116973
3.0606117485419424
0.95151720665409
0.8572611125100719
0.9892196443116973
0.8619739172172728
0.8619739172172728
0.7922282602930795
0.894963550167679
0.5242284050142885
0.8349777981858703
2.7002861272908714
2.1381781581392008
0.8431226983884692
1.9796348847887295
1.1929279431078015
0.7650240089067579
1.600679739750114
1.304318671584622
0.8388641198124877
0.7922282602930795
2.671460077590785
0.9609428160684917
0.8572611125100719
1.1198029129156846
1.066742976007167
1.0962207187341213
0.8116598684261661
0.7326168220953715
0.831091476559253
0.8619739172172728
0.8996763548748801
1.0549518789163854
1.131594010006466
0.8855379407532773
0.77668297378661
1.0962207187341213
0.8116598684261661
0.8077735467995487
1.9940479096387724
1.3700181137344902
2.224656307239458
0.77668297378661
0.7045014856975443
0.8855379407532773
1.9940479096387724
0.7883419386664621
0.8077735467995487
1.1080118158249028
0.7466744902942851
1.037265233280213
1.0313696847348222
0.6051561971558361
1.0844296216433396
2.080526058739029
0.6869294004489026
0.49865679447808575
0.852548307802871
0.8272051549326356
0.8349777981858703
0.8619739172172728
2.801177301241171
0.5388757199634902
1.0549518789163854
1.2625471484058142
1.2346994662866089
0.9279531831180854
2.224656307239458
0.8388641198124877
1.4495453004957195
1.4018289884389816
1.3461599577061214
1.3321663537038273
1.1790041020481985
0.8194325116794009
1.1492806556426385
1.4893088938763341
0.9326659878252864
0.7883419386664621
0.9232403784108847
0.450461952071209
1.1198029129156846
0.894963550167679
0.6763861492997174
1.2486233073462116
1.0254741361894315
0.9279531831180854
5.727237263318483
1.072638524552558
1.2277375457568078
0.7537033243937418
0.7805692954132273
0.757251365653523
1.0844296216433396
0.852548307802871
0.8272051549326356
0.852548307802871
0.7805692954132273
0.38555433772407327
0.7922282602930795
1.0033580584333
0.8155461900527835
0.6939582345483594
1.4256871444673507
1.2555852278760131
0.8478355030956701
0.718559153896458
0.7727966521599926
0.42036805741656286
0.5144635283814872
2.9741335994416853
0.9939324490188981
1.4256871444673507
1.1256984614610752
0.852548307802871
0.7883419386664621
0.8155461900527835
0.894963550167679
0.8808251360460764
1.0136830390986498
0.8038872251729315
0.7961145819196966
1.2486233073462116
0.8349777981858703
0.8233188333060182
1.8643306859883868
0.8478355030956701
0.7961145819196966
0.95151720665409
0.8116598684261661
0.9279531831180854
1.131594010006466
0.6869294004489026
0.95151720665409
0.7080159027472728
1.3620653950583674
1.835504636288301
0.8478355030956701
0.8713995266316746
0.998645253726099
0.8808251360460764
1.2346994662866089
0.6287053746147091
0.8431226983884692
0.6869294004489026
0.5266696241724887
1.131594010006466
0.7501889073440133
0.729102405045643
0.9091019642892819
0.8808251360460764
0.8808251360460764
0.8233188333060182
1.3182425126442248
2.210243282389415
0.8116598684261661
0.7396456561948282
1.4336398631434735
1.3112805921144233
0.6974726515980877
0.4765674917082673
0.7961145819196966
0.7611376872801405
1.1492806556426385
1.0608474274617763
0.8572611125100719
1.1492806556426385
0.7805692954132273
0.9185275737036837
0.8808251360460764
0.8902507454604782
0.7922282602930795
0.9845068396044964
1.1790041020481985
0.7961145819196966
0.946804401946889
0.7326168220953715
0.8761123313388756
1.0844296216433396
1.3620653950583674
1.8787437108384295
1.1859660225779998
0.7883419386664621
1.3321663537038273
1.043160781825604
1.2068517841674038
0.8431226983884692
0.8713995266316746
1.037265233280213
0.46251066267292823
0.8572611125100719
1.0033580584333
0.7537033243937418
1.3112805921144233
0.4263645308677706
1.102116267279512
1.5714614421241733
0.9279531831180854
1.0136830390986498
0.9373787925324873
0.7361312391450998
1.1790041020481985
0.9750812301900946
0.7537033243937418
0.7396456561948282
0.8349777981858703
0.8233188333060182
0.7396456561948282
0.8116598684261661
1.1790041020481985
1.043160781825604
0.8155461900527835
0.6434236105265048
1.0080708631405009
1.1790041020481985
1.0844296216433396
0.8194325116794009
1.1998898636376027
0.8194325116794009
0.7537033243937418
0.7611376872801405
0.946804401946889
0.7220735709461864
1.0844296216433396
2.267895381789586
0.7961145819196966
1.1610717527334202
0.8761123313388756
2.0372869841889005
0.8038872251729315
2.0661130338889864
1.4734034565240883
0.7045014856975443
1.835504636288301
0.8431226983884692
1.6913743877878726
1.102116267279512
0.8761123313388756
0.4564863073720687
0.904389159582081
0.41042128036156583
0.8431226983884692
1.2416613868164104
0.6669727879853775
0.9279531831180854
0.946804401946889
0.9609428160684917
0.36566078361407917
0.8077735467995487
0.8713995266316746
0.7922282602930795
0.9185275737036837
0.8233188333060182
0.7922282602930795
0.8349777981858703
1.6493769024600158
0.9609428160684917
1.5909403072081338
0.7326168220953715
0.38886993007573895
0.8349777981858703
0.8855379407532773
0.77668297378661
0.5730527881782943
0.800000903546314
0.7883419386664621
0.7922282602930795
2.6858731024408287
1.2903948305250195
0.9420915972396882
0.852548307802871
0.9091019642892819
0.9562300113612909
0.5095810900650867
0.946804401946889
0.7501889073440133
1.1198029129156846
0.7961145819196966
0.9326659878252864
0.8077735467995487
1.1551762041880296
0.8761123313388756
0.9232403784108847
0.9326659878252864
0.904389159582081
1.5812008746661534
0.9845068396044964
1.4972616125524572
0.8855379407532773
0.7115303197970012
3.075024773391985
0.7501889073440133
0.946804401946889
