798.0
802.0
874.0
868.0
772.0
1033.0
874.0
822.0
735.0
761.0
781.0
813.0
855.0
842.0
787.0
810.0
793.0
814.0
770.0
879.0
816.0
789.0
641.0
769.0
803.0
853.0
820.0
889.0
764.0
931.0
747.0
739.0
813.0
833.0
817.0
789.0
758.0
832.0
742.0
814.0
854.0
736.0
739.0
728.0
789.0
725.0
789.0
728.0
794.0
720.0
757.0
730.0
784.0
828.0
980.0
776.0
968.0
922.0
814.0
824.0
781.0
788.0
635.0
781.0
1109.0
796.0
743.0
777.0
763.0
742.0
797.0
767.0
720.0
700.0
631.0
957.0
820.0
810.0
785.0
939.0
814.0
757.0
776.0
845.0
817.0
781.0
784.0
772.0
875.0
756.0
812.0
779.0
735.0
750.0
803.0
773.0
907.0
790.0
766.0
810.0
651.0
819.0
785.0
736.0
739.0
811.0
860.0
779.0
812.0
780.0
862.0
798.0
861.0
782.0
755.0
791.0
753.0
774.0
738.0
796.0
905.0
912.0
736.0
726.0
814.0
737.0
829.0
797.0
758.0
845.0
772.0
604.0
838.0
761.0
784.0
741.0
760.0
906.0
759.0
833.0
733.0
648.0
803.0
934.0
827.0
750.0
785.0
783.0
749.0
803.0
745.0
780.0
702.0
773.0
786.0
778.0
873.0
763.0
983.0
741.0
762.0
769.0
842.0
622.0
882.0
829.0
859.0
760.0
748.0
967.0
785.0
773.0
957.0
939.0
752.0
764.0
786.0
766.0
859.0
771.0
721.0
801.0
797.0
803.0
758.0
869.0
746.0
800.0
760.0
860.0
802.0
741.0
747.0
830.0
875.0
754.0
754.0
759.0
784.0
824.0
770.0
789.0
774.0
754.0
788.0
759.0
784.0
881.0
648.0
734.0
755.0
610.0
825.0
759.0
745.0
879.0
872.0
798.0
740.0
749.0
899.0
886.0
767.0
886.0
820.0
754.0
755.0
760.0
814.0
776.0
795.0
763.0
741.0
790.0
766.0
833.0
738.0
736.0
798.0
828.0
873.0
848.0
757.0
772.0
951.0
766.0
775.0
955.0
775.0
659.0
786.0
826.0
778.0
869.0
745.0
721.0
849.0
795.0
871.0
782.0
721.0
842.0
766.0
754.0
829.0
823.0
854.0
839.0
720.0
744.0
790.0
583.0
584.0
810.0
802.0
721.0
786.0
818.0
745.0
970.0
739.0
852.0
802.0
704.0
744.0
858.0
750.0
778.0
756.0
793.0
802.0
764.0
772.0
854.0
749.0
802.0
971.0
677.0
738.0
755.0
750.0
810.0
726.0
771.0
818.0
820.0
750.0
887.0
832.0
750.0
816.0
894.0
746.0
832.0
748.0
810.0
734.0
791.0
752.0
1065.0
733.0
769.0
727.0
870.0
744.0
733.0
777.0
797.0
748.0
776.0
791.0
805.0
591.0
790.0
738.0
861.0
728.0
801.0
769.0
770.0
831.0
597.0
842.0
801.0
831.0
748.0
731.0
749.0
797.0
808.0
738.0
736.0
1038.0
792.0
770.0
781.0
855.0
781.0
734.0
887.0
812.0
816.0
728.0
879.0
808.0
644.0
759.0
752.0
795.0
722.0
774.0
774.0
830.0
740.0
826.0
813.0
752.0
861.0
820.0
840.0
845.0
865.0
710.0
900.0
987.0
925.0
773.0
850.0
772.0
648.0
775.0
882.0
901.0
799.0
616.0
793.0
668.0
737.0
731.0
866.0
722.0
789.0
738.0
758.0
863.0
749.0
845.0
810.0
783.0
758.0
762.0
765.0
770.0
767.0
639.0
813.0
853.0
757.0
733.0
784.0
751.0
694.0
771.0
811.0
793.0
699.0
855.0
727.0
917.0
839.0
738.0
753.0
761.0
740.0
803.0
810.0
953.0
781.0
781.0
870.0
762.0
800.0
770.0
827.0
609.0
793.0
814.0
789.0
873.0
740.0
761.0
773.0
640.0
869.0
741.0
675.0
737.0
703.0
764.0
808.0
718.0
608.0
780.0
830.0
768.0
830.0
797.0
740.0
747.0
760.0
834.0
829.0
792.0
763.0
745.0
875.0
754.0
744.0
1024.0
599.0
841.0
791.0
758.0
757.0
770.0
768.0
775.0
780.0
750.0
982.0
782.0
784.0
861.0
750.0
672.0
758.0
824.0
869.0
804.0
770.0
885.0
840.0
732.0
637.0
909.0
802.0
760.0
767.0
786.0
804.0
884.0
771.0
784.0
779.0
757.0
867.0
775.0
770.0
773.0
811.0
756.0
784.0
781.0
795.0
838.0
831.0
805.0
916.0
786.0
745.0
756.0
712.0
585.0
770.0
693.0
953.0
976.0
808.0
765.0
743.0
842.0
874.0
796.0
867.0
785.0
823.0
605.0
1017.0
743.0
801.0
738.0
793.0
744.0
736.0
637.0
746.0
878.0
741.0
822.0
842.0
766.0
828.0
761.0
795.0
776.0
746.0
900.0
906.0
745.0
819.0
758.0
746.0
870.0
612.0
756.0
753.0
774.0
758.0
846.0
744.0
774.0
730.0
926.0
932.0
