0.9309539587560752
1.3941348327970653
1.2094194024936853
0.762585226335659
0.9116925788534128
0.7547902423472104
0.8972465439264158
0.7869385081889408
0.41471384028788494
0.9742920635370658
0.31842140940267394
0.7125466257712371
0.8275273112777438
0.43812197962892185
0.8442777491940942
1.2164866293844416
1.085198078644568
0.7991151491155818
1.2164866293844416
0.7666441066445393
0.762585226335659
0.9935534434397283
1.073277454973413
0.7231075299152304
1.103079014151301
0.7055060230085749
0.6566603996529362
1.8266234871764866
1.114999637822456
0.6114301475520959
0.6538335088966337
0.8275273112777438
1.073277454973413
0.7585263460267787
0.8539084391454252
0.6984654202459127
0.8683544740724223
1.03155527212437
0.32387801929724
0.5862357938202459
0.8397039522043848
0.7301481326778926
0.8275273112777438
0.5579798378031414
0.6843842147205883
0.8275273112777438
1.073277454973413
0.6340452736025161
0.3266063242445231
0.8194095506599832
0.7950562688067013
0.8275273112777438
0.762585226335659
0.9068772338777471
0.9020618889020815
0.7160669271525681
1.1567218206714993
0.744229338203217
2.058005139656927
0.7407090368218859
0.998368788415394
0.6651410719218438
1.0375155839599473
0.7991151491155818
1.0792377668089905
0.921323268804744
0.5916419122579784
0.7019857216272438
0.7547902423472104
0.7160669271525681
0.40802330727276953
0.6340452736025161
0.8397039522043848
0.8924311989507502
0.44843846638063917
0.6914248174832505
0.7336684340592238
0.7019857216272438
0.8397039522043848
0.7666441066445393
0.5888150215016756
1.114999637822456
0.9935534434397283
0.7407090368218859
0.7991151491155818
0.6651410719218438
0.7512699409658792
0.3320629341390892
1.0031841333910596
0.882800508999419
1.244755536947467
1.5127048227265718
0.7869385081889408
0.7950562688067013
1.5596449792585179
0.5348613283346014
0.709026324389906
0.7547902423472104
0.8635391290967566
1.1746027561782322
0.7869385081889408
0.7747618672622999
0.9357693037317409
0.7055060230085749
1.085198078644568
0.6879045161019194
0.9261386137804096
0.983922753488397
0.6029494752831883
0.7585263460267787
0.7585263460267787
0.40802330727276953
0.7160669271525681
0.7707029869534197
0.8539084391454252
0.8356450718955044
0.8072329097333424
0.7585263460267787
0.8683544740724223
0.8234684309688636
0.7950562688067013
0.3544990431518467
0.709026324389906
0.7747618672622999
0.6396990551151212
0.8275273112777438
0.8635391290967566
1.0971187023157234
0.8683544740724223
1.4788276827467128
0.6914248174832505
0.5271551585117549
0.815350670351103
0.7371887354405547
1.3224950327457863
1.4618891127567832
1.6349443637017187
0.7266278312965616
0.7909973884978211
1.3295622596365426
0.8275273112777438
1.0375155839599473
0.7125466257712371
0.9165079238290783
0.7585263460267787
0.6984654202459127
0.7547902423472104
1.3295622596365426
0.8635391290967566
0.921323268804744
0.7869385081889408
0.7407090368218859
0.6368721643588185
0.6623141811655413
0.6707948534344489
1.2164866293844416
0.8924311989507502
0.6396990551151212
0.9935534434397283
0.6879045161019194
0.7477496395845482
0.5143115421403437
0.9694767185614004
0.7909973884978211
1.0613568313022577
0.6396990551151212
4.889601506600643
0.673823310576595
0.9116925788534128
0.7301481326778926
0.3006874272453341
0.9165079238290783
0.6142570383083985
0.36788010918207736
0.8683544740724223
0.8539084391454252
0.8234684309688636
1.3517884078222415
1.40260411779203
0.7707029869534197
1.230621083165954
2.0435437863768993
0.6538335088966337
0.8234684309688636
0.744229338203217
0.8539084391454252
0.7407090368218859
0.9261386137804096
0.9791074085127315
0.9261386137804096
0.7950562688067013
0.42367889817651744
0.5041474948399131
1.7832394273364038
1.8989302535766241
0.8539084391454252
0.9357693037317409
0.7407090368218859
0.6594872904092388
0.673823310576595
0.7477496395845482
0.9309539587560752
0.8442777491940942
0.4670081425337305
1.0494362076311023
0.9791074085127315
0.6949451188645815
0.9309539587560752
0.6199108198210035
0.6312183828462136
0.815350670351103
2.4629230314976978
0.7547902423472104
0.6566603996529362
1.0553965194666801
0.8539084391454252
0.709026324389906
0.8539084391454252
1.578469825369318
0.6651410719218438
1.5219952870369176
1.3436967134180555
0.6984654202459127
1.1746027561782322
0.7547902423472104
0.8731698190480879
1.2376883100567106
0.8972465439264158
0.7585263460267787
1.5972946714801182
0.4180591067954426
1.0553965194666801
2.058005139656927
0.5194489886889082
0.5972956937705833
1.0196346484532146
0.9694767185614004
0.6594872904092388
0.8397039522043848
0.5143115421403437
1.985698373256789
0.7950562688067013
0.7788207475711801
1.5314077100923176
0.6312183828462136
0.7950562688067013
0.744229338203217
1.2588899907289797
1.0079994783667252
1.230621083165954
0.8779851640237534
0.9646613735857348
0.815350670351103
1.0434758957955248
1.103079014151301
1.3295622596365426
0.8397039522043848
0.33777271061405834
0.7301481326778926
0.33615539156001384
0.5554111145288594
0.36620747592829855
0.6481797273840287
1.3083605789642736
1.1686424443426544
1.6349443637017187
0.8234684309688636
0.9742920635370658
0.9357693037317409
0.7747618672622999
0.7336684340592238
0.9598460286100691
0.9020618889020815
0.8683544740724223
0.7869385081889408
0.8397039522043848
0.8397039522043848
0.9598460286100691
0.8315861915866241
0.6510066181403313
0.6170839290647009
0.8779851640237534
0.6057763660394909
0.8924311989507502
1.244755536947467
0.815350670351103
0.6425259458714236
1.4195426877819595
1.6725940559233192
0.7055060230085749
0.6453528366277261
1.3517884078222415
0.9116925788534128
0.4180591067954426
0.7666441066445393
0.4278054928772045
0.6773436119579261
0.8072329097333424
1.1567218206714993
0.7547902423472104
0.3394453438678371
0.33342708661273074
0.8275273112777438
0.3745706421971927
1.1090393259868785
0.8112917900422226
0.8539084391454252
0.7055060230085749
0.5554111145288594
0.8234684309688636
0.709026324389906
0.5579798378031414
0.673823310576595
7.90538820151918
1.0673171431378352
0.6707948534344489
0.744229338203217
0.9502153386587378
0.7195872285338993
1.2164866293844416
1.273024444510492
2.8244568634983853
0.7055060230085749
1.2659572176197358
0.8315861915866241
0.7266278312965616
1.03155527212437
0.9357693037317409
0.6879045161019194
0.7747618672622999
1.0792377668089905
0.8112917900422226
0.47732462928544783
0.8972465439264158
0.2979591222980511
0.7195872285338993
1.0079994783667252
0.8539084391454252
0.7788207475711801
0.7666441066445393
0.8275273112777438
0.47113473723441746
0.6808639133392571
2.2026186724572017
0.9453999936830721
0.3946422412425388
0.9020618889020815
0.9165079238290783
0.7407090368218859
0.6623141811655413
0.9068772338777471
0.7125466257712371
0.5836670705459637
1.8266234871764866
0.7950562688067013
1.1567218206714993
1.0911583904801456
1.132880573329189
0.6949451188645815
0.41471384028788494
0.6594872904092388
1.1686424443426544
0.44018527697926535
0.8539084391454252
0.9405846487074065
0.8397039522043848
0.6914248174832505
0.6453528366277261
0.8731698190480879
0.9116925788534128
0.6914248174832505
0.6879045161019194
1.202352175602929
0.8072329097333424
0.4525650610813261
0.361189576166962
1.1090393259868785
0.8972465439264158
0.7666441066445393
1.6255319406463187
0.8442777491940942
0.8112917900422226
0.7336684340592238
1.0375155839599473
0.9020618889020815
1.1209599496580336
0.9165079238290783
1.073277454973413
0.7336684340592238
0.8397039522043848
0.6984654202459127
2.231541379017257
0.7055060230085749
0.8275273112777438
1.4618891127567832
0.762585226335659
0.6707948534344489
0.7371887354405547
0.622737710577306
1.8844689002965962
0.7991151491155818
0.7371887354405547
0.744229338203217
0.5117428188660615
0.7991151491155818
0.7747618672622999
0.6057763660394909
0.8194095506599832
0.744229338203217
3.0413771626987978
0.5605485610774238
0.9357693037317409
1.1882177218214163
0.7547902423472104
0.8779851640237534
0.3266063242445231
0.858723784121091
0.6538335088966337
0.5733921774488349
0.6623141811655413
0.6651410719218438
0.6283914920899111
0.6623141811655413
0.7125466257712371
0.7055060230085749
0.7991151491155818
0.6623141811655413
1.0375155839599473
0.8112917900422226
0.7336684340592238
1.1811504949306602
0.8234684309688636
0.6396990551151212
0.8876158539750845
0.8031740294244621
1.3856655478021005
2.101389199497009
0.6312183828462136
0.7336684340592238
0.762585226335659
0.7371887354405547
0.7160669271525681
1.40260411779203
2.029082433096872
0.8315861915866241
1.0494362076311023
0.9261386137804096
0.7371887354405547
0.9742920635370658
0.6808639133392571
0.7666441066445393
1.6161195175909184
0.6707948534344489
0.7371887354405547
0.6879045161019194
1.0079994783667252
0.7160669271525681
0.6566603996529362
1.0911583904801456
0.7336684340592238
0.6773436119579261
0.6312183828462136
0.6949451188645815
1.4618891127567832
1.1952849487121726
0.39966014100387537
0.9598460286100691
0.6368721643588185
1.0553965194666801
0.7407090368218859
0.6984654202459127
0.7991151491155818
0.6679679626781464
0.7231075299152304
0.6914248174832505
0.9116925788534128
0.7747618672622999
0.31023649456082486
0.6566603996529362
0.9694767185614004
0.7301481326778926
1.251822763838223
0.9453999936830721
0.8397039522043848
0.762585226335659
0.6510066181403313
0.7869385081889408
0.6679679626781464
0.4013327742576542
1.0196346484532146
0.31569310445539095
0.7336684340592238
0.8275273112777438
1.841084840456514
0.7747618672622999
0.4197317400492215
0.9550306836344035
0.7747618672622999
0.9887380984640627
1.5972946714801182
0.7407090368218859
1.132880573329189
1.1882177218214163
0.8275273112777438
0.6566603996529362
1.4110734027869947
0.6255646013336085
0.6538335088966337
0.9502153386587378
0.6170839290647009
0.7547902423472104
0.9020618889020815
0.6312183828462136
2.6653819774180825
0.8275273112777438
0.5836670705459637
0.7991151491155818
1.0196346484532146
0.5944688030142807
0.36453484267451974
0.9598460286100691
0.7055060230085749
0.5425674981574482
1.2871588982920048
0.6949451188645815
0.7666441066445393
0.7407090368218859
0.5271551585117549
0.7160669271525681
0.7828796278800605
0.8635391290967566
0.8194095506599832
0.8779851640237534
0.7371887354405547
0.7407090368218859
0.425742195526861
0.762585226335659
0.744229338203217
0.33342708661273074
0.7909973884978211
0.8635391290967566
0.8779851640237534
0.8112917900422226
0.7371887354405547
0.7160669271525681
0.6879045161019194
0.8356450718955044
0.7301481326778926
0.4339953849282349
0.9020618889020815
0.39296960798876
0.7950562688067013
1.114999637822456
0.762585226335659
1.2164866293844416
0.9405846487074065
0.7301481326778926
0.8275273112777438
0.6914248174832505
0.6949451188645815
0.8442777491940942
1.0196346484532146
0.7477496395845482
1.0196346484532146
0.292502512403485
0.9694767185614004
1.5219952870369176
0.6538335088966337
2.4195389716576146
0.7950562688067013
0.6312183828462136
0.815350670351103
0.5733921774488349
0.7666441066445393
0.882800508999419
0.7747618672622999
0.709026324389906
1.073277454973413
0.7512699409658792
0.7991151491155818
0.6283914920899111
0.6984654202459127
0.858723784121091
0.8539084391454252
0.8539084391454252
0.7195872285338993
0.8876158539750845
0.983922753488397
0.7231075299152304
0.8731698190480879
0.622737710577306
0.8397039522043848
0.9742920635370658
0.8397039522043848
0.425742195526861
0.8356450718955044
0.6914248174832505
0.8315861915866241
0.8031740294244621
0.6510066181403313
1.3687269778121711
0.5682547309002705
0.8442777491940942
0.6651410719218438
0.6170839290647009
0.7477496395845482
0.998368788415394
1.0375155839599473
0.7707029869534197
0.7869385081889408
0.7407090368218859
0.7407090368218859
0.40467804076521185
0.6199108198210035
0.8072329097333424
0.8072329097333424
1.013674336617637
0.9116925788534128
1.0613568313022577
0.7788207475711801
0.7747618672622999
1.5690574023139179
0.762585226335659
0.921323268804744
0.6283914920899111
1.8266234871764866
0.6255646013336085
0.7019857216272438
1.251822763838223
0.5785296239973993
0.7336684340592238
0.7909973884978211
0.6623141811655413
0.9405846487074065
0.921323268804744
0.7195872285338993
0.7195872285338993
0.9020618889020815
0.8683544740724223
0.9598460286100691
0.673823310576595
0.8234684309688636
0.5528423912545771
2.2170800257372294
0.7019857216272438
0.9309539587560752
1.841084840456514
