776.0
780.0
793.0
737.0
561.0
805.0
750.0
813.0
747.0
905.0
651.0
759.0
762.0
793.0
778.0
789.0
813.0
755.0
744.0
795.0
872.0
750.0
786.0
752.0
779.0
726.0
811.0
769.0
738.0
973.0
760.0
544.0
802.0
748.0
822.0
682.0
672.0
928.0
752.0
701.0
827.0
858.0
767.0
747.0
737.0
747.0
811.0
794.0
737.0
817.0
738.0
661.0
791.0
854.0
773.0
596.0
853.0
856.0
946.0
930.0
876.0
815.0
547.0
778.0
711.0
791.0
739.0
938.0
790.0
726.0
741.0
773.0
777.0
789.0
794.0
743.0
639.0
760.0
863.0
766.0
824.0
724.0
756.0
869.0
762.0
740.0
729.0
825.0
752.0
899.0
744.0
840.0
753.0
767.0
821.0
804.0
757.0
716.0
750.0
672.0
775.0
737.0
703.0
725.0
936.0
719.0
705.0
784.0
773.0
828.0
582.0
866.0
789.0
782.0
816.0
795.0
780.0
805.0
778.0
772.0
784.0
778.0
738.0
763.0
767.0
878.0
741.0
750.0
737.0
961.0
798.0
749.0
753.0
783.0
754.0
765.0
738.0
802.0
876.0
773.0
758.0
726.0
770.0
797.0
756.0
746.0
747.0
793.0
830.0
717.0
943.0
788.0
774.0
772.0
686.0
644.0
740.0
758.0
741.0
785.0
895.0
754.0
815.0
850.0
723.0
748.0
820.0
796.0
715.0
758.0
857.0
897.0
1118.0
816.0
746.0
765.0
725.0
731.0
731.0
798.0
1386.0
746.0
794.0
748.0
802.0
828.0
796.0
778.0
739.0
752.0
761.0
731.0
725.0
776.0
714.0
770.0
718.0
765.0
765.0
746.0
753.0
754.0
823.0
738.0
806.0
737.0
739.0
868.0
581.0
764.0
863.0
773.0
774.0
760.0
839.0
732.0
730.0
805.0
776.0
821.0
778.0
714.0
754.0
776.0
767.0
829.0
754.0
873.0
813.0
548.0
718.0
747.0
753.0
789.0
830.0
741.0
822.0
742.0
794.0
762.0
797.0
1029.0
710.0
879.0
600.0
791.0
736.0
765.0
770.0
879.0
744.0
789.0
834.0
716.0
869.0
740.0
765.0
801.0
727.0
799.0
880.0
808.0
763.0
745.0
770.0
753.0
699.0
746.0
746.0
784.0
808.0
859.0
758.0
766.0
764.0
797.0
786.0
765.0
771.0
749.0
806.0
741.0
984.0
770.0
749.0
764.0
614.0
762.0
949.0
763.0
761.0
718.0
801.0
656.0
757.0
749.0
788.0
813.0
797.0
754.0
807.0
624.0
731.0
791.0
804.0
554.0
866.0
860.0
1043.0
772.0
776.0
790.0
755.0
751.0
553.0
772.0
807.0
761.0
742.0
829.0
722.0
729.0
827.0
743.0
730.0
763.0
789.0
747.0
803.0
754.0
749.0
629.0
710.0
577.0
674.0
815.0
657.0
773.0
830.0
841.0
739.0
743.0
753.0
744.0
715.0
657.0
757.0
772.0
754.0
750.0
738.0
866.0
846.0
749.0
794.0
726.0
821.0
782.0
719.0
744.0
739.0
853.0
744.0
935.0
789.0
572.0
770.0
738.0
746.0
727.0
783.0
737.0
780.0
752.0
842.0
794.0
734.0
817.0
843.0
739.0
770.0
545.0
858.0
776.0
732.0
764.0
742.0
782.0
764.0
744.0
774.0
662.0
763.0
746.0
789.0
862.0
815.0
749.0
913.0
725.0
728.0
784.0
672.0
806.0
698.0
689.0
741.0
724.0
748.0
823.0
750.0
787.0
829.0
762.0
783.0
636.0
772.0
832.0
751.0
763.0
749.0
879.0
701.0
589.0
729.0
747.0
752.0
749.0
806.0
867.0
736.0
834.0
710.0
636.0
789.0
730.0
771.0
778.0
765.0
743.0
650.0
759.0
731.0
760.0
773.0
890.0
773.0
734.0
922.0
979.0
651.0
798.0
849.0
713.0
779.0
729.0
793.0
930.0
926.0
834.0
814.0
744.0
763.0
764.0
757.0
709.0
731.0
688.0
777.0
726.0
611.0
749.0
736.0
713.0
818.0
768.0
671.0
886.0
898.0
794.0
816.0
715.0
827.0
756.0
708.0
757.0
737.0
599.0
785.0
781.0
863.0
768.0
804.0
750.0
777.0
854.0
751.0
757.0
721.0
742.0
682.0
780.0
833.0
773.0
764.0
741.0
767.0
777.0
730.0
747.0
712.0
914.0
746.0
789.0
835.0
758.0
798.0
722.0
774.0
567.0
752.0
745.0
811.0
762.0
752.0
889.0
823.0
776.0
788.0
866.0
861.0
773.0
781.0
783.0
766.0
800.0
744.0
898.0
750.0
767.0
809.0
725.0
805.0
701.0
751.0
772.0
726.0
833.0
1044.0
759.0
719.0
681.0
792.0
874.0
787.0
747.0
633.0
767.0
754.0
762.0
724.0
711.0
729.0
798.0
767.0
757.0
754.0
854.0
766.0
773.0
751.0
837.0
764.0
925.0
905.0
730.0
829.0
717.0
760.0
576.0
786.0
743.0
738.0
932.0
817.0
755.0
747.0
773.0
716.0
748.0
759.0
830.0
729.0
791.0
778.0
800.0
807.0
833.0
806.0
786.0
758.0
698.0
791.0
576.0
854.0
745.0
744.0
768.0
544.0
784.0
704.0
781.0
730.0
712.0
710.0
980.0
746.0
739.0
902.0
752.0
977.0
712.0
814.0
749.0
760.0
758.0
759.0
800.0
742.0
734.0
750.0
851.0
738.0
813.0
762.0
546.0
754.0
716.0
706.0
784.0
724.0
746.0
736.0
774.0
750.0
781.0
748.0
867.0
749.0
729.0
699.0
857.0
813.0
713.0
775.0
787.0
557.0
739.0
804.0
722.0
731.0
781.0
879.0
737.0
719.0
853.0
769.0
727.0
952.0
589.0
872.0
834.0
753.0
741.0
746.0
862.0
635.0
772.0
776.0
