0.47568314907730824
0.6236384120927918
0.5572497016781978
0.6514963436349338
0.6391150407273152
0.6267337378196964
0.7896089687028692
0.8360497317550781
0.6638776465425527
1.098299328775945
0.6607823208156479
0.7896089687028692
0.6329243892735058
0.4843198628128667
0.7451953639949146
0.8402716193052789
0.7415967332717653
0.6391150407273152
0.3253190779275924
0.6019711320044591
1.9837965237164292
1.1345493287759447
0.6840186417013758
0.6236384120927918
1.5451176348459805
0.7200049489328691
0.6984131645939733
0.6984131645939733
0.3808650494867946
0.6422103664542199
0.6732227495319277
1.0680909954426114
0.32248599724711396
1.4751030975108765
0.6453056921811245
0.6984131645939733
1.0318409954426115
1.0620493287759447
0.5957804805506496
1.0197576621092783
0.5841015535300496
0.7092090567634213
0.6700682979963619
0.5142867387152347
0.44761382943674344
0.6768213802550772
0.6360197150004104
0.5277126646411607
3.2591494956529816
0.7684995309518652
1.1587159954426116
0.7343994718254665
0.6050664577313637
0.6840186417013758
0.6236384120927918
0.6112571091851731
0.6669729722694573
0.5599348868633829
2.819372608778308
0.6984131645939733
0.9621542114003118
3.347104873027916
0.5733608127893087
0.6174477606389823
0.6840186417013758
1.1405909954426112
0.7200049489328691
0.7769433060522667
0.33671343251913394
0.5988758062775542
2.0717519010913636
0.5787311831596792
0.982492784556297
0.6840186417013758
0.926561708377337
0.7272022103791679
1.0079160010012789
0.6638776465425527
0.576045997974494
0.39675963159515243
0.7092090567634213
0.6804200109782265
0.6876172724245252
0.6019711320044591
0.9977467144232862
0.592685154823745
1.0680909954426114
0.6298290635466011
0.5841015535300496
0.6768213802550772
0.7415967332717653
0.6638776465425527
0.8960538486433588
0.6112571091851731
0.6422103664542199
0.6112571091851731
0.6984131645939733
0.6298290635466011
0.6453056921811245
0.32106945690687483
0.4217036882300682
0.38969537288032674
0.79383085625307
0.6329243892735058
0.6545916693618387
0.8909692053543625
1.1839877131256928
0.6840186417013758
0.3239025375873532
0.5653052572337532
1.3598976180588216
0.6112571091851731
0.7379981025486159
0.7092090567634213
0.8360497317550781
0.3843971788442075
0.6576869950887433
1.0318409954426115
0.6267337378196964
0.7559912561643626
0.6804200109782265
0.6298290635466011
4.171661823378176
0.4648872569078602
0.35084194994878537
0.6514963436349338
0.7896089687028692
0.3932275022377396
0.39675963159515243
0.6360197150004104
1.2130252616798578
0.9926620711342897
0.9519849248223188
0.6019711320044591
0.748793994718064
0.6732227495319277
0.6840186417013758
0.6267337378196964
0.6453056921811245
0.6700682979963619
0.7559912561643626
0.8022746313534715
1.8372042280915384
0.7128076874865705
0.870630632198377
0.7056104260402718
0.6948145338708239
0.6669729722694573
1.4504162090568646
0.5706756276041236
0.6700682979963619
0.6453056921811245
0.6876172724245252
0.6804200109782265
0.6700682979963619
0.7020117953171225
1.1103826621092783
0.6298290635466011
0.6267337378196964
0.6391150407273152
0.6700682979963619
0.7272022103791679
1.098299328775945
1.793226539404071
0.6804200109782265
0.5814163683448644
1.092257662109278
0.6984131645939733
1.1103826621092783
1.734589621154115
0.9163924217993443
0.576045997974494
0.7020117953171225
0.6840186417013758
0.407356019667391
0.5653052572337532
0.5089163683448644
0.8318278442048773
0.7415967332717653
0.9367309949553297
0.7272022103791679
0.7056104260402718
0.3526080146274918
0.5733608127893087
0.6669729722694573
0.37380079077196887
0.6840186417013758
0.9875774278452936
1.866522687216517
0.7559912561643626
0.3543740793061982
0.6391150407273152
0.7092090567634213
0.6143524349120777
0.7020117953171225
0.42818122353173704
0.6984131645939733
0.6050664577313637
0.5841015535300496
0.6236384120927918
1.1224659954426115
0.6804200109782265
1.0257993287759448
0.6453056921811245
0.6453056921811245
0.6236384120927918
0.3790989848080882
0.3861632435229138
0.7853870811526684
1.6495896845354217
0.926561708377337
0.6050664577313637
0.7056104260402718
0.6391150407273152
0.8064965189036724
0.7236035796560186
0.7056104260402718
1.6906119324666475
0.9011384919323553
0.5814163683448644
0.8191621815542749
0.6984131645939733
0.5895898290968403
0.6545916693618387
0.6112571091851731
0.7769433060522667
0.6912159031476746
1.7052711620291363
1.2493221973725637
0.7684995309518652
0.5957804805506496
0.9977467144232862
0.6205430863658872
0.576045997974494
0.5895898290968403
0.6236384120927918
0.7056104260402718
0.5733608127893087
0.7092090567634213
0.6732227495319277
0.7684995309518652
0.6669729722694573
0.748793994718064
1.292878520203811
1.2057658745413167
0.3632044026997303
0.7811651936024675
0.6669729722694573
0.7379981025486159
0.45625054317230185
0.9570695681113153
0.6422103664542199
0.8807999187763699
0.6205430863658872
0.6019711320044591
0.6804200109782265
0.855376702331388
0.7415967332717653
1.0137159954426116
0.4179524077396295
0.4864790412467562
0.8502920590423916
0.7056104260402718
0.6267337378196964
0.6484010179080292
0.6019711320044591
0.6669729722694573
1.037882662109278
0.3561401439849046
0.7343994718254665
0.9316463516663335
0.7853870811526684
0.6840186417013758
0.982492784556297
0.5957804805506496
0.9926620711342897
0.6112571091851731
0.7272022103791679
1.0028313577122827
0.6912159031476746
0.47352397064341856
0.6700682979963619
0.9163924217993443
0.7200049489328691
2.0717519010913636
0.8858845620653661
1.3436942301736
0.6174477606389823
0.6019711320044591
0.4020578256312717
0.7164063182097199
0.6984131645939733
0.7769433060522667
0.6143524349120777
0.4091220843460974
0.6019711320044591
0.7379981025486159
0.8757152754873735
0.5491941461226422
1.4504162090568646
0.8191621815542749
0.5957804805506496
0.5599348868633829
0.9469002815333226
0.6484010179080292
0.7853870811526684
0.8191621815542749
0.7379981025486159
0.8022746313534715
0.6700682979963619
1.3681265808768253
0.5706756276041236
0.9214770650883408
0.7164063182097199
0.7236035796560186
0.6050664577313637
0.6422103664542199
0.4821606843789771
0.5787311831596792
0.6700682979963619
0.7200049489328691
0.6912159031476746
0.7769433060522667
0.8909692053543625
0.8064965189036724
0.592685154823745
0.8757152754873735
0.7272022103791679
0.5841015535300496
1.1647576621092781
0.5814163683448644
0.6984131645939733
0.6912159031476746
0.407356019667391
0.9926620711342897
0.7056104260402718
0.6236384120927918
0.4161863430609231
0.6669729722694573
0.6391150407273152
0.6514963436349338
0.8022746313534715
1.4586451718748688
0.9418156382443261
0.6050664577313637
0.6112571091851731
0.6205430863658872
0.5653052572337532
0.5679904424189384
0.7415967332717653
0.533083035011531
0.8022746313534715
0.8402716193052789
0.44113629413507466
1.0257993287759448
0.6391150407273152
0.7020117953171225
0.6984131645939733
0.5599348868633829
0.9418156382443261
0.7128076874865705
0.6768213802550772
0.8149402940040741
0.3384794971978404
0.35084194994878537
0.6912159031476746
0.6019711320044591
0.6484010179080292
0.33523486030926664
0.6143524349120777
1.0741326621092784
0.7642776434016644
0.9926620711342897
1.1043409954426116
1.3763555436948294
1.7639080802790927
0.7164063182097199
0.7272022103791679
0.5988758062775542
0.4179524077396295
0.6804200109782265
0.592685154823745
0.7853870811526684
0.6329243892735058
0.7642776434016644
0.7092090567634213
0.6638776465425527
1.1345493287759447
0.8655459889093805
0.7200049489328691
0.7559912561643626
0.4144202783822167
0.36143833802102393
0.7128076874865705
0.7811651936024675
1.401042432148841
0.7379981025486159
0.9214770650883408
0.6545916693618387
0.7272022103791679
0.855376702331388
0.6912159031476746
0.8452074157533953
0.8022746313534715
0.7236035796560186
0.5895898290968403
0.9418156382443261
0.7092090567634213
1.2711003587881875
0.5957804805506496
0.7684995309518652
0.982492784556297
0.6840186417013758
0.8402716193052789
0.7164063182097199
0.5957804805506496
0.5518793313078273
0.6607823208156479
0.6514963436349338
0.8276059566546764
0.6804200109782265
0.9214770650883408
0.7642776434016644
0.8233840691044757
0.7272022103791679
0.5545645164930125
0.6840186417013758
0.4994341118500938
0.6484010179080292
0.5841015535300496
0.6019711320044591
0.7559912561643626
0.7379981025486159
0.6638776465425527
0.8960538486433588
1.0318409954426115
0.79383085625307
1.6021023892220392
0.5223422942707904
0.6050664577313637
0.7684995309518652
0.5957804805506496
0.6912159031476746
1.3763555436948294
0.7559912561643626
0.4346587588334058
0.9367309949553297
0.6453056921811245
0.6050664577313637
0.41265421370351024
0.6112571091851731
1.128507662109278
0.9011384919323553
0.5787311831596792
0.5988758062775542
0.7642776434016644
0.6143524349120777
0.5895898290968403
1.7785673098415824
1.417500357784849
0.5957804805506496
0.7092090567634213
0.419718472418336
0.8604613456203843
0.7236035796560186
0.8604613456203843
0.4144202783822167
0.6545916693618387
0.5895898290968403
0.6545916693618387
0.6984131645939733
0.6768213802550772
0.6422103664542199
0.6360197150004104
0.855376702331388
0.6267337378196964
0.6545916693618387
0.7559912561643626
0.5957804805506496
0.8149402940040741
0.5988758062775542
0.7056104260402718
0.6576869950887433
0.5572497016781978
0.4303404019656267
0.6298290635466011
0.7236035796560186
1.3681265808768253
0.6804200109782265
0.6050664577313637
0.7980527438032708
0.5572497016781978
0.7379981025486159
0.7020117953171225
0.33671343251913394
0.6545916693618387
1.1707993287759448
1.0079160010012789
0.8604613456203843
0.6576869950887433
2.1450480489038095
0.5957804805506496
0.7415967332717653
0.6638776465425527
0.6019711320044591
0.5679904424189384
0.8960538486433588
0.4161863430609231
0.4144202783822167
0.3338183199690274
0.6804200109782265
1.3598976180588216
0.6205430863658872
0.5706756276041236
0.6081617834582683
0.6984131645939733
0.6607823208156479
1.3364348430350586
0.6984131645939733
0.6700682979963619
0.6360197150004104
0.6576869950887433
0.9214770650883408
0.8909692053543625
0.6050664577313637
0.7811651936024675
1.6021023892220392
0.8604613456203843
0.8807999187763699
0.9316463516663335
0.3309852392885491
0.6205430863658872
0.7379981025486159
0.6638776465425527
0.5089163683448644
1.098299328775945
0.3239025375873532
1.1985064874027753
1.1405909954426112
0.5706756276041236
1.1587159954426116
0.6453056921811245
0.6453056921811245
0.576045997974494
0.6267337378196964
0.7020117953171225
0.7128076874865705
0.8604613456203843
0.6112571091851731
0.9926620711342897
0.6638776465425527
0.5957804805506496
0.6019711320044591
0.8318278442048773
0.8318278442048773
1.734589621154115
0.49295657654842506
0.6514963436349338
0.6267337378196964
0.6112571091851731
1.2057658745413167
0.6081617834582683
0.79383085625307
0.6453056921811245
0.533083035011531
0.6205430863658872
0.8360497317550781
0.6576869950887433
0.5957804805506496
0.6391150407273152
1.0680909954426114
1.037882662109278
0.41088814902480386
0.6360197150004104
0.6453056921811245
1.2275440359569403
0.6205430863658872
0.530397849826346
0.5733608127893087
0.6453056921811245
0.7092090567634213
0.6669729722694573
0.6876172724245252
1.9105003759039842
0.7092090567634213
1.28561913306527
0.7769433060522667
0.5357682201967162
0.8022746313534715
0.8149402940040741
0.5518793313078273
0.9469002815333226
0.5787311831596792
0.6984131645939733
0.6143524349120777
0.7642776434016644
0.6236384120927918
0.6840186417013758
1.1707993287759448
0.7092090567634213
0.7056104260402718
1.1707993287759448
0.3384794971978404
0.6984131645939733
1.8372042280915384
0.6422103664542199
0.7523926254412132
0.5223422942707904
0.6050664577313637
0.6298290635466011
0.5814163683448644
0.6267337378196964
0.7092090567634213
0.4389771157011851
0.5089163683448644
0.5626200720485681
0.4161863430609231
0.748793994718064
0.6050664577313637
0.7128076874865705
0.5599348868633829
0.6453056921811245
0.9011384919323553
0.772721418502066
0.3239025375873532
0.3790989848080882
0.8360497317550781
0.6143524349120777
1.1985064874027753
0.7379981025486159
0.7343994718254665
0.79383085625307
0.6019711320044591
0.6391150407273152
0.6669729722694573
0.6298290635466011
0.7811651936024675
0.6514963436349338
0.6768213802550772
1.1405909954426112
0.8276059566546764
1.6685846026607745
1.409271394966845
0.6638776465425527
0.5814163683448644
0.6638776465425527
0.7559912561643626
0.49079739811453543
0.6050664577313637
0.5814163683448644
0.9672388546893079
0.7559912561643626
0.7236035796560186
0.6768213802550772
2.4382326401535916
0.8318278442048773
0.5089163683448644
0.7056104260402718
0.5626200720485681
0.5465089609374569
0.7684995309518652
0.8757152754873735
0.748793994718064
0.6081617834582683
0.9926620711342897
0.7523926254412132
0.7128076874865705
0.8107184064538733
0.7559912561643626
1.1043409954426116
0.8604613456203843
0.6081617834582683
0.5411385905670866
0.7272022103791679
0.5957804805506496
0.6576869950887433
0.7600557558514635
0.6669729722694573
0.6576869950887433
0.6143524349120777
0.7451953639949146
0.870630632198377
1.1466326621092782
0.5787311831596792
0.8233840691044757
0.6019711320044591
0.7092090567634213
0.7308008411023172
0.8022746313534715
0.6391150407273152
0.7272022103791679
1.7785673098415824
0.4540913647384122
1.2493221973725637
