2.2416321635093466
1.836226292802623
0.34461916593267883
1.0677755824479003
0.5455175459656475
0.42690959449543603
0.963748487364219
1.1457014555769096
3.0669226860194594
0.9883751345091678
0.9095698636453318
1.0437983907158974
2.5891229098293946
1.4555226884062789
0.963748487364219
1.2995960149092733
2.256110944606015
1.1636843493759117
1.9520565415759727
1.6353426786041534
1.1097356679789052
0.39354394025564765
0.7155333644962462
0.5755086306610413
1.1457014555769096
0.6522793659884729
0.998225793367147
1.2168068434572636
1.285797819667272
1.1636843493759117
1.9086201982859665
1.3813168060533376
0.7651744055644631
1.0318097948498959
0.3817345119707931
1.6004464130439877
2.1113231336393277
0.6981788453051606
1.237504136320266
0.7691488857156921
0.6308018030552368
1.1516957535099104
2.19819582021934
0.983449805080178
1.1892104529732601
1.073769880380901
0.8849432165003832
1.807268730609286
0.924345851932301
0.9883751345091678
1.073769880380901
1.175672945241913
0.983449805080178
2.8931773128594354
0.7810723261693783
2.4153775366693706
1.4142971982102004
0.4672097205988408
0.39354394025564765
0.998225793367147
1.1097356679789052
1.2582014291832684
1.196109550594261
1.2168068434572636
0.7810723261693783
1.073769880380901
1.2444032339412667
1.1636843493759117
0.8800178870713935
1.0557869865818987
0.870167228213414
1.5829982802639049
0.9440471696482601
1.2651005268042692
0.924345851932301
0.396918062622749
0.8455405810684653
2.8352621884727607
1.1397071576439088
1.1397071576439088
1.2582014291832684
1.3133942101512748
1.1037413700459044
0.9391218402192705
0.9588231579352292
1.4307873942886318
1.5481020147037388
1.003151122796137
0.39185687907209704
0.8997192047873522
1.3064951125302742
1.0437983907158974
1.1277185617779075
1.0497926886488982
1.4967481786023573
1.807268730609286
0.9933004639381575
1.073769880380901
1.1097356679789052
1.4555226884062789
1.4885030805631416
0.9440471696482601
0.9785244756511883
1.0857584762469024
0.9785244756511883
0.9341965107902805
0.8128681673792082
1.3409906006352783
2.0099716659626474
1.025815496916895
0.9933004639381575
0.983449805080178
3.8293298556501076
0.8287660879841231
0.9933004639381575
2.53120778544272
0.7294169798491145
1.1397071576439088
1.5742742138738632
1.196109550594261
0.7537133067166341
0.8128681673792082
0.7016497491433777
1.175672945241913
1.0080764522251267
0.37836038960369184
1.5481020147037388
1.0557869865818987
1.1696786473089125
0.46084654279304005
0.8652418987844243
0.9341965107902805
0.8406895284378093
0.8849432165003832
0.3682380225023879
0.6842952299522923
1.2099077458362626
0.9391218402192705
3.269625621372821
0.6338700263314134
1.175672945241913
1.0437983907158974
1.1516957535099104
0.9391218402192705
0.9194205225033113
1.9954928848659788
0.9489724990772497
0.9440471696482601
0.7929957666230645
1.025815496916895
1.0977470721129037
0.9588231579352292
0.8247916078328943
0.9440471696482601
2.256110944606015
1.644066744994195
0.31271577477382506
1.1277185617779075
1.9086201982859665
2.0389292281559848
1.4307873942886318
1.133712859710908
1.3409906006352783
0.39354394025564765
1.0198211989838943
0.9588231579352292
1.591722346653946
0.8367150482865806
1.5829982802639049
3.356498307952833
2.4153775366693706
1.4720128844847102
1.0198211989838943
1.196109550594261
0.8947938753583627
1.1823113553522595
1.025815496916895
0.712062460658029
1.5219298155336145
1.749353606222611
0.8849432165003832
1.1516957535099104
1.0497926886488982
0.8997192047873522
2.0389292281559848
1.5132383746807887
0.9440471696482601
1.3565815119356903
1.4555226884062789
0.8603165693554345
0.4672097205988408
0.889868545929373
1.230605038699265
1.0318097948498959
0.9883751345091678
0.8327405681353518
3.4949362174791334
2.0678867903493225
0.9933004639381575
0.4714518391360414
0.924345851932301
1.0378040927828964
1.0318097948498959
1.0198211989838943
1.0080764522251267
0.6522793659884729
1.1037413700459044
1.373071708014122
0.6645522590931793
2.169238258026003
0.30856746829569287
1.2168068434572636
1.1823113553522595
2.3140260689926895
1.27199962442527
1.2099077458362626
0.45024124645003877
3.877100375388818
2.4298563177660393
0.924345851932301
2.0678867903493225
0.9538978285062395
0.9046445342163422
5.797012960380044
1.1823113553522595
0.983449805080178
1.0138269010508936
1.025815496916895
0.9095698636453318
1.4390324923278475
1.0797641783139016
0.3817345119707931
0.8406895284378093
1.4637677864454945
2.1547594769293346
1.4472775903670632
1.0977470721129037
0.3196296189040454
1.0437983907158974
0.9046445342163422
1.0557869865818987
0.8849432165003832
1.0318097948498959
0.9785244756511883
1.1823113553522595
2.125801914735997
1.0617812845148995
1.203008648215262
1.0617812845148995
1.2513023315622678
1.6789630105543607
7.8246236619967755
1.1636843493759117
0.4205464166896352
0.9785244756511883
0.8455405810684653
1.3483364138964749
1.2168068434572636
1.2788987220462709
2.0678867903493225
4.498117131992055
1.0080764522251267
1.1097356679789052
0.8287660879841231
1.480257982523926
1.003151122796137
1.2788987220462709
1.5132383746807887
0.7810723261693783
1.1277185617779075
1.3133942101512748
1.2788987220462709
0.8327405681353518
0.983449805080178
1.2926969172882725
1.1277185617779075
1.7927899495126174
0.3463062271162295
0.36317683895173597
0.7363587875255487
2.458813879959376
1.530653881923656
1.115729965911906
1.7203960440292738
1.2444032339412667
1.3064951125302742
0.6308018030552368
0.963748487364219
1.0198211989838943
1.7638323873192798
1.175672945241913
0.9095698636453318
0.8603165693554345
1.0977470721129037
0.5305220036179507
1.9954928848659788
0.8652418987844243
1.1457014555769096
1.1636843493759117
1.1037413700459044
0.8088936872279794
0.8800178870713935
1.0318097948498959
1.5481020147037388
4.498117131992055
1.3648266099749062
1.6178945458240706
2.1547594769293346
1.1696786473089125
1.0917527741799031
1.1217242638449068
1.3409906006352783
1.3340915030142775
1.1636843493759117
2.0099716659626474
0.9686738167932087
0.9046445342163422
1.3565815119356903
1.0318097948498959
1.0318097948498959
1.2513023315622678
0.41041455209115424
0.9588231579352292
1.196109550594261
1.807268730609286
1.1696786473089125
0.800944726925522
1.203008648215262
1.0497926886488982
1.2168068434572636
1.2651005268042692
1.0497926886488982
0.9933004639381575
0.9095698636453318
0.9883751345091678
0.9095698636453318
1.0797641783139016
1.2651005268042692
0.8849432165003832
0.9095698636453318
0.8455405810684653
1.591722346653946
1.1397071576439088
0.44387806864423807
0.7224751721726802
0.9440471696482601
1.196109550594261
1.1037413700459044
0.9489724990772497
0.963748487364219
2.574644128732726
1.115729965911906
0.9095698636453318
0.6185289099505306
0.5380197747917992
1.530653881923656
1.6702389441643193
1.530653881923656
0.8750925576424038
0.8128681673792082
2.4298563177660393
0.45448336498723935
1.157690051442911
1.0617812845148995
0.8455405810684653
0.9785244756511883
1.2788987220462709
1.3648266099749062
1.0437983907158974
1.0977470721129037
1.115729965911906
1.6789630105543607
1.3895619040925533
1.0318097948498959
0.9588231579352292
1.133712859710908
0.7929957666230645
0.333457307164486
2.777347064086086
0.8849432165003832
2.502250223249383
0.8455405810684653
0.8800178870713935
0.8947938753583627
0.8504659104974551
1.025815496916895
0.9785244756511883
1.175672945241913
1.7203960440292738
0.9686738167932087
0.983449805080178
1.0198211989838943
1.1516957535099104
0.8287660879841231
0.9292711813612908
1.3565815119356903
0.750242402878417
1.1397071576439088
1.397807002131769
1.073769880380901
0.5855056588928392
4.665313951077542
1.0977470721129037
0.7467714990401998
1.2168068434572636
0.712062460658029
0.3496803494833308
1.1217242638449068
1.0977470721129037
0.8327405681353518
1.1457014555769096
1.3409906006352783
0.9341965107902805
1.3340915030142775
0.7051206529815949
0.9735991462221985
0.5430182889076981
1.237504136320266
0.8603165693554345
3.2117104969861465
0.963748487364219
0.7611999254132344
2.719431939699411
1.1277185617779075
1.0797641783139016
0.870167228213414
0.9686738167932087
1.1516957535099104
0.9046445342163422
0.870167228213414
1.3271924053932767
0.9292711813612908
1.7348748251259425
1.1457014555769096
1.3340915030142775
0.8849432165003832
1.230605038699265
1.7783111684159485
1.196109550594261
0.800944726925522
0.8168426475304369
1.0857584762469024
0.42903065376403626
0.3196296189040454
0.800944726925522
0.49054137255344366
0.9588231579352292
0.998225793367147
0.9933004639381575
0.2850603982529438
1.1217242638449068
0.8406895284378093
1.157690051442911
2.0244504470593156
1.1037413700459044
1.1217242638449068
1.8507050738992916
1.203008648215262
1.230605038699265
1.0797641783139016
0.29473978003525225
1.0977470721129037
0.9489724990772497
1.230605038699265
0.8553912399264447
0.9588231579352292
0.8997192047873522
0.31824685007800135
1.0617812845148995
1.1037413700459044
0.34799328829978016
0.3530544718504321
1.0917527741799031
0.8849432165003832
1.397807002131769
0.7537133067166341
0.5430182889076981
1.230605038699265
0.8849432165003832
0.8997192047873522
0.7398296913637658
1.285797819667272
1.2582014291832684
0.9686738167932087
0.963748487364219
1.530653881923656
0.998225793367147
0.9933004639381575
1.0198211989838943
0.3513674106668815
0.8652418987844243
1.2168068434572636
0.8247916078328943
0.963748487364219
0.8849432165003832
1.2237059410782642
1.8507050738992916
0.6185289099505306
0.6430746961599432
3.757674076042042
1.0437983907158974
2.647038034216068
1.0497926886488982
0.42690959449543603
1.1516957535099104
1.4060521001709847
0.8652418987844243
0.9883751345091678
0.8553912399264447
0.8327405681353518
1.373071708014122
1.0797641783139016
0.889868545929373
0.3817345119707931
0.8455405810684653
0.870167228213414
1.0497926886488982
0.5355205177338497
0.5055294330384558
0.8327405681353518
1.0977470721129037
1.237504136320266
0.9440471696482601
2.719431939699411
0.9046445342163422
0.9341965107902805
1.3064951125302742
0.5680108594871929
1.1277185617779075
0.924345851932301
1.025815496916895
1.2513023315622678
1.2926969172882725
1.1892104529732601
0.924345851932301
1.4967481786023573
4.2831497931678575
0.9785244756511883
0.31686408125195725
0.7731233658669208
2.719431939699411
0.998225793367147
1.8796626360926296
0.5555145741974455
2.082365571445991
0.924345851932301
1.4142971982102004
0.7085915568198119
1.4142971982102004
3.2117104969861465
2.328504850089358
0.8947938753583627
0.9489724990772497
1.4060521001709847
1.6353426786041534
1.003151122796137
0.7969702467742932
1.6353426786041534
0.8455405810684653
0.9391218402192705
2.299547287896021
0.9489724990772497
1.1457014555769096
1.0198211989838943
1.5393779483136976
0.8327405681353518
1.0557869865818987
2.647038034216068
1.3648266099749062
1.6353426786041534
1.0437983907158974
1.4390324923278475
2.502250223249383
1.0138269010508936
1.025815496916895
0.6842952299522923
1.196109550594261
0.924345851932301
1.3064951125302742
1.3133942101512748
0.8849432165003832
1.591722346653946
1.4060521001709847
1.5219298155336145
0.8247916078328943
1.7638323873192798
0.8652418987844243
0.6645522590931793
2.8642197506660976
1.3648266099749062
1.0318097948498959
0.45448336498723935
1.003151122796137
1.591722346653946
0.800944726925522
1.4555226884062789
1.0977470721129037
0.7537133067166341
0.889868545929373
1.1037413700459044
1.3064951125302742
0.4137886744582555
0.8800178870713935
1.115729965911906
1.003151122796137
1.4060521001709847
1.3409906006352783
1.3064951125302742
1.1217242638449068
1.6353426786041534
1.6353426786041534
0.7929957666230645
1.3648266099749062
1.9665353226726416
1.230605038699265
1.0198211989838943
1.3409906006352783
