771.0
785.0
802.0
778.0
603.0
720.0
707.0
733.0
654.0
666.0
690.0
794.0
775.0
742.0
699.0
718.0
721.0
641.0
688.0
710.0
773.0
716.0
709.0
699.0
713.0
714.0
786.0
851.0
772.0
803.0
747.0
706.0
851.0
701.0
786.0
717.0
702.0
717.0
866.0
725.0
861.0
730.0
738.0
706.0
798.0
754.0
805.0
704.0
705.0
725.0
760.0
749.0
738.0
719.0
763.0
709.0
715.0
823.0
822.0
706.0
689.0
763.0
783.0
789.0
726.0
740.0
730.0
764.0
787.0
778.0
797.0
840.0
747.0
761.0
731.0
734.0
626.0
641.0
705.0
757.0
714.0
718.0
709.0
692.0
731.0
738.0
730.0
611.0
733.0
717.0
742.0
730.0
714.0
862.0
853.0
717.0
780.0
723.0
729.0
757.0
724.0
712.0
868.0
735.0
784.0
742.0
846.0
729.0
690.0
733.0
702.0
827.0
728.0
718.0
770.0
829.0
714.0
724.0
720.0
720.0
718.0
762.0
857.0
713.0
760.0
746.0
758.0
742.0
690.0
718.0
781.0
740.0
722.0
721.0
733.0
726.0
761.0
737.0
717.0
808.0
725.0
692.0
760.0
864.0
740.0
734.0
680.0
758.0
725.0
662.0
800.0
702.0
756.0
718.0
724.0
734.0
776.0
771.0
713.0
822.0
725.0
730.0
774.0
701.0
830.0
760.0
724.0
750.0
749.0
713.0
948.0
699.0
724.0
698.0
687.0
703.0
794.0
714.0
798.0
718.0
782.0
753.0
716.0
717.0
738.0
718.0
849.0
701.0
714.0
846.0
755.0
727.0
725.0
795.0
732.0
718.0
703.0
709.0
907.0
708.0
733.0
701.0
717.0
799.0
741.0
788.0
770.0
832.0
722.0
719.0
919.0
685.0
838.0
720.0
822.0
795.0
712.0
754.0
767.0
728.0
790.0
814.0
813.0
770.0
715.0
721.0
690.0
762.0
679.0
699.0
623.0
729.0
740.0
812.0
713.0
724.0
779.0
791.0
717.0
754.0
706.0
676.0
674.0
726.0
762.0
734.0
705.0
698.0
878.0
744.0
710.0
752.0
720.0
713.0
777.0
694.0
690.0
773.0
709.0
737.0
687.0
950.0
758.0
742.0
730.0
640.0
728.0
808.0
682.0
698.0
947.0
747.0
680.0
746.0
686.0
784.0
878.0
597.0
702.0
730.0
713.0
677.0
805.0
714.0
723.0
721.0
725.0
777.0
699.0
730.0
706.0
699.0
687.0
758.0
725.0
713.0
746.0
713.0
869.0
609.0
664.0
749.0
720.0
752.0
613.0
741.0
743.0
750.0
794.0
691.0
849.0
765.0
700.0
874.0
801.0
673.0
695.0
763.0
728.0
777.0
722.0
699.0
771.0
723.0
702.0
757.0
756.0
708.0
849.0
726.0
767.0
707.0
714.0
724.0
780.0
747.0
708.0
789.0
725.0
722.0
721.0
667.0
845.0
675.0
733.0
717.0
694.0
747.0
696.0
700.0
720.0
679.0
598.0
688.0
741.0
737.0
721.0
695.0
738.0
743.0
821.0
711.0
884.0
741.0
699.0
888.0
714.0
729.0
798.0
713.0
830.0
725.0
679.0
705.0
714.0
681.0
721.0
754.0
763.0
728.0
722.0
722.0
711.0
762.0
742.0
757.0
666.0
706.0
744.0
735.0
752.0
722.0
680.0
724.0
724.0
706.0
708.0
781.0
765.0
715.0
765.0
696.0
681.0
741.0
801.0
705.0
724.0
707.0
797.0
787.0
770.0
736.0
724.0
789.0
763.0
734.0
612.0
721.0
756.0
770.0
771.0
843.0
721.0
761.0
731.0
701.0
736.0
678.0
731.0
701.0
707.0
731.0
736.0
722.0
777.0
782.0
733.0
791.0
815.0
725.0
701.0
743.0
699.0
1039.0
724.0
677.0
789.0
838.0
696.0
662.0
725.0
756.0
709.0
650.0
679.0
756.0
803.0
746.0
712.0
797.0
849.0
761.0
712.0
691.0
755.0
758.0
880.0
718.0
837.0
672.0
718.0
624.0
800.0
712.0
748.0
712.0
741.0
745.0
820.0
879.0
750.0
724.0
749.0
738.0
714.0
720.0
753.0
720.0
688.0
683.0
836.0
609.0
742.0
901.0
770.0
707.0
776.0
701.0
754.0
686.0
756.0
699.0
739.0
692.0
756.0
660.0
724.0
690.0
833.0
803.0
900.0
701.0
726.0
681.0
698.0
749.0
706.0
689.0
600.0
741.0
778.0
698.0
755.0
716.0
707.0
717.0
689.0
716.0
798.0
741.0
875.0
674.0
689.0
845.0
707.0
702.0
737.0
798.0
761.0
717.0
709.0
724.0
718.0
832.0
708.0
726.0
757.0
782.0
697.0
718.0
708.0
762.0
695.0
715.0
813.0
720.0
766.0
789.0
772.0
747.0
734.0
778.0
717.0
703.0
717.0
751.0
818.0
731.0
703.0
716.0
748.0
656.0
716.0
694.0
810.0
699.0
756.0
706.0
779.0
711.0
784.0
707.0
859.0
744.0
618.0
812.0
724.0
731.0
693.0
816.0
783.0
767.0
698.0
740.0
752.0
703.0
797.0
690.0
718.0
749.0
726.0
850.0
741.0
723.0
774.0
792.0
793.0
758.0
713.0
859.0
721.0
818.0
831.0
703.0
756.0
721.0
656.0
741.0
786.0
725.0
605.0
707.0
692.0
684.0
661.0
739.0
786.0
700.0
690.0
645.0
678.0
780.0
703.0
692.0
685.0
746.0
753.0
877.0
693.0
720.0
730.0
809.0
721.0
734.0
693.0
749.0
682.0
724.0
648.0
722.0
703.0
732.0
767.0
746.0
725.0
701.0
731.0
