633.0
758.0
768.0
757.0
763.0
643.0
741.0
616.0
836.0
914.0
738.0
797.0
770.0
718.0
760.0
774.0
779.0
791.0
761.0
936.0
818.0
809.0
760.0
652.0
776.0
760.0
573.0
768.0
737.0
923.0
742.0
802.0
637.0
740.0
776.0
738.0
728.0
726.0
778.0
842.0
869.0
656.0
715.0
888.0
794.0
621.0
748.0
731.0
784.0
806.0
747.0
761.0
812.0
660.0
752.0
798.0
821.0
804.0
776.0
696.0
697.0
772.0
852.0
803.0
648.0
754.0
808.0
793.0
741.0
788.0
870.0
570.0
746.0
750.0
745.0
954.0
832.0
663.0
847.0
857.0
674.0
785.0
778.0
765.0
772.0
736.0
788.0
701.0
868.0
722.0
884.0
803.0
747.0
761.0
744.0
749.0
753.0
832.0
759.0
984.0
571.0
773.0
719.0
819.0
637.0
746.0
886.0
754.0
795.0
633.0
714.0
818.0
736.0
797.0
840.0
821.0
726.0
730.0
752.0
756.0
746.0
597.0
630.0
750.0
824.0
834.0
706.0
882.0
734.0
681.0
739.0
685.0
835.0
1311.0
600.0
852.0
726.0
667.0
591.0
741.0
725.0
855.0
619.0
734.0
700.0
746.0
794.0
762.0
715.0
825.0
747.0
924.0
773.0
721.0
717.0
756.0
768.0
787.0
725.0
779.0
725.0
758.0
739.0
726.0
753.0
762.0
592.0
726.0
721.0
723.0
767.0
801.0
689.0
808.0
794.0
756.0
733.0
748.0
985.0
732.0
589.0
742.0
936.0
791.0
725.0
576.0
766.0
781.0
762.0
762.0
749.0
582.0
761.0
753.0
856.0
758.0
824.0
794.0
784.0
741.0
784.0
677.0
842.0
786.0
780.0
726.0
766.0
763.0
750.0
938.0
890.0
797.0
762.0
771.0
820.0
741.0
659.0
825.0
616.0
797.0
753.0
748.0
835.0
610.0
786.0
812.0
652.0
826.0
833.0
895.0
717.0
800.0
840.0
912.0
777.0
822.0
754.0
840.0
791.0
793.0
765.0
638.0
813.0
756.0
669.0
930.0
815.0
942.0
733.0
761.0
753.0
757.0
875.0
893.0
757.0
898.0
740.0
769.0
674.0
578.0
786.0
748.0
720.0
770.0
685.0
853.0
756.0
736.0
1019.0
808.0
725.0
748.0
763.0
779.0
847.0
774.0
765.0
791.0
773.0
766.0
762.0
730.0
791.0
717.0
738.0
943.0
794.0
633.0
772.0
797.0
725.0
752.0
790.0
737.0
786.0
733.0
767.0
740.0
777.0
804.0
771.0
770.0
773.0
766.0
754.0
788.0
816.0
774.0
869.0
741.0
754.0
784.0
718.0
604.0
946.0
607.0
957.0
753.0
789.0
601.0
727.0
846.0
814.0
765.0
589.0
785.0
777.0
721.0
806.0
770.0
802.0
801.0
655.0
715.0
762.0
882.0
733.0
730.0
727.0
757.0
744.0
1002.0
763.0
774.0
814.0
594.0
823.0
582.0
754.0
777.0
738.0
760.0
725.0
642.0
740.0
753.0
828.0
738.0
811.0
772.0
740.0
716.0
766.0
747.0
797.0
582.0
820.0
806.0
778.0
747.0
711.0
759.0
730.0
726.0
731.0
754.0
619.0
746.0
770.0
901.0
774.0
800.0
752.0
740.0
721.0
744.0
734.0
750.0
785.0
777.0
774.0
776.0
682.0
686.0
782.0
755.0
721.0
710.0
785.0
788.0
770.0
833.0
792.0
897.0
733.0
781.0
745.0
777.0
870.0
744.0
759.0
835.0
754.0
774.0
744.0
802.0
754.0
602.0
726.0
747.0
746.0
592.0
867.0
799.0
741.0
750.0
740.0
851.0
703.0
770.0
764.0
625.0
889.0
770.0
748.0
757.0
853.0
626.0
741.0
888.0
796.0
754.0
855.0
760.0
749.0
788.0
765.0
776.0
740.0
786.0
767.0
741.0
726.0
895.0
733.0
804.0
594.0
747.0
744.0
741.0
778.0
840.0
776.0
773.0
685.0
752.0
729.0
766.0
825.0
578.0
721.0
741.0
762.0
757.0
748.0
742.0
738.0
816.0
857.0
589.0
767.0
754.0
787.0
749.0
818.0
742.0
778.0
773.0
763.0
770.0
798.0
812.0
818.0
729.0
767.0
774.0
886.0
745.0
753.0
747.0
945.0
748.0
736.0
928.0
776.0
769.0
760.0
796.0
808.0
744.0
744.0
793.0
776.0
794.0
760.0
768.0
802.0
778.0
797.0
778.0
730.0
717.0
635.0
729.0
800.0
809.0
779.0
754.0
741.0
798.0
854.0
595.0
740.0
666.0
756.0
746.0
744.0
831.0
789.0
800.0
761.0
738.0
861.0
699.0
739.0
750.0
769.0
776.0
788.0
818.0
722.0
875.0
758.0
771.0
786.0
588.0
750.0
773.0
789.0
821.0
766.0
793.0
744.0
725.0
743.0
632.0
800.0
1017.0
774.0
739.0
748.0
862.0
743.0
770.0
776.0
737.0
761.0
815.0
677.0
745.0
714.0
729.0
787.0
740.0
759.0
726.0
843.0
761.0
836.0
769.0
826.0
800.0
778.0
761.0
645.0
1001.0
742.0
599.0
746.0
756.0
769.0
758.0
787.0
745.0
731.0
744.0
747.0
811.0
721.0
750.0
731.0
758.0
715.0
814.0
770.0
731.0
715.0
736.0
802.0
708.0
719.0
731.0
802.0
730.0
800.0
739.0
615.0
965.0
589.0
765.0
749.0
765.0
718.0
843.0
909.0
732.0
758.0
776.0
719.0
794.0
816.0
721.0
862.0
745.0
782.0
871.0
754.0
807.0
750.0
856.0
744.0
893.0
570.0
721.0
727.0
823.0
752.0
750.0
786.0
801.0
743.0
812.0
757.0
715.0
750.0
808.0
731.0
802.0
738.0
661.0
782.0
744.0
739.0
739.0
748.0
650.0
718.0
828.0
734.0
736.0
739.0
747.0
781.0
753.0
800.0
733.0
732.0
778.0
652.0
737.0
753.0
886.0
749.0
812.0
572.0
751.0
717.0
801.0
746.0
759.0
709.0
745.0
736.0
648.0
886.0
667.0
892.0
777.0
772.0
714.0
787.0
812.0
761.0
836.0
732.0
817.0
814.0
853.0
713.0
736.0
742.0
794.0
769.0
758.0
738.0
735.0
784.0
760.0
818.0
759.0
829.0
763.0
866.0
878.0
