722.0
700.0
734.0
746.0
706.0
738.0
810.0
754.0
708.0
774.0
763.0
613.0
846.0
626.0
760.0
753.0
773.0
714.0
821.0
741.0
760.0
731.0
691.0
759.0
781.0
802.0
747.0
786.0
810.0
648.0
795.0
621.0
605.0
721.0
757.0
793.0
723.0
715.0
756.0
716.0
762.0
747.0
816.0
742.0
803.0
765.0
755.0
738.0
736.0
732.0
730.0
765.0
783.0
735.0
718.0
731.0
608.0
798.0
749.0
762.0
832.0
712.0
622.0
684.0
898.0
721.0
752.0
749.0
830.0
782.0
740.0
714.0
725.0
752.0
747.0
773.0
736.0
724.0
761.0
719.0
749.0
842.0
812.0
812.0
725.0
622.0
738.0
741.0
826.0
744.0
727.0
630.0
752.0
713.0
808.0
772.0
770.0
655.0
726.0
723.0
889.0
744.0
722.0
875.0
770.0
723.0
767.0
785.0
742.0
820.0
733.0
725.0
720.0
802.0
739.0
682.0
666.0
766.0
776.0
896.0
907.0
781.0
892.0
724.0
652.0
834.0
741.0
774.0
763.0
869.0
944.0
766.0
834.0
701.0
762.0
714.0
886.0
609.0
635.0
611.0
797.0
752.0
732.0
896.0
715.0
689.0
698.0
819.0
729.0
764.0
792.0
663.0
737.0
733.0
778.0
844.0
742.0
755.0
755.0
727.0
730.0
864.0
789.0
753.0
749.0
738.0
791.0
854.0
722.0
776.0
708.0
778.0
744.0
795.0
731.0
760.0
725.0
723.0
765.0
862.0
751.0
751.0
689.0
782.0
786.0
781.0
704.0
722.0
738.0
758.0
862.0
720.0
786.0
737.0
757.0
761.0
747.0
807.0
712.0
673.0
713.0
774.0
895.0
771.0
716.0
754.0
866.0
850.0
695.0
759.0
776.0
709.0
706.0
757.0
721.0
748.0
749.0
757.0
615.0
834.0
724.0
786.0
767.0
744.0
749.0
763.0
706.0
834.0
778.0
744.0
839.0
767.0
838.0
754.0
728.0
714.0
750.0
726.0
715.0
900.0
750.0
776.0
722.0
754.0
620.0
740.0
747.0
741.0
762.0
821.0
781.0
776.0
721.0
756.0
774.0
853.0
625.0
818.0
724.0
716.0
707.0
717.0
726.0
758.0
844.0
637.0
700.0
733.0
777.0
830.0
690.0
737.0
764.0
764.0
717.0
848.0
706.0
695.0
780.0
841.0
711.0
770.0
730.0
706.0
802.0
641.0
836.0
733.0
714.0
641.0
730.0
689.0
844.0
989.0
624.0
803.0
767.0
749.0
785.0
720.0
720.0
731.0
730.0
731.0
709.0
747.0
773.0
758.0
753.0
698.0
746.0
805.0
744.0
750.0
762.0
775.0
724.0
721.0
744.0
757.0
832.0
893.0
788.0
722.0
776.0
734.0
708.0
795.0
792.0
921.0
773.0
733.0
733.0
714.0
798.0
731.0
669.0
709.0
740.0
742.0
648.0
757.0
748.0
745.0
726.0
742.0
728.0
659.0
704.0
754.0
740.0
745.0
855.0
780.0
756.0
717.0
757.0
710.0
771.0
715.0
756.0
766.0
759.0
670.0
828.0
850.0
781.0
700.0
726.0
730.0
780.0
753.0
644.0
718.0
803.0
760.0
742.0
788.0
736.0
787.0
745.0
697.0
649.0
632.0
736.0
809.0
746.0
744.0
724.0
861.0
704.0
731.0
798.0
747.0
805.0
734.0
772.0
803.0
703.0
715.0
929.0
782.0
683.0
792.0
820.0
741.0
729.0
862.0
773.0
778.0
803.0
762.0
761.0
744.0
800.0
797.0
751.0
876.0
842.0
731.0
698.0
685.0
777.0
770.0
754.0
695.0
761.0
780.0
738.0
851.0
725.0
760.0
731.0
727.0
810.0
746.0
821.0
766.0
782.0
1050.0
691.0
606.0
848.0
710.0
731.0
708.0
744.0
761.0
761.0
694.0
621.0
746.0
695.0
729.0
791.0
746.0
739.0
767.0
751.0
738.0
808.0
693.0
785.0
749.0
940.0
772.0
757.0
722.0
762.0
906.0
744.0
761.0
757.0
754.0
774.0
690.0
835.0
741.0
731.0
808.0
805.0
674.0
813.0
726.0
778.0
738.0
766.0
725.0
632.0
740.0
637.0
887.0
804.0
730.0
700.0
802.0
789.0
725.0
721.0
770.0
851.0
741.0
731.0
749.0
664.0
761.0
722.0
786.0
749.0
661.0
741.0
752.0
764.0
734.0
800.0
767.0
727.0
761.0
751.0
731.0
781.0
729.0
720.0
705.0
782.0
723.0
808.0
726.0
818.0
715.0
805.0
798.0
641.0
734.0
757.0
713.0
908.0
810.0
827.0
754.0
714.0
696.0
717.0
755.0
714.0
727.0
719.0
812.0
773.0
802.0
849.0
807.0
646.0
681.0
666.0
704.0
977.0
718.0
746.0
730.0
753.0
845.0
713.0
717.0
752.0
790.0
768.0
726.0
803.0
890.0
788.0
733.0
829.0
730.0
758.0
758.0
738.0
910.0
752.0
805.0
739.0
795.0
774.0
758.0
758.0
705.0
749.0
758.0
730.0
726.0
641.0
734.0
818.0
678.0
705.0
640.0
678.0
698.0
770.0
730.0
739.0
778.0
730.0
944.0
744.0
693.0
838.0
738.0
775.0
729.0
795.0
773.0
714.0
642.0
779.0
754.0
818.0
856.0
787.0
706.0
715.0
658.0
730.0
843.0
662.0
813.0
779.0
760.0
902.0
731.0
741.0
650.0
819.0
732.0
846.0
621.0
688.0
631.0
805.0
707.0
742.0
687.0
747.0
726.0
744.0
752.0
648.0
725.0
848.0
761.0
710.0
713.0
744.0
812.0
754.0
714.0
727.0
610.0
789.0
736.0
778.0
792.0
824.0
741.0
763.0
709.0
987.0
710.0
745.0
761.0
734.0
740.0
789.0
769.0
693.0
747.0
784.0
858.0
616.0
742.0
781.0
759.0
757.0
610.0
732.0
761.0
839.0
705.0
728.0
804.0
709.0
752.0
