868.0
818.0
826.0
976.0
948.0
806.0
856.0
1056.0
594.0
840.0
859.0
1035.0
915.0
604.0
834.0
849.0
854.0
907.0
881.0
825.0
988.0
810.0
930.0
818.0
842.0
575.0
853.0
818.0
1157.0
858.0
881.0
814.0
573.0
853.0
853.0
913.0
854.0
857.0
904.0
821.0
821.0
894.0
800.0
903.0
881.0
978.0
910.0
843.0
853.0
858.0
849.0
850.0
835.0
622.0
833.0
896.0
923.0
927.0
848.0
869.0
595.0
855.0
874.0
894.0
821.0
901.0
813.0
937.0
926.0
897.0
809.0
823.0
902.0
1112.0
876.0
879.0
1016.0
658.0
886.0
841.0
810.0
896.0
884.0
842.0
808.0
869.0
901.0
985.0
839.0
649.0
813.0
750.0
813.0
837.0
1033.0
932.0
726.0
908.0
961.0
862.0
848.0
811.0
1022.0
587.0
805.0
803.0
893.0
862.0
827.0
869.0
959.0
790.0
882.0
881.0
786.0
837.0
822.0
616.0
875.0
978.0
644.0
906.0
765.0
843.0
626.0
876.0
882.0
821.0
882.0
826.0
859.0
885.0
710.0
843.0
941.0
858.0
842.0
834.0
881.0
841.0
880.0
869.0
830.0
857.0
890.0
865.0
722.0
818.0
859.0
827.0
870.0
945.0
954.0
844.0
1128.0
816.0
749.0
931.0
773.0
793.0
842.0
841.0
889.0
866.0
781.0
860.0
799.0
822.0
741.0
916.0
742.0
818.0
976.0
805.0
1022.0
863.0
860.0
785.0
909.0
830.0
926.0
966.0
850.0
1066.0
829.0
898.0
828.0
805.0
853.0
913.0
850.0
940.0
822.0
845.0
885.0
917.0
873.0
878.0
870.0
866.0
870.0
670.0
932.0
883.0
869.0
854.0
872.0
917.0
850.0
841.0
941.0
884.0
824.0
882.0
851.0
833.0
837.0
806.0
921.0
909.0
957.0
863.0
862.0
848.0
900.0
939.0
842.0
776.0
816.0
890.0
868.0
845.0
993.0
1065.0
741.0
862.0
865.0
891.0
889.0
890.0
870.0
814.0
817.0
877.0
630.0
821.0
894.0
854.0
1012.0
887.0
833.0
844.0
886.0
853.0
905.0
1211.0
881.0
843.0
835.0
819.0
624.0
814.0
1133.0
873.0
902.0
814.0
858.0
852.0
838.0
813.0
842.0
959.0
858.0
797.0
1202.0
845.0
811.0
833.0
890.0
590.0
1040.0
835.0
864.0
1011.0
809.0
796.0
903.0
788.0
890.0
840.0
813.0
848.0
914.0
809.0
820.0
953.0
845.0
931.0
613.0
891.0
884.0
954.0
922.0
1042.0
585.0
802.0
789.0
805.0
917.0
898.0
854.0
804.0
926.0
877.0
918.0
789.0
833.0
868.0
829.0
804.0
882.0
590.0
882.0
939.0
830.0
873.0
852.0
950.0
822.0
1097.0
798.0
897.0
869.0
870.0
826.0
834.0
603.0
838.0
841.0
1002.0
807.0
860.0
932.0
752.0
798.0
685.0
889.0
869.0
654.0
862.0
832.0
800.0
910.0
857.0
862.0
897.0
857.0
817.0
822.0
921.0
868.0
1007.0
892.0
994.0
941.0
773.0
826.0
982.0
826.0
854.0
846.0
819.0
578.0
803.0
692.0
897.0
811.0
571.0
850.0
814.0
810.0
912.0
794.0
837.0
852.0
830.0
858.0
809.0
869.0
822.0
837.0
870.0
869.0
846.0
602.0
866.0
811.0
645.0
1117.0
794.0
616.0
801.0
859.0
849.0
877.0
852.0
860.0
855.0
826.0
932.0
657.0
857.0
932.0
788.0
597.0
722.0
878.0
932.0
986.0
840.0
802.0
816.0
964.0
876.0
946.0
903.0
831.0
846.0
845.0
929.0
808.0
810.0
836.0
816.0
955.0
805.0
816.0
962.0
837.0
826.0
717.0
917.0
1006.0
867.0
846.0
983.0
789.0
843.0
1042.0
898.0
843.0
868.0
829.0
843.0
837.0
1021.0
627.0
845.0
851.0
865.0
798.0
850.0
829.0
805.0
713.0
922.0
951.0
837.0
875.0
992.0
765.0
841.0
707.0
841.0
916.0
573.0
989.0
848.0
811.0
874.0
974.0
786.0
731.0
912.0
685.0
853.0
889.0
858.0
909.0
876.0
786.0
589.0
868.0
847.0
929.0
853.0
904.0
936.0
1034.0
980.0
863.0
805.0
830.0
968.0
843.0
805.0
873.0
949.0
948.0
906.0
818.0
862.0
821.0
800.0
645.0
861.0
849.0
852.0
877.0
849.0
942.0
852.0
965.0
620.0
865.0
818.0
963.0
867.0
932.0
811.0
802.0
776.0
794.0
866.0
850.0
627.0
1058.0
867.0
854.0
766.0
841.0
825.0
834.0
914.0
829.0
849.0
811.0
635.0
874.0
922.0
886.0
989.0
939.0
860.0
841.0
843.0
988.0
830.0
821.0
827.0
851.0
599.0
827.0
918.0
827.0
938.0
874.0
842.0
885.0
816.0
818.0
823.0
773.0
838.0
875.0
885.0
902.0
986.0
816.0
841.0
922.0
818.0
605.0
799.0
848.0
863.0
868.0
844.0
684.0
787.0
882.0
866.0
786.0
773.0
665.0
886.0
906.0
881.0
848.0
933.0
574.0
855.0
916.0
879.0
934.0
912.0
936.0
909.0
845.0
815.0
949.0
885.0
909.0
858.0
877.0
884.0
833.0
838.0
834.0
982.0
818.0
891.0
794.0
973.0
873.0
918.0
838.0
873.0
590.0
955.0
943.0
834.0
842.0
973.0
848.0
915.0
852.0
834.0
811.0
894.0
727.0
814.0
635.0
811.0
968.0
850.0
