0.8436081428620564
0.8676779768632013
0.8270242314175938
0.75462476025877
0.6844244263689535
0.694954476452426
0.6088007458175482
0.8773059104636594
1.0128581319696517
0.6648674124842149
0.6589656580982499
1.323427644612205
0.529371471122608
0.5396057272832407
0.7089945432303892
1.4815646569726217
1.4977299621143805
1.0797247745428353
0.6235551317824606
0.7946936211340763
0.9735852464682386
0.6844244263689535
0.6774043929799718
0.6058498686245657
0.7195245933138618
0.673894376285481
1.260640419394453
0.626506008975443
0.71250455992488
0.9110036780652621
0.925445578465949
0.7906522948486366
0.6412603949403552
1.0736459888543641
0.5999481142386008
0.733564660091825
0.38600171858537813
0.6560147809052674
1.3443567196847892
0.6058498686245657
0.7230346100083526
1.6688884830135637
0.9110036780652621
1.2257586276068124
0.8484221096622854
0.6530639037122851
0.7054845265358984
0.6117516230105307
0.8229829051321541
1.1405126314275478
1.1405126314275478
0.71250455992488
1.0128581319696517
0.925445578465949
0.7664043371359985
1.513907453203266
0.896561777664575
0.8229829051321541
0.9976550804693836
0.6235551317824606
0.7405846934808068
0.46058178875031
0.5651913676848228
0.580542751925772
0.6844244263689535
0.6028989914315833
0.9350735120664069
0.5910954826596535
0.8351068839884731
0.8027762737049557
0.7405846934808068
0.694954476452426
0.9495154124670938
0.38097482079697403
0.5575156755643481
0.716014576619371
1.0736459888543641
0.9832131800686966
1.0736459888543641
0.8532360764625143
1.1465914171160192
0.6383095177473728
0.36254286223949256
0.8724919436634302
0.71250455992488
0.6619165352912324
1.0858035602313068
0.7664043371359985
0.42960953242818867
0.402758044546725
0.6809144096744626
0.716014576619371
0.9398874788666359
0.75462476025877
1.4492340466891043
0.6501130265193026
0.6589656580982499
0.7785283159923176
0.626506008975443
0.71250455992488
1.5321405155338892
0.6235551317824606
0.6235551317824606
0.8027762737049557
0.7785283159923176
0.6383095177473728
0.7704456634214382
1.4815646569726217
0.8229829051321541
0.6471621493263201
0.798734947419516
0.6206042545894781
1.091882345919778
1.2536640610369247
0.7405846934808068
0.6028989914315833
0.6809144096744626
0.8068175999903954
0.798734947419516
0.7405846934808068
0.7054845265358984
0.8580500432627434
0.6589656580982499
0.7440947101752976
0.7583216845651192
0.6619165352912324
0.6088007458175482
0.75462476025877
0.8580500432627434
0.7946936211340763
1.116197488673663
0.6147025002035131
0.6844244263689535
0.6560147809052674
0.6471621493263201
1.1908768358191726
0.6844244263689535
0.6353586405543903
0.71250455992488
0.9880271468689256
0.7089945432303892
0.6844244263689535
0.5600742396045064
0.7906522948486366
0.6117516230105307
1.0493308461004793
0.6412603949403552
0.37929918820083935
1.6233058271870053
0.6648674124842149
0.6774043929799718
0.8628640100629724
0.6809144096744626
0.6294568861684254
0.8724919436634302
0.6560147809052674
0.6648674124842149
0.925445578465949
0.7866109685631969
0.798734947419516
1.0072830140698414
0.6117516230105307
0.733564660091825
0.6442112721333377
0.75462476025877
0.7370746767863159
0.6028989914315833
0.7440947101752976
0.7089945432303892
1.309474927897149
0.7265446267028434
0.6678182896771973
0.567749931724981
1.281569494467037
0.7511147435642792
0.6383095177473728
0.6028989914315833
0.6560147809052674
0.7054845265358984
0.915817644865491
0.8917478108643462
0.626506008975443
0.7019745098414076
0.594046359852636
0.9013757444648042
0.6707691668701797
0.4234150811637645
0.915817644865491
0.7265446267028434
0.5779841878856138
0.6028989914315833
0.7370746767863159
0.896561777664575
0.733564660091825
1.1344338457390766
0.7946936211340763
0.6809144096744626
1.0979611316082492
0.7054845265358984
0.6879344430634443
0.6501130265193026
0.7440947101752976
0.4275447153400473
1.2187822692492847
0.6353586405543903
0.6648674124842149
0.6589656580982499
0.906189711265033
0.915817644865491
0.6707691668701797
0.4358039836926129
0.7946936211340763
0.7089945432303892
0.7623630108505589
0.8027762737049557
0.6501130265193026
1.0371732747235367
0.9447014456668648
1.465399351830863
0.5969972370456184
0.6147025002035131
0.7744869897068779
0.9013757444648042
0.567749931724981
0.71250455992488
0.6984644931469167
1.821463450537656
0.7230346100083526
0.36589412743176186
0.925445578465949
0.6809144096744626
0.7370746767863159
0.7744869897068779
0.733564660091825
0.8773059104636594
0.7370746767863159
0.6879344430634443
1.559490109029824
0.7744869897068779
1.0858035602313068
0.3709210252201659
0.4128118401235331
0.8068175999903954
0.6648674124842149
0.6560147809052674
0.7019745098414076
0.8068175999903954
0.6324077633614078
0.567749931724981
0.7511147435642792
0.7906522948486366
0.7583216845651192
0.6206042545894781
0.896561777664575
0.8532360764625143
0.7300546433973342
0.6774043929799718
0.4874244108961484
0.4440632520451786
0.3742722904124353
1.1709065598699042
1.441151394118225
0.5370471632430825
0.6206042545894781
0.8676779768632013
1.288545852824565
0.7300546433973342
0.71250455992488
0.71250455992488
0.6774043929799718
0.6412603949403552
0.6619165352912324
0.5549571115241899
0.71250455992488
0.4481928862214615
0.5703084957651391
0.7265446267028434
0.6809144096744626
1.4330687415473455
0.8068175999903954
0.6774043929799718
1.0797247745428353
0.626506008975443
0.5242543430422917
0.6176533773964955
0.6471621493263201
3.046645552514761
1.309474927897149
0.9880271468689256
0.7906522948486366
1.7047794408255503
0.6088007458175482
2.3757124966701566
0.925445578465949
0.4502577033096029
0.6117516230105307
0.6589656580982499
0.8027762737049557
0.6879344430634443
0.7265446267028434
0.6560147809052674
0.6879344430634443
0.8773059104636594
0.7405846934808068
0.8773059104636594
0.6984644931469167
0.5114615228415006
0.36421849483562724
0.3960555141621862
0.4791651425435828
0.7785283159923176
1.4734820044017425
0.8436081428620564
0.7370746767863159
0.8351068839884731
0.580542751925772
2.3027849906000903
0.7704456634214382
0.6324077633614078
1.0675672031658927
0.9832131800686966
0.4729706912791585
0.7825696422777574
1.5959562336910706
1.0189369176581229
0.5969972370456184
1.0675672031658927
0.9735852464682386
0.673894376285481
0.4936188621605727
0.694954476452426
0.6809144096744626
0.7089945432303892
1.0128581319696517
2.7257645258064724
0.8628640100629724
1.352242215838552
0.7230346100083526
0.716014576619371
0.43993361786889584
0.6774043929799718
0.37259665781630064
0.7054845265358984
1.267616777751981
0.7089945432303892
0.6530639037122851
0.716014576619371
0.9687712796680096
1.416903436405587
0.7906522948486366
0.8351068839884731
0.6294568861684254
0.7300546433973342
0.673894376285481
0.4195143705080719
1.6901939396115373
0.9735852464682386
0.6117516230105307
2.1423444772459455
2.229857484530025
0.9880271468689256
0.6471621493263201
0.5063443947611842
1.0189369176581229
0.6809144096744626
1.1709065598699042
0.75462476025877
0.9350735120664069
0.7440947101752976
0.6707691668701797
0.38265045339310877
1.267616777751981
1.0072830140698414
0.8676779768632013
0.6589656580982499
0.7265446267028434
1.2955222111820928
0.529371471122608
0.6176533773964955
0.7704456634214382
0.7440947101752976
0.38097482079697403
0.6383095177473728
0.7906522948486366
0.6088007458175482
0.694954476452426
0.6619165352912324
0.6442112721333377
0.6809144096744626
0.626506008975443
0.7370746767863159
0.38600171858537813
0.4178387379119372
0.8027762737049557
0.5831013159659301
1.3443567196847892
1.7193649420395636
0.75462476025877
0.71250455992488
0.9302595452661778
0.673894376285481
0.8532360764625143
0.8310655577030335
1.9235619590357478
0.7265446267028434
0.6560147809052674
0.7019745098414076
0.6117516230105307
1.2397113443218686
0.7906522948486366
0.6147025002035131
1.0310944890350655
0.5910954826596535
0.7230346100083526
0.5779841878856138
0.6648674124842149
0.9928411136691544
2.054831469961867
0.7195245933138618
0.733564660091825
0.9639573128677807
1.2397113443218686
0.6117516230105307
0.4564521545740271
0.9110036780652621
0.7265446267028434
0.7664043371359985
0.6914444597579351
0.6383095177473728
0.3876773511815128
0.6530639037122851
0.733564660091825
0.6844244263689535
0.5626328036446646
0.6412603949403552
0.7265446267028434
0.39102861637378217
0.6383095177473728
0.6324077633614078
0.6560147809052674
1.0072830140698414
0.7664043371359985
0.6844244263689535
0.6879344430634443
0.6442112721333377
0.7300546433973342
0.6560147809052674
1.1709065598699042
1.267616777751981
0.7744869897068779
1.6050727648563823
0.71250455992488
0.6844244263689535
0.716014576619371
0.7623630108505589
0.5600742396045064
0.3709210252201659
0.8351068839884731
0.580542751925772
0.6324077633614078
0.9110036780652621
0.43993361786889584
0.7664043371359985
0.7440947101752976
0.7405846934808068
0.9302595452661778
0.7019745098414076
0.6560147809052674
0.7825696422777574
0.9447014456668648
0.6530639037122851
0.6648674124842149
1.3443567196847892
0.7300546433973342
0.580542751925772
0.6530639037122851
0.6294568861684254
0.6501130265193026
0.7195245933138618
0.7230346100083526
0.6294568861684254
0.7866109685631969
0.8310655577030335
0.8149002525612746
0.6774043929799718
0.7089945432303892
0.6117516230105307
0.7440947101752976
0.6589656580982499
0.673894376285481
0.6028989914315833
0.7583216845651192
0.7405846934808068
0.8189415788467144
0.8773059104636594
0.8068175999903954
0.3977311467583209
0.7906522948486366
1.1344338457390766
0.7440947101752976
0.7019745098414076
0.9687712796680096
0.798734947419516
0.7300546433973342
0.6809144096744626
0.6678182896771973
0.5779841878856138
0.7704456634214382
0.8189415788467144
0.6501130265193026
0.7019745098414076
0.6707691668701797
0.9495154124670938
0.6879344430634443
0.6383095177473728
1.1709065598699042
0.7704456634214382
0.6028989914315833
0.5703084957651391
1.116197488673663
0.7405846934808068
0.6412603949403552
0.5319300351627662
0.6324077633614078
1.416903436405587
1.0072830140698414
0.7440947101752976
0.6879344430634443
0.7946936211340763
0.8773059104636594
0.6678182896771973
0.7019745098414076
0.6589656580982499
0.9350735120664069
0.6984644931469167
0.71250455992488
0.4667762400147342
0.626506008975443
0.7583216845651192
0.6678182896771973
0.567749931724981
0.7866109685631969
0.3960555141621862
1.0128581319696517
0.7195245933138618
0.3742722904124353
0.6879344430634443
0.6176533773964955
0.8027762737049557
0.8149002525612746
0.8229829051321541
0.9880271468689256
0.6117516230105307
0.4667762400147342
0.6844244263689535
0.8270242314175938
1.1344338457390766
0.733564660091825
1.1769853455583754
0.7300546433973342
0.5999481142386008
0.8149002525612746
0.6117516230105307
0.716014576619371
0.6383095177473728
0.5882184440462466
0.7195245933138618
0.7866109685631969
0.7405846934808068
0.7744869897068779
0.7704456634214382
0.6774043929799718
0.9398874788666359
0.915817644865491
0.5999481142386008
0.4543873374858857
0.5969972370456184
0.4144874727196678
0.9687712796680096
0.5779841878856138
0.6412603949403552
5.402264104767375
0.6176533773964955
0.6294568861684254
1.1222762743621342
0.5575156755643481
0.6117516230105307
0.6501130265193026
0.8351068839884731
0.5831013159659301
0.7664043371359985
0.7265446267028434
0.9495154124670938
1.1587489884929616
0.6324077633614078
0.8484221096622854
0.7370746767863159
1.0128581319696517
0.6774043929799718
0.6619165352912324
0.6707691668701797
0.46264660583845135
0.8436081428620564
0.7089945432303892
0.8229829051321541
0.6707691668701797
0.8628640100629724
1.0554096317889505
0.4178387379119372
0.9880271468689256
1.2397113443218686
0.716014576619371
0.7195245933138618
0.8484221096622854
0.5039429476012798
0.6678182896771973
0.7300546433973342
0.716014576619371
0.6117516230105307
0.6058498686245657
0.6147025002035131
0.5319300351627662
0.8773059104636594
0.7405846934808068
0.9302595452661778
0.6501130265193026
0.8676779768632013
1.091882345919778
0.71250455992488
0.6619165352912324
0.7300546433973342
0.7583216845651192
0.9832131800686966
0.7054845265358984
0.9110036780652621
0.7744869897068779
0.6442112721333377
0.6774043929799718
0.8310655577030335
0.7054845265358984
1.116197488673663
1.5686066401951357
