698.0
836.0
631.0
714.0
717.0
684.0
660.0
669.0
715.0
713.0
622.0
661.0
825.0
727.0
673.0
661.0
691.0
690.0
708.0
766.0
713.0
683.0
650.0
664.0
663.0
630.0
736.0
672.0
667.0
665.0
762.0
685.0
728.0
717.0
725.0
649.0
668.0
674.0
636.0
690.0
751.0
605.0
773.0
683.0
662.0
627.0
677.0
752.0
655.0
667.0
635.0
660.0
694.0
673.0
763.0
712.0
662.0
670.0
688.0
762.0
672.0
667.0
690.0
742.0
656.0
685.0
809.0
631.0
642.0
676.0
730.0
639.0
708.0
693.0
647.0
761.0
674.0
651.0
662.0
769.0
625.0
754.0
716.0
674.0
637.0
673.0
703.0
638.0
637.0
666.0
653.0
676.0
680.0
663.0
734.0
637.0
635.0
676.0
651.0
870.0
645.0
808.0
633.0
636.0
656.0
701.0
685.0
670.0
678.0
745.0
716.0
693.0
664.0
986.0
830.0
645.0
701.0
632.0
656.0
729.0
697.0
661.0
714.0
606.0
631.0
666.0
778.0
670.0
666.0
651.0
789.0
685.0
668.0
716.0
720.0
611.0
644.0
674.0
616.0
817.0
694.0
791.0
769.0
705.0
633.0
677.0
694.0
780.0
571.0
656.0
787.0
780.0
695.0
645.0
765.0
592.0
652.0
662.0
686.0
774.0
705.0
653.0
698.0
726.0
658.0
631.0
661.0
818.0
687.0
753.0
659.0
674.0
727.0
713.0
660.0
714.0
801.0
729.0
605.0
649.0
643.0
658.0
751.0
631.0
700.0
647.0
709.0
751.0
613.0
674.0
659.0
689.0
695.0
646.0
726.0
715.0
755.0
653.0
653.0
836.0
651.0
650.0
653.0
634.0
803.0
810.0
686.0
648.0
670.0
656.0
973.0
702.0
693.0
722.0
698.0
637.0
698.0
658.0
858.0
673.0
653.0
651.0
674.0
669.0
678.0
646.0
707.0
656.0
647.0
642.0
694.0
667.0
686.0
662.0
653.0
654.0
874.0
663.0
681.0
645.0
634.0
674.0
709.0
634.0
674.0
610.0
654.0
654.0
787.0
576.0
730.0
641.0
674.0
708.0
665.0
811.0
738.0
573.0
787.0
771.0
649.0
770.0
649.0
626.0
714.0
729.0
684.0
678.0
643.0
578.0
764.0
841.0
690.0
679.0
662.0
694.0
698.0
723.0
758.0
667.0
690.0
670.0
698.0
657.0
640.0
645.0
699.0
629.0
746.0
656.0
669.0
667.0
634.0
733.0
644.0
654.0
649.0
641.0
652.0
747.0
754.0
680.0
654.0
621.0
709.0
698.0
594.0
720.0
663.0
676.0
648.0
677.0
590.0
640.0
658.0
666.0
650.0
669.0
666.0
757.0
634.0
787.0
653.0
586.0
716.0
647.0
709.0
673.0
771.0
654.0
678.0
735.0
702.0
628.0
662.0
632.0
717.0
640.0
752.0
731.0
697.0
670.0
634.0
693.0
707.0
631.0
590.0
652.0
681.0
701.0
586.0
648.0
690.0
720.0
673.0
645.0
661.0
788.0
718.0
805.0
728.0
653.0
656.0
580.0
594.0
632.0
666.0
625.0
863.0
762.0
706.0
651.0
724.0
707.0
710.0
689.0
687.0
667.0
1062.0
744.0
633.0
668.0
676.0
774.0
631.0
689.0
707.0
650.0
685.0
658.0
659.0
657.0
706.0
714.0
652.0
661.0
650.0
854.0
788.0
700.0
698.0
657.0
665.0
724.0
592.0
810.0
648.0
660.0
676.0
660.0
648.0
693.0
658.0
665.0
703.0
666.0
677.0
674.0
681.0
899.0
672.0
596.0
661.0
657.0
672.0
705.0
631.0
672.0
790.0
715.0
772.0
676.0
628.0
666.0
675.0
707.0
710.0
660.0
863.0
645.0
790.0
734.0
693.0
688.0
694.0
655.0
629.0
731.0
629.0
679.0
696.0
653.0
683.0
686.0
653.0
666.0
680.0
778.0
692.0
678.0
674.0
688.0
829.0
646.0
666.0
730.0
628.0
676.0
644.0
784.0
634.0
678.0
663.0
704.0
648.0
696.0
658.0
649.0
683.0
651.0
686.0
658.0
727.0
839.0
710.0
776.0
712.0
624.0
633.0
669.0
682.0
692.0
685.0
734.0
631.0
687.0
712.0
800.0
655.0
650.0
713.0
703.0
640.0
740.0
694.0
763.0
567.0
656.0
687.0
647.0
670.0
630.0
660.0
642.0
577.0
713.0
646.0
793.0
818.0
665.0
656.0
656.0
769.0
709.0
749.0
722.0
762.0
659.0
705.0
666.0
660.0
580.0
680.0
742.0
593.0
634.0
741.0
725.0
658.0
588.0
651.0
669.0
639.0
662.0
642.0
693.0
645.0
653.0
686.0
644.0
642.0
693.0
721.0
654.0
745.0
683.0
816.0
741.0
660.0
635.0
648.0
744.0
663.0
651.0
705.0
605.0
674.0
667.0
710.0
683.0
658.0
649.0
656.0
658.0
678.0
806.0
747.0
690.0
683.0
744.0
695.0
593.0
670.0
674.0
712.0
723.0
663.0
694.0
714.0
746.0
649.0
678.0
761.0
674.0
632.0
682.0
656.0
665.0
662.0
664.0
661.0
665.0
691.0
674.0
673.0
676.0
687.0
645.0
650.0
642.0
667.0
710.0
621.0
600.0
715.0
904.0
