0.3718269685973109
0.7266171152330061
0.7776575573455492
0.7736064976152988
0.8343723935690559
0.7470877034683002
0.685675938762418
0.3256631730477763
0.6924994681741825
0.6890877034683001
0.695911232880065
0.6153813881567329
0.393701718497271
0.9630103639655575
0.7817086170757996
1.6168201354138092
0.9245273328011385
0.8427508915767478
0.7266171152330061
0.8764235438456145
0.8060149754573025
1.130331822072107
0.9726311217566624
0.6183678938385511
0.9822518795477672
0.7368524093506531
0.7898107365363006
0.8812339227411671
0.8764235438456145
1.439280464654974
1.0531321087981873
0.8860443016367193
1.148147140519935
0.633300422247642
0.7857596768060502
0.8716131649500621
0.9485792272789003
0.9149065750100336
1.329204872847418
0.7655043781547978
1.3220014467232208
0.8619924071589573
0.7061465269977121
0.8908546805322717
0.9726311217566624
0.7695554378850482
1.0353167903503597
1.1923397764876749
1.2355603332328569
0.7470877034683002
0.3667789493896279
0.7776575573455492
1.0115630324199227
1.3673659753438103
0.818168154648054
0.9533896061744529
0.3162046254899357
0.9581999850700053
0.9293377116966908
0.6788524093506532
0.7163818211153591
0.7300288799388885
1.017501471902532
0.4517863250368609
1.1125165036242795
0.7436759387624178
0.7614533184245472
1.2067466287360689
1.3220014467232208
1.5550467880895698
0.9870622584433196
0.7334406446447709
0.7574022586942969
0.9245273328011385
0.6303139165658238
1.992910098433867
1.041255229832969
1.1125165036242795
1.0293783508677505
0.7817086170757996
0.8222192143783045
0.8716131649500621
0.8716131649500621
0.8716131649500621
0.39874973770495403
0.7095582917035943
0.3189070676493187
0.7614533184245472
0.6452464449749148
0.7197935858212414
0.7655043781547978
1.3753564741561615
0.9149065750100336
0.810066035187553
0.8956650594278242
0.5184932150652468
0.8908546805322717
0.6754406446447708
0.9052858172189289
0.7736064976152988
0.8384234532993065
0.301341193613329
0.9389584694877957
0.6788524093506532
1.2499671854812509
0.753911232880065
0.7129700564094766
1.3220014467232208
1.0650089877634057
0.7736064976152988
0.6213543995203693
0.9485792272789003
0.666151984747642
0.818168154648054
0.9341480905922432
0.7266171152330061
0.6631654790658238
0.8619924071589573
1.285984316102236
0.7402641740565356
0.8908546805322717
0.8716131649500621
0.7898107365363006
0.38360568008190477
0.7061465269977121
1.3673659753438103
0.7436759387624178
1.3593754765314587
1.0709474272460149
0.7436759387624178
0.8060149754573025
0.8060149754573025
0.9485792272789003
0.8860443016367193
0.7300288799388885
0.9822518795477672
0.8716131649500621
0.7163818211153591
0.29863875145394597
0.6571924677021874
1.1243933825894978
0.8343723935690559
0.8956650594278242
0.7197935858212414
0.7614533184245472
0.9004754383233765
0.7979128559968016
0.7129700564094766
0.8860443016367193
0.5835318825250921
0.8427508915767478
0.8060149754573025
0.6422599392930965
0.7300288799388885
0.7402641740565356
0.6183678938385511
2.683374478832396
0.7027347622918296
0.9726311217566624
0.8060149754573025
0.3067460779320951
1.0650089877634057
0.7436759387624178
0.8475612704723002
0.7614533184245472
0.7368524093506531
1.1600240194851532
0.7334406446447709
0.9052858172189289
1.271577463853842
0.6822641740565355
0.857182028263405
1.5197477324757185
1.1006396246590608
0.3337704995259254
0.6754406446447708
0.7614533184245472
0.7368524093506531
0.7095582917035943
0.7197935858212414
0.7061465269977121
0.6064218711112783
0.7300288799388885
0.753911232880065
0.3953843915664987
0.818168154648054
0.753911232880065
0.7266171152330061
1.0234399113851413
0.7857596768060502
0.9726311217566624
1.1065780641416703
0.8908546805322717
1.581521079799958
0.49329669028858836
0.8812339227411671
0.7614533184245472
2.30937293944986
0.9870622584433196
1.0709474272460149
0.8019639157270522
0.9774415006522147
0.7095582917035943
1.503204455153786
0.8060149754573025
0.7300288799388885
0.8764235438456145
0.9774415006522147
1.041255229832969
0.8956650594278242
1.199543202611872
0.7736064976152988
0.6721249961112784
0.810066035187553
0.7436759387624178
0.7027347622918296
0.8222192143783045
1.041255229832969
1.0531321087981873
0.5109887534352646
0.8343723935690559
0.8908546805322717
2.2662189156749513
0.7857596768060502
0.4054804299818648
1.4232994670302708
0.6631654790658238
0.3667789493896279
0.7938617962665511
1.0353167903503597
0.7979128559968016
0.4766925441878973
0.32836561520715934
0.9052858172189289
0.7817086170757996
2.8416058993403928
0.7857596768060502
0.8019639157270522
0.7938617962665511
0.9052858172189289
1.3593754765314587
1.6908319320095104
0.7368524093506531
1.7196012811927823
0.8475612704723002
0.7402641740565356
1.3364082989716148
0.6362869279294602
0.7266171152330061
0.7266171152330061
0.8343723935690559
0.7266171152330061
0.7736064976152988
1.7483706303760544
0.7655043781547978
0.9389584694877957
1.041255229832969
0.8908546805322717
0.8908546805322717
0.8019639157270522
0.9149065750100336
0.6392734336112784
0.5059857790152765
1.8922173762924146
2.2086802173084075
0.3229607308883932
1.1125165036242795
0.9437688483833481
0.8475612704723002
0.41894181453568635
0.36509627632040015
0.39874973770495403
0.47461702592531096
0.7061465269977121
0.3920190454280432
0.5084872662252705
1.439280464654974
0.8303213338388056
0.9004754383233765
0.753911232880065
0.857182028263405
0.5760274208951099
0.7574022586942969
0.7574022586942969
0.5460095743751814
0.753911232880065
0.8060149754573025
0.7736064976152988
0.9533896061744529
0.8908546805322717
0.8619924071589573
0.9004754383233765
0.7027347622918296
0.6924994681741825
2.395680986999676
0.753911232880065
0.8384234532993065
0.6631654790658238
2.3525269632247676
0.7938617962665511
0.8384234532993065
1.2355603332328569
0.9533896061744529
0.8427508915767478
1.6697687188345856
0.7898107365363006
0.3270143941274678
1.1065780641416703
1.6432944271241974
1.199543202611872
2.2230648919000435
0.7266171152330061
0.826270274108555
0.6788524093506532
0.7163818211153591
0.44971080677427455
0.8222192143783045
0.8860443016367193
0.7402641740565356
0.5510125487951695
1.0650089877634057
1.1065780641416703
0.9100961961144813
0.6890877034683001
0.6890877034683001
0.3107997411711696
1.0650089877634057
1.285984316102236
0.7614533184245472
1.0293783508677505
0.6890877034683001
1.0590705482807967
1.1362702615547164
0.9100961961144813
0.8619924071589573
0.9245273328011385
0.7857596768060502
0.666151984747642
1.2499671854812509
0.7574022586942969
1.7627553049676905
0.919716953905586
0.810066035187553
0.9245273328011385
1.329204872847418
1.017501471902532
0.9389584694877957
0.9004754383233765
0.40043241077418174
0.7129700564094766
0.6631654790658238
0.42688010588582437
0.8956650594278242
0.7817086170757996
0.6362869279294602
0.7334406446447709
0.666151984747642
0.7232053505271238
0.7695554378850482
0.666151984747642
0.9052858172189289
0.8222192143783045
0.7817086170757996
0.4172591414664587
1.0115630324199227
0.651219456338551
0.9149065750100336
1.1600240194851532
0.6924994681741825
1.3513849777191071
0.5944758483840056
0.9341480905922432
0.8427508915767478
1.4472709634673253
1.3436117250958117
0.8303213338388056
0.7266171152330061
1.1659624589677626
0.7857596768060502
0.7436759387624178
0.7938617962665511
1.5111949539661376
1.8922173762924146
1.3993279705932165
0.7470877034683002
0.6721249961112784
0.8303213338388056
1.0828243062112333
0.8019639157270522
0.40211508384340944
0.753911232880065
0.7857596768060502
0.857182028263405
0.8303213338388056
0.33649083414352937
0.3094485200914781
1.455261462279677
0.8384234532993065
0.7061465269977121
0.7197935858212414
1.242763759357054
0.8427508915767478
2.3525269632247676
1.257170611605448
0.9485792272789003
0.6890877034683001
0.6890877034683001
1.47124245990438
0.7470877034683002
0.8860443016367193
0.44348425198651537
0.4289556241484107
1.213950054860266
0.5059857790152765
1.006303774025529
0.7470877034683002
1.017501471902532
0.810066035187553
0.9100961961144813
0.7197935858212414
0.31755584656962726
1.1422087010373256
0.3566829109742617
1.271577463853842
0.7736064976152988
0.7027347622918296
0.826270274108555
1.3513849777191071
0.8222192143783045
0.8303213338388056
1.0234399113851413
0.7736064976152988
0.6924994681741825
0.7061465269977121
0.9678207428611101
0.6631654790658238
0.7266171152330061
0.7817086170757996
1.0115630324199227
1.0828243062112333
0.818168154648054
2.424450336182948
0.695911232880065
0.9149065750100336
0.666151984747642
0.7334406446447709
1.877832701700779
0.8343723935690559
1.2211534809844629
0.6392734336112784
0.3067460779320951
0.753911232880065
0.8860443016367193
1.2787808899780388
0.7655043781547978
0.6571924677021874
1.5726963158964953
0.7736064976152988
0.7436759387624178
0.7776575573455492
1.47124245990438
0.46839047113755183
1.9209867254756872
0.5510125487951695
0.9774415006522147
1.964140749250595
0.7574022586942969
0.7334406446447709
1.1006396246590608
0.3080972990117866
0.8343723935690559
3.3594541846392896
0.44348425198651537
0.7857596768060502
0.7898107365363006
1.47124245990438
0.7095582917035943
0.29998997253363746
0.3785576608742217
0.7027347622918296
0.8716131649500621
0.826270274108555
1.1779329242392809
0.666151984747642
0.8716131649500621
0.666151984747642
0.8019639157270522
0.7574022586942969
0.8523716493678527
0.7197935858212414
0.7436759387624178
0.9341480905922432
0.7232053505271238
0.7061465269977121
2.510758383732764
0.7436759387624178
1.8202940033342345
0.9293377116966908
0.7614533184245472
1.6344696632207347
1.0828243062112333
0.7736064976152988
0.9918726373388719
0.753911232880065
0.8668027860545099
0.8019639157270522
0.6924994681741825
0.8716131649500621
0.8384234532993065
0.3256631730477763
1.006303774025529
0.9533896061744529
0.7402641740565356
0.857182028263405
0.6542059620203693
1.6697687188345856
1.503204455153786
0.810066035187553
0.7470877034683002
0.6422599392930965
0.7232053505271238
1.4073184694055678
1.130331822072107
0.8019639157270522
1.271577463853842
0.46839047113755183
0.7334406446447709
0.9341480905922432
0.9533896061744529
0.3802403339434494
0.7266171152330061
0.648232950656733
0.6183678938385511
0.8303213338388056
0.7655043781547978
0.7027347622918296
0.919716953905586
1.3075945944748268
0.7163818211153591
3.836842870749388
0.8668027860545099
0.7470877034683002
0.685675938762418
0.45593736156203357
0.7614533184245472
0.6303139165658238
0.9678207428611101
0.9293377116966908
0.4172591414664587
0.7979128559968016
1.185136350363478
0.8716131649500621
0.8812339227411671
0.8222192143783045
0.3107997411711696
1.199543202611872
0.7898107365363006
0.818168154648054
0.9678207428611101
1.1362702615547164
0.8427508915767478
0.8427508915767478
2.45321968536622
0.7368524093506531
0.9004754383233765
1.0768858667286243
0.6273274108840057
0.5084872662252705
0.7163818211153591
0.8619924071589573
2.7265285026073043
0.7061465269977121
0.7436759387624178
1.4312899658426224
0.9485792272789003
0.7436759387624178
10.890002821981307
0.7470877034683002
0.9918726373388719
0.7470877034683002
0.3583655840434894
0.8668027860545099
0.8668027860545099
1.22835690710866
0.7334406446447709
0.7334406446447709
0.6788524093506532
1.7052166066011465
1.0471936693155781
0.7129700564094766
0.6392734336112784
0.7027347622918296
0.44763528851168816
0.3297168362868509
0.7938617962665511
0.651219456338551
0.8860443016367193
0.5435080871651874
0.44348425198651537
0.8764235438456145
0.7938617962665511
0.7695554378850482
0.8860443016367193
0.8427508915767478
0.8956650594278242
0.9389584694877957
1.1779329242392809
