692.0
710.0
703.0
750.0
663.0
800.0
707.0
656.0
778.0
587.0
900.0
718.0
757.0
704.0
617.0
699.0
685.0
724.0
808.0
714.0
701.0
698.0
841.0
696.0
744.0
733.0
638.0
692.0
712.0
765.0
754.0
718.0
705.0
685.0
718.0
817.0
644.0
679.0
702.0
741.0
686.0
683.0
740.0
739.0
708.0
686.0
785.0
818.0
688.0
660.0
739.0
690.0
706.0
708.0
676.0
642.0
747.0
673.0
694.0
663.0
706.0
720.0
670.0
737.0
753.0
730.0
745.0
709.0
733.0
769.0
821.0
701.0
781.0
574.0
743.0
729.0
723.0
702.0
720.0
685.0
698.0
622.0
715.0
795.0
757.0
731.0
747.0
714.0
708.0
573.0
741.0
760.0
742.0
722.0
592.0
717.0
772.0
734.0
722.0
599.0
637.0
765.0
725.0
673.0
698.0
702.0
711.0
707.0
753.0
684.0
714.0
750.0
725.0
774.0
853.0
669.0
726.0
775.0
748.0
582.0
678.0
758.0
685.0
634.0
718.0
741.0
693.0
904.0
836.0
756.0
708.0
899.0
692.0
807.0
800.0
787.0
656.0
739.0
706.0
669.0
747.0
688.0
731.0
597.0
724.0
708.0
582.0
757.0
710.0
692.0
749.0
830.0
720.0
714.0
704.0
817.0
742.0
781.0
726.0
697.0
744.0
731.0
692.0
685.0
758.0
694.0
778.0
676.0
762.0
792.0
690.0
701.0
708.0
682.0
714.0
781.0
713.0
621.0
740.0
709.0
683.0
759.0
733.0
751.0
685.0
694.0
690.0
733.0
715.0
717.0
692.0
699.0
725.0
758.0
668.0
726.0
793.0
714.0
760.0
703.0
722.0
699.0
720.0
729.0
712.0
727.0
680.0
734.0
696.0
812.0
644.0
894.0
754.0
701.0
691.0
877.0
750.0
736.0
725.0
713.0
701.0
638.0
792.0
754.0
714.0
687.0
689.0
738.0
784.0
785.0
843.0
805.0
718.0
740.0
785.0
704.0
608.0
706.0
689.0
744.0
740.0
764.0
710.0
711.0
717.0
696.0
768.0
742.0
684.0
714.0
723.0
746.0
687.0
703.0
797.0
794.0
727.0
746.0
765.0
715.0
730.0
606.0
676.0
687.0
699.0
731.0
612.0
710.0
711.0
676.0
677.0
737.0
721.0
590.0
696.0
706.0
742.0
751.0
784.0
775.0
711.0
738.0
725.0
786.0
699.0
688.0
661.0
728.0
595.0
837.0
682.0
700.0
715.0
708.0
672.0
740.0
708.0
795.0
756.0
717.0
685.0
576.0
650.0
726.0
692.0
774.0
694.0
769.0
738.0
710.0
718.0
692.0
778.0
732.0
931.0
763.0
922.0
820.0
679.0
712.0
788.0
771.0
694.0
734.0
765.0
761.0
724.0
844.0
752.0
708.0
862.0
714.0
586.0
766.0
713.0
685.0
714.0
613.0
576.0
705.0
705.0
690.0
718.0
726.0
718.0
711.0
739.0
787.0
781.0
679.0
722.0
712.0
713.0
709.0
574.0
789.0
730.0
700.0
710.0
773.0
714.0
688.0
653.0
729.0
799.0
836.0
699.0
701.0
692.0
717.0
689.0
712.0
782.0
742.0
720.0
713.0
741.0
750.0
688.0
754.0
706.0
652.0
699.0
687.0
614.0
725.0
708.0
712.0
679.0
736.0
750.0
892.0
770.0
786.0
698.0
763.0
726.0
744.0
670.0
712.0
694.0
728.0
750.0
757.0
718.0
685.0
729.0
716.0
682.0
770.0
771.0
818.0
706.0
683.0
707.0
737.0
778.0
695.0
690.0
882.0
735.0
700.0
706.0
728.0
633.0
716.0
746.0
722.0
857.0
580.0
718.0
622.0
703.0
713.0
786.0
701.0
819.0
708.0
584.0
717.0
788.0
686.0
777.0
744.0
690.0
793.0
756.0
722.0
594.0
774.0
802.0
706.0
731.0
844.0
678.0
648.0
749.0
661.0
705.0
676.0
800.0
720.0
706.0
681.0
773.0
801.0
720.0
729.0
835.0
692.0
794.0
714.0
672.0
714.0
788.0
707.0
626.0
834.0
821.0
733.0
756.0
706.0
608.0
682.0
701.0
844.0
768.0
725.0
741.0
742.0
603.0
725.0
711.0
661.0
703.0
696.0
725.0
777.0
802.0
712.0
709.0
883.0
649.0
692.0
694.0
697.0
744.0
744.0
680.0
803.0
736.0
762.0
726.0
638.0
749.0
699.0
770.0
854.0
678.0
713.0
773.0
694.0
678.0
720.0
696.0
744.0
684.0
694.0
615.0
697.0
713.0
705.0
666.0
694.0
702.0
605.0
589.0
705.0
685.0
691.0
727.0
670.0
768.0
724.0
777.0
925.0
709.0
778.0
698.0
686.0
706.0
623.0
804.0
705.0
724.0
726.0
722.0
703.0
686.0
708.0
849.0
712.0
701.0
618.0
731.0
782.0
737.0
751.0
681.0
712.0
696.0
697.0
716.0
778.0
608.0
681.0
706.0
915.0
680.0
683.0
720.0
741.0
730.0
791.0
749.0
580.0
693.0
724.0
731.0
748.0
695.0
682.0
700.0
703.0
677.0
678.0
716.0
710.0
744.0
573.0
806.0
751.0
834.0
710.0
712.0
744.0
714.0
764.0
615.0
686.0
708.0
697.0
926.0
687.0
714.0
747.0
690.0
725.0
714.0
693.0
775.0
608.0
696.0
777.0
720.0
689.0
674.0
804.0
600.0
700.0
811.0
725.0
757.0
712.0
734.0
729.0
609.0
843.0
725.0
721.0
697.0
717.0
717.0
713.0
701.0
700.0
700.0
713.0
577.0
803.0
689.0
728.0
727.0
695.0
714.0
856.0
722.0
701.0
676.0
726.0
813.0
734.0
729.0
717.0
749.0
778.0
