766.0
803.0
825.0
776.0
810.0
910.0
748.0
818.0
828.0
927.0
772.0
863.0
775.0
784.0
821.0
787.0
786.0
807.0
764.0
777.0
736.0
762.0
872.0
831.0
818.0
803.0
864.0
891.0
779.0
786.0
826.0
881.0
782.0
838.0
800.0
808.0
857.0
850.0
629.0
782.0
820.0
780.0
801.0
760.0
780.0
818.0
838.0
731.0
858.0
810.0
797.0
909.0
828.0
902.0
757.0
790.0
777.0
757.0
778.0
858.0
767.0
890.0
889.0
791.0
761.0
837.0
693.0
788.0
859.0
790.0
883.0
761.0
801.0
784.0
773.0
940.0
740.0
743.0
786.0
776.0
778.0
827.0
763.0
800.0
795.0
809.0
828.0
927.0
822.0
775.0
842.0
778.0
722.0
675.0
770.0
651.0
649.0
981.0
731.0
788.0
781.0
747.0
865.0
833.0
801.0
784.0
815.0
800.0
826.0
842.0
881.0
741.0
797.0
912.0
846.0
771.0
818.0
823.0
758.0
856.0
755.0
746.0
864.0
778.0
614.0
677.0
802.0
779.0
909.0
765.0
788.0
841.0
781.0
783.0
820.0
777.0
838.0
816.0
850.0
753.0
769.0
646.0
829.0
678.0
782.0
834.0
752.0
789.0
798.0
805.0
800.0
871.0
845.0
760.0
938.0
766.0
797.0
848.0
829.0
794.0
806.0
794.0
859.0
785.0
823.0
651.0
624.0
832.0
826.0
767.0
846.0
822.0
771.0
797.0
804.0
794.0
675.0
748.0
780.0
789.0
748.0
833.0
841.0
767.0
883.0
986.0
878.0
849.0
669.0
784.0
773.0
764.0
808.0
760.0
786.0
804.0
758.0
792.0
808.0
926.0
736.0
767.0
850.0
803.0
784.0
774.0
782.0
800.0
669.0
812.0
829.0
795.0
832.0
1000.0
837.0
810.0
772.0
802.0
783.0
759.0
796.0
885.0
797.0
900.0
828.0
784.0
827.0
923.0
806.0
860.0
989.0
782.0
764.0
817.0
606.0
674.0
606.0
745.0
764.0
813.0
842.0
810.0
813.0
619.0
833.0
781.0
824.0
790.0
699.0
1244.0
804.0
856.0
846.0
858.0
837.0
776.0
826.0
633.0
893.0
810.0
762.0
823.0
910.0
789.0
803.0
820.0
672.0
792.0
732.0
837.0
962.0
727.0
832.0
844.0
662.0
772.0
781.0
878.0
723.0
822.0
779.0
788.0
786.0
755.0
797.0
705.0
860.0
781.0
789.0
779.0
715.0
766.0
790.0
830.0
982.0
851.0
820.0
861.0
616.0
777.0
814.0
830.0
809.0
775.0
930.0
770.0
720.0
781.0
784.0
749.0
866.0
866.0
830.0
683.0
792.0
752.0
855.0
800.0
645.0
781.0
943.0
757.0
765.0
738.0
767.0
775.0
787.0
720.0
799.0
689.0
659.0
648.0
836.0
778.0
808.0
815.0
800.0
790.0
797.0
857.0
762.0
815.0
803.0
792.0
763.0
770.0
777.0
754.0
744.0
814.0
856.0
769.0
791.0
788.0
823.0
749.0
796.0
834.0
769.0
765.0
837.0
775.0
761.0
813.0
640.0
811.0
792.0
779.0
841.0
752.0
761.0
777.0
966.0
779.0
726.0
849.0
818.0
761.0
955.0
773.0
800.0
870.0
832.0
925.0
806.0
830.0
618.0
829.0
660.0
888.0
982.0
767.0
789.0
892.0
853.0
835.0
666.0
764.0
920.0
926.0
781.0
957.0
838.0
758.0
780.0
818.0
850.0
659.0
769.0
926.0
769.0
789.0
961.0
944.0
796.0
753.0
821.0
784.0
778.0
778.0
754.0
770.0
813.0
796.0
834.0
650.0
802.0
850.0
939.0
767.0
762.0
754.0
753.0
749.0
772.0
814.0
750.0
757.0
917.0
973.0
802.0
790.0
741.0
606.0
770.0
802.0
754.0
610.0
936.0
789.0
814.0
811.0
773.0
791.0
760.0
820.0
773.0
790.0
821.0
794.0
785.0
652.0
757.0
804.0
762.0
812.0
828.0
762.0
781.0
765.0
746.0
752.0
807.0
788.0
753.0
826.0
841.0
789.0
821.0
774.0
758.0
749.0
847.0
785.0
792.0
861.0
732.0
602.0
788.0
789.0
963.0
791.0
783.0
835.0
912.0
887.0
757.0
821.0
669.0
1102.0
873.0
806.0
737.0
787.0
791.0
861.0
770.0
712.0
822.0
789.0
797.0
965.0
815.0
822.0
793.0
787.0
752.0
858.0
785.0
770.0
878.0
751.0
840.0
774.0
774.0
774.0
645.0
915.0
1104.0
770.0
842.0
819.0
922.0
751.0
788.0
757.0
768.0
830.0
801.0
874.0
760.0
803.0
802.0
848.0
912.0
796.0
718.0
763.0
846.0
774.0
821.0
789.0
789.0
605.0
756.0
885.0
942.0
776.0
843.0
774.0
759.0
764.0
784.0
786.0
778.0
861.0
852.0
788.0
658.0
783.0
756.0
926.0
812.0
802.0
815.0
814.0
829.0
788.0
773.0
851.0
787.0
606.0
851.0
774.0
792.0
788.0
779.0
1009.0
986.0
782.0
770.0
887.0
832.0
789.0
796.0
759.0
829.0
758.0
826.0
756.0
893.0
792.0
771.0
786.0
808.0
818.0
861.0
880.0
771.0
731.0
605.0
836.0
744.0
744.0
754.0
969.0
761.0
922.0
774.0
608.0
846.0
810.0
661.0
757.0
782.0
775.0
814.0
868.0
804.0
776.0
800.0
879.0
642.0
818.0
774.0
861.0
834.0
848.0
