0.7581373200132631
0.5451053530933844
1.0186410223634494
1.4558053788501248
0.7036504841344197
0.7664352973196271
0.6449456314571946
0.6633886139133349
0.6541671226852648
0.6803325543747154
0.6695362747320484
0.7541726652804457
1.0720136424903761
1.24833871641232
0.695877840881185
0.9022279115210308
0.6664624443226915
0.7871802405855375
0.7913292292387195
0.8552315438205558
1.0186410223634494
1.1330109226354346
1.0491396624359788
0.7036504841344197
0.7705842859728093
0.6142073273636273
0.7308547355207414
1.0338903423997141
0.6541671226852648
0.9539239159915534
0.6664624443226915
0.7191957706408892
0.7996272065450836
0.8740300909007458
0.9398250056814107
0.7036504841344197
1.6099912151183018
0.6881051976279501
0.8328191157705399
0.4686062964598506
0.8834293644408407
0.6203549881823408
0.6997641625078024
0.6357241402291244
0.6695362747320484
0.7913292292387195
0.8286701271173579
0.7308547355207414
1.0186410223634494
0.6664624443226915
1.4395737745075436
0.6049858361355572
1.4476895766788342
0.7830312519323555
0.8693304541306982
0.5398849930685551
1.277986189972837
0.824521138464176
0.9116271850611257
0.9398250056814107
0.9821217366118383
1.189043769291286
1.1791612781044472
1.3665315549659272
0.7191957706408892
0.7464000220272109
1.228573734038642
0.7464000220272109
0.6881051976279501
0.4948124766727823
0.7153094490142718
1.492326488620933
0.7747332746259913
1.3462420495377005
1.11776160259917
0.6997641625078024
0.7830312519323555
1.11776160259917
1.1406355826535668
0.6842188760013329
0.7230820922675066
0.8286701271173579
0.9398250056814107
1.0186410223634494
0.9163268218311733
0.7788822632791733
0.8369681044237219
0.7191957706408892
0.8286701271173579
0.9539239159915534
0.7464000220272109
0.7954782178919015
0.9492242792215059
0.9163268218311733
0.7308547355207414
1.3462420495377005
0.8834293644408407
0.7075368057610372
0.8203721498109937
1.0720136424903761
0.7464000220272109
0.9962206469219809
0.8203721498109937
0.9445246424514584
0.8693304541306982
0.6111334969542707
1.1482602426716995
0.8203721498109937
0.7269684138941239
0.8328191157705399
0.7153094490142718
0.8328191157705399
0.6726101051414051
1.581312613242769
0.8505319070505083
0.4969963250238599
0.6357241402291244
0.8162231611578118
0.7153094490142718
1.5956519141805354
0.8740300909007458
0.8646308173606507
0.7664352973196271
0.8834293644408407
1.362473653880282
1.4111684669080262
0.8328191157705399
0.9257260953712684
1.2681036987859982
0.8646308173606507
1.0720136424903761
0.9539239159915534
0.8552315438205558
1.4355158734218982
0.9022279115210308
1.1711342227260964
0.7502863436538282
0.7996272065450836
2.1856717473293092
0.519003552969238
0.8162231611578118
1.094887622544773
0.7114231273876545
0.8881290012108882
0.8162231611578118
0.8881290012108882
0.9962206469219809
0.9304257321413157
0.6049858361355572
0.8411326335104132
0.8079251838514477
0.8079251838514477
1.0338903423997141
0.7230820922675066
0.8928286379809358
1.4030526647367354
0.8928286379809358
0.5816478732671895
0.6111334969542707
0.7230820922675066
0.7664352973196271
1.7122131075399691
0.9539239159915534
0.4555032063533847
0.4249293294382977
0.6803325543747154
1.4842106864496425
2.90349613668734
0.7114231273876545
0.7191957706408892
1.189043769291286
0.7996272065450836
1.3908789614797994
0.7913292292387195
0.8740300909007458
0.7541726652804457
1.5004422907922237
0.7996272065450836
0.7230820922675066
0.7541726652804457
0.7114231273876545
0.5738173332299454
1.0720136424903761
0.8120741725046297
1.0491396624359788
0.9539239159915534
0.9445246424514584
0.7502863436538282
0.7191957706408892
0.8369681044237219
0.6803325543747154
0.7581373200132631
0.9680228263016959
0.5503257131182137
0.7830312519323555
0.7191957706408892
0.8599311805906031
0.6803325543747154
1.0009202836920283
0.7541726652804457
1.11776160259917
0.7622863086664452
0.7664352973196271
0.7464000220272109
0.7913292292387195
1.3543578517089914
0.6881051976279501
1.11776160259917
0.9915210101519333
0.7347410571473587
0.7581373200132631
0.8079251838514477
0.629576479410411
0.9116271850611257
1.11776160259917
1.0872629625266406
1.3076336635333543
0.6842188760013329
0.9210264586012207
0.8286701271173579
0.824521138464176
0.7664352973196271
5.550412312347947
0.8162231611578118
0.6726101051414051
0.8120741725046297
1.0338903423997141
0.595764344907487
1.0643889824722437
1.011016362345317
0.6080596665449138
0.3994146277836407
1.6099912151183018
0.7502863436538282
0.8120741725046297
1.895487419716488
0.7502863436538282
0.8693304541306982
1.24833871641232
0.7191957706408892
0.6541671226852648
1.198926260478125
1.9718517164567038
0.41878844977316954
1.1253862626173023
0.7541726652804457
0.8411326335104132
0.7347410571473587
0.7230820922675066
0.7705842859728093
0.6695362747320484
0.7622863086664452
1.492326488620933
0.8599311805906031
1.277986189972837
1.337281137093871
0.7464000220272109
0.7705842859728093
0.7996272065450836
0.7502863436538282
1.1101369425810377
0.7191957706408892
0.7913292292387195
0.7502863436538282
0.6803325543747154
0.9962206469219809
0.7954782178919015
0.7788822632791733
1.419284269079317
0.8740300909007458
1.094887622544773
1.3076336635333543
0.7581373200132631
0.7230820922675066
0.4336647228426083
0.6572409530946214
0.6842188760013329
1.11776160259917
0.6997641625078024
0.5868682332920188
0.40117588432814333
0.8079251838514477
0.7502863436538282
1.0009202836920283
0.7830312519323555
0.9163268218311733
0.7386273787739761
0.8834293644408407
0.9257260953712684
0.7622863086664452
0.8203721498109937
0.7581373200132631
0.8646308173606507
1.208808751664964
0.8411326335104132
0.7153094490142718
0.9586235527616008
0.4511355096512295
1.4152263679936714
1.0567643224541112
1.0796383025085083
1.4233421701649622
0.9539239159915534
1.0009202836920283
0.7191957706408892
0.8411326335104132
0.9774220998417908
2.124580309937136
0.6803325543747154
0.6203549881823408
0.8505319070505083
0.8740300909007458
0.7954782178919015
1.208808751664964
0.8411326335104132
2.720221824510822
0.9633231895316483
0.9022279115210308
0.6997641625078024
1.1330109226354346
1.3543578517089914
0.6997641625078024
0.7996272065450836
0.8458322702804607
0.8881290012108882
0.7830312519323555
0.9539239159915534
0.9398250056814107
0.9962206469219809
0.6418718010478378
0.7502863436538282
0.7191957706408892
0.9962206469219809
0.7830312519323555
1.0643889824722437
0.9022279115210308
0.7425137004005935
1.386821060394154
0.8079251838514477
0.7830312519323555
1.0643889824722437
0.7913292292387195
0.8458322702804607
0.8286701271173579
0.8928286379809358
0.6881051976279501
0.9210264586012207
0.7788822632791733
0.5633766131802869
0.8120741725046297
0.7913292292387195
1.480152785363997
0.9774220998417908
0.7705842859728093
1.4274000712506076
0.8411326335104132
2.338400340809741
1.0262656823815817
0.8881290012108882
0.8740300909007458
1.5669733123050027
0.9163268218311733
0.7747332746259913
0.9821217366118383
0.8458322702804607
1.3989947636510902
0.8328191157705399
0.7386273787739761
0.9210264586012207
0.7308547355207414
0.629576479410411
1.3705894560515726
0.8740300909007458
1.1101369425810377
0.9868213733818859
0.8646308173606507
0.7788822632791733
0.7502863436538282
0.5764275132423602
0.9633231895316483
0.8328191157705399
1.1791612781044472
0.7347410571473587
0.8286701271173579
0.7747332746259913
0.7502863436538282
0.8411326335104132
1.011016362345317
0.7191957706408892
2.4300374968980005
0.7425137004005935
0.7622863086664452
0.6803325543747154
0.6418718010478378
0.6357241402291244
0.9539239159915534
0.9680228263016959
0.7622863086664452
1.1406355826535668
0.6572409530946214
0.9257260953712684
0.8646308173606507
0.8505319070505083
0.7622863086664452
0.7464000220272109
1.773304544932142
0.8834293644408407
1.011016362345317
0.7269684138941239
0.7502863436538282
0.5764275132423602
0.6357241402291244
3.454755882408536
0.9210264586012207
0.9727224630717433
0.8552315438205558
1.581312613242769
1.4558053788501248
0.8458322702804607
0.8881290012108882
0.7871802405855375
1.189043769291286
0.9257260953712684
0.5294442730188965
0.6695362747320484
0.8369681044237219
1.431457972336253
0.6881051976279501
1.7122131075399691
0.7581373200132631
0.6881051976279501
0.8740300909007458
0.6234288185916974
0.9398250056814107
0.8458322702804607
0.9633231895316483
0.7788822632791733
0.7191957706408892
0.695877840881185
0.8458322702804607
0.8505319070505083
0.7913292292387195
0.8505319070505083
0.8646308173606507
0.8646308173606507
0.7464000220272109
0.9633231895316483
0.6803325543747154
0.8740300909007458
0.7830312519323555
0.7114231273876545
0.7581373200132631
0.8079251838514477
0.8411326335104132
0.7191957706408892
2.720221824510822
0.8079251838514477
0.6997641625078024
0.9680228263016959
4.633948254814593
0.8411326335104132
2.124580309937136
0.7788822632791733
1.4679790821070613
1.4152263679936714
0.7075368057610372
0.7788822632791733
0.6881051976279501
1.2977511723465152
1.0872629625266406
1.218691242851803
0.7386273787739761
1.1330109226354346
0.7788822632791733
2.04821601319692
0.8552315438205558
1.0872629625266406
1.4517474777644794
0.6695362747320484
0.8079251838514477
0.8881290012108882
1.3175161547201932
0.629576479410411
0.8693304541306982
0.9633231895316483
0.9915210101519333
0.9116271850611257
0.8834293644408407
0.6997641625078024
0.7996272065450836
0.8079251838514477
0.6695362747320484
0.8328191157705399
0.6541671226852648
1.1635095627079641
0.6603147835039782
0.7705842859728093
0.6387979706384811
0.7425137004005935
1.0186410223634494
0.9069275482910784
0.8599311805906031
0.7871802405855375
0.7425137004005935
0.6080596665449138
1.228573734038642
0.9445246424514584
1.1101369425810377
0.5764275132423602
0.7541726652804457
0.8599311805906031
0.5988381753168436
0.9915210101519333
0.695877840881185
0.7347410571473587
0.9022279115210308
1.0262656823815817
0.6049858361355572
0.7269684138941239
0.6881051976279501
1.3827631593085088
0.5896166840887735
0.6919915192545676
0.7464000220272109
0.7954782178919015
0.824521138464176
1.492326488620933
0.7308547355207414
0.7502863436538282
0.8975282747509834
0.6919915192545676
0.9022279115210308
0.7664352973196271
1.1406355826535668
0.9821217366118383
0.8203721498109937
0.7581373200132631
0.40998216705065643
0.7954782178919015
0.8740300909007458
3.270044761040378
1.094887622544773
1.0009202836920283
1.7885774042801852
0.9962206469219809
0.7308547355207414
0.7581373200132631
0.6803325543747154
0.7347410571473587
1.11776160259917
0.6919915192545676
0.676446232748098
0.9633231895316483
0.9821217366118383
0.8328191157705399
0.9163268218311733
0.40998216705065643
0.9680228263016959
