657.0
663.0
881.0
706.0
625.0
661.0
693.0
651.0
686.0
712.0
658.0
668.0
676.0
788.0
716.0
697.0
718.0
743.0
682.0
680.0
668.0
732.0
774.0
704.0
655.0
680.0
666.0
678.0
746.0
688.0
669.0
708.0
657.0
667.0
805.0
692.0
653.0
648.0
661.0
726.0
694.0
686.0
746.0
710.0
724.0
701.0
669.0
720.0
747.0
689.0
895.0
667.0
635.0
807.0
643.0
762.0
654.0
667.0
716.0
707.0
743.0
715.0
716.0
661.0
656.0
723.0
642.0
675.0
639.0
644.0
630.0
732.0
724.0
734.0
719.0
720.0
747.0
721.0
688.0
663.0
756.0
778.0
774.0
729.0
656.0
684.0
660.0
668.0
771.0
709.0
672.0
694.0
712.0
669.0
642.0
660.0
688.0
672.0
619.0
678.0
708.0
750.0
739.0
702.0
808.0
690.0
732.0
686.0
745.0
677.0
688.0
674.0
648.0
698.0
664.0
742.0
701.0
695.0
660.0
665.0
669.0
680.0
749.0
862.0
694.0
647.0
692.0
656.0
773.0
837.0
749.0
705.0
769.0
680.0
820.0
711.0
685.0
663.0
693.0
793.0
676.0
730.0
681.0
717.0
661.0
618.0
693.0
637.0
620.0
682.0
650.0
611.0
743.0
688.0
741.0
724.0
708.0
741.0
629.0
788.0
744.0
668.0
680.0
718.0
720.0
669.0
697.0
682.0
701.0
672.0
709.0
706.0
670.0
692.0
712.0
733.0
684.0
666.0
681.0
698.0
668.0
831.0
660.0
676.0
705.0
773.0
650.0
752.0
706.0
832.0
729.0
671.0
797.0
714.0
656.0
698.0
640.0
670.0
808.0
652.0
663.0
632.0
701.0
717.0
816.0
672.0
658.0
664.0
687.0
665.0
699.0
705.0
669.0
751.0
702.0
674.0
663.0
648.0
713.0
660.0
662.0
694.0
644.0
672.0
759.0
749.0
669.0
715.0
642.0
668.0
674.0
673.0
670.0
714.0
663.0
728.0
640.0
684.0
705.0
706.0
681.0
751.0
693.0
682.0
605.0
808.0
772.0
658.0
762.0
660.0
669.0
695.0
665.0
677.0
726.0
676.0
675.0
690.0
701.0
699.0
779.0
678.0
856.0
688.0
750.0
656.0
649.0
667.0
667.0
749.0
694.0
685.0
706.0
697.0
690.0
713.0
669.0
654.0
720.0
608.0
707.0
651.0
730.0
835.0
655.0
688.0
848.0
682.0
669.0
721.0
644.0
683.0
713.0
672.0
756.0
662.0
617.0
672.0
786.0
704.0
678.0
692.0
656.0
705.0
657.0
646.0
708.0
644.0
637.0
603.0
647.0
672.0
662.0
714.0
690.0
683.0
674.0
806.0
698.0
681.0
781.0
762.0
730.0
706.0
662.0
651.0
681.0
641.0
684.0
657.0
725.0
661.0
746.0
659.0
794.0
834.0
669.0
745.0
700.0
711.0
649.0
660.0
698.0
666.0
714.0
690.0
720.0
654.0
754.0
683.0
675.0
785.0
660.0
663.0
681.0
666.0
648.0
652.0
738.0
721.0
645.0
794.0
734.0
792.0
620.0
702.0
683.0
680.0
729.0
797.0
667.0
796.0
619.0
679.0
765.0
690.0
667.0
657.0
663.0
693.0
717.0
666.0
669.0
646.0
721.0
744.0
750.0
736.0
680.0
672.0
657.0
689.0
693.0
683.0
642.0
666.0
672.0
653.0
682.0
678.0
696.0
756.0
707.0
801.0
772.0
645.0
664.0
805.0
711.0
748.0
781.0
652.0
638.0
776.0
685.0
670.0
684.0
617.0
687.0
703.0
668.0
771.0
762.0
617.0
717.0
687.0
673.0
640.0
656.0
622.0
686.0
648.0
692.0
682.0
692.0
678.0
680.0
714.0
717.0
629.0
647.0
658.0
731.0
656.0
729.0
784.0
795.0
739.0
679.0
637.0
676.0
717.0
697.0
614.0
728.0
823.0
688.0
667.0
664.0
799.0
666.0
677.0
697.0
652.0
657.0
755.0
686.0
645.0
711.0
706.0
671.0
647.0
809.0
720.0
672.0
654.0
722.0
685.0
706.0
718.0
753.0
646.0
693.0
710.0
701.0
738.0
676.0
663.0
693.0
657.0
710.0
674.0
666.0
748.0
761.0
697.0
645.0
658.0
666.0
717.0
653.0
685.0
691.0
713.0
690.0
681.0
652.0
658.0
675.0
661.0
646.0
742.0
610.0
716.0
670.0
677.0
724.0
654.0
674.0
669.0
790.0
734.0
762.0
833.0
782.0
802.0
654.0
663.0
651.0
716.0
674.0
672.0
664.0
645.0
784.0
680.0
678.0
674.0
680.0
666.0
696.0
667.0
700.0
661.0
672.0
668.0
663.0
643.0
611.0
666.0
735.0
798.0
676.0
651.0
717.0
683.0
660.0
654.0
709.0
715.0
645.0
674.0
707.0
672.0
698.0
665.0
677.0
653.0
674.0
662.0
774.0
692.0
668.0
646.0
680.0
696.0
730.0
651.0
755.0
763.0
683.0
651.0
745.0
699.0
661.0
679.0
665.0
656.0
787.0
756.0
722.0
665.0
689.0
648.0
687.0
716.0
661.0
684.0
661.0
689.0
662.0
731.0
784.0
702.0
715.0
621.0
733.0
796.0
712.0
701.0
737.0
801.0
771.0
678.0
651.0
801.0
662.0
665.0
669.0
688.0
662.0
654.0
656.0
641.0
664.0
689.0
678.0
718.0
698.0
785.0
650.0
643.0
782.0
716.0
673.0
738.0
629.0
665.0
658.0
641.0
625.0
742.0
684.0
715.0
693.0
653.0
685.0
668.0
698.0
645.0
648.0
657.0
628.0
763.0
730.0
648.0
677.0
661.0
672.0
640.0
654.0
656.0
701.0
724.0
744.0
656.0
670.0
681.0
726.0
606.0
