0.7222865664308175
0.6991458431603772
0.8248997347785977
0.655377748196496
0.8863143462800874
0.8093831296125459
0.655377748196496
0.7899873731549812
0.6495996650635519
0.7255923840408802
0.8541097510940917
0.33220452599158656
1.1534910617367706
0.858710407549234
0.6892283903301886
1.6107167033571823
0.7899873731549812
1.8149070014444728
0.732204019261006
0.7222865664308175
1.2112195861204014
0.666933914462384
0.805503978321033
0.6793109374999999
0.9415222237417943
0.6925342079402514
0.6640448728959121
0.6892283903301886
0.9231195979212253
0.5866296402781491
0.6760051198899371
0.9599248495623632
1.183092495819398
1.6384877545404513
0.6149311662658881
1.2815373118729094
0.3682583852353911
0.5686355242043327
0.732204019261006
0.5686355242043327
0.732204019261006
0.3697989604323136
0.7487331073113205
0.606264041566472
0.7156749312106916
0.758954162822878
0.9783274753829322
0.8093831296125459
0.7487331073113205
0.732204019261006
0.7822290705719553
1.0222631105834465
0.8955156591903719
0.6925342079402514
0.7421214720911947
0.8365371886531363
0.7090632959905658
2.9725414648653237
0.64671062349708
0.6322654156647199
0.5708847887135597
1.0736131784260516
0.6826167551100627
0.6380434987976639
0.8679117204595185
0.4573049117377349
0.652488706630024
0.34977148287232096
0.7899873731549812
0.6322654156647199
0.669822956028856
0.8725123769146607
0.5596384661674244
0.7899873731549812
0.48236910247592846
0.7938665244464943
0.7938665244464943
0.672711997595328
0.6582667897629679
0.64671062349708
0.594707875300584
0.732204019261006
0.41293506594614393
0.5686355242043327
1.1249632462686567
0.7553447425314462
0.6322654156647199
0.6925342079402514
0.7024516607704401
0.652488706630024
0.6640448728959121
0.594707875300584
1.2393466764214045
0.64671062349708
0.7454272897012576
0.8725123769146607
0.6004859584335279
1.0059314141137856
0.7024516607704401
0.8287788860701105
0.9507235366520788
0.8771130333698031
0.8287788860701105
0.594707875300584
0.38058298681077124
0.591818833734112
0.629376374098248
0.735509836871069
0.6582667897629679
0.606264041566472
0.6925342079402514
0.8248997347785977
0.652488706630024
0.7977456757380073
1.085024304613297
0.6991458431603772
1.2041878135451505
0.9599248495623632
0.7744707679889297
0.7899873731549812
0.5124039114736559
0.7222865664308175
0.8863143462800874
0.9047169721006565
1.0679076153324287
0.8817136898249451
1.4154048786181135
0.7156749312106916
0.7938665244464943
1.033674236770692
0.7899873731549812
0.7783499192804426
0.9369215672866521
0.6351544572311919
1.0393797998643148
0.8909150027352296
0.43995277968821633
0.7222865664308175
0.6760051198899371
0.8817136898249451
0.652488706630024
0.6826167551100627
0.6793109374999999
0.8541097510940917
0.61782020783236
0.5416443500936079
0.655377748196496
0.7255923840408802
0.7977456757380073
0.80162482702952
0.669822956028856
0.7090632959905658
0.8365371886531363
0.9875287882932167
0.8365371886531363
0.7421214720911947
0.9139182850109409
0.8326580373616235
0.6793109374999999
0.5416443500936079
0.6640448728959121
0.7487331073113205
0.7977456757380073
1.2745055392976585
0.5169024404921101
0.6582667897629679
0.640932540364136
0.8771130333698031
0.5821311112596951
0.8449084381838073
1.0013307576586434
0.643821581930608
0.7938665244464943
0.7783499192804426
1.4075524042950507
0.6640448728959121
0.9415222237417943
1.5922026692350024
0.33744688129694084
2.2865358569122267
0.8093831296125459
1.8291987849434959
1.1649021879240162
0.4175567915369115
0.7123691136006288
1.368290032679738
0.732204019261006
1.142079935549525
0.9277202543763675
0.643821581930608
0.5079053824552019
0.8365371886531363
0.64671062349708
0.5663862596951057
1.2041878135451505
0.6351544572311919
1.4232573529411758
2.4294536919024554
0.8210205834870846
0.3697989604323136
0.41293506594614393
0.8404163399446493
0.32209635291466343
0.629376374098248
1.1249632462686567
0.992129444748359
0.7288982016509432
0.7822290705719553
0.43802476501604765
0.652488706630024
0.9599248495623632
1.1363743724559021
0.6351544572311919
0.9047169721006565
0.758954162822878
0.8210205834870846
1.1901242683946487
0.629376374098248
0.6149311662658881
0.7628333141143908
0.9507235366520788
0.732204019261006
0.6793109374999999
0.5686355242043327
0.603375
0.7156749312106916
0.6892283903301886
1.0165575474898236
0.9277202543763675
0.3713395356292361
0.9047169721006565
0.6892283903301886
1.0059314141137856
0.5686355242043327
0.606264041566472
1.4075524042950507
1.2885690844481603
0.5776325822412409
0.6640448728959121
0.7222865664308175
0.8679117204595185
1.062202052238806
0.7189807488207546
0.666933914462384
0.8093831296125459
0.6322654156647199
0.40215103956768633
0.7421214720911947
0.38366413720461623
0.7822290705719553
0.7628333141143908
0.42645667698303524
0.5753833177320138
0.9323209108315098
2.029283753929816
0.8248997347785977
0.597596916867056
1.3166961747491635
0.669822956028856
0.6640448728959121
0.7090632959905658
0.5348965565659266
0.7822290705719553
0.7977456757380073
0.8404163399446493
0.732204019261006
0.735509836871069
0.732204019261006
0.8449084381838073
0.5753833177320138
0.9645255060175055
0.5866296402781491
0.805503978321033
0.5686355242043327
0.5663862596951057
0.3334680476262019
0.7861082218634684
0.666933914462384
0.5686355242043327
0.655377748196496
0.6611558313294399
0.6322654156647199
0.9139182850109409
0.758954162822878
0.8863143462800874
0.623598290965304
0.38828586279538374
0.669822956028856
0.7090632959905658
0.8541097510940917
3.058292165859461
1.0793187415196743
0.9139182850109409
1.085024304613297
0.629376374098248
0.5596384661674244
1.2112195861204014
0.7024516607704401
0.5843803757689221
3.044000382360438
0.6859225727201257
0.6640448728959121
0.6760051198899371
0.7628333141143908
0.732204019261006
0.6091530831329439
0.9277202543763675
0.5663862596951057
0.4322407209995415
1.085024304613297
0.3513120580692434
0.7090632959905658
0.735509836871069
0.597596916867056
0.4900811611646033
0.735509836871069
0.8132622809040588
0.4175567915369115
1.9292412694366559
0.7454272897012576
0.655377748196496
0.652488706630024
0.6793109374999999
0.6826167551100627
0.669822956028856
2.458037258900501
0.7123691136006288
0.42645667698303524
1.2323149038461536
0.9783274753829322
0.8248997347785977
0.33744688129694084
0.7024516607704401
0.8171414321955719
0.7454272897012576
0.5821311112596951
0.7123691136006288
0.732204019261006
0.9737268189277901
0.8210205834870846
1.6292307374793615
0.4226006476386978
0.652488706630024
0.6760051198899371
0.5596384661674244
0.7024516607704401
0.5035772638697845
0.6925342079402514
0.620709249398832
0.666933914462384
0.6826167551100627
0.3759612612200037
0.6925342079402514
0.732204019261006
0.6091530831329439
1.3604375583566755
2.458037258900501
0.9415222237417943
0.6120421246994159
0.416016216339989
0.4534488823933975
0.7222865664308175
0.6351544572311919
0.9185189414660833
0.643821581930608
0.7454272897012576
0.8404163399446493
1.3996999299719886
0.7421214720911947
0.805503978321033
0.64671062349708
0.7222865664308175
0.8210205834870846
0.8909150027352296
0.8817136898249451
0.64671062349708
0.672711997595328
0.8210205834870846
0.3309410043569711
0.735509836871069
0.992129444748359
0.9323209108315098
1.5644316180517335
0.5843803757689221
0.6925342079402514
0.9323209108315098
0.428384691655204
0.8633110640043762
0.6149311662658881
0.8248997347785977
0.8210205834870846
0.4900811611646033
0.5506414081305161
0.9323209108315098
0.8132622809040588
0.5776325822412409
0.6004859584335279
0.5146531759828831
0.652488706630024
0.7938665244464943
0.8171414321955719
0.672711997595328
0.6091530831329439
1.0679076153324287
0.7189807488207546
0.5663862596951057
0.416016216339989
0.652488706630024
0.8365371886531363
0.655377748196496
0.6380434987976639
0.672711997595328
0.669822956028856
0.6793109374999999
0.9461228801969367
0.6091530831329439
0.9093176285557985
0.606264041566472
0.7899873731549812
0.7520389249213834
0.7861082218634684
0.9047169721006565
0.9047169721006565
0.8863143462800874
0.672711997595328
0.4144756411430664
0.7156749312106916
1.5274035498073746
1.2745055392976585
0.732204019261006
0.8404163399446493
1.4860771475256764
1.0222631105834465
0.5866296402781491
0.9185189414660833
0.5866296402781491
0.6582667897629679
0.7057574783805031
0.7899873731549812
0.9047169721006565
0.7667124654059038
0.620709249398832
0.858710407549234
1.062202052238806
0.758954162822878
1.2815373118729094
0.6120421246994159
0.8171414321955719
0.6925342079402514
0.5843803757689221
0.8679117204595185
0.34206860688770835
2.3437029909083185
0.7487331073113205
0.3170422663762019
0.3852047124015387
0.5551399371489703
0.6826167551100627
0.579881846750468
0.8171414321955719
0.8093831296125459
0.6611558313294399
0.7189807488207546
0.40677276515845384
0.603375
0.7553447425314462
0.666933914462384
0.8210205834870846
0.652488706630024
1.657001788662631
0.7222865664308175
0.623598290965304
0.8287788860701105
0.3334680476262019
0.9139182850109409
0.6380434987976639
0.6958400255503143
0.6264873325317759
0.7255923840408802
0.669822956028856
0.7899873731549812
0.7454272897012576
0.9323209108315098
0.669822956028856
0.7024516607704401
0.6958400255503143
0.5843803757689221
0.6760051198899371
0.669822956028856
0.7822290705719553
0.43802476501604765
0.6149311662658881
0.758954162822878
0.643821581930608
1.3996999299719886
0.7189807488207546
0.9737268189277901
0.643821581930608
1.5181465327462846
0.655377748196496
0.6892283903301886
0.5866296402781491
0.40985391555229894
0.7628333141143908
0.7255923840408802
1.027968673677069
0.5348965565659266
0.9645255060175055
0.9277202543763675
0.7783499192804426
1.6862809499532674
0.579881846750468
0.640932540364136
0.758954162822878
0.5663862596951057
0.591818833734112
0.9461228801969367
1.4389623015873012
0.732204019261006
0.8771130333698031
1.033674236770692
1.1078465569877882
1.0450853629579375
0.858710407549234
0.6351544572311919
0.6793109374999999
0.34360918208463087
0.8725123769146607
0.7156749312106916
0.6826167551100627
0.6582667897629679
0.3959887387799963
0.8093831296125459
0.7520389249213834
0.758954162822878
0.34360918208463087
0.597596916867056
0.5596384661674244
0.8326580373616235
0.4036916147646089
0.5079053824552019
0.6582667897629679
0.6322654156647199
0.7156749312106916
0.672711997595328
2.2579522899141815
0.7156749312106916
1.1021409938941655
0.758954162822878
0.8863143462800874
0.8093831296125459
1.085024304613297
0.6322654156647199
0.7520389249213834
0.8771130333698031
0.3183057880108173
0.5663862596951057
0.40215103956768633
0.5753833177320138
0.6991458431603772
0.7822290705719553
0.8541097510940917
0.7667124654059038
0.61782020783236
0.669822956028856
0.80162482702952
0.7553447425314462
0.7189807488207546
0.3513120580692434
0.4175567915369115
0.858710407549234
0.7189807488207546
0.4573049117377349
0.7189807488207546
1.3604375583566755
0.8863143462800874
0.6640448728959121
0.6892283903301886
0.8365371886531363
1.085024304613297
0.655377748196496
0.8449084381838073
0.35439320846308847
1.1192576831750338
0.7388156544811317
0.758954162822878
0.655377748196496
0.606264041566472
0.7822290705719553
0.9047169721006565
0.652488706630024
0.652488706630024
0.36671781003846854
0.7520389249213834
0.6640448728959121
0.8771130333698031
0.7156749312106916
0.5889297921676399
0.6958400255503143
1.5096345704948642
0.623598290965304
0.6495996650635519
1.0013307576586434
1.0222631105834465
0.8287788860701105
0.6264873325317759
0.6495996650635519
0.652488706630024
0.6091530831329439
0.7628333141143908
0.7189807488207546
0.8725123769146607
1.1306688093622796
0.8132622809040588
0.7421214720911947
0.6892283903301886
0.9001163156455143
0.9323209108315098
0.6760051198899371
0.6958400255503143
0.9875287882932167
0.39906988917384134
1.027968673677069
0.6793109374999999
0.6004859584335279
0.643821581930608
0.7024516607704401
0.6958400255503143
0.6991458431603772
0.9277202543763675
0.6640448728959121
0.9507235366520788
1.3237279473244143
0.603375
0.6958400255503143
0.4977932198532783
0.8909150027352296
0.620709249398832
0.34823090767539844
0.8771130333698031
1.0507909260515604
0.5618877306766514
1.1591966248303933
0.5889297921676399
0.623598290965304
1.295600857023411
0.6004859584335279
0.7553447425314462
0.7222865664308175
0.7667124654059038
0.6004859584335279
0.735509836871069
0.655377748196496
0.5596384661674244
0.5124039114736559
0.858710407549234
0.8248997347785977
0.80162482702952
0.6640448728959121
0.643821581930608
0.6351544572311919
0.3697989604323136
0.6380434987976639
0.7938665244464943
0.6826167551100627
0.6958400255503143
0.735509836871069
0.7744707679889297
0.7222865664308175
0.6351544572311919
0.8287788860701105
0.5843803757689221
0.8404163399446493
0.7744707679889297
0.669822956028856
2.0721591044268846
0.652488706630024
0.4804410878037597
0.3651772348415461
0.4036916147646089
0.42645667698303524
0.6120421246994159
0.3309410043569711
0.9139182850109409
0.3405280316907859
1.0964354308005426
0.7090632959905658
0.7388156544811317
1.3096644021739126
0.3682583852353911
0.8365371886531363
0.32967748272235575
0.7189807488207546
0.7783499192804426
0.7977456757380073
0.6351544572311919
0.6091530831329439
0.7977456757380073
0.5596384661674244
0.805503978321033
1.1249632462686567
0.4175567915369115
0.7783499192804426
0.655377748196496
0.6004859584335279
1.4468147759103638
0.5776325822412409
