893.0
922.0
933.0
828.0
592.0
788.0
812.0
968.0
944.0
951.0
586.0
834.0
842.0
817.0
846.0
703.0
811.0
818.0
837.0
811.0
939.0
822.0
817.0
877.0
793.0
892.0
805.0
825.0
848.0
791.0
775.0
822.0
741.0
879.0
842.0
913.0
821.0
772.0
919.0
884.0
906.0
830.0
980.0
837.0
785.0
825.0
818.0
789.0
852.0
603.0
845.0
981.0
844.0
708.0
694.0
817.0
778.0
836.0
809.0
974.0
882.0
882.0
889.0
837.0
590.0
899.0
825.0
605.0
853.0
951.0
842.0
796.0
833.0
826.0
867.0
882.0
955.0
879.0
850.0
840.0
891.0
1118.0
744.0
684.0
838.0
853.0
894.0
881.0
880.0
825.0
708.0
836.0
885.0
834.0
824.0
869.0
890.0
815.0
877.0
998.0
890.0
835.0
855.0
688.0
709.0
786.0
862.0
762.0
849.0
834.0
715.0
820.0
951.0
846.0
652.0
802.0
853.0
781.0
919.0
885.0
914.0
827.0
637.0
989.0
624.0
818.0
804.0
849.0
979.0
825.0
808.0
866.0
918.0
845.0
872.0
849.0
823.0
602.0
863.0
850.0
1002.0
829.0
856.0
802.0
830.0
950.0
781.0
812.0
1034.0
706.0
846.0
864.0
789.0
867.0
813.0
848.0
855.0
817.0
741.0
856.0
802.0
822.0
845.0
838.0
839.0
796.0
804.0
816.0
946.0
875.0
792.0
887.0
793.0
937.0
612.0
761.0
871.0
822.0
818.0
902.0
822.0
904.0
867.0
814.0
653.0
852.0
943.0
864.0
871.0
873.0
853.0
738.0
724.0
796.0
842.0
619.0
822.0
938.0
842.0
925.0
845.0
914.0
821.0
805.0
890.0
836.0
850.0
890.0
997.0
913.0
852.0
979.0
898.0
802.0
833.0
993.0
836.0
893.0
783.0
994.0
813.0
927.0
829.0
610.0
784.0
992.0
810.0
907.0
854.0
831.0
667.0
798.0
869.0
944.0
913.0
598.0
815.0
816.0
782.0
668.0
708.0
863.0
908.0
866.0
720.0
809.0
794.0
817.0
826.0
813.0
851.0
904.0
855.0
828.0
923.0
825.0
813.0
860.0
994.0
791.0
901.0
893.0
840.0
865.0
832.0
821.0
894.0
909.0
689.0
820.0
698.0
794.0
826.0
835.0
848.0
672.0
834.0
888.0
842.0
881.0
886.0
777.0
798.0
830.0
786.0
813.0
881.0
869.0
845.0
786.0
843.0
882.0
812.0
832.0
1015.0
826.0
890.0
981.0
682.0
859.0
831.0
810.0
658.0
814.0
843.0
634.0
789.0
785.0
717.0
864.0
1010.0
888.0
838.0
820.0
909.0
876.0
810.0
892.0
850.0
594.0
859.0
620.0
829.0
818.0
597.0
831.0
818.0
853.0
724.0
1244.0
800.0
958.0
807.0
961.0
867.0
836.0
839.0
808.0
682.0
833.0
784.0
834.0
803.0
898.0
814.0
867.0
820.0
861.0
652.0
869.0
873.0
925.0
805.0
809.0
924.0
850.0
982.0
858.0
907.0
967.0
895.0
800.0
796.0
916.0
806.0
823.0
779.0
802.0
871.0
923.0
820.0
865.0
762.0
868.0
672.0
829.0
978.0
853.0
879.0
787.0
853.0
778.0
801.0
796.0
800.0
708.0
621.0
867.0
926.0
892.0
646.0
877.0
934.0
693.0
796.0
688.0
860.0
925.0
963.0
1059.0
985.0
812.0
865.0
924.0
851.0
834.0
784.0
790.0
837.0
829.0
857.0
990.0
830.0
817.0
920.0
802.0
878.0
795.0
842.0
822.0
815.0
859.0
1022.0
770.0
819.0
802.0
842.0
660.0
778.0
821.0
858.0
624.0
797.0
913.0
802.0
956.0
677.0
1050.0
826.0
828.0
612.0
801.0
947.0
808.0
931.0
721.0
948.0
853.0
822.0
988.0
841.0
613.0
850.0
825.0
869.0
818.0
808.0
855.0
790.0
824.0
793.0
797.0
852.0
757.0
840.0
848.0
988.0
814.0
798.0
845.0
813.0
853.0
809.0
802.0
817.0
874.0
856.0
728.0
797.0
828.0
916.0
978.0
801.0
877.0
989.0
962.0
983.0
781.0
617.0
933.0
895.0
794.0
854.0
828.0
869.0
821.0
887.0
813.0
878.0
891.0
594.0
799.0
845.0
833.0
805.0
792.0
802.0
811.0
589.0
847.0
813.0
736.0
877.0
787.0
882.0
854.0
836.0
909.0
885.0
816.0
778.0
841.0
745.0
867.0
1037.0
893.0
813.0
902.0
791.0
697.0
825.0
741.0
856.0
788.0
818.0
823.0
814.0
789.0
810.0
922.0
717.0
842.0
827.0
881.0
973.0
916.0
839.0
648.0
807.0
609.0
954.0
628.0
837.0
822.0
980.0
834.0
801.0
681.0
853.0
922.0
803.0
839.0
646.0
890.0
826.0
989.0
681.0
909.0
895.0
829.0
680.0
821.0
867.0
854.0
654.0
828.0
853.0
798.0
771.0
790.0
608.0
814.0
658.0
872.0
825.0
811.0
769.0
809.0
809.0
718.0
906.0
1045.0
1097.0
925.0
841.0
838.0
856.0
802.0
858.0
839.0
877.0
822.0
842.0
828.0
837.0
1009.0
776.0
866.0
795.0
826.0
823.0
907.0
909.0
885.0
782.0
888.0
884.0
797.0
848.0
985.0
817.0
827.0
847.0
1018.0
874.0
807.0
928.0
881.0
833.0
884.0
772.0
727.0
592.0
882.0
774.0
700.0
832.0
831.0
952.0
819.0
813.0
757.0
846.0
890.0
784.0
1001.0
846.0
837.0
888.0
