0.8400261152171062
0.6640813629662616
3.024476888611351
0.7524115734645807
0.6096373416410522
1.1951108424531225
1.0726721872283198
0.7998445576442444
0.6288528785793615
0.8360079594598201
1.6514589310065575
0.7636811558286689
0.4085372081039171
0.7147905893246863
0.6672839524559799
0.8955832031067291
0.7113704998574232
0.6976901419883706
0.6224476995999251
0.731891036661002
1.0307867372105326
0.8955832031067291
0.4068481139082955
0.5823651756345681
0.6672839524559799
1.0128358300600524
0.9006571095924003
0.9869135198488107
0.5823651756345681
0.7011102314556338
0.4136044906907819
0.6840097841193181
0.997061332820153
0.8400261152171062
0.6256502890896433
0.7250508577264757
1.0547212800778396
0.7421513050627913
0.7636811558286689
1.3596440198679223
0.6672839524559799
0.579792523447355
0.7387312155955281
1.2447482792153488
1.0021352393058243
0.6576761839868254
0.6737495157175287
0.6032321626616158
0.7998445576442444
0.5360574362647305
0.731891036661002
1.0072091457914953
0.7216307682592126
0.70795041039016
0.6771696051847919
0.8549919512213596
0.606434752151334
0.6512710050073889
1.3227499655559891
0.6908499630538445
0.5617839581368624
0.5746472190729286
0.5968269836821795
0.579792523447355
0.7216307682592126
0.6352580575587978
0.997061332820153
1.3014767783721781
0.8448441382500171
0.7455713945300545
1.024803101493706
1.0128358300600524
0.7558316629318438
0.6384606470485161
0.6640813629662616
0.6512710050073889
0.9057310160780715
4.809684564015617
0.6576761839868254
0.8319898037025338
1.4623495154057335
1.1025903658124536
0.9615439874204547
0.5772198712601417
0.7284709471937387
0.46162102846973463
0.8078808691588169
1.1809287176639152
0.6576761839868254
0.8279716479452477
1.1809287176639152
0.7455713945300545
1.1951108424531225
0.6448658260279525
0.6805896946520551
0.8279716479452477
0.7998445576442444
0.8752875771640443
0.5875104800089946
0.7113704998574232
0.7837719346150998
0.4034699255170523
0.9260266420207561
1.5097520518078005
0.6942700525211076
0.8752875771640443
0.6976901419883706
0.7797537788578136
1.0072091457914953
0.6128399311307704
0.6976901419883706
0.5823651756345681
0.5904218047027431
0.6608787734765434
0.9767657068774683
0.6874298735865813
1.0427540086441862
1.0072091457914953
0.4833579113852167
0.4464052104288972
0.6128399311307704
0.9209527355350852
0.9108049225637428
0.9311005485064274
0.6672839524559799
0.7489914839973175
0.8360079594598201
0.6840097841193181
0.9463222679634411
0.6288528785793615
0.6480684155176707
0.9006571095924003
0.7387312155955281
0.566929262511289
0.5936243941924613
0.6000295731718976
0.6512710050073889
2.548153195141858
1.5391895135308296
0.5412027406391567
1.5596021348900528
0.6288528785793615
0.606434752151334
0.6805896946520551
0.6976901419883706
0.5849378278217814
0.6288528785793615
0.8239534921879615
0.5823651756345681
0.46379471676128287
1.5018516290741226
2.8512682728042624
0.7636811558286689
0.6942700525211076
0.5823651756345681
0.7958264018869583
0.6256502890896433
1.3675444426016001
0.6672839524559799
0.8319898037025338
0.7958264018869583
0.5968269836821795
0.6672839524559799
0.8651397641927019
1.5493958242104413
0.9666178939061258
0.791808246129672
1.2660214663991598
0.6416632365382343
0.6737495157175287
0.6704865419456981
1.710978218740931
0.9666178939061258
0.8319898037025338
0.731891036661002
0.7837719346150998
0.6771696051847919
0.731891036661002
0.767699311585955
0.6032321626616158
0.6352580575587978
0.5936243941924613
0.5823651756345681
0.6874298735865813
0.7250508577264757
0.7387312155955281
1.8264506292789897
0.6032321626616158
0.6288528785793615
0.6096373416410522
0.6737495157175287
0.7489914839973175
0.6805896946520551
0.6976901419883706
0.8600658577070308
0.7455713945300545
0.7797537788578136
0.7353111261282651
0.6737495157175287
1.4623495154057335
0.6384606470485161
0.6128399311307704
0.6448658260279525
1.0487376443610128
0.6840097841193181
1.0072091457914953
0.6096373416410522
1.0487376443610128
0.7455713945300545
0.7455713945300545
0.507758262205385
0.731891036661002
0.6288528785793615
0.9412483614777698
0.8448441382500171
0.6256502890896433
0.4119153964951603
0.6384606470485161
0.6840097841193181
0.9564700809347834
0.7717174673432412
0.7216307682592126
0.6771696051847919
0.4898789762598613
0.5823651756345681
1.4386482472047002
0.6384606470485161
1.308567840766782
0.6032321626616158
0.7524115734645807
0.6256502890896433
0.9463222679634411
0.5936243941924613
0.9513961744491121
0.811899024916103
0.496400041134506
0.566929262511289
0.9666178939061258
0.4811842230936685
0.4898789762598613
0.8499180447356883
0.8448441382500171
0.8955832031067291
0.7113704998574232
0.6032321626616158
0.704530320922897
0.7489914839973175
0.6416632365382343
0.6160425206204886
0.6840097841193181
0.9412483614777698
0.5904218047027431
0.7421513050627913
0.7558316629318438
0.6805896946520551
0.6942700525211076
1.3298410279505932
0.46379471676128287
0.7216307682592126
0.7421513050627913
1.5391895135308296
0.6192451101102069
0.7216307682592126
0.7421513050627913
1.0128358300600524
0.8038627134015306
0.45292627530354185
0.4985737294260541
0.37137713580024173
0.5936243941924613
0.6874298735865813
0.6224476995999251
0.6032321626616158
0.6976901419883706
0.6160425206204886
0.6480684155176707
0.6908499630538445
0.7837719346150998
0.6128399311307704
0.566929262511289
0.6737495157175287
0.7837719346150998
0.6512710050073889
0.9158788290494139
0.7757356231005273
1.024803101493706
0.9818396133631394
0.7717174673432412
0.9057310160780715
0.8279716479452477
0.7216307682592126
0.5823651756345681
0.7717174673432412
2.158433809575909
0.4790105348021203
1.1384921801134142
0.6840097841193181
0.731891036661002
0.9463222679634411
0.704530320922897
0.6737495157175287
0.7182106787919494
0.6544735944971071
0.7489914839973175
0.6576761839868254
0.6448658260279525
0.6512710050073889
0.8854353901353865
1.0427540086441862
1.0547212800778396
1.1265249086797606
0.6672839524559799
0.6000295731718976
0.7216307682592126
0.6320554680690796
0.579792523447355
0.6771696051847919
1.4149469790036668
0.5695019146985021
0.8651397641927019
0.6576761839868254
0.6576761839868254
0.6416632365382343
0.6737495157175287
0.6544735944971071
2.302774322748483
0.7717174673432412
0.6352580575587978
0.811899024916103
0.7216307682592126
0.6320554680690796
0.7958264018869583
0.6704865419456981
0.8499180447356883
0.9057310160780715
0.6352580575587978
0.8319898037025338
0.6192451101102069
0.7837719346150998
0.5386300884519436
0.6576761839868254
0.7421513050627913
0.5823651756345681
0.7636811558286689
0.5904218047027431
0.8600658577070308
0.6840097841193181
0.7757356231005273
0.4355367689711562
0.6160425206204886
0.6576761839868254
0.8905092966210578
0.811899024916103
0.6480684155176707
0.6448658260279525
0.9412483614777698
0.7216307682592126
0.5772198712601417
0.971691800391797
0.6608787734765434
0.8199353364306754
0.6976901419883706
0.6544735944971071
0.6805896946520551
0.8448441382500171
1.0607049157946662
0.7113704998574232
0.579792523447355
0.8360079594598201
0.6256502890896433
0.8448441382500171
0.556638653762436
0.9615439874204547
0.6874298735865813
0.6512710050073889
0.6805896946520551
1.840884680596247
0.606434752151334
0.6704865419456981
0.7455713945300545
0.7147905893246863
0.7596630000713827
0.5720745668857152
0.8319898037025338
0.6384606470485161
0.7387312155955281
0.7837719346150998
0.8600658577070308
0.6416632365382343
0.5746472190729286
0.7757356231005273
0.4246683275134152
0.6704865419456981
0.6737495157175287
0.9869135198488107
0.6256502890896433
0.7717174673432412
0.4898789762598613
0.7636811558286689
0.7147905893246863
0.8448441382500171
1.024803101493706
0.6320554680690796
0.7998445576442444
0.8159171806733893
0.7011102314556338
0.6576761839868254
0.556638653762436
0.7558316629318438
0.46162102846973463
0.791808246129672
0.5360574362647305
1.0726721872283198
0.9108049225637428
0.5936243941924613
0.6672839524559799
0.6640813629662616
1.3156589031613855
0.6160425206204886
0.6192451101102069
0.6512710050073889
0.8854353901353865
1.1564430872638942
0.8400261152171062
0.791808246129672
0.7421513050627913
0.6840097841193181
0.8702136706783732
0.8319898037025338
0.6416632365382343
0.4398841455542526
1.0072091457914953
0.5540660015752228
0.7387312155955281
0.8159171806733893
0.5904218047027431
0.6512710050073889
1.9419230398170484
0.5592113059496493
0.6576761839868254
0.6256502890896433
0.5772198712601417
0.6576761839868254
1.0021352393058243
0.6000295731718976
0.9564700809347834
0.8549919512213596
0.8279716479452477
0.6576761839868254
0.8360079594598201
1.0128358300600524
0.7797537788578136
0.6032321626616158
0.8159171806733893
0.8448441382500171
0.6224476995999251
0.7011102314556338
0.5720745668857152
0.6032321626616158
2.2306040661621953
0.6976901419883706
0.6224476995999251
0.6224476995999251
0.606434752151334
0.9615439874204547
0.704530320922897
0.7797537788578136
0.9919874263344817
0.7113704998574232
0.9158788290494139
0.6288528785793615
0.8702136706783732
0.6288528785793615
0.6192451101102069
0.5463480450135833
0.8279716479452477
0.6320554680690796
0.6640813629662616
0.4311893923880598
0.6976901419883706
0.7113704998574232
0.7421513050627913
0.6320554680690796
0.7147905893246863
0.7216307682592126
0.8854353901353865
0.7524115734645807
0.9108049225637428
0.6672839524559799
0.579792523447355
0.9919874263344817
0.704530320922897
0.5617839581368624
0.7387312155955281
0.6512710050073889
0.7147905893246863
0.6805896946520551
0.6576761839868254
0.5904218047027431
0.8319898037025338
0.7387312155955281
0.971691800391797
1.5187768921716063
0.8319898037025338
0.3950244545389442
0.606434752151334
7.5040648358077275
0.6976901419883706
0.7958264018869583
0.7998445576442444
1.308567840766782
1.0607049157946662
0.7797537788578136
0.5904218047027431
0.6672839524559799
0.7250508577264757
0.41867177327764676
0.6320554680690796
0.6544735944971071
0.5875104800089946
0.7387312155955281
0.9006571095924003
0.7455713945300545
0.5463480450135833
0.5904218047027431
0.7353111261282651
0.7757356231005273
0.8905092966210578
0.606434752151334
0.579792523447355
0.5875104800089946
0.4724894699274757
0.6608787734765434
1.0367703729273594
0.6544735944971071
0.6576761839868254
0.8319898037025338
0.9108049225637428
0.6576761839868254
1.0547212800778396
0.5386300884519436
0.704530320922897
0.6672839524559799
0.4877052879683131
0.6160425206204886
0.7524115734645807
0.6976901419883706
0.9818396133631394
1.1384921801134142
0.6352580575587978
0.6096373416410522
0.4290157040965116
0.7489914839973175
0.787790090372386
0.5592113059496493
0.444231522137349
0.5772198712601417
0.787790090372386
0.7717174673432412
0.8600658577070308
0.6480684155176707
2.1151316556241366
0.8600658577070308
0.6096373416410522
0.6640813629662616
0.6942700525211076
0.5231941753286643
0.7216307682592126
1.2163840296369337
0.6874298735865813
0.6352580575587978
0.3899571719520794
0.6976901419883706
0.38657898356083614
0.6576761839868254
0.4550999635950901
0.6032321626616158
0.4136044906907819
0.7421513050627913
0.7837719346150998
0.9818396133631394
0.811899024916103
0.6908499630538445
1.4307478244710226
1.1504594515470676
0.6320554680690796
1.114557637246107
0.9666178939061258
0.5936243941924613
0.3882680777564578
0.6384606470485161
0.5206215231414512
0.8279716479452477
1.1809287176639152
0.70795041039016
0.6704865419456981
0.6128399311307704
0.6256502890896433
0.6320554680690796
0.8279716479452477
1.258930404004556
0.4572736518866382
0.46814209334437923
1.0846394586619734
0.5875104800089946
0.8549919512213596
0.7558316629318438
0.6640813629662616
0.44857889872044543
0.5617839581368624
0.5823651756345681
0.4068481139082955
0.8159171806733893
0.7250508577264757
0.7958264018869583
0.7421513050627913
0.6416632365382343
0.6640813629662616
0.767699311585955
0.7011102314556338
0.6874298735865813
0.5360574362647305
0.7216307682592126
1.1325085443965872
0.606434752151334
0.7284709471937387
1.1809287176639152
0.8854353901353865
0.7717174673432412
0.7113704998574232
0.70795041039016
0.6874298735865813
0.5772198712601417
0.5720745668857152
0.6908499630538445
0.6320554680690796
0.6737495157175287
1.0906230943788
0.5904218047027431
0.7717174673432412
0.4898789762598613
0.6942700525211076
0.3984026429301874
0.6096373416410522
0.9311005485064274
0.6672839524559799
0.8400261152171062
0.5360574362647305
0.7011102314556338
0.3967135487345658
0.6544735944971071
0.5968269836821795
0.9919874263344817
0.6384606470485161
0.4833579113852167
0.6288528785793615
0.5007474177176023
0.5592113059496493
0.6874298735865813
0.7998445576442444
0.5823651756345681
0.7757356231005273
0.6576761839868254
0.7558316629318438
0.9311005485064274
0.579792523447355
0.9311005485064274
0.6840097841193181
0.6000295731718976
0.6976901419883706
0.6288528785793615
0.46814209334437923
0.6352580575587978
0.6544735944971071
0.6576761839868254
0.5746472190729286
0.5007474177176023
0.6288528785793615
0.6512710050073889
0.566929262511289
0.5617839581368624
0.6288528785793615
0.579792523447355
0.6320554680690796
0.6128399311307704
0.6128399311307704
0.5875104800089946
0.4119153964951603
0.787790090372386
0.6288528785793615
0.7387312155955281
0.7284709471937387
0.6192451101102069
1.2092929672423303
0.7797537788578136
0.6192451101102069
1.0487376443610128
0.7455713945300545
0.7455713945300545
0.811899024916103
0.6608787734765434
0.556638653762436
0.5695019146985021
0.7636811558286689
3.375609419506947
0.6942700525211076
0.8279716479452477
0.7387312155955281
0.4085372081039171
0.8159171806733893
0.8199353364306754
0.6032321626616158
0.6908499630538445
0.7797537788578136
0.8752875771640443
0.5904218047027431
