1.178725084160655
0.7779719844893159
1.5905956893979158
1.0173580463253775
1.0591394515773291
3.048358537356396
1.178725084160655
0.8515634045218016
0.6534622762359497
0.8258013683755717
0.5257409235208391
0.7739862024987946
0.7620288565272306
0.4985862493327926
1.6001038861192274
0.9481745475430539
0.8377587143471357
0.9240217617877408
0.6593640306219145
0.5027007307417946
0.9240217617877408
0.8377587143471357
0.8218155863850505
1.0233268185042277
0.5335933978439017
1.0412331350407782
1.1307647177235318
1.2212894030134596
0.9771578904494295
1.524038312348735
0.9288523189388034
0.7660146385177519
1.0173580463253775
1.1307647177235318
1.3277002001454712
2.536267375213042
1.0412331350407782
0.9481745475430539
1.61912027956185
1.61912027956185
0.8708856331260519
0.8018866764324438
1.112858401186981
1.2283834561555937
1.1858191373027889
9.29412790426982
0.7580430745367093
1.0113892741465274
0.8805467474281772
1.4896978306592707
0.9868190047515546
1.2354775092977277
0.9095300903345529
0.4512697131292701
0.8563939616728641
0.7979008944419225
0.9191912046366781
1.0949520846504304
0.8853773045792398
0.45538419453827206
0.4677276387652779
1.106889629008131
1.1665773507966333
1.0412331350407782
0.8757161902771146
1.1858191373027889
0.8058724584229651
0.8805467474281772
1.1307647177235318
1.374266458110251
0.8138440224040078
1.154639806438933
1.3277002001454712
0.9916495619026173
1.7608150439673917
1.160608578617783
1.154639806438933
0.6210026271131425
1.313512093861203
1.006141233355805
0.8337729323566143
0.9240217617877408
1.1725461229754834
0.4924145272192897
0.9481745475430539
0.9578356618451791
1.5335465090700469
1.08301454029273
0.4677276387652779
0.3996940401134873
1.3277002001454712
0.8757161902771146
0.5650032951361519
0.8998689760324275
0.8098582404134864
0.38414556024495816
0.8018866764324438
2.945940304927725
1.6876591636611982
0.8515634045218016
0.8612245188239266
0.4800710829922838
1.160608578617783
2.624054431580474
0.8853773045792398
0.7086517541843215
1.035264362861928
1.035264362861928
0.9143606474856153
0.9674967761473043
1.6761694598897192
0.6972663751229496
0.8098582404134864
0.7859435484703584
0.7899293304608798
1.3418883064297393
1.006141233355805
0.8218155863850505
0.8218155863850505
0.5231234320798183
1.160608578617783
1.0173580463253775
0.48830004581028763
0.6858809960615778
1.2425715624398619
0.9385134332409285
0.7739862024987946
0.4368690281977633
0.7086517541843215
1.112858401186981
0.6534622762359497
0.9723273332983668
0.7541932704298089
0.6820858697077871
0.5676207865771727
0.9095300903345529
0.5152709577567557
0.6782907433539965
0.7620288565272306
0.8757161902771146
0.7939151124514011
1.08301454029273
0.8058724584229651
0.6593640306219145
1.2212894030134596
0.8377587143471357
1.192913190444923
0.7819577664798373
2.6094232555192356
0.3737799069992721
0.5027007307417946
2.4192179667231324
0.8660550759749893
3.0776208894788732
0.9336828760898659
1.2425715624398619
0.7162420068919028
0.8058724584229651
0.8902078617303024
0.8337729323566143
1.0531706793984787
0.8377587143471357
1.2354775092977277
0.4492124724247691
1.2425715624398619
1.2354775092977277
2.068069741253404
1.6286284762831618
2.653316783702951
0.817829804394529
0.9674967761473043
0.6593640306219145
1.1486710342600828
0.817829804394529
0.8998689760324275
1.1367334899023822
0.7162420068919028
0.5027007307417946
0.5807082437822771
0.8998689760324275
0.9916495619026173
0.8377587143471357
0.9868190047515546
0.99648011905368
2.068069741253404
0.9481745475430539
0.8998689760324275
1.1725461229754834
1.2141953498713254
0.7899293304608798
0.7541932704298089
0.9674967761473043
1.6876591636611982
1.3825115561494667
0.5650032951361519
1.1486710342600828
0.8805467474281772
0.8853773045792398
7.058325659822831
0.8563939616728641
0.8902078617303024
0.9916495619026173
0.9385134332409285
2.1412256215595975
1.08301454029273
0.5728557694592145
0.9530051046941164
1.1725461229754834
0.9674967761473043
1.178725084160655
0.8218155863850505
0.9191912046366781
0.9771578904494295
1.263853721866264
1.249665615581996
0.8563939616728641
0.7779719844893159
1.349531163992604
0.9143606474856153
1.804708572151108
0.8950384188813649
0.5205059406387975
0.9240217617877408
1.0770457681138799
0.8612245188239266
3.180039121907544
0.7010615014767402
1.1247959455446817
0.9385134332409285
0.9143606474856153
0.9288523189388034
1.0412331350407782
1.1725461229754834
0.9336828760898659
1.035264362861928
0.7859435484703584
0.9095300903345529
0.8098582404134864
0.7779719844893159
1.8339709242735849
0.7739862024987946
0.3772351247478341
1.3277002001454712
1.5525629025126695
0.8098582404134864
0.7466030177222277
0.9143606474856153
0.5006434900372936
1.106889629008131
0.7620288565272306
1.006141233355805
1.1009208568292805
0.8337729323566143
1.08301454029273
0.8058724584229651
0.7979008944419225
0.8258013683755717
0.7276273859532746
1.313512093861203
0.9578356618451791
0.44715523172026816
0.8853773045792398
1.0770457681138799
1.5145301156274236
0.8853773045792398
0.7779719844893159
0.9433439903919911
0.9143606474856153
1.1247959455446817
1.4154919483063295
1.374266458110251
2.8288908964378154
1.313512093861203
1.3418883064297393
0.8058724584229651
0.8612245188239266
0.8612245188239266
2.024176213069688
1.5525629025126695
1.6096120828405387
0.8018866764324438
2.243643853988268
0.8902078617303024
0.8337729323566143
1.9949138609472108
2.653316783702951
0.7276273859532746
0.5754732609002353
0.7466030177222277
0.4800710829922838
0.7010615014767402
0.9336828760898659
0.8805467474281772
0.8805467474281772
1.0173580463253775
0.8757161902771146
1.160608578617783
0.8297871503660931
0.9819884476004921
0.8058724584229651
1.006141233355805
1.263853721866264
1.106889629008131
1.0591394515773291
1.6571530664470964
0.9481745475430539
1.2709477750083984
3.165407945846306
0.9723273332983668
1.0889833124715802
0.8098582404134864
0.8018866764324438
0.9916495619026173
1.0651082237561793
0.817829804394529
0.8515634045218016
1.0173580463253775
1.1665773507966333
0.8098582404134864
0.8337729323566143
1.1247959455446817
0.48418556440128574
1.1486710342600828
1.112858401186981
1.877864452457301
0.8563939616728641
1.1307647177235318
1.0531706793984787
1.0013106762047426
0.9046995331834903
1.7022903397224367
0.6652657850078794
0.9481745475430539
0.8757161902771146
1.8486021003348236
1.2071012967291912
1.0591394515773291
0.8258013683755717
1.106889629008131
1.1188271733658315
0.6121499955341952
1.4896978306592707
1.481452732620055
0.7580430745367093
0.7779719844893159
0.9385134332409285
0.9046995331834903
1.4896978306592707
1.249665615581996
0.8018866764324438
0.7779719844893159
0.9288523189388034
0.9674967761473043
0.9336828760898659
0.817829804394529
1.2283834561555937
0.8660550759749893
1.1486710342600828
0.8515634045218016
0.6782907433539965
0.8377587143471357
0.7660146385177519
2.024176213069688
0.8805467474281772
1.2425715624398619
1.731552691844914
0.7428078913684371
0.9868190047515546
1.035264362861928
1.154639806438933
1.3577762620318197
0.6858809960615778
0.7390127650146463
1.2993239875769347
0.6534622762359497
1.106889629008131
1.1858191373027889
0.7819577664798373
1.6761694598897192
0.7466030177222277
0.9819884476004921
0.7620288565272306
0.8467328473707388
0.7739862024987946
0.4677276387652779
0.8258013683755717
0.9674967761473043
0.5623858036951311
1.035264362861928
0.8258013683755717
0.9578356618451791
1.7169215157836755
0.9385134332409285
0.9046995331834903
0.5833257352232979
1.3577762620318197
0.7819577664798373
0.8853773045792398
0.7859435484703584
0.7739862024987946
0.7503981440760183
0.8018866764324438
1.0113892741465274
0.6652657850078794
0.8515634045218016
1.1367334899023822
0.9771578904494295
0.7739862024987946
1.0889833124715802
0.9819884476004921
0.9046995331834903
0.8515634045218016
0.7541932704298089
0.4512697131292701
2.2875373821719847
0.8998689760324275
0.47595660158328185
1.112858401186981
0.7700004205082732
1.6381366730044733
0.6711675393938442
0.9481745475430539
0.9481745475430539
1.0651082237561793
0.8218155863850505
0.7859435484703584
1.1858191373027889
1.5525629025126695
1.1307647177235318
1.0233268185042277
0.7620288565272306
0.9530051046941164
1.035264362861928
0.6744956170002059
0.41524251998201644
0.9481745475430539
0.5283584149618601
2.3753244385394163
0.712446880538112
0.6972663751229496
0.6328061358850724
1.1725461229754834
0.8660550759749893
0.7238322595994839
0.9530051046941164
0.4512697131292701
0.8419022902196762
0.7390127650146463
1.2071012967291912
0.7503981440760183
0.8258013683755717
1.160608578617783
0.3755075158735531
0.9336828760898659
0.5100359748747141
1.0651082237561793
0.4512697131292701
0.9336828760898659
1.7754462200286303
0.6593640306219145
0.7010615014767402
0.9046995331834903
0.6858809960615778
0.47595660158328185
2.3899556146006553
0.6180517499201601
2.624054431580474
0.8708856331260519
0.8757161902771146
0.9191912046366781
2.1265944454983585
1.1486710342600828
1.035264362861928
1.5715792959552928
0.7580430745367093
1.0292955906830779
0.5440633636079851
0.7352176386608559
0.8805467474281772
0.7162420068919028
0.9385134332409285
0.9385134332409285
2.858153248560293
0.8805467474281772
1.0412331350407782
1.3418883064297393
0.9674967761473043
0.9143606474856153
0.7620288565272306
0.9771578904494295
1.61912027956185
0.7162420068919028
0.6121499955341952
0.7541932704298089
1.0651082237561793
1.08301454029273
0.9771578904494295
0.8258013683755717
0.5545333293720686
0.8805467474281772
0.9191912046366781
0.9191912046366781
1.1367334899023822
1.2922299344348007
0.6652657850078794
0.8018866764324438
3.1361455937238283
0.9143606474856153
1.0233268185042277
1.4402272424239766
0.8950384188813649
1.2425715624398619
1.6096120828405387
0.7428078913684371
0.8950384188813649
0.9481745475430539
1.9802826848859718
0.817829804394529
0.41524251998201644
0.9288523189388034
0.7541932704298089
1.1367334899023822
0.8258013683755717
0.9530051046941164
1.61912027956185
0.8018866764324438
0.7390127650146463
0.9723273332983668
0.5597683122541103
0.6682166622008618
0.8297871503660931
0.8138440224040078
0.8515634045218016
0.8337729323566143
0.7238322595994839
0.5885607181053397
0.7541932704298089
1.0651082237561793
0.7503981440760183
0.6121499955341952
1.0412331350407782
1.0710769959350295
4.770640268146515
1.0292955906830779
0.48830004581028763
1.7608150439673917
0.7899293304608798
0.7779719844893159
0.7779719844893159
0.5335933978439017
0.7739862024987946
1.263853721866264
2.024176213069688
0.9578356618451791
0.8805467474281772
1.178725084160655
1.313512093861203
0.5006434900372936
0.9771578904494295
1.0233268185042277
1.0710769959350295
2.0973320933758814
1.1009208568292805
0.8708856331260519
0.7620288565272306
0.8708856331260519
1.2071012967291912
0.7939151124514011
0.6652657850078794
0.7979008944419225
0.7979008944419225
1.1427022620812324
1.0292955906830779
1.524038312348735
1.3347942532876054
0.8098582404134864
0.9336828760898659
0.7739862024987946
1.160608578617783
0.8612245188239266
1.035264362861928
0.6298552586920899
0.9530051046941164
0.8467328473707388
1.035264362861928
0.7390127650146463
1.2000072435870572
0.7939151124514011
1.481452732620055
0.7238322595994839
0.7700004205082732
0.7580430745367093
0.7162420068919028
0.8708856331260519
0.8515634045218016
0.40314925786204936
1.2000072435870572
1.1009208568292805
0.8950384188813649
0.8377587143471357
0.99648011905368
0.9916495619026173
1.2354775092977277
0.8612245188239266
0.47595660158328185
0.8950384188813649
0.38069034249639616
0.7428078913684371
1.0770457681138799
0.7620288565272306
0.8902078617303024
2.068069741253404
0.7162420068919028
0.9191912046366781
0.9819884476004921
1.1247959455446817
0.7739862024987946
1.0013106762047426
1.154639806438933
0.99648011905368
1.4237370463455452
1.0013106762047426
0.7620288565272306
0.9674967761473043
1.0591394515773291
1.4484723404631923
2.024176213069688
0.9288523189388034
0.43069730608426027
1.1858191373027889
0.9530051046941164
