618.0
821.0
779.0
759.0
904.0
818.0
834.0
758.0
845.0
785.0
757.0
765.0
785.0
929.0
747.0
770.0
854.0
815.0
764.0
898.0
793.0
797.0
814.0
771.0
798.0
944.0
802.0
687.0
714.0
786.0
884.0
773.0
887.0
866.0
793.0
721.0
765.0
792.0
812.0
797.0
733.0
762.0
806.0
867.0
695.0
823.0
826.0
783.0
805.0
883.0
833.0
877.0
868.0
852.0
773.0
869.0
666.0
776.0
882.0
794.0
857.0
970.0
833.0
831.0
840.0
786.0
829.0
773.0
791.0
797.0
779.0
813.0
834.0
753.0
866.0
602.0
980.0
793.0
857.0
851.0
749.0
719.0
801.0
826.0
917.0
798.0
803.0
780.0
883.0
911.0
780.0
760.0
750.0
800.0
909.0
802.0
804.0
768.0
814.0
801.0
789.0
905.0
752.0
845.0
806.0
808.0
858.0
683.0
837.0
853.0
821.0
857.0
781.0
786.0
812.0
778.0
797.0
971.0
762.0
754.0
813.0
884.0
766.0
774.0
911.0
753.0
815.0
887.0
802.0
746.0
840.0
645.0
762.0
828.0
794.0
916.0
754.0
782.0
802.0
812.0
797.0
824.0
758.0
800.0
787.0
789.0
775.0
685.0
818.0
762.0
776.0
900.0
790.0
778.0
766.0
780.0
783.0
745.0
810.0
742.0
825.0
785.0
900.0
607.0
836.0
834.0
833.0
793.0
830.0
829.0
880.0
762.0
740.0
855.0
788.0
740.0
946.0
814.0
925.0
943.0
770.0
790.0
884.0
805.0
744.0
811.0
779.0
957.0
750.0
795.0
641.0
838.0
842.0
634.0
864.0
834.0
618.0
742.0
899.0
736.0
819.0
854.0
873.0
797.0
770.0
831.0
808.0
830.0
762.0
992.0
940.0
771.0
752.0
840.0
1079.0
750.0
778.0
888.0
818.0
921.0
774.0
782.0
1043.0
752.0
833.0
774.0
765.0
652.0
803.0
772.0
800.0
862.0
783.0
798.0
845.0
762.0
758.0
750.0
827.0
826.0
769.0
787.0
816.0
839.0
586.0
862.0
817.0
840.0
878.0
751.0
771.0
869.0
654.0
889.0
828.0
773.0
800.0
663.0
780.0
727.0
981.0
772.0
759.0
864.0
781.0
820.0
775.0
773.0
800.0
834.0
854.0
775.0
840.0
792.0
766.0
810.0
674.0
842.0
746.0
826.0
835.0
824.0
754.0
650.0
798.0
853.0
940.0
713.0
1011.0
802.0
1082.0
834.0
802.0
786.0
767.0
890.0
790.0
766.0
869.0
778.0
833.0
757.0
766.0
841.0
839.0
676.0
788.0
787.0
770.0
836.0
773.0
764.0
792.0
791.0
775.0
776.0
753.0
930.0
843.0
933.0
801.0
836.0
859.0
784.0
765.0
964.0
834.0
788.0
808.0
925.0
794.0
785.0
836.0
806.0
770.0
749.0
831.0
760.0
791.0
992.0
829.0
764.0
810.0
914.0
724.0
747.0
774.0
769.0
877.0
963.0
736.0
762.0
754.0
885.0
760.0
795.0
755.0
794.0
739.0
626.0
767.0
730.0
813.0
875.0
810.0
783.0
598.0
781.0
664.0
848.0
825.0
765.0
754.0
607.0
753.0
792.0
770.0
805.0
808.0
789.0
823.0
765.0
791.0
846.0
757.0
735.0
878.0
789.0
801.0
800.0
838.0
837.0
825.0
900.0
764.0
723.0
808.0
788.0
618.0
802.0
840.0
766.0
798.0
764.0
797.0
802.0
776.0
853.0
891.0
848.0
802.0
804.0
810.0
829.0
756.0
760.0
861.0
818.0
738.0
696.0
797.0
773.0
907.0
740.0
782.0
843.0
834.0
869.0
769.0
756.0
890.0
848.0
760.0
724.0
823.0
802.0
800.0
765.0
932.0
742.0
738.0
836.0
753.0
795.0
740.0
829.0
770.0
828.0
737.0
781.0
790.0
761.0
811.0
862.0
748.0
780.0
858.0
852.0
658.0
777.0
930.0
1685.0
777.0
836.0
774.0
808.0
779.0
856.0
802.0
734.0
800.0
772.0
740.0
751.0
708.0
864.0
874.0
911.0
782.0
829.0
836.0
818.0
684.0
874.0
742.0
970.0
745.0
784.0
789.0
801.0
824.0
693.0
848.0
891.0
781.0
951.0
773.0
791.0
803.0
631.0
1045.0
784.0
773.0
810.0
741.0
751.0
751.0
857.0
606.0
803.0
794.0
618.0
801.0
937.0
728.0
821.0
699.0
799.0
885.0
870.0
782.0
795.0
846.0
810.0
733.0
793.0
619.0
846.0
726.0
869.0
877.0
814.0
896.0
762.0
882.0
1091.0
738.0
871.0
834.0
909.0
756.0
864.0
862.0
885.0
766.0
783.0
680.0
813.0
794.0
942.0
958.0
792.0
904.0
761.0
838.0
915.0
820.0
736.0
653.0
770.0
757.0
813.0
785.0
768.0
776.0
923.0
766.0
745.0
754.0
765.0
821.0
886.0
864.0
793.0
884.0
670.0
860.0
796.0
1019.0
817.0
781.0
770.0
938.0
