766.0
729.0
846.0
651.0
829.0
617.0
812.0
746.0
791.0
737.0
742.0
693.0
773.0
746.0
716.0
768.0
807.0
754.0
710.0
750.0
635.0
929.0
732.0
818.0
758.0
747.0
749.0
786.0
752.0
727.0
741.0
775.0
755.0
773.0
737.0
740.0
818.0
594.0
936.0
614.0
769.0
883.0
805.0
749.0
738.0
776.0
771.0
794.0
740.0
809.0
789.0
739.0
866.0
784.0
709.0
821.0
770.0
789.0
801.0
789.0
968.0
755.0
751.0
765.0
741.0
773.0
732.0
674.0
737.0
833.0
765.0
843.0
755.0
789.0
919.0
754.0
733.0
749.0
786.0
789.0
840.0
772.0
796.0
893.0
770.0
820.0
612.0
798.0
772.0
742.0
810.0
730.0
754.0
936.0
757.0
841.0
772.0
568.0
631.0
887.0
768.0
799.0
787.0
597.0
808.0
735.0
806.0
729.0
750.0
753.0
772.0
741.0
764.0
753.0
773.0
829.0
770.0
943.0
751.0
679.0
808.0
809.0
720.0
795.0
766.0
809.0
802.0
676.0
772.0
674.0
806.0
890.0
757.0
808.0
781.0
838.0
800.0
714.0
748.0
765.0
730.0
750.0
910.0
1300.0
786.0
745.0
784.0
830.0
765.0
815.0
738.0
784.0
808.0
797.0
716.0
805.0
754.0
691.0
842.0
753.0
796.0
718.0
781.0
891.0
797.0
778.0
750.0
796.0
737.0
758.0
788.0
807.0
846.0
602.0
885.0
734.0
752.0
747.0
737.0
811.0
748.0
769.0
802.0
637.0
733.0
772.0
922.0
788.0
661.0
777.0
653.0
805.0
816.0
725.0
761.0
812.0
759.0
817.0
776.0
870.0
689.0
760.0
967.0
735.0
683.0
789.0
732.0
742.0
892.0
822.0
790.0
871.0
765.0
678.0
806.0
721.0
753.0
770.0
752.0
724.0
797.0
855.0
820.0
746.0
632.0
749.0
791.0
769.0
828.0
743.0
750.0
765.0
754.0
743.0
694.0
754.0
827.0
777.0
779.0
747.0
755.0
858.0
623.0
749.0
886.0
733.0
798.0
754.0
733.0
753.0
844.0
829.0
685.0
770.0
730.0
803.0
722.0
749.0
744.0
763.0
756.0
802.0
789.0
815.0
798.0
860.0
806.0
873.0
777.0
776.0
734.0
810.0
804.0
773.0
763.0
781.0
757.0
772.0
717.0
817.0
770.0
784.0
775.0
742.0
702.0
738.0
753.0
933.0
745.0
776.0
759.0
781.0
670.0
742.0
770.0
813.0
670.0
727.0
767.0
691.0
959.0
750.0
797.0
578.0
683.0
767.0
744.0
717.0
756.0
932.0
740.0
761.0
793.0
807.0
775.0
743.0
934.0
829.0
800.0
573.0
749.0
758.0
661.0
790.0
818.0
817.0
747.0
840.0
701.0
717.0
805.0
764.0
580.0
768.0
620.0
769.0
851.0
873.0
787.0
740.0
758.0
756.0
730.0
818.0
806.0
733.0
738.0
720.0
974.0
820.0
877.0
802.0
781.0
789.0
756.0
757.0
757.0
769.0
789.0
749.0
699.0
774.0
762.0
866.0
979.0
850.0
840.0
773.0
580.0
813.0
742.0
766.0
806.0
614.0
795.0
745.0
804.0
779.0
745.0
739.0
750.0
749.0
784.0
741.0
686.0
729.0
779.0
759.0
804.0
768.0
941.0
802.0
875.0
834.0
741.0
790.0
859.0
754.0
813.0
622.0
774.0
874.0
752.0
866.0
770.0
845.0
754.0
744.0
813.0
753.0
654.0
797.0
780.0
778.0
756.0
744.0
826.0
723.0
723.0
738.0
795.0
954.0
809.0
789.0
757.0
727.0
781.0
820.0
756.0
794.0
759.0
754.0
733.0
748.0
812.0
740.0
773.0
742.0
738.0
775.0
652.0
731.0
790.0
702.0
870.0
1004.0
763.0
788.0
770.0
751.0
749.0
781.0
746.0
623.0
786.0
708.0
815.0
751.0
740.0
710.0
749.0
735.0
817.0
829.0
789.0
793.0
713.0
781.0
767.0
739.0
736.0
932.0
759.0
660.0
785.0
737.0
754.0
770.0
815.0
594.0
745.0
775.0
792.0
745.0
825.0
737.0
746.0
806.0
732.0
596.0
687.0
758.0
777.0
773.0
761.0
742.0
790.0
724.0
658.0
906.0
672.0
781.0
809.0
853.0
773.0
746.0
742.0
811.0
753.0
721.0
774.0
769.0
760.0
754.0
712.0
750.0
747.0
869.0
845.0
725.0
748.0
768.0
736.0
770.0
749.0
753.0
901.0
590.0
788.0
730.0
697.0
871.0
745.0
812.0
817.0
743.0
794.0
856.0
980.0
578.0
773.0
799.0
690.0
732.0
762.0
731.0
747.0
895.0
697.0
573.0
742.0
805.0
760.0
695.0
722.0
676.0
784.0
734.0
790.0
839.0
841.0
902.0
831.0
740.0
584.0
741.0
765.0
755.0
786.0
727.0
840.0
749.0
755.0
738.0
752.0
579.0
917.0
747.0
737.0
757.0
829.0
771.0
758.0
725.0
737.0
757.0
749.0
587.0
756.0
730.0
721.0
763.0
729.0
793.0
736.0
782.0
940.0
791.0
800.0
714.0
770.0
810.0
773.0
741.0
826.0
690.0
842.0
696.0
824.0
765.0
900.0
776.0
840.0
786.0
637.0
762.0
753.0
643.0
706.0
715.0
803.0
808.0
769.0
758.0
806.0
618.0
759.0
773.0
724.0
840.0
858.0
878.0
733.0
762.0
777.0
745.0
829.0
801.0
768.0
737.0
626.0
760.0
758.0
740.0
785.0
764.0
819.0
749.0
587.0
763.0
986.0
744.0
811.0
770.0
844.0
805.0
794.0
740.0
905.0
749.0
801.0
727.0
781.0
701.0
802.0
769.0
756.0
805.0
771.0
740.0
741.0
794.0
788.0
787.0
724.0
747.0
839.0
751.0
774.0
762.0
795.0
844.0
730.0
749.0
758.0
742.0
772.0
784.0
777.0
766.0
