785.0
816.0
770.0
789.0
802.0
802.0
593.0
960.0
805.0
768.0
742.0
789.0
849.0
912.0
805.0
900.0
917.0
840.0
770.0
776.0
849.0
906.0
925.0
807.0
760.0
771.0
816.0
786.0
904.0
981.0
793.0
911.0
786.0
798.0
820.0
832.0
836.0
829.0
906.0
806.0
770.0
826.0
842.0
836.0
801.0
819.0
803.0
835.0
633.0
770.0
810.0
769.0
785.0
825.0
813.0
811.0
565.0
628.0
833.0
768.0
791.0
802.0
575.0
776.0
798.0
748.0
772.0
811.0
757.0
784.0
824.0
774.0
793.0
828.0
856.0
824.0
760.0
810.0
809.0
816.0
794.0
793.0
795.0
822.0
814.0
882.0
879.0
797.0
825.0
924.0
813.0
795.0
644.0
780.0
778.0
812.0
811.0
807.0
800.0
766.0
804.0
765.0
773.0
894.0
704.0
798.0
834.0
724.0
823.0
600.0
794.0
888.0
610.0
785.0
779.0
694.0
864.0
781.0
800.0
771.0
648.0
914.0
797.0
905.0
759.0
794.0
673.0
744.0
797.0
771.0
798.0
797.0
845.0
778.0
885.0
779.0
885.0
949.0
864.0
605.0
778.0
774.0
582.0
765.0
792.0
811.0
866.0
774.0
787.0
783.0
822.0
861.0
779.0
784.0
834.0
817.0
825.0
865.0
656.0
798.0
790.0
811.0
808.0
773.0
805.0
812.0
771.0
800.0
789.0
834.0
780.0
923.0
842.0
778.0
783.0
857.0
860.0
800.0
803.0
866.0
765.0
821.0
733.0
901.0
595.0
791.0
734.0
893.0
834.0
807.0
860.0
932.0
780.0
835.0
791.0
818.0
804.0
805.0
845.0
791.0
877.0
787.0
805.0
576.0
796.0
958.0
974.0
677.0
831.0
744.0
829.0
901.0
907.0
806.0
803.0
817.0
738.0
846.0
796.0
830.0
685.0
784.0
959.0
767.0
769.0
804.0
898.0
749.0
791.0
817.0
946.0
853.0
852.0
865.0
778.0
794.0
858.0
909.0
767.0
783.0
884.0
766.0
795.0
806.0
878.0
870.0
739.0
789.0
805.0
815.0
784.0
784.0
1114.0
784.0
795.0
866.0
922.0
845.0
806.0
838.0
842.0
969.0
623.0
909.0
879.0
838.0
604.0
663.0
600.0
841.0
590.0
840.0
848.0
808.0
840.0
839.0
843.0
779.0
759.0
910.0
906.0
893.0
852.0
780.0
853.0
772.0
800.0
759.0
571.0
823.0
809.0
762.0
785.0
745.0
806.0
657.0
580.0
759.0
925.0
823.0
786.0
795.0
844.0
787.0
865.0
770.0
922.0
783.0
756.0
766.0
786.0
851.0
811.0
776.0
857.0
808.0
805.0
670.0
808.0
796.0
794.0
810.0
820.0
768.0
833.0
890.0
891.0
875.0
829.0
718.0
802.0
794.0
797.0
806.0
795.0
803.0
761.0
701.0
769.0
837.0
740.0
938.0
766.0
798.0
786.0
756.0
772.0
1017.0
772.0
810.0
915.0
757.0
968.0
793.0
789.0
784.0
765.0
779.0
902.0
785.0
913.0
718.0
792.0
832.0
806.0
772.0
798.0
800.0
777.0
844.0
786.0
786.0
738.0
867.0
922.0
760.0
805.0
772.0
872.0
757.0
866.0
786.0
843.0
849.0
843.0
824.0
791.0
976.0
860.0
841.0
815.0
764.0
808.0
672.0
554.0
801.0
841.0
778.0
706.0
787.0
845.0
759.0
584.0
626.0
823.0
814.0
592.0
786.0
680.0
869.0
780.0
799.0
837.0
814.0
785.0
770.0
806.0
797.0
755.0
894.0
789.0
826.0
821.0
818.0
825.0
792.0
753.0
767.0
712.0
853.0
915.0
908.0
960.0
642.0
776.0
800.0
868.0
818.0
804.0
798.0
1031.0
793.0
810.0
770.0
837.0
767.0
769.0
816.0
849.0
698.0
753.0
682.0
797.0
657.0
769.0
894.0
765.0
791.0
1071.0
802.0
757.0
943.0
827.0
725.0
813.0
785.0
779.0
796.0
571.0
809.0
798.0
760.0
835.0
801.0
790.0
1066.0
806.0
779.0
823.0
664.0
804.0
815.0
792.0
1054.0
783.0
619.0
796.0
818.0
825.0
770.0
789.0
850.0
800.0
780.0
950.0
913.0
941.0
765.0
734.0
785.0
798.0
808.0
777.0
875.0
845.0
804.0
776.0
565.0
573.0
798.0
833.0
841.0
802.0
798.0
780.0
854.0
784.0
967.0
772.0
900.0
695.0
844.0
659.0
798.0
897.0
769.0
852.0
794.0
887.0
791.0
816.0
834.0
769.0
936.0
782.0
776.0
778.0
790.0
827.0
882.0
746.0
787.0
776.0
798.0
791.0
777.0
764.0
784.0
819.0
939.0
776.0
579.0
574.0
809.0
768.0
781.0
856.0
715.0
794.0
791.0
898.0
890.0
857.0
790.0
876.0
791.0
996.0
813.0
1005.0
785.0
789.0
842.0
794.0
808.0
807.0
668.0
829.0
789.0
809.0
801.0
760.0
815.0
777.0
784.0
791.0
773.0
782.0
813.0
770.0
767.0
565.0
787.0
579.0
794.0
788.0
1052.0
820.0
840.0
885.0
886.0
803.0
779.0
921.0
805.0
820.0
865.0
793.0
837.0
754.0
789.0
800.0
555.0
769.0
816.0
801.0
798.0
918.0
813.0
813.0
914.0
766.0
805.0
808.0
925.0
807.0
773.0
856.0
916.0
786.0
767.0
978.0
951.0
677.0
949.0
856.0
778.0
800.0
782.0
848.0
791.0
796.0
777.0
770.0
794.0
827.0
896.0
828.0
958.0
812.0
780.0
565.0
775.0
787.0
797.0
963.0
853.0
822.0
825.0
757.0
788.0
746.0
805.0
804.0
772.0
981.0
570.0
773.0
798.0
814.0
787.0
894.0
779.0
856.0
755.0
933.0
851.0
887.0
761.0
557.0
800.0
885.0
833.0
793.0
804.0
776.0
776.0
1030.0
970.0
813.0
772.0
778.0
798.0
784.0
763.0
788.0
836.0
787.0
779.0
818.0
788.0
756.0
782.0
739.0
791.0
829.0
772.0
857.0
914.0
897.0
787.0
816.0
866.0
785.0
766.0
775.0
648.0
842.0
790.0
794.0
571.0
822.0
793.0
619.0
766.0
834.0
885.0
873.0
581.0
813.0
858.0
673.0
806.0
793.0
781.0
787.0
841.0
750.0
787.0
887.0
923.0
798.0
844.0
798.0
798.0
774.0
821.0
653.0
762.0
753.0
768.0
797.0
795.0
661.0
887.0
882.0
765.0
781.0
778.0
588.0
767.0
815.0
792.0
803.0
781.0
696.0
808.0
760.0
780.0
562.0
988.0
802.0
909.0
