1.5626058239817207
1.5530598534936388
0.9364520186931
1.036587645078903
0.7942277586511792
0.9316776786420073
0.7319382676782298
1.1458457647370228
0.4221946989306303
1.2090529865954092
1.4832751922762801
1.7603941127329588
0.8648369179267078
0.8292856558257969
1.619881646910211
1.036587645078903
0.9507750388463785
0.8059137243760518
0.5235631902551703
0.5990886727405441
0.7825417929263067
0.7554956906474174
0.833180977734088
1.349783128784217
0.40530710809388365
0.7903324367428883
0.698284806293676
2.4740131199455178
1.6007897059340475
0.9507750388463785
0.9173546584887288
0.9269033385909143
1.2791947714160936
0.8175996901009245
1.1688474741387322
0.8791599380799862
0.698284806293676
0.8505138977734295
0.4885576831487078
1.0080671194594923
0.965098058999657
0.6473699788044119
1.0538389271301851
0.7184768831244083
1.099842345933604
1.8745731538869679
0.9412263587441928
0.7786464710180159
0.8934829582332646
0.8839342781310792
0.9221289985398217
0.9078059783865433
1.2090529865954092
2.2171102773489966
0.9603237189485642
0.9746467391018426
1.5530598534936388
0.8552882378245222
0.9364520186931
1.099842345933604
1.1113432006344586
0.3406020380603465
1.3423223777547093
0.37046591653736366
0.8648369179267078
1.1170936279848862
0.7050154985705868
0.8253903339175062
0.7630651833848523
2.8736397639845506
1.1055927732840312
0.9937440993062139
1.2230813435595462
0.8839342781310792
0.6503875604334037
1.3968979747225925
0.7117461908474975
1.9173902943197216
0.6322820706594532
1.0768406365318945
0.9746467391018426
0.860062577875615
0.9221289985398217
0.8214950120092153
2.5453750206667736
0.9985184393573067
0.8743855980288935
1.0480884997797577
0.9841954192040282
0.7487649983705067
0.8791599380799862
0.7669605052931431
1.019336363027621
1.0825910638823217
2.0886588560507358
0.833180977734088
0.8292856558257969
1.4597177693070926
0.7942277586511792
1.3142656638264356
0.8648369179267078
0.888708618182172
1.7461217325887075
0.8982572982843576
0.5684732520876605
1.216067165077478
0.9412263587441928
1.7889388730214613
0.8175996901009245
1.6007897059340475
0.698284806293676
0.9364520186931
1.38904550039953
1.202038808113341
1.134344910036168
0.79812308055947
0.752130344508962
0.8648369179267078
0.8839342781310792
2.730915962542039
0.7285729215397744
0.7591698614765614
0.9412263587441928
0.3226453329574838
0.7487649983705067
1.2300955220416148
1.0423380724293303
1.1745979014891594
0.8839342781310792
0.9412263587441928
1.0825910638823217
1.1400953373865954
1.099842345933604
1.1113432006344586
0.9603237189485642
0.7218422292628636
0.7319382676782298
1.6007897059340475
0.8098090462843428
2.188565517060494
0.40530710809388365
0.4443156936699894
1.45186529498403
0.7903324367428883
3.144814986725323
2.559647400811025
0.860062577875615
1.0538389271301851
0.5117447529308307
1.4126029233687172
2.673826441965034
1.610335676422129
0.9173546584887288
1.4283078720148423
2.8593673838402998
0.725207575401319
0.5590185022281888
0.9937440993062139
1.5435138830055573
0.3305297079574838
0.7554956906474174
0.8982572982843576
0.7184768831244083
1.3423223777547093
1.4911276665993427
0.8457395577223366
0.9507750388463785
1.1170936279848862
2.231382657493248
0.9221289985398217
0.44632669319174934
1.1573466194378774
0.7825417929263067
0.8175996901009245
1.237109700523683
1.689032212011703
0.3771023339767008
0.3305297079574838
0.9985184393573067
0.8552882378245222
0.7591698614765614
1.2230813435595462
1.0480884997797577
1.6771574698387015
0.9555493788974715
1.25113805748782
0.46241468936582875
0.8370762996423788
2.3455616986472574
0.7942277586511792
1.0032927794083997
0.39535248193487793
0.9173546584887288
0.802018402467761
0.7786464710180159
0.79812308055947
0.912580318437636
1.6676114993506197
1.0825910638823217
1.1630970467883046
0.9794210791529355
0.965098058999657
0.8409716215506697
0.8098090462843428
1.15159619208745
1.703304592155954
0.8839342781310792
0.9794210791529355
0.7747511491097249
1.7461217325887075
1.0135859356771937
0.7050154985705868
1.0768406365318945
0.37046591653736366
0.9746467391018426
0.9841954192040282
0.7319382676782298
1.15159619208745
1.658065528862538
0.7083808447090421
1.134344910036168
0.6322820706594532
0.9316776786420073
1.4675702436301552
1.0825910638823217
1.3654880774303422
1.2581522359698885
0.5495637523687172
0.6654754685783625
0.9030316383354503
1.0653397818310397
0.7942277586511792
3.144814986725323
0.9173546584887288
0.9221289985398217
0.9603237189485642
0.833180977734088
1.1228440553353132
0.9030316383354503
2.274199797926001
1.0308372177284757
0.8098090462843428
0.7708558272014341
0.681458075601399
0.7942277586511792
0.912580318437636
0.802018402467761
0.8791599380799862
0.9603237189485642
0.8253903339175062
1.4754227179532173
0.9603237189485642
2.317016938358755
0.79812308055947
0.7353036138166851
3.880721734358823
0.36217039473819224
1.6771574698387015
3.5942206697740122
1.0940919185831766
0.8137043681926336
0.752130344508962
1.3733405517534047
0.9316776786420073
0.44230469414822954
0.9364520186931
2.7880054831190435
2.274199797926001
1.436160346337905
0.8098090462843428
0.9269033385909143
2.9592740448500576
1.9316626744639727
0.725207575401319
0.8648369179267078
2.1172036163392383
1.6771574698387015
0.9937440993062139
0.8253903339175062
0.8409716215506697
0.802018402467761
0.4221946989306303
0.8059137243760518
1.1285944826857408
0.9364520186931
0.8743855980288935
0.752130344508962
0.8292856558257969
0.860062577875615
0.7285729215397744
1.0250867903780483
0.7554956906474174
1.4047504490456546
0.6352996522884449
0.9269033385909143
2.188565517060494
1.4047504490456546
0.8552882378245222
0.79812308055947
0.3820796470562037
0.8253903339175062
1.237109700523683
1.5339679125174754
0.888708618182172
0.9937440993062139
2.4026512192242615
0.7669605052931431
1.1285944826857408
0.9364520186931
0.7591698614765614
1.1055927732840312
0.8934829582332646
0.5448363774389815
3.0591807058598155
0.7083808447090421
1.2721805929340253
0.7903324367428883
1.099842345933604
0.965098058999657
0.8253903339175062
0.8137043681926336
0.9316776786420073
0.8175996901009245
1.1055927732840312
0.44230469414822954
1.3353081992726408
0.4764916860181482
0.7786464710180159
0.7218422292628636
0.8743855980288935
0.9173546584887288
0.7050154985705868
1.349783128784217
0.8696112579778007
0.9364520186931
0.671510631836346
0.7747511491097249
0.9555493788974715
1.1458457647370228
1.5912437354459656
0.8648369179267078
1.9173902943197216
0.7117461908474975
0.7630651833848523
1.2230813435595462
0.752130344508962
1.2090529865954092
1.8460283935984658
0.9412263587441928
0.9316776786420073
0.8175996901009245
1.134344910036168
0.988969759255121
1.0653397818310397
0.7747511491097249
0.9364520186931
0.802018402467761
0.9746467391018426
0.7218422292628636
0.8059137243760518
0.6594403053203789
0.7016501524321314
1.036587645078903
0.9841954192040282
1.0250867903780483
0.8098090462843428
0.8370762996423788
0.3870569601357065
1.2932231283802305
0.43828269510470974
1.1630970467883046
2.0601140957622333
1.286208949898162
0.6081414176275192
1.1745979014891594
0.7903324367428883
0.9221289985398217
0.7151115369859529
0.8934829582332646
0.7942277586511792
0.681458075601399
0.4086253168135522
0.8982572982843576
0.7083808447090421
0.888708618182172
1.2581522359698885
0.9364520186931
0.8370762996423788
0.8409716215506697
0.7708558272014341
1.15159619208745
0.33578595795748384
0.9316776786420073
1.0883414912327491
2.3027445582145036
1.2581522359698885
0.4483376927135093
1.8317560134542148
0.9412263587441928
0.725207575401319
1.0308372177284757
0.752130344508962
1.381193026076467
5.996302136706195
1.514875971541312
0.48252468458342795
0.9221289985398217
0.41526173425288937
1.1113432006344586
2.4740131199455178
1.8745731538869679
0.9603237189485642
0.8982572982843576
0.5235631902551703
0.5026346798010272
1.0825910638823217
0.9507750388463785
0.8137043681926336
1.7889388730214613
0.9221289985398217
1.036587645078903
0.5930535094825604
0.8292856558257969
0.6684930502073543
1.658065528862538
0.39535248193487793
0.9841954192040282
0.9269033385909143
0.9030316383354503
1.1688474741387322
0.34226114242018074
1.188010451149204
1.0480884997797577
2.5453750206667736
0.8839342781310792
1.4047504490456546
0.8791599380799862
0.802018402467761
0.8253903339175062
0.8982572982843576
1.1055927732840312
1.1745979014891594
0.9794210791529355
1.610335676422129
0.7669605052931431
0.6780927294629436
0.802018402467761
0.8137043681926336
0.7747511491097249
0.8137043681926336
0.5377453150443776
0.9030316383354503
1.019336363027621
0.8409716215506697
0.9269033385909143
29.201892392818653
0.8098090462843428
0.8409716215506697
1.3968979747225925
1.036587645078903
0.8839342781310792
0.3737841252570322
0.7117461908474975
1.0308372177284757
1.1055927732840312
0.7319382676782298
0.9841954192040282
1.2791947714160936
0.8696112579778007
0.8370762996423788
0.8409716215506697
0.4086253168135522
0.7942277586511792
0.8214950120092153
0.9316776786420073
0.6443523971754203
1.4283078720148423
0.7942277586511792
1.0080671194594923
0.965098058999657
0.8839342781310792
1.436160346337905
0.3344718954574838
0.8253903339175062
0.40530710809388365
0.860062577875615
0.40530710809388365
1.15159619208745
0.9316776786420073
1.180996272667136
1.8174836333099635
1.349783128784217
0.5006236802792672
0.9603237189485642
2.174293136916243
0.8253903339175062
3.0591807058598155
0.48252468458342795
1.036587645078903
0.8982572982843576
1.1113432006344586
0.9221289985398217
0.9173546584887288
0.3406020380603465
1.1573466194378774
0.7942277586511792
0.9030316383354503
0.9603237189485642
0.9078059783865433
0.9937440993062139
1.1573466194378774
1.2721805929340253
0.8505138977734295
0.3820796470562037
1.629427617398293
0.7487649983705067
1.0308372177284757
0.44632669319174934
0.9603237189485642
0.8552882378245222
0.48654668362694786
0.8457395577223366
1.349783128784217
1.1688474741387322
0.7117461908474975
0.8059137243760518
0.41526173425288937
0.7353036138166851
1.6771574698387015
0.7184768831244083
0.9364520186931
0.9221289985398217
0.3820796470562037
0.7669605052931431
1.0768406365318945
0.4583926903223089
3.173359747013825
0.8552882378245222
0.752130344508962
1.3142656638264356
0.45235969175702917
0.9173546584887288
0.9746467391018426
1.3968979747225925
1.1573466194378774
1.3733405517534047
0.9412263587441928
0.7591698614765614
0.912580318437636
0.7319382676782298
1.3142656638264356
0.9746467391018426
2.730915962542039
0.9746467391018426
0.4282276974959101
0.9316776786420073
1.019336363027621
1.0825910638823217
1.2932231283802305
0.8457395577223366
1.45186529498403
2.245655037637499
2.9592740448500576
0.8409716215506697
0.8059137243760518
0.4202390473323922
1.134344910036168
0.8552882378245222
0.9698723990507497
0.43023869701767
0.8137043681926336
2.5025578802340203
0.965098058999657
0.9364520186931
1.0423380724293303
1.180996272667136
0.9316776786420073
3.3018111683120854
0.43023869701767
1.1285944826857408
0.965098058999657
0.6322820706594532
0.9937440993062139
0.8370762996423788
1.8317560134542148
3.1019978462925692
1.42045539769178
0.802018402467761
1.3968979747225925
0.9078059783865433
1.7175769723002052
1.0538389271301851
0.988969759255121
0.8552882378245222
3.287538788167834
0.9603237189485642
0.7420343060935959
0.7942277586511792
0.9030316383354503
1.0595893544806125
0.9173546584887288
0.8552882378245222
1.286208949898162
1.0653397818310397
0.7669605052931431
0.9937440993062139
2.5025578802340203
0.530654252649774
0.5424726899741136
1.4440128206609675
1.6389735878863747
1.15159619208745
0.8791599380799862
1.019336363027621
1.2791947714160936
0.7554956906474174
1.0032927794083997
1.0080671194594923
0.5590185022281888
