0.8226053544843174
0.5903507441859744
2.2426805925857853
0.6940668408414868
1.2969535148284341
0.7663242837386197
0.7109070490913867
1.2060345959095156
0.9842050935076343
0.9063347231372639
0.6588457866788925
0.8966009268409675
0.7109070490913867
0.8527988435076341
0.9744712972113382
0.9501368064705972
0.7513235488911464
0.687330757541527
0.6558677413531135
0.8917340286928193
0.8673995379520785
0.7109070490913867
0.7479555072411664
0.7703443602204552
0.7944648191114685
0.5804015182076724
0.28248933853729924
0.798484895593304
0.847931945359486
0.677226632591587
0.6350214240726602
1.0317921456942596
0.9258023157298565
0.36343275392873275
0.46900688277739483
0.8527988435076341
0.7075390074414067
0.5828098801778899
0.7075390074414067
1.0551776166709712
0.96960439906319
0.6528896960273344
0.6707579679820087
0.7210111740413266
0.96960439906319
0.6940668408414868
0.7142750907413666
1.3933301423297575
1.5208970539469302
0.8025049720751396
1.0259457779500816
0.5611346224459312
0.677226632591587
0.6558677413531135
1.154565868321997
0.8722664361002268
0.6320433787468811
0.3618076331557859
0.7582841307749485
0.7623042072567842
1.125334029601107
0.6469336053757764
0.673858590941607
0.673858590941607
2.142314042419559
0.8306455074479885
0.7041709657914267
0.834665583929824
0.8306455074479885
0.2903089573192611
0.32810378143207686
0.7344833406412465
0.8306455074479885
0.8673995379520785
0.8966009268409675
0.35530715006399843
0.7243792156913066
0.5828098801778899
0.6707579679820087
0.7944648191114685
0.8105451250388107
0.7109070490913867
1.2829659888409082
0.4832232556341928
0.8185852780024818
0.834665583929824
0.7663242837386197
0.673858590941607
1.137026765089463
0.7109070490913867
0.6469336053757764
0.5659513463863665
1.0493312489267932
0.5490928125948432
1.78386207754018
0.8145652015206463
0.6648018773304507
0.8527988435076341
1.331922329797249
0.6350214240726602
0.5015014493072186
0.38780956552293566
0.7109070490913867
0.6558677413531135
1.6734594122235742
0.9306692138780047
0.6558677413531135
0.5876266041183252
1.2200221218970415
1.0200994102059036
0.6469336053757764
0.7623042072567842
0.9258023157298565
0.998805787952079
0.7142750907413666
0.39593516938767
1.0493312489267932
0.683962715891547
2.7014991076313906
0.6082190161406487
0.6022629254890906
0.7210111740413266
0.6974348824914669
1.125334029601107
0.5466844506246255
0.7176431323913466
0.49947053889910464
0.6707579679820087
0.5876266041183252
0.8025049720751396
0.7582841307749485
0.7311152989912665
0.8771333342483749
0.3359234002140387
0.4304195850232292
0.9258023157298565
1.331922329797249
0.6082190161406487
0.2863991479282802
0.6111970614664277
1.1920470699219896
0.6707579679820087
0.6558677413531135
0.7311152989912665
0.6141751067922069
0.6082190161406487
0.7008029241414468
0.8185852780024818
0.6499116507015553
0.6231092427695439
0.7546915905411263
0.6201311974437649
1.0551776166709712
0.687330757541527
1.008539584248375
0.9209354175817084
0.6439555600499973
0.7479555072411664
0.4385432266556851
0.683962715891547
1.0434848811826154
0.7864246661477975
0.8306455074479885
0.6648018773304507
0.683962715891547
1.125334029601107
0.6648018773304507
0.8868671305446713
0.677226632591587
0.7210111740413266
0.6805946742415669
0.5828098801778899
0.6648018773304507
0.5587262604757136
0.5779931562374547
0.6111970614664277
1.5038841329400865
0.8306455074479885
0.7904447426296329
0.6379994693984392
0.7008029241414468
0.6052409708148697
0.8820002323965231
0.7663242837386197
0.5828098801778899
1.4722972784799926
0.7109070490913867
1.597178233085252
0.673858590941607
0.8306455074479885
0.8185852780024818
0.6707579679820087
0.683962715891547
0.9550037046187455
0.798484895593304
0.39593516938767
0.7479555072411664
0.7783845131841264
1.0961021908802173
0.8306455074479885
0.5587262604757136
0.5153757450117962
0.46900688277739483
1.0551776166709712
0.834665583929824
0.687330757541527
0.31116127407115945
0.6201311974437649
0.673858590941607
0.6940668408414868
0.7743644367022907
0.6528896960273344
0.3618076331557859
0.6940668408414868
0.7311152989912665
0.7277472573412865
0.5731764322970194
0.8306455074479885
0.8722664361002268
0.5659513463863665
0.3423061838804236
0.5611346224459312
0.6141751067922069
0.7142750907413666
0.9306692138780047
1.635318822654413
1.1990408329157525
0.2968253063042293
0.5683597083565842
0.7109070490913867
0.7582841307749485
2.070623649443683
1.5876430856929618
0.6171531521179859
0.7623042072567842
0.6231092427695439
0.7176431323913466
0.5992848801633115
0.626087288095323
1.268978462853382
0.7344833406412465
0.683962715891547
0.677226632591587
0.6805946742415669
0.7210111740413266
0.5177841069820139
0.7041709657914267
0.7412194239412064
0.3796839616582014
0.7944648191114685
0.8266254309661528
0.629065333421102
1.0259457779500816
0.7546915905411263
0.9890719916557825
0.7311152989912665
0.7109070490913867
0.3585573916098922
0.5635429844161489
0.8145652015206463
0.96960439906319
0.9014678249891157
0.626087288095323
0.7277472573412865
0.9112016212854119
0.687330757541527
0.35693227083694534
0.7075390074414067
0.6320433787468811
1.0785630876476833
0.8527988435076341
0.7210111740413266
0.6111970614664277
1.0668703521593272
0.38780956552293566
0.7008029241414468
0.5852182421481076
0.847931945359486
0.3150710834621404
0.626087288095323
0.7412194239412064
1.3617432878696638
0.96960439906319
0.7008029241414468
0.8576657416557824
0.8673995379520785
0.9063347231372639
0.7623042072567842
0.687330757541527
0.7378513822912265
0.6648018773304507
0.3268005116350832
1.0785630876476833
0.8430650472113379
0.39593516938767
0.6141751067922069
0.6940668408414868
0.7703443602204552
0.7210111740413266
0.45072868910436903
0.6940668408414868
0.6805946742415669
0.7412194239412064
0.798484895593304
0.6707579679820087
0.6528896960273344
0.4385432266556851
0.4669759723692809
0.9842050935076343
0.9014678249891157
0.5587262604757136
0.9452699083224492
0.673858590941607
0.9452699083224492
0.2929154969132484
0.7783845131841264
0.7703443602204552
0.5779931562374547
1.2410034108783305
0.677226632591587
0.798484895593304
0.35693227083694534
0.556317898505496
1.559037643516091
1.3854334287147343
0.5852182421481076
0.38455932397704196
0.673858590941607
0.8673995379520785
0.8065250485569752
0.7904447426296329
1.9415809420871064
0.6141751067922069
1.0551776166709712
0.8185852780024818
1.0142530424617255
0.6528896960273344
0.7783845131841264
0.5611346224459312
1.4959874193250633
0.7944648191114685
0.8025049720751396
1.008539584248375
0.5418677266841901
0.7513235488911464
0.9014678249891157
0.6231092427695439
0.6677799226562297
0.9598706027668935
0.5903507441859744
0.6439555600499973
0.36830811624757337
0.6439555600499973
0.8868671305446713
0.7703443602204552
0.6320433787468811
0.4893159868585348
0.8025049720751396
0.6558677413531135
0.7142750907413666
0.8065250485569752
0.8576657416557824
0.2903089573192611
0.7176431323913466
0.9598706027668935
0.32810378143207686
0.7412194239412064
0.7783845131841264
0.6082190161406487
0.8430650472113379
0.6677799226562297
0.6320433787468811
0.9890719916557825
0.7277472573412865
0.8065250485569752
0.5539095365352783
0.6469336053757764
0.6805946742415669
0.6231092427695439
0.6111970614664277
0.8868671305446713
0.8266254309661528
0.677226632591587
0.9063347231372639
0.626087288095323
0.683962715891547
0.7663242837386197
0.30334165528919754
0.8917340286928193
0.677226632591587
0.7546915905411263
1.5038841329400865
0.35693227083694534
0.5683597083565842
0.687330757541527
1.1721049715545306
0.6805946742415669
0.5611346224459312
0.9647375009150417
0.7075390074414067
0.5876266041183252
0.6588457866788925
0.677226632591587
0.4008105317065106
0.5129673830415785
0.7623042072567842
0.626087288095323
0.9112016212854119
0.7142750907413666
0.4243268537988873
0.8722664361002268
0.6974348824914669
0.6974348824914669
0.9939388898039307
0.834665583929824
0.5992848801633115
0.7142750907413666
0.3059481948831849
0.9258023157298565
0.6320433787468811
0.9842050935076343
0.7582841307749485
0.673858590941607
0.7513235488911464
0.5707680703268018
0.9258023157298565
0.5903507441859744
2.8162037363927914
0.7176431323913466
0.9306692138780047
0.7243792156913066
0.8576657416557824
0.6528896960273344
1.2200221218970415
0.5779931562374547
0.5057422971309257
1.008539584248375
0.683962715891547
1.317934803809723
0.6201311974437649
1.3696400014846872
2.2426805925857853
0.6707579679820087
0.6439555600499973
0.3455564254263173
0.5828098801778899
0.6499116507015553
0.9647375009150417
0.9258023157298565
0.7142750907413666
0.8576657416557824
0.7783845131841264
1.154565868321997
0.8105451250388107
0.7864246661477975
0.6111970614664277
0.7311152989912665
1.0785630876476833
0.7864246661477975
0.5779931562374547
0.7824045896659619
0.8306455074479885
0.9355361120261527
0.6499116507015553
0.29421876671024205
0.2863991479282802
0.8673995379520785
0.6439555600499973
1.0493312489267932
1.0434848811826154
0.6805946742415669
1.0259457779500816
0.7075390074414067
0.6320433787468811
1.125334029601107
0.8430650472113379
0.7546915905411263
0.5683597083565842
0.8868671305446713
0.7311152989912665
0.8527988435076341
0.6379994693984392
0.6201311974437649
0.5755847942672371
0.5731764322970194
0.2916122271162548
0.32158743244710863
0.5611346224459312
1.0376385134384374
0.8306455074479885
0.8430650472113379
0.8430650472113379
0.9550037046187455
1.3696400014846872
0.6677799226562297
0.6141751067922069
0.8527988435076341
0.626087288095323
0.275972989552331
2.0562855708485075
0.5933287895117535
0.38780956552293566
0.687330757541527
0.7075390074414067
0.687330757541527
0.7008029241414468
0.5828098801778899
1.008539584248375
0.7008029241414468
0.6350214240726602
0.7824045896659619
0.8917340286928193
0.6805946742415669
0.6022629254890906
0.6805946742415669
0.683962715891547
0.7277472573412865
0.5933287895117535
0.5683597083565842
0.7623042072567842
0.3254972418380896
0.7623042072567842
0.798484895593304
6.602260224045577
0.7783845131841264
1.317934803809723
0.6171531521179859
0.7008029241414468
0.6677799226562297
0.6940668408414868
1.0551776166709712
0.6022629254890906
0.6439555600499973
0.687330757541527
0.6588457866788925
0.7703443602204552
0.7378513822912265
0.6677799226562297
1.31094104081596
0.7703443602204552
1.0434848811826154
0.6350214240726602
0.7623042072567842
0.7412194239412064
0.6499116507015553
0.7008029241414468
2.529442164489289
0.34393130465337046
0.6588457866788925
0.6677799226562297
0.798484895593304
0.8185852780024818
0.9404030101743011
0.5035323597153326
0.6350214240726602
0.7904447426296329
0.6588457866788925
1.3854334287147343
0.8185852780024818
0.7864246661477975
0.5177841069820139
1.2200221218970415
0.8917340286928193
0.7513235488911464
0.7479555072411664
0.7663242837386197
0.34718154619926417
0.7479555072411664
0.687330757541527
0.7445874655911864
0.37318347856641393
1.3696400014846872
0.7703443602204552
0.6648018773304507
1.2479971738720932
0.7344833406412465
0.6439555600499973
0.6618238320046715
0.6618238320046715
0.6439555600499973
0.7378513822912265
0.6677799226562297
0.7277472573412865
0.7546915905411263
0.7041709657914267
1.4565038512499455
0.8917340286928193
0.2837926083342929
0.4446359578800271
0.8966009268409675
0.8386856604116596
0.7824045896659619
0.5298259168331019
0.7546915905411263
1.4012268559447811
1.101948558624395
0.6379994693984392
0.6082190161406487
0.3585573916098922
0.7412194239412064
0.7008029241414468
0.7210111740413266
0.687330757541527
0.6499116507015553
0.6439555600499973
0.6618238320046715
1.5117808465551101
0.6469336053757764
1.6257836752621229
1.0376385134384374
0.38130908243114825
0.6111970614664277
0.6439555600499973
0.6906987991915069
0.8105451250388107
0.6111970614664277
0.6201311974437649
0.6231092427695439
0.5903507441859744
0.43448140583945716
0.6171531521179859
0.8527988435076341
0.5081506591011433
0.8527988435076341
0.5322342788033196
0.6528896960273344
0.4405741370637991
0.6558677413531135
1.119487661856929
1.1662586038103526
0.6618238320046715
0.6805946742415669
0.8576657416557824
0.6528896960273344
0.6022629254890906
0.7944648191114685
1.5117808465551101
0.9550037046187455
0.29421876671024205
0.6350214240726602
1.2060345959095156
0.6231092427695439
0.683962715891547
0.6940668408414868
0.7513235488911464
1.3389160927910118
0.6469336053757764
0.28118606874030566
0.683962715891547
1.0317921456942596
0.7378513822912265
1.3249285668034858
0.7142750907413666
0.5611346224459312
0.687330757541527
0.8430650472113379
0.4154366186630323
0.7824045896659619
0.6141751067922069
1.4170202831748282
0.7743644367022907
0.6940668408414868
0.3618076331557859
0.6940668408414868
0.6350214240726602
0.6082190161406487
0.7944648191114685
0.30073511569521033
0.677226632591587
0.5611346224459312
0.5876266041183252
0.7479555072411664
0.8145652015206463
0.7546915905411263
1.303947277822197
0.7623042072567842
0.5804015182076724
0.6588457866788925
0.677226632591587
0.6677799226562297
0.2785795291463183
1.6734594122235742
0.5250091928926667
0.6439555600499973
0.6439555600499973
0.8145652015206463
1.154565868321997
0.7663242837386197
0.7311152989912665
0.6707579679820087
1.0727167199035053
0.5755847942672371
0.7109070490913867
0.673858590941607
0.5852182421481076
0.6707579679820087
0.7546915905411263
0.7412194239412064
0.9744712972113382
0.9306692138780047
0.7412194239412064
1.275972225847145
0.6618238320046715
0.5298259168331019
0.6558677413531135
0.7546915905411263
0.683962715891547
0.6320433787468811
0.683962715891547
0.8527988435076341
0.9744712972113382
0.46088324114493895
0.8673995379520785
1.464400564864969
