0.6618018026284278
0.44416185122108637
0.6705988737581349
0.6530047314987207
0.8188392053616782
1.5398072837453778
0.629545875152835
0.7357004794829226
0.803207235101455
1.0899441778920507
0.915006871376769
0.4761390375328734
0.7758512871460647
0.5627150627793276
0.803207235101455
0.41374760130033406
0.5486318922518367
0.5943575906340064
0.7012332663681685
0.6618018026284278
0.7012332663681685
0.6908931024337422
0.7046799876796439
0.361813984935996
1.5957496340779722
0.6354105892393064
1.2071938417581365
0.7719432945810089
0.6207488040231279
0.5838398185705639
0.6383429462825422
1.0300865266464991
0.822747197926734
0.6647341596716636
0.6559370885419564
0.47014331509941326
1.398995552294266
1.3022220903457071
0.5838398185705639
0.803207235101455
0.6500723744554849
0.5943575906340064
0.629545875152835
1.0121292312728336
1.06600111739383
0.6908931024337422
0.6530047314987207
0.6119517328934209
1.0959299430166056
0.7719432945810089
0.5345487217243458
0.6908931024337422
0.553326282427667
0.6031546617637137
1.0019069861873313
0.7914832574062879
0.5972899476772422
0.7563808073517752
0.4221775356317327
0.6060870188069494
0.5943575906340064
1.463625715598781
0.6908931024337422
0.5509790873397518
0.9825958495627619
2.0674401952168786
0.5650622578672427
1.173744889635823
0.7719432945810089
0.7425939221058735
0.9005235189083418
0.3242941701245694
0.8715568139714874
0.8812123822837724
0.7641273094508975
0.7563808073517752
0.8956957347521994
1.0067347703434737
0.3666827614701526
1.2682834301358605
0.3472076553335258
0.7115734303025947
0.6647341596716636
1.6237208092442692
0.6588694455851921
0.3601910594246104
0.7529340860402997
0.7914832574062879
0.8956957347521994
1.0959299430166056
0.3975183461864784
0.6412753033257779
0.4661461668104399
0.7357004794829226
0.7641273094508975
0.4621490185214665
0.6736594958763652
0.7425939221058735
0.5134239659331093
0.586187013658479
0.8425901090346334
1.2886466262617684
0.5972899476772422
0.6500723744554849
0.5943575906340064
0.7563808073517752
0.9536291446259076
1.2139815738001056
0.5885342087463943
0.6647341596716636
1.4313106339465234
0.4341689804986529
0.6324782321960707
0.7150201516140702
0.6354105892393064
1.0019069861873313
0.48813048239979356
0.629545875152835
0.6178164469798921
0.7322537581714472
0.9536291446259076
0.8474178931907758
0.6647341596716636
0.6471400174122494
1.1868306456322284
0.6090193758501851
0.5721038431309883
0.7150201516140702
0.9005235189083418
0.6207488040231279
0.6559370885419564
0.8956957347521994
0.9246624396890536
0.6119517328934209
0.5943575906340064
0.3796661655612372
1.241132501967983
1.0899441778920507
0.6119517328934209
0.4761390375328734
0.8522456773469181
1.3090098223876765
0.6471400174122494
0.7758512871460647
1.0300865266464991
0.6676665167148992
1.4717044860118453
0.6647341596716636
1.4555469451857166
1.374759241055073
0.5509790873397518
1.0360722917710543
0.6412753033257779
0.6207488040231279
0.838379168186957
0.5943575906340064
0.7081267089911194
0.6031546617637137
0.7046799876796439
0.5001219272667136
0.5298543315485155
0.5885342087463943
0.6771062171878407
0.822747197926734
0.6442076603690137
0.6383429462825422
0.6736594958763652
0.7288070368599718
0.5674094529551578
0.6178164469798921
0.6412753033257779
1.1557875942621572
0.6647341596716636
0.7425939221058735
0.4621490185214665
0.9970792020311889
0.7425939221058735
0.3634369104473815
0.7288070368599718
0.34883058084491136
1.0480438220201644
0.6908931024337422
0.6060870188069494
0.6354105892393064
0.7602193168858418
0.7719432945810089
1.6796631595768639
0.7012332663681685
0.8763845981276298
0.3268862490273279
1.4474681747726523
0.3699286124929238
1.4555469451857166
1.27507116217783
1.4232318635334593
0.7680353020159533
0.6559370885419564
1.0067347703434737
0.7357004794829226
0.7425939221058735
0.8715568139714874
0.6060870188069494
0.5275071364606002
0.5580206726034974
0.697786545056693
0.8474178931907758
0.6618018026284278
0.5943575906340064
0.5791454283947337
0.6383429462825422
0.586187013658479
0.7012332663681685
0.6354105892393064
0.7012332663681685
0.8188392053616782
0.6060870188069494
0.6736594958763652
0.5791454283947337
0.5885342087463943
0.5972899476772422
0.6090193758501851
0.38615786760677945
0.6090193758501851
0.8110232202315666
0.6500723744554849
0.5914252335907708
0.6148840899366564
0.5322015266364306
0.8344711756219012
2.614994380087949
0.7953912499713436
1.0839584127674955
0.95845692878205
0.5943575906340064
0.5345487217243458
0.7680353020159533
0.838379168186957
1.6237208092442692
0.44416185122108637
0.8110232202315666
0.6324782321960707
0.7680353020159533
1.5040195676641026
0.6266135181095993
0.6090193758501851
0.7253603155484963
0.6060870188069494
0.6618018026284278
0.6500723744554849
0.8149312127966224
0.7529340860402997
0.803207235101455
1.1378302988884919
0.5744510382189033
0.6530047314987207
0.8474178931907758
0.6500723744554849
0.6471400174122494
0.9536291446259076
0.8344711756219012
0.7758512871460647
0.7081267089911194
0.47214188924390005
1.1557875942621572
1.0019069861873313
0.7914832574062879
0.3359585251869827
0.6647341596716636
0.6060870188069494
0.3423388787993692
0.7219135942370211
0.5509790873397518
0.8908679505960571
0.5838398185705639
0.7992992425363993
0.697786545056693
0.7425939221058735
0.6324782321960707
0.5345487217243458
0.5087295757572792
0.8110232202315666
0.6500723744554849
0.5767982333068185
0.7529340860402997
0.6736594958763652
1.4070743227073306
0.7758512871460647
0.8305631830568454
0.8763845981276298
0.48013618582184675
0.7012332663681685
1.281858894219799
1.4797832564249096
0.6943398237452177
0.6530047314987207
0.7602193168858418
0.838379168186957
1.5491310088008103
0.5943575906340064
0.7081267089911194
1.0360722917710543
0.6530047314987207
0.7641273094508975
0.5721038431309883
0.6060870188069494
0.6771062171878407
1.342948482597523
0.40401004823202075
0.6354105892393064
0.5914252335907708
0.787575264841232
0.7012332663681685
0.8110232202315666
0.44616042536557304
0.697786545056693
0.8110232202315666
0.5721038431309883
0.6647341596716636
0.6324782321960707
0.6908931024337422
0.9101790872206266
0.9101790872206266
1.06600111739383
0.9198346555329112
0.8149312127966224
0.6471400174122494
0.40725589925479183
0.6736594958763652
0.9777680654066196
0.7529340860402997
0.6090193758501851
1.3586017002289446
0.6354105892393064
0.6530047314987207
0.5627150627793276
0.8149312127966224
0.8570734615030604
0.5486318922518367
0.8266551904917897
0.7529340860402997
0.6324782321960707
0.6874463811222667
0.3229981306731901
0.7680353020159533
0.7563808073517752
0.5744510382189033
0.6090193758501851
0.9874236337189043
0.6266135181095993
0.6266135181095993
0.7719432945810089
0.6676665167148992
0.6736594958763652
0.6471400174122494
0.9970792020311889
0.9536291446259076
0.7322537581714472
0.9343180080013382
0.6148840899366564
0.9488013604697653
0.5415903069880913
0.5721038431309883
0.9536291446259076
0.5838398185705639
0.822747197926734
0.9246624396890536
0.6647341596716636
0.5298543315485155
1.2614956980938912
0.7563808073517752
1.27507116217783
0.5885342087463943
0.8570734615030604
0.8344711756219012
1.3090098223876765
0.803207235101455
0.569756648043073
0.5462846971639215
0.7322537581714472
1.0019069861873313
0.8110232202315666
1.1019157081411608
0.6908931024337422
0.586187013658479
1.0121292312728336
0.6383429462825422
0.7641273094508975
0.8110232202315666
0.6874463811222667
0.6500723744554849
0.7357004794829226
0.6874463811222667
0.7322537581714472
0.6383429462825422
0.8305631830568454
0.41699345232310525
0.7602193168858418
0.4241761097762194
0.8763845981276298
1.463625715598781
0.6805529384993161
0.6839996598107914
1.0181149963973888
0.7758512871460647
0.3536993573790681
0.803207235101455
0.7953912499713436
0.6471400174122494
0.6471400174122494
0.803207235101455
0.6530047314987207
0.6943398237452177
0.822747197926734
0.5791454283947337
0.6805529384993161
0.6031546617637137
0.5744510382189033
0.6559370885419564
0.7322537581714472
0.6771062171878407
0.5972899476772422
0.6383429462825422
1.463625715598781
0.5509790873397518
0.6442076603690137
0.8071152276665109
1.4474681747726523
0.7641273094508975
0.6354105892393064
0.6771062171878407
0.8425901090346334
0.8667290298153452
0.6839996598107914
1.2479202340099524
0.5914252335907708
0.7641273094508975
0.6736594958763652
0.5838398185705639
2.9896367171049976
0.6119517328934209
0.7081267089911194
0.8619012456592028
0.6943398237452177
0.5721038431309883
0.8188392053616782
0.7836672722761763
0.5885342087463943
0.5744510382189033
0.6354105892393064
0.6500723744554849
0.6471400174122494
0.5885342087463943
0.8149312127966224
0.8763845981276298
1.8657097060538528
0.9488013604697653
0.7494873647288243
0.8570734615030604
0.6471400174122494
0.6412753033257779
0.8908679505960571
1.374759241055073
0.6383429462825422
1.2139815738001056
0.6530047314987207
0.7425939221058735
0.915006871376769
2.5141291355064364
0.9874236337189043
0.6705988737581349
0.6908931024337422
0.5674094529551578
0.5914252335907708
0.6530047314987207
1.642368259355134
0.8305631830568454
1.2547079660519218
0.6060870188069494
0.5721038431309883
0.6324782321960707
1.173744889635823
0.5368959168122609
1.0839584127674955
1.220769305842075
0.5721038431309883
0.7288070368599718
0.6559370885419564
1.0121292312728336
0.5838398185705639
0.5580206726034974
1.9809842712898675
0.9343180080013382
0.739147200794398
0.9101790872206266
0.629545875152835
0.8715568139714874
0.3975183461864784
0.600222304720478
0.6839996598107914
0.9343180080013382
0.376420314538466
0.5972899476772422
0.8149312127966224
0.6207488040231279
0.929490223845196
0.7081267089911194
0.7288070368599718
3.6555915739386737
0.5943575906340064
0.5972899476772422
0.6500723744554849
0.8715568139714874
0.739147200794398
1.463625715598781
0.822747197926734
0.7680353020159533
0.5972899476772422
1.0181149963973888
1.0540295871447194
0.6647341596716636
0.7184668729255456
0.6530047314987207
0.6647341596716636
1.1019157081411608
0.3439618043107547
0.6207488040231279
0.6943398237452177
0.7836672722761763
1.7936631027813437
0.629545875152835
0.7322537581714472
0.4661461668104399
0.8619012456592028
0.33207040683284494
0.6354105892393064
0.350453506356297
0.7184668729255456
0.6839996598107914
1.2004061097161671
0.6060870188069494
0.47014331509941326
1.512098338077167
0.822747197926734
0.5001219272667136
0.8667290298153452
0.6119517328934209
0.5885342087463943
0.6618018026284278
0.7992992425363993
0.4401647029321129
0.5674094529551578
0.822747197926734
0.6908931024337422
0.943973576313623
0.6559370885419564
0.5914252335907708
0.6442076603690137
0.7253603155484963
0.8715568139714874
0.6618018026284278
0.39264956965232173
0.5943575906340064
0.6412753033257779
0.7046799876796439
0.5885342087463943
0.838379168186957
0.5767982333068185
0.739147200794398
0.44416185122108637
0.7797592797111205
0.8570734615030604
0.376420314538466
0.8149312127966224
0.7081267089911194
0.7322537581714472
0.5838398185705639
0.6771062171878407
1.6050733591334048
0.6412753033257779
1.0779726476429403
0.6471400174122494
0.5486318922518367
0.5838398185705639
0.47014331509941326
0.7602193168858418
0.6771062171878407
0.6530047314987207
0.6471400174122494
0.6060870188069494
0.7184668729255456
0.6705988737581349
0.6736594958763652
0.9053513030644841
0.5439375020760063
1.2343447699260137
1.107901473265716
0.8188392053616782
0.5914252335907708
0.5943575906340064
1.2004061097161671
0.5791454283947337
0.6908931024337422
0.8570734615030604
0.6588694455851921
0.6839996598107914
0.6148840899366564
0.5914252335907708
0.8305631830568454
0.5603678676914124
0.915006871376769
0.586187013658479
0.915006871376769
0.6178164469798921
0.6705988737581349
0.7012332663681685
0.6771062171878407
0.6500723744554849
0.6736594958763652
1.3157975544296456
0.7150201516140702
1.3361607505555537
0.6207488040231279
0.6559370885419564
0.9632847129381923
0.7836672722761763
0.5838398185705639
0.6090193758501851
0.5087295757572792
0.5486318922518367
0.40076419720924955
0.586187013658479
0.6412753033257779
0.6471400174122494
0.5087295757572792
0.5509790873397518
0.6236811610663636
0.9005235189083418
0.7719432945810089
0.7680353020159533
0.5838398185705639
0.9488013604697653
0.7322537581714472
1.6927978581998306
0.5914252335907708
1.0600153522692746
0.6736594958763652
0.8570734615030604
0.6530047314987207
0.7425939221058735
0.7992992425363993
0.5439375020760063
0.5914252335907708
0.7836672722761763
0.6207488040231279
0.8110232202315666
0.6559370885419564
0.6736594958763652
0.5744510382189033
0.6442076603690137
0.6839996598107914
0.3553222828904537
0.7357004794829226
0.5972899476772422
0.8522456773469181
0.6471400174122494
0.6412753033257779
0.8344711756219012
0.7184668729255456
1.9089376680173586
0.7719432945810089
0.5627150627793276
0.6354105892393064
0.8570734615030604
0.838379168186957
0.7046799876796439
0.569756648043073
0.6031546617637137
0.7184668729255456
0.9005235189083418
0.7046799876796439
0.803207235101455
0.6471400174122494
0.5972899476772422
0.7288070368599718
0.9005235189083418
1.0600153522692746
0.8266551904917897
0.6090193758501851
0.5368959168122609
0.553326282427667
1.2954343583037378
0.37155153800430935
0.8266551904917897
0.7012332663681685
1.0121292312728336
0.8619012456592028
0.6383429462825422
0.6530047314987207
0.803207235101455
0.6736594958763652
0.9053513030644841
0.9729402812504773
2.5141291355064364
0.6736594958763652
0.7836672722761763
0.7081267089911194
0.6647341596716636
