666.0
725.0
716.0
730.0
717.0
705.0
804.0
740.0
712.0
686.0
774.0
723.0
780.0
780.0
782.0
741.0
700.0
718.0
695.0
713.0
729.0
759.0
685.0
805.0
781.0
759.0
772.0
695.0
684.0
806.0
771.0
893.0
714.0
721.0
699.0
678.0
695.0
733.0
668.0
740.0
763.0
712.0
700.0
699.0
773.0
722.0
733.0
728.0
709.0
797.0
725.0
710.0
797.0
731.0
797.0
786.0
745.0
756.0
718.0
704.0
683.0
685.0
777.0
879.0
698.0
757.0
769.0
702.0
714.0
746.0
698.0
838.0
851.0
715.0
723.0
717.0
798.0
786.0
744.0
713.0
724.0
728.0
747.0
688.0
724.0
757.0
745.0
714.0
677.0
808.0
770.0
749.0
759.0
786.0
793.0
584.0
827.0
702.0
740.0
643.0
603.0
850.0
760.0
772.0
720.0
698.0
762.0
699.0
691.0
792.0
772.0
749.0
722.0
799.0
681.0
884.0
818.0
698.0
711.0
720.0
730.0
664.0
718.0
742.0
777.0
764.0
741.0
699.0
730.0
823.0
682.0
720.0
794.0
717.0
714.0
796.0
730.0
724.0
714.0
762.0
756.0
796.0
649.0
843.0
617.0
697.0
752.0
730.0
696.0
726.0
702.0
706.0
756.0
619.0
605.0
725.0
764.0
794.0
714.0
712.0
746.0
645.0
769.0
905.0
768.0
685.0
714.0
726.0
734.0
842.0
754.0
781.0
722.0
737.0
693.0
1090.0
741.0
738.0
686.0
697.0
789.0
848.0
781.0
602.0
820.0
749.0
746.0
800.0
725.0
837.0
675.0
841.0
701.0
734.0
711.0
770.0
774.0
702.0
593.0
704.0
718.0
806.0
720.0
665.0
706.0
821.0
710.0
714.0
593.0
810.0
717.0
712.0
869.0
761.0
712.0
665.0
703.0
741.0
810.0
734.0
738.0
714.0
688.0
676.0
811.0
800.0
697.0
702.0
773.0
718.0
713.0
617.0
592.0
762.0
741.0
878.0
688.0
681.0
693.0
804.0
740.0
832.0
634.0
815.0
777.0
774.0
733.0
688.0
766.0
613.0
715.0
681.0
698.0
695.0
706.0
572.0
758.0
781.0
690.0
570.0
711.0
675.0
688.0
587.0
744.0
832.0
727.0
698.0
746.0
794.0
790.0
694.0
710.0
697.0
743.0
717.0
789.0
772.0
782.0
861.0
744.0
598.0
634.0
727.0
813.0
722.0
749.0
725.0
750.0
802.0
750.0
750.0
819.0
604.0
688.0
721.0
717.0
722.0
726.0
628.0
729.0
742.0
694.0
872.0
738.0
766.0
710.0
705.0
613.0
821.0
709.0
784.0
743.0
730.0
701.0
712.0
756.0
829.0
757.0
647.0
705.0
692.0
723.0
720.0
755.0
784.0
793.0
665.0
757.0
730.0
709.0
746.0
746.0
734.0
831.0
786.0
787.0
665.0
684.0
829.0
731.0
734.0
782.0
710.0
752.0
737.0
755.0
787.0
581.0
701.0
702.0
706.0
726.0
722.0
692.0
703.0
746.0
712.0
741.0
833.0
697.0
713.0
733.0
712.0
710.0
722.0
699.0
693.0
822.0
728.0
700.0
680.0
705.0
685.0
769.0
795.0
726.0
769.0
765.0
731.0
784.0
712.0
741.0
730.0
791.0
708.0
803.0
781.0
747.0
803.0
695.0
730.0
702.0
684.0
720.0
725.0
682.0
697.0
723.0
690.0
710.0
685.0
968.0
741.0
702.0
683.0
729.0
656.0
724.0
791.0
656.0
740.0
733.0
697.0
753.0
738.0
763.0
688.0
795.0
802.0
712.0
957.0
766.0
756.0
760.0
722.0
740.0
733.0
740.0
968.0
736.0
571.0
802.0
727.0
748.0
657.0
758.0
663.0
718.0
690.0
687.0
718.0
688.0
766.0
724.0
810.0
726.0
862.0
709.0
708.0
739.0
674.0
685.0
678.0
737.0
747.0
832.0
717.0
733.0
808.0
767.0
744.0
802.0
686.0
804.0
710.0
707.0
750.0
722.0
669.0
760.0
743.0
760.0
718.0
686.0
645.0
722.0
712.0
804.0
834.0
786.0
717.0
763.0
749.0
822.0
686.0
828.0
756.0
722.0
757.0
718.0
761.0
710.0
688.0
759.0
688.0
757.0
726.0
704.0
681.0
909.0
780.0
674.0
685.0
664.0
712.0
803.0
830.0
700.0
733.0
727.0
706.0
705.0
721.0
714.0
732.0
804.0
760.0
664.0
737.0
785.0
714.0
705.0
776.0
705.0
800.0
773.0
594.0
704.0
762.0
791.0
785.0
693.0
786.0
662.0
746.0
778.0
750.0
728.0
760.0
746.0
781.0
704.0
681.0
706.0
715.0
754.0
707.0
879.0
710.0
693.0
631.0
702.0
778.0
730.0
768.0
755.0
804.0
