804.0
729.0
792.0
602.0
758.0
740.0
810.0
727.0
596.0
714.0
854.0
648.0
786.0
720.0
795.0
756.0
913.0
786.0
818.0
741.0
718.0
778.0
609.0
837.0
746.0
792.0
743.0
842.0
738.0
729.0
712.0
666.0
756.0
714.0
709.0
740.0
730.0
744.0
769.0
770.0
741.0
778.0
825.0
782.0
714.0
829.0
827.0
810.0
741.0
745.0
637.0
796.0
737.0
737.0
726.0
737.0
725.0
778.0
752.0
765.0
738.0
837.0
766.0
712.0
868.0
738.0
784.0
726.0
735.0
812.0
823.0
798.0
730.0
687.0
746.0
730.0
657.0
642.0
734.0
722.0
758.0
721.0
741.0
754.0
746.0
805.0
637.0
750.0
730.0
746.0
764.0
765.0
757.0
618.0
730.0
746.0
717.0
774.0
756.0
800.0
841.0
734.0
598.0
730.0
759.0
837.0
911.0
570.0
745.0
738.0
738.0
779.0
753.0
731.0
821.0
758.0
736.0
1001.0
649.0
1001.0
754.0
576.0
725.0
763.0
766.0
823.0
595.0
773.0
573.0
722.0
768.0
700.0
739.0
751.0
722.0
737.0
907.0
708.0
727.0
741.0
898.0
738.0
715.0
846.0
798.0
774.0
738.0
753.0
722.0
758.0
697.0
784.0
618.0
797.0
754.0
746.0
825.0
773.0
824.0
784.0
712.0
740.0
715.0
878.0
772.0
758.0
810.0
876.0
740.0
756.0
728.0
763.0
745.0
727.0
721.0
817.0
803.0
756.0
720.0
750.0
728.0
714.0
747.0
733.0
778.0
738.0
731.0
714.0
758.0
754.0
729.0
766.0
727.0
674.0
750.0
733.0
752.0
755.0
894.0
565.0
834.0
842.0
745.0
782.0
612.0
705.0
761.0
740.0
829.0
777.0
834.0
762.0
719.0
742.0
657.0
642.0
721.0
746.0
698.0
729.0
840.0
714.0
898.0
737.0
743.0
724.0
725.0
749.0
751.0
765.0
730.0
876.0
793.0
829.0
957.0
744.0
722.0
718.0
772.0
713.0
721.0
763.0
903.0
837.0
761.0
810.0
739.0
718.0
761.0
743.0
715.0
753.0
765.0
738.0
797.0
906.0
749.0
772.0
811.0
722.0
760.0
882.0
704.0
809.0
877.0
765.0
966.0
770.0
746.0
727.0
741.0
710.0
710.0
714.0
745.0
725.0
849.0
781.0
778.0
746.0
757.0
935.0
753.0
763.0
734.0
622.0
730.0
716.0
750.0
802.0
1045.0
633.0
774.0
757.0
809.0
738.0
829.0
865.0
765.0
806.0
786.0
731.0
733.0
763.0
762.0
772.0
754.0
718.0
766.0
740.0
606.0
661.0
778.0
761.0
820.0
702.0
738.0
845.0
725.0
656.0
727.0
578.0
695.0
770.0
759.0
562.0
733.0
748.0
773.0
756.0
735.0
772.0
763.0
741.0
688.0
765.0
699.0
680.0
818.0
774.0
772.0
752.0
586.0
709.0
733.0
779.0
759.0
790.0
555.0
714.0
780.0
780.0
701.0
716.0
854.0
734.0
741.0
813.0
747.0
729.0
800.0
579.0
752.0
749.0
826.0
785.0
592.0
763.0
795.0
717.0
650.0
785.0
741.0
814.0
752.0
756.0
766.0
766.0
823.0
758.0
749.0
712.0
714.0
724.0
770.0
728.0
766.0
555.0
746.0
750.0
801.0
736.0
690.0
722.0
789.0
718.0
729.0
779.0
770.0
863.0
729.0
762.0
767.0
735.0
677.0
756.0
796.0
742.0
725.0
772.0
743.0
739.0
650.0
754.0
623.0
727.0
767.0
766.0
756.0
804.0
755.0
734.0
760.0
733.0
704.0
710.0
565.0
696.0
788.0
771.0
837.0
623.0
787.0
763.0
722.0
798.0
747.0
752.0
745.0
730.0
746.0
747.0
916.0
709.0
730.0
714.0
765.0
779.0
767.0
790.0
728.0
750.0
802.0
731.0
742.0
750.0
738.0
746.0
733.0
986.0
766.0
757.0
823.0
730.0
764.0
578.0
766.0
729.0
742.0
762.0
645.0
720.0
740.0
770.0
717.0
706.0
741.0
701.0
710.0
820.0
670.0
551.0
762.0
844.0
767.0
731.0
811.0
874.0
730.0
723.0
806.0
784.0
773.0
733.0
723.0
733.0
765.0
738.0
750.0
768.0
949.0
750.0
632.0
720.0
852.0
756.0
751.0
709.0
738.0
605.0
744.0
723.0
826.0
742.0
782.0
742.0
728.0
797.0
752.0
756.0
583.0
760.0
754.0
619.0
741.0
776.0
751.0
753.0
744.0
741.0
845.0
705.0
705.0
714.0
757.0
835.0
763.0
816.0
753.0
770.0
765.0
713.0
769.0
842.0
722.0
747.0
710.0
780.0
739.0
912.0
745.0
741.0
744.0
748.0
702.0
759.0
810.0
756.0
754.0
845.0
788.0
584.0
718.0
780.0
850.0
753.0
797.0
808.0
755.0
776.0
827.0
725.0
701.0
573.0
739.0
788.0
749.0
711.0
810.0
753.0
772.0
662.0
762.0
752.0
773.0
795.0
774.0
772.0
813.0
559.0
817.0
712.0
756.0
735.0
682.0
748.0
734.0
771.0
701.0
811.0
802.0
745.0
775.0
757.0
754.0
833.0
738.0
697.0
724.0
797.0
731.0
773.0
740.0
630.0
764.0
711.0
749.0
557.0
726.0
759.0
695.0
660.0
834.0
781.0
762.0
635.0
814.0
830.0
714.0
769.0
744.0
717.0
870.0
715.0
753.0
744.0
800.0
709.0
716.0
759.0
690.0
780.0
743.0
725.0
762.0
770.0
749.0
749.0
720.0
711.0
652.0
736.0
759.0
694.0
852.0
743.0
776.0
804.0
742.0
751.0
834.0
757.0
590.0
722.0
788.0
765.0
861.0
818.0
789.0
816.0
596.0
852.0
753.0
653.0
738.0
746.0
749.0
660.0
744.0
717.0
786.0
758.0
757.0
796.0
741.0
852.0
788.0
896.0
758.0
741.0
908.0
770.0
749.0
809.0
732.0
636.0
827.0
651.0
734.0
777.0
729.0
744.0
723.0
737.0
814.0
640.0
855.0
711.0
752.0
749.0
731.0
843.0
733.0
724.0
708.0
720.0
725.0
708.0
753.0
575.0
747.0
656.0
969.0
729.0
747.0
750.0
736.0
797.0
725.0
620.0
763.0
764.0
790.0
746.0
787.0
750.0
758.0
713.0
828.0
733.0
675.0
699.0
725.0
748.0
720.0
777.0
811.0
614.0
712.0
743.0
