0.8774111739451299
0.8477462709468937
0.669388530224464
1.2990172564629296
0.9960707859380753
1.385070388434403
0.9466292809410147
0.7425067953026583
0.8127158676536574
1.1179344069181258
0.7956656902588274
0.9416851304413089
0.8297660450484876
0.8084533233049499
0.9268526789421906
0.7130238855743496
0.816978412002365
0.6761702484139639
0.6872263395620797
0.6191045242453908
1.1053962034145852
0.8823553244448361
0.7056531581422726
1.0176287788897995
0.7461921590186968
0.8576345719463058
1.0301669823933406
0.9515734314407209
1.1367417121734371
0.7573027911204594
0.7743529685152895
0.6631030294770799
1.1618181191805186
0.6442465272349274
0.7658278798178744
1.6094122457816622
0.7956656902588274
0.7019677944262339
0.6411037768612352
0.7240799767224654
1.2769244368482187
1.0803197964075038
0.7615653354691669
0.6982824307101954
0.6982824307101954
0.6033907723769303
0.9021319264436602
0.7828780572127045
0.6631030294770799
0.6473892776086195
0.9169643779427784
0.5184819558771538
0.9219085284424846
0.7425067953026583
0.8297660450484876
0.7828780572127045
0.6599602791033878
0.7019677944262339
0.6761702484139639
3.13212443213257
0.6909117032781182
0.6945970669941568
0.8297660450484876
0.7314507041545425
0.6128190234980065
0.7130238855743496
0.9219085284424846
1.0059590869374875
2.9069369990729483
0.7203946130064268
0.7999282346075348
1.1618181191805186
0.531818460793107
1.7059373560883009
0.7056531581422726
0.8922436254442482
0.6909117032781182
1.3211100760776409
0.8922436254442482
1.181188885184471
0.7956656902588274
0.7240799767224654
0.7351360678705811
0.8971877759439542
1.1618181191805186
0.7461921590186968
0.7203946130064268
1.1116653051663554
2.081249744521003
0.6222472746190828
0.9515734314407209
0.8297660450484876
1.4948394647396244
0.8084533233049499
0.7240799767224654
0.9515734314407209
0.7956656902588274
0.7498775227347353
0.7999282346075348
0.816978412002365
1.291652983258026
0.816978412002365
0.9317968294418967
1.4526205892376163
2.0362122579090793
0.8382911337459027
0.7743529685152895
1.2990172564629296
0.8576345719463058
0.7615653354691669
1.181188885184471
0.6473892776086195
2.1262872311329275
0.9416851304413089
0.8922436254442482
0.8724670234454239
0.8428021204471876
0.7130238855743496
0.6065335227506224
0.8340285893971952
0.9367409799416027
1.2769244368482187
0.6725312805981561
1.0489742876486516
0.9169643779427784
0.709338521858311
0.8212409563510725
1.3211100760776409
0.8212409563510725
0.7786155128639971
0.8526904214465997
0.5798298784905378
0.9713500334395452
0.7240799767224654
0.8382911337459027
0.6631030294770799
0.5211492568603445
0.8625787224460119
1.3063815296678334
0.7914031459101196
0.8922436254442482
0.9466292809410147
2.201349708819468
0.8084533233049499
1.2769244368482187
2.951974485684873
0.9565175819404269
0.8576345719463058
0.7019677944262339
0.6872263395620797
1.7059373560883009
1.1116653051663554
0.7130238855743496
0.9021319264436602
0.571827975540966
0.8477462709468937
1.461064364338018
1.3766266133340017
0.9812383344389572
1.291652983258026
0.8212409563510725
0.7573027911204594
0.9070760769433662
0.9268526789421906
2.3064371775806247
0.6631030294770799
0.7351360678705811
0.7914031459101196
0.9317968294418967
0.7999282346075348
0.6505320279823116
0.753562886450774
0.6909117032781182
2.5916745927894786
0.6835409758460411
0.7314507041545425
0.6872263395620797
0.7956656902588274
0.45298272037159304
0.6599602791033878
0.8526904214465997
1.619214110583527
0.9021319264436602
0.7019677944262339
0.7019677944262339
0.7425067953026583
0.9515734314407209
0.9120202274430725
0.44430590840357653
0.9416851304413089
0.7240799767224654
0.9713500334395452
0.8724670234454239
0.753562886450774
0.7019677944262339
1.074050694655733
0.8971877759439542
0.816978412002365
1.0615124911521923
0.6725312805981561
0.7167092492903883
1.8110248248494576
0.8084533233049499
0.753562886450774
0.6725312805981561
2.0211997623717712
0.47684395328363843
0.8922436254442482
0.7573027911204594
0.9367409799416027
0.887299474944542
1.0176287788897995
0.9762941839392512
0.6872263395620797
0.6725312805981561
0.7314507041545425
0.6128190234980065
0.669388530224464
0.7871406015614122
0.6909117032781182
0.966405882939839
0.9317968294418967
0.7956656902588274
1.0615124911521923
0.9911266354383693
0.6568175287296957
0.5238165578435351
0.7999282346075348
0.7743529685152895
1.0364360841451108
0.6872263395620797
1.2180102512089894
0.7956656902588274
1.1053962034145852
0.9120202274430725
2.846887016923716
0.7828780572127045
0.8625787224460119
0.816978412002365
0.8212409563510725
1.1116653051663554
0.7786155128639971
0.7914031459101196
0.7019677944262339
1.9761622757598465
0.7615653354691669
0.9911266354383693
0.47250554729963024
0.8675228729457178
0.6909117032781182
1.7509748427002252
0.7615653354691669
0.8382911337459027
1.074050694655733
0.887299474944542
1.385070388434403
1.291652983258026
0.8675228729457178
0.9466292809410147
0.8041907789562424
0.8477462709468937
0.5771625775073472
1.3935141635348047
0.7871406015614122
0.9762941839392512
1.02389788064157
1.0301669823933406
0.7019677944262339
1.4779519145388211
2.0962622400583113
1.4526205892376163
0.468167141315622
0.7658278798178744
1.0803197964075038
0.7743529685152895
0.669388530224464
0.8526904214465997
0.7615653354691669
0.7130238855743496
0.9960707859380753
0.9812383344389572
0.6379610264875433
0.510480052927582
0.9466292809410147
0.6379610264875433
1.247467344028604
0.753562886450774
0.8971877759439542
1.2032817047991822
0.6002480220032382
1.0991271016628148
0.8297660450484876
0.7203946130064268
0.6316755257401591
0.6631030294770799
1.0677815929039627
0.6568175287296957
0.6872263395620797
0.9466292809410147
1.7509748427002252
0.6411037768612352
0.7461921590186968
0.6599602791033878
0.7056531581422726
0.8823553244448361
0.7658278798178744
0.6128190234980065
0.5211492568603445
0.9367409799416027
0.816978412002365
0.6253900249927749
1.5117270149404276
1.3063815296678334
0.7956656902588274
0.7828780572127045
0.8922436254442482
0.7871406015614122
3.027036963371413
0.8297660450484876
0.9466292809410147
1.0427051858968812
1.8710748069986898
1.0364360841451108
1.1367417121734371
0.6411037768612352
0.7019677944262339
0.5824971794737285
0.7130238855743496
0.7277653404385039
0.9021319264436602
0.669388530224464
0.9960707859380753
0.7828780572127045
0.669388530224464
0.7203946130064268
0.9861824849386632
1.2769244368482187
0.7743529685152895
0.7461921590186968
0.9120202274430725
0.7914031459101196
1.1053962034145852
0.6316755257401591
0.7871406015614122
0.5744952765241566
0.8823553244448361
0.6631030294770799
0.9762941839392512
0.966405882939839
0.666245779850772
0.7203946130064268
1.181188885184471
1.461064364338018
0.669388530224464
0.7498775227347353
0.6945970669941568
0.709338521858311
1.2769244368482187
0.9317968294418967
1.1116653051663554
0.7786155128639971
0.816978412002365
0.8576345719463058
0.8041907789562424
0.9812383344389572
0.8428021204471876
0.9070760769433662
0.8576345719463058
0.9713500334395452
0.7167092492903883
0.7743529685152895
1.1116653051663554
0.770090424166582
0.9268526789421906
0.6379610264875433
0.4876899682436591
0.6096762731243144
0.6761702484139639
1.0615124911521923
0.7498775227347353
0.9762941839392512
2.321449673117933
2.6517245749387106
1.0991271016628148
0.7914031459101196
0.7999282346075348
0.9861824849386632
2.0211997623717712
1.0010149364377814
0.8041907789562424
3.91348814275975
0.9219085284424846
0.6348182761138512
0.816978412002365
1.0803197964075038
0.7786155128639971
0.7786155128639971
0.966405882939839
0.7743529685152895
0.8084533233049499
0.7314507041545425
0.6982824307101954
0.7314507041545425
0.9762941839392512
0.7956656902588274
0.6348182761138512
1.5117270149404276
1.011359677138029
0.6316755257401591
0.6631030294770799
0.8625787224460119
0.6909117032781182
0.7167092492903883
0.6631030294770799
2.1713247177448514
1.0059590869374875
0.8084533233049499
1.0364360841451108
1.3063815296678334
1.0928579999110444
1.1304726104216667
0.7461921590186968
0.669388530224464
0.6909117032781182
0.7498775227347353
0.5184819558771538
0.9960707859380753
1.2401030708237004
1.0301669823933406
0.7019677944262339
0.9070760769433662
0.7498775227347353
0.7573027911204594
0.8297660450484876
0.666245779850772
1.055243389400422
1.2548316172335077
0.6909117032781182
1.1367417121734371
0.7240799767224654
0.8625787224460119
1.503283239840026
0.7314507041545425
0.6128190234980065
0.7615653354691669
0.8526904214465997
0.7573027911204594
1.0059590869374875
1.086588898159274
0.5878317814401097
0.5051454509612009
0.8297660450484876
0.9565175819404269
1.1053962034145852
1.0364360841451108
0.9070760769433662
0.7203946130064268
0.7658278798178744
0.5744952765241566
0.6379610264875433
0.961461732440133
0.8297660450484876
1.2695601636433151
0.9911266354383693
0.7658278798178744
0.770090424166582
0.6191045242453908
0.7828780572127045
0.8340285893971952
0.7351360678705811
1.4357330390368128
1.1053962034145852
0.7314507041545425
0.6473892776086195
0.9219085284424846
0.7914031459101196
0.816978412002365
0.7425067953026583
0.49853598320367976
0.7498775227347353
0.7999282346075348
0.7871406015614122
0.8084533233049499
0.7999282346075348
0.887299474944542
0.6982824307101954
0.9317968294418967
0.7351360678705811
0.7956656902588274
2.2914246820433166
0.6222472746190828
0.966405882939839
1.5996103809797975
2.201349708819468
0.816978412002365
1.055243389400422
0.6379610264875433
1.011359677138029
0.8526904214465997
0.6442465272349274
0.7914031459101196
0.8382911337459027
0.7388214315866197
0.8340285893971952
0.6631030294770799
0.7019677944262339
2.3064371775806247
1.6388178401872564
1.1116653051663554
0.669388530224464
0.9268526789421906
0.7351360678705811
0.9713500334395452
0.7425067953026583
0.7425067953026583
0.887299474944542
0.6872263395620797
0.9466292809410147
0.5971052716295461
0.7914031459101196
0.7999282346075348
1.0010149364377814
0.6253900249927749
0.468167141315622
0.7956656902588274
0.6631030294770799
0.8084533233049499
0.7203946130064268
0.9713500334395452
0.7573027911204594
1.0803197964075038
1.1116653051663554
0.6909117032781182
1.1116653051663554
0.8255035006997801
1.2769244368482187
0.770090424166582
1.055243389400422
1.1680872209322892
0.8774111739451299
0.666245779850772
0.6505320279823116
0.6568175287296957
0.7999282346075348
0.7658278798178744
0.6568175287296957
0.8971877759439542
0.7498775227347353
0.9120202274430725
0.7871406015614122
0.6909117032781182
0.9268526789421906
1.1618181191805186
0.8127158676536574
0.7498775227347353
0.7167092492903883
0.6761702484139639
0.7314507041545425
0.966405882939839
0.6599602791033878
0.5798298784905378
0.8297660450484876
0.9317968294418967
0.9070760769433662
0.8576345719463058
0.669388530224464
0.816978412002365
0.5291511598099163
1.1116653051663554
0.9268526789421906
0.9861824849386632
2.4265371418790895
1.181188885184471
0.8382911337459027
1.0301669823933406
0.7130238855743496
0.531818460793107
0.7871406015614122
0.5939625212558541
0.8297660450484876
1.0364360841451108
0.8127158676536574
1.4188454888360098
0.7056531581422726
1.5117270149404276
0.770090424166582
1.2180102512089894
1.5898085161779325
0.6065335227506224
0.816978412002365
1.0489742876486516
2.18633721328216
0.8823553244448361
0.753562886450774
0.7056531581422726
0.8625787224460119
0.6222472746190828
0.585164480456919
0.6222472746190828
3.5480478183101556
0.7573027911204594
1.1680872209322892
0.8340285893971952
0.7615653354691669
1.02389788064157
0.7461921590186968
1.0301669823933406
0.7786155128639971
1.1430108139252075
0.5771625775073472
0.7743529685152895
0.9021319264436602
0.9120202274430725
1.1053962034145852
0.9565175819404269
4.278928467209345
0.8526904214465997
0.6599602791033878
0.8477462709468937
0.9861824849386632
0.9367409799416027
0.6536747783560037
0.7314507041545425
0.7786155128639971
1.0615124911521923
1.1680872209322892
1.461064364338018
0.9219085284424846
