1.0847321868864392
0.770669749538165
1.513536476773964
0.6780626244667557
0.9866078554290968
0.689041736738296
0.3791894024290478
0.6927014408288097
0.7786337646896802
0.8144718328714983
1.4065075976746007
0.8144718328714983
0.826417855598771
0.9667553915754526
0.7587237268108923
0.7109999612813771
0.7549164103675389
0.6196526488033843
1.0179861551404075
0.7146596653718906
0.6744029203762423
0.7945617949927105
0.9915709713925078
0.7666877419624075
0.8625299563438209
0.6650466754316677
0.8383638783260438
0.7905797874169529
0.8224358480230135
0.43557206347019073
0.8575668403804098
0.9071980000145201
0.9022348840511092
1.2114869361548264
1.4312065697744538
0.6927014408288097
0.444077752471455
0.8724561882706429
0.9171242319413423
0.7146596653718906
2.4356053008475085
0.8625299563438209
0.6853820326477827
0.5450439836040251
2.3326497219737763
0.7945617949927105
0.7666877419624075
16.897963972178378
0.7746517571139226
1.3982746069746497
5.224483537226575
0.5268236183920164
1.139342576496829
0.740277594005485
0.732958185824458
0.9766816235022746
0.5866905326600449
1.0361896183438706
0.725638777643431
0.7439372980959984
0.8724561882706429
2.4208973610084032
0.7512567062770255
1.1575460397002924
0.887345536160876
0.6620204069897822
0.5924162328264142
0.9171242319413423
1.4970704953740621
1.1090034711577237
0.8343818707502862
0.5814847140280424
0.7219790735529175
0.8724561882706429
0.6650466754316677
0.8104898252957408
0.8526037244169987
1.4147405883745519
0.9568291596486305
0.732958185824458
0.7746517571139226
1.276373348499447
0.732958185824458
0.9518660436852195
0.8184538404472559
0.41719679766323015
0.9866078554290968
0.6817223285572692
0.655967870106011
0.7786337646896802
0.9369766957949864
0.7292984817339445
0.8104898252957408
1.0483252604795128
0.7292984817339445
1.189858132039953
0.6468890647803544
0.9915709713925078
0.6408365278965832
0.6468890647803544
0.7219790735529175
0.9866078554290968
1.1150712922255448
0.43557206347019073
0.7366178899149715
0.8575668403804098
0.6710992123154389
1.488837504674111
0.7292984817339445
0.8476406084535878
2.5238529398821354
0.887345536160876
0.8625299563438209
0.747597002186512
0.9965340873559189
0.8025258101442256
0.8065078177199831
0.7146596653718906
0.7826157722654378
0.6650466754316677
0.34809244269198947
0.6045213065939564
0.9171242319413423
1.7737480080878019
0.5954425012682999
0.3964654911718579
0.718319369462404
1.0064603192827408
0.7666877419624075
0.7587237268108923
0.6620204069897822
0.6744029203762423
0.4102863621661061
0.8575668403804098
0.7746517571139226
0.6963611449193231
0.7512567062770255
0.4993647309796726
0.8343818707502862
0.7587237268108923
0.8383638783260438
1.594334768846348
1.422973579074503
1.2114869361548264
1.204277334783202
0.6468890647803544
0.7786337646896802
0.8923086521242871
0.6680729438735533
1.0064603192827408
0.6650466754316677
0.9866078554290968
0.6853820326477827
1.0240539762082286
0.7587237268108923
1.0064603192827408
0.7549164103675389
0.6105738434777277
0.8575668403804098
1.5494335408698394
1.0968678290220815
0.4068311444175441
1.0064603192827408
0.7786337646896802
3.0533387740899003
0.877419304234054
0.9419398117583974
0.8184538404472559
0.6853820326477827
0.6853820326477827
0.6710992123154389
0.4313192189695586
5.224483537226575
0.5762788953960399
0.7439372980959984
0.7549164103675389
0.6780626244667557
0.8674930723072318
0.7073402571908636
0.70368055310035
0.6710992123154389
0.9419398117583974
1.5404532952745376
0.9518660436852195
0.9469029277218085
1.1029356500899026
0.9369766957949864
1.0422574394116917
0.601495038152071
1.133274755429008
0.7439372980959984
0.9220873479047533
0.8625299563438209
0.7549164103675389
0.8144718328714983
1.0665287236829761
0.740277594005485
0.9121611159779314
0.8303998631745286
0.5984687697101854
0.7905797874169529
1.3653426441748457
0.5450439836040251
1.422973579074503
1.054393081547334
0.9816447394656858
0.5984687697101854
3.52875052983368
1.3818086255747477
0.770669749538165
0.7366178899149715
0.7666877419624075
0.6105738434777277
1.0665287236829761
0.8383638783260438
0.9121611159779314
0.826417855598771
0.7905797874169529
0.8426774924901766
0.6927014408288097
0.7512567062770255
0.7627057343866499
0.689041736738296
0.7826157722654378
0.7786337646896802
0.8343818707502862
0.6744029203762423
0.3619133136862376
1.0422574394116917
1.127206934361187
1.0361896183438706
0.8184538404472559
0.8065078177199831
0.70368055310035
0.7073402571908636
1.0422574394116917
1.139342576496829
0.46534197497461555
0.7000208490098366
0.5268236183920164
0.9568291596486305
0.6287314541290411
1.1575460397002924
0.6317577225709265
0.3912826645490149
0.6499153332222399
1.422973579074503
0.42706637446892654
0.8383638783260438
1.3124213553575697
0.8383638783260438
2.156154443904521
0.6287314541290411
0.634783991012812
0.5814847140280424
0.9568291596486305
0.6927014408288097
0.7512567062770255
0.7865977798411953
0.8575668403804098
0.8343818707502862
1.0119183340725861
1.6302557512275546
0.5954425012682999
0.8923086521242871
0.725638777643431
0.6927014408288097
0.5710730767640374
0.9965340873559189
0.8224358480230135
0.9071980000145201
1.6855003690531747
0.7587237268108923
0.7549164103675389
0.6287314541290411
0.3826446201776098
1.0119183340725861
1.290792551242696
11.445504560630148
0.9518660436852195
0.7905797874169529
0.8625299563438209
0.8526037244169987
1.4312065697744538
0.6963611449193231
0.8923086521242871
1.139342576496829
0.6817223285572692
0.5190148904440126
0.6499153332222399
0.634783991012812
0.6105738434777277
0.7000208490098366
1.2980021526143206
0.7905797874169529
0.7627057343866499
0.37573418468048575
0.3740065758062048
0.5954425012682999
0.725638777643431
0.7549164103675389
0.897271768087698
0.4085587532918251
0.7746517571139226
0.7109999612813771
0.6105738434777277
0.8025258101442256
1.1826485306683285
0.7945617949927105
0.4866061974777762
1.5584137864651408
0.7666877419624075
0.798543802568468
3.385030791867288
0.6853820326477827
1.0847321868864392
0.8104898252957408
1.2619541457561982
0.6378102594546976
0.9568291596486305
1.0908000079542604
0.7549164103675389
0.6744029203762423
0.7146596653718906
0.8184538404472559
0.689041736738296
0.8303998631745286
0.6680729438735533
0.7109999612813771
0.8303998631745286
0.8303998631745286
0.740277594005485
0.8144718328714983
0.7219790735529175
0.740277594005485
0.6817223285572692
1.133274755429008
0.7666877419624075
0.8224358480230135
0.5242207090760151
0.7746517571139226
0.7865977798411953
0.42068710771797835
1.3124213553575697
0.8923086521242871
0.39992070892042
1.2331157402697
1.7590400682486977
0.48235335297714405
1.139342576496829
0.8923086521242871
0.7865977798411953
0.770669749538165
0.6196526488033843
1.0064603192827408
2.465021180525717
0.9469029277218085
0.9568291596486305
1.6855003690531747
0.7366178899149715
0.798543802568468
0.9915709713925078
0.7109999612813771
0.7905797874169529
2.1855703235827306
0.7786337646896802
0.6105738434777277
0.655967870106011
0.8724561882706429
1.1696816818359346
0.8025258101442256
0.7549164103675389
0.7439372980959984
0.7512567062770255
0.8184538404472559
1.2835829498710716
0.747597002186512
0.4102863621661061
1.00149720331933
1.0968678290220815
1.594334768846348
0.725638777643431
0.747597002186512
0.6620204069897822
0.7865977798411953
0.6963611449193231
2.7003482179513907
0.47384766397587985
0.9915709713925078
0.9717185075388637
0.7366178899149715
1.204277334783202
0.7512567062770255
0.3601857048119566
0.7439372980959984
1.0483252604795128
1.3982746069746497
0.7439372980959984
0.732958185824458
0.6744029203762423
0.8303998631745286
0.6817223285572692
0.6529416016641255
1.2691637471278225
0.7000208490098366
0.9518660436852195
0.732958185824458
0.6529416016641255
0.8184538404472559
0.6963611449193231
0.9568291596486305
1.3982746069746497
0.6408365278965832
1.3900416162746987
2.5385608797212402
0.7587237268108923
0.9568291596486305
1.0119183340725861
0.826417855598771
0.6589941385478966
0.38609983792617186
0.9667553915754526
0.6927014408288097
0.43982490797082285
1.1826485306683285
0.6650466754316677
0.6927014408288097
0.8674930723072318
0.8224358480230135
0.8575668403804098
1.2547445443845735
0.897271768087698
0.6853820326477827
0.6226789172452699
0.7439372980959984
0.8526037244169987
0.7109999612813771
0.732958185824458
0.7219790735529175
0.41374157991466814
0.877419304234054
0.6620204069897822
0.6650466754316677
1.7443321284095925
1.0422574394116917
0.8526037244169987
0.655967870106011
0.46534197497461555
0.9121611159779314
0.6927014408288097
0.7073402571908636
1.1514782186324712
0.6499153332222399
0.7073402571908636
0.655967870106011
0.770669749538165
0.655967870106011
1.585354523251046
0.826417855598771
0.9220873479047533
0.6105738434777277
0.718319369462404
0.6378102594546976
0.8065078177199831
0.49085904197840824
1.204277334783202
0.9220873479047533
0.7826157722654378
1.6392359968228563
0.877419304234054
1.0665287236829761
1.3653426441748457
0.634783991012812
0.655967870106011
0.6744029203762423
0.7945617949927105
1.0240539762082286
0.8104898252957408
0.634783991012812
0.655967870106011
0.7109999612813771
0.8303998631745286
0.7073402571908636
1.2403253416413245
0.6853820326477827
0.9121611159779314
1.1636138607681132
0.5528527115520289
0.7000208490098366
0.8383638783260438
0.6650466754316677
0.4189244065375112
0.770669749538165
1.1826485306683285
1.1514782186324712
0.6589941385478966
0.4228135299682944
1.1696816818359346
0.8065078177199831
0.8303998631745286
0.7073402571908636
0.6963611449193231
0.8575668403804098
0.798543802568468
0.718319369462404
0.7073402571908636
0.7549164103675389
1.0301217972760495
0.336076366068105
1.054393081547334
2.053198865030789
0.9320135798315754
1.1514782186324712
0.7439372980959984
0.798543802568468
1.1636138607681132
0.9518660436852195
0.7627057343866499
0.6710992123154389
0.6438627963384688
1.0665287236829761
0.7746517571139226
0.38609983792617186
0.7512567062770255
0.5736759860800387
1.422973579074503
1.2331157402697
0.7587237268108923
0.725638777643431
0.7666877419624075
0.6680729438735533
1.3052117539859454
0.9915709713925078
0.7109999612813771
3.1857102326418416
1.1826485306683285
0.718319369462404
0.6853820326477827
1.2186965375264511
0.6589941385478966
0.8343818707502862
0.6468890647803544
0.5606614395000326
1.0665287236829761
0.7549164103675389
1.054393081547334
0.718319369462404
0.7512567062770255
1.488837504674111
1.2835829498710716
0.6620204069897822
0.7786337646896802
0.4972383087293564
0.4068311444175441
0.718319369462404
0.8144718328714983
2.1414465040654167
0.8674930723072318
0.38437222905189083
0.8426774924901766
0.8025258101442256
0.7786337646896802
0.6927014408288097
0.7786337646896802
0.8674930723072318
1.0064603192827408
0.6963611449193231
0.8303998631745286
0.8343818707502862
0.8526037244169987
0.36536853143479964
0.4610891304739835
0.9121611159779314
0.7826157722654378
0.49085904197840824
0.4674683972249316
0.7109999612813771
1.1150712922255448
1.0968678290220815
0.8923086521242871
0.7746517571139226
0.9717185075388637
0.9171242319413423
0.6680729438735533
0.897271768087698
0.747597002186512
0.7073402571908636
0.718319369462404
0.6620204069897822
0.6963611449193231
1.594334768846348
0.6963611449193231
0.8303998631745286
0.740277594005485
0.6853820326477827
0.6963611449193231
0.6853820326477827
0.5736759860800387
0.9171242319413423
0.4483305969720871
0.5788818047120412
0.8065078177199831
1.060460902615155
0.770669749538165
0.8823824201974649
1.0422574394116917
1.3818086255747477
1.1575460397002924
1.5584137864651408
0.8184538404472559
0.6529416016641255
0.7512567062770255
0.7512567062770255
0.8065078177199831
0.9518660436852195
0.9121611159779314
0.9766816235022746
0.8144718328714983
0.6927014408288097
1.7590400682486977
0.7549164103675389
0.4483305969720871
0.826417855598771
0.7292984817339445
0.8476406084535878
0.7366178899149715
0.7865977798411953
1.2331157402697
0.7587237268108923
1.8031638877660114
0.39473788229757695
0.8144718328714983
0.4504570192224032
0.6499153332222399
0.7587237268108923
1.0725965447507972
0.6780626244667557
0.6620204069897822
0.5866905326600449
1.3412597608440675
0.8476406084535878
0.826417855598771
0.3930102734232959
0.6589941385478966
0.601495038152071
0.8343818707502862
0.9369766957949864
0.7366178899149715
0.3567304870633946
1.1514782186324712
0.7146596653718906
0.9369766957949864
0.6927014408288097
1.1454103975646501
0.6780626244667557
0.747597002186512
0.8025258101442256
0.7587237268108923
0.7666877419624075
0.5762788953960399
0.7146596653718906
0.70368055310035
1.1090034711577237
1.1757495029037557
0.47810050847651187
0.4568362859733513
0.7786337646896802
1.5584137864651408
1.2114869361548264
0.5528527115520289
0.7109999612813771
