0.29271822569549477
0.6742504520620303
0.9816211233523524
0.810060740555949
0.7921956316871226
0.516652611079272
0.832392126641982
0.7441624325021279
0.7441624325021279
0.7277125547515166
0.5619325823642684
0.9255357615650899
0.7441624325021279
1.2435341508031084
0.7787968000355029
0.7877293544699161
0.8526247912416487
0.7743305228182963
0.3635709374453437
1.4058150103917146
0.9816211233523524
0.998446731888531
0.9367528339225422
1.235960985562226
0.6742504520620303
0.6989252686879472
1.8645328226823878
0.8414077188841962
0.7564998408150864
0.9143186892076374
0.4461778328493851
1.0960051080606326
0.7743305228182963
1.9107331522923496
1.190521994116931
0.8638418635991013
0.832392126641982
0.580044570878267
0.9367528339225422
0.719487615876211
2.0955344707321957
0.5860819003829331
0.7441624325021279
0.9872296595310784
0.8974930806714587
1.0893699995793706
0.810060740555949
0.6948127992502944
0.8638418635991013
0.88066747213528
0.9591869786374472
0.9647955148161735
2.6961387556616954
1.2889731422484032
1.3268389684528157
0.8918845444927324
1.3041194727301681
0.7071502075632529
0.7564998408150864
0.8145270177731556
1.5782445890174497
0.7698642456010897
0.9591869786374472
0.7523873713774335
1.6951316141125292
0.8055944633387424
0.8414077188841962
0.6742504520620303
0.5226899405839383
0.7743305228182963
0.7071502075632529
0.6482592513023933
1.0097486978042227
0.663026591074123
4.104077490568376
1.2511073160439907
0.7966619089043293
0.6989252686879472
0.7564998408150864
1.3116926379710507
0.953578442458721
1.849132712812401
1.6951316141125292
0.6482592513023933
0.6948127992502944
0.7698642456010897
0.7441624325021279
0.7564998408150864
1.1291806504669446
0.6445674163594608
0.9591869786374472
0.8526247912416487
1.6498190571025557
0.7482749019397807
0.41148523023702066
0.9031016168501849
0.8974930806714587
0.7564998408150864
0.8011281861215358
0.810060740555949
1.470436305671627
1.0960051080606326
0.8055944633387424
1.0628295656543212
0.6519510862453256
0.6742504520620303
2.187935129952119
0.7832630772527094
0.8694503997778275
1.266253646525756
1.1092753250231573
0.9311442977438161
0.8862760083140063
1.3596569423346343
0.8470162550629224
0.6989252686879472
0.7564998408150864
0.6865878603749888
0.8234595722075688
0.7071502075632529
1.0097486978042227
0.6989252686879472
0.6742504520620303
1.2283878203213432
1.0495593486917967
0.8750589359565536
0.8055944633387424
0.7609316911666765
0.7877293544699161
1.2511073160439907
0.7112626770009056
0.8055944633387424
1.9877337016422856
1.3504253287232182
1.082734891098108
0.8145270177731556
0.8279258494247754
1.1756264098357805
0.7787968000355029
0.7877293544699161
1.1980951593578135
0.6989252686879472
0.9591869786374472
0.8750589359565536
0.7071502075632529
0.6948127992502944
1.142450867429469
0.9199272253863636
0.8145270177731556
0.8368584038591886
2.187935129952119
0.43821381769787005
0.7400499630644751
1.6600439811147139
0.7441624325021279
0.41356846035839795
0.5317459348409375
0.8011281861215358
0.6298000765877314
0.7236000853138639
1.2813999770075206
0.5136339463269389
1.0163838062854849
0.7441624325021279
0.40106907963013433
0.7653979683838831
0.4052355398728889
1.1159104335044199
1.4242782376145466
0.7877293544699161
0.7318250241891695
0.8750589359565536
0.8279258494247754
1.0694646741355833
0.6948127992502944
0.7277125547515166
0.9199272253863636
0.365654167566721
0.6742504520620303
1.9877337016422856
0.7071502075632529
0.7653979683838831
0.9816211233523524
0.7482749019397807
0.8145270177731556
0.7071502075632529
0.6593347561311905
0.580044570878267
0.7877293544699161
0.7359374936268223
0.7523873713774335
0.7921956316871226
0.6556429211882582
0.7921956316871226
0.7236000853138639
0.7441624325021279
0.9311442977438161
0.9367528339225422
0.8526247912416487
0.8750589359565536
0.7787968000355029
0.546839258602603
0.8918845444927324
0.5317459348409375
0.8279258494247754
0.6298000765877314
0.7743305228182963
0.7071502075632529
0.7523873713774335
0.6445674163594608
0.7441624325021279
1.5073627601172912
0.810060740555949
0.6742504520620303
0.682475390937336
0.8145270177731556
0.810060740555949
1.1756264098357805
1.0628295656543212
0.9255357615650899
0.6948127992502944
0.6742504520620303
0.663026591074123
0.7112626770009056
0.682475390937336
0.44883250456655693
0.6519510862453256
0.8694503997778275
0.6907003298126416
0.8694503997778275
0.7877293544699161
1.1092753250231573
0.6445674163594608
0.998446731888531
0.3277234286091264
0.8368584038591886
0.663026591074123
0.9423613701012685
0.8638418635991013
0.6907003298126416
0.34482186635294837
0.3137213474436738
0.3510715567170801
0.2997192662782211
1.4058150103917146
0.3948193892660026
0.6371837464735961
0.8694503997778275
0.7359374936268223
0.8694503997778275
2.3727364483919646
1.1980951593578135
0.7482749019397807
0.6783629214996831
0.7523873713774335
0.47272455002110236
0.7482749019397807
0.832392126641982
0.7441624325021279
1.0495593486917967
0.8055944633387424
1.056194457173059
0.6907003298126416
1.220814655080461
0.7966619089043293
0.6989252686879472
1.162356192873256
2.12633469047217
0.8055944633387424
0.9647955148161735
0.6408755814165285
0.7277125547515166
1.6191442850660818
0.7359374936268223
0.7441624325021279
0.719487615876211
2.2033352398221058
0.6704102609599878
1.451973078448795
0.6989252686879472
0.6556429211882582
1.2132414898395785
0.35940447720258917
0.8974930806714587
0.6742504520620303
0.7523873713774335
0.46210586315241553
0.7832630772527094
1.1756264098357805
0.9143186892076374
0.9423613701012685
0.7112626770009056
0.7832630772527094
1.0040552680672574
0.663026591074123
1.3504253287232182
0.7400499630644751
1.7567320535924775
1.8337326029424135
0.6593347561311905
0.7743305228182963
0.7071502075632529
0.6865878603749888
0.8145270177731556
0.9816211233523524
0.7921956316871226
2.619138206311759
0.8145270177731556
0.6742504520620303
1.1756264098357805
0.6593347561311905
0.9647955148161735
1.190521994116931
0.7832630772527094
1.1557210843919938
0.719487615876211
0.6989252686879472
0.7318250241891695
1.1291806504669446
0.9199272253863636
0.976012587173626
0.7743305228182963
0.34898832659570284
1.2813999770075206
0.8974930806714587
0.88066747213528
0.618724571758934
0.976012587173626
1.1980951593578135
1.4427414648373789
1.7105317239825162
0.5045806106271629
1.142450867429469
0.6948127992502944
0.7071502075632529
1.451973078448795
0.832392126641982
0.6783629214996831
0.6948127992502944
1.122545541985682
0.6948127992502944
0.6371837464735961
0.7277125547515166
0.7318250241891695
1.319265803211933
0.7743305228182963
0.832392126641982
0.7877293544699161
0.682475390937336
0.3844032386591163
0.9031016168501849
0.9423613701012685
0.45945119143524377
0.9591869786374472
0.7441624325021279
0.9255357615650899
0.9704040509948999
1.142450867429469
0.9367528339225422
0.8055944633387424
0.7743305228182963
0.7609316911666765
0.4031523097515116
1.0296540232480096
0.7441624325021279
0.7653979683838831
1.6191442850660818
0.5589139176119353
2.1571349102121444
0.6556429211882582
1.076099782616846
0.7071502075632529
1.3873517831688824
1.4981311465058753
0.8234595722075688
0.7921956316871226
0.7743305228182963
0.549857923354936
0.5075966168222728
0.7653979683838831
1.190521994116931
0.7277125547515166
1.488899532894459
1.0495593486917967
0.6989252686879472
0.8145270177731556
1.1026402165418951
1.2132414898395785
0.7400499630644751
0.953578442458721
0.832392126641982
0.6742504520620303
0.47272455002110236
0.8368584038591886
1.3041194727301681
0.9423613701012685
1.0230189147667472
0.6519510862453256
0.3844032386591163
0.5226899405839383
0.7236000853138639
0.858233327420375
0.8638418635991013
0.5196712758316051
0.6948127992502944
0.8055944633387424
0.8470162550629224
0.7564998408150864
0.7318250241891695
0.7921956316871226
0.7277125547515166
1.0230189147667472
0.810060740555949
0.8470162550629224
0.40940200011564337
0.88066747213528
0.7030377381256
0.6948127992502944
1.142450867429469
0.8750589359565536
1.8337326029424135
1.3419852989345806
0.7523873713774335
0.663026591074123
0.9816211233523524
0.810060740555949
1.2435341508031084
2.2495355694320676
0.7523873713774335
0.5619325823642684
0.5740072413736008
0.8145270177731556
1.4335098512259628
0.8526247912416487
1.3116926379710507
0.810060740555949
0.719487615876211
0.810060740555949
0.719487615876211
0.832392126641982
0.7030377381256
0.8470162550629224
0.8011281861215358
0.6445674163594608
0.8526247912416487
0.7153751464385585
0.5740072413736008
0.7832630772527094
0.682475390937336
0.7523873713774335
0.3948193892660026
0.8189932949903622
0.7966619089043293
0.9647955148161735
0.719487615876211
0.6113409018730692
0.7400499630644751
1.1092753250231573
1.4150466240031307
0.7966619089043293
0.4198181507225297
0.6113409018730692
0.7400499630644751
0.7071502075632529
0.8055944633387424
0.7112626770009056
0.7359374936268223
0.8368584038591886
0.8470162550629224
0.6519510862453256
0.7877293544699161
0.976012587173626
0.7653979683838831
1.8645328226823878
1.142450867429469
1.5577947409931334
0.7743305228182963
0.4031523097515116
0.6907003298126416
1.076099782616846
0.618724571758934
0.5589139176119353
0.9591869786374472
1.1829488288760486
0.7743305228182963
0.7921956316871226
0.7698642456010897
0.810060740555949
0.8055944633387424
0.7609316911666765
0.48599790860696085
1.0296540232480096
0.7743305228182963
0.7523873713774335
0.719487615876211
1.076099782616846
0.832392126641982
0.7030377381256
1.0893699995793706
1.3873517831688824
0.6593347561311905
0.3864864687804936
1.082734891098108
0.6371837464735961
1.5373448929688174
0.998446731888531
0.9367528339225422
0.7523873713774335
0.976012587173626
1.190521994116931
0.6989252686879472
1.4242782376145466
0.7359374936268223
0.858233327420375
3.741681627310692
0.8638418635991013
0.7921956316871226
0.7030377381256
0.810060740555949
0.5075966168222728
0.6783629214996831
0.7877293544699161
0.30847056700662906
0.456796519718072
0.719487615876211
0.7236000853138639
0.7359374936268223
0.810060740555949
0.7877293544699161
0.7277125547515166
0.6948127992502944
1.0040552680672574
2.6037380964417727
3.127341832021336
0.8470162550629224
0.6113409018730692
0.618724571758934
0.2909679655498132
0.618724571758934
0.7482749019397807
0.7112626770009056
1.082734891098108
1.190521994116931
0.6371837464735961
0.7071502075632529
0.618724571758934
0.3427386362315711
0.549857923354936
0.3067203068609474
0.810060740555949
0.7030377381256
0.9311442977438161
0.6948127992502944
0.6704102609599878
0.7153751464385585
0.8638418635991013
0.7400499630644751
0.47272455002110236
0.7564998408150864
1.0495593486917967
1.1557210843919938
1.4612046920602109
0.7112626770009056
0.8234595722075688
1.2586804812848733
1.082734891098108
0.663026591074123
1.319265803211933
1.2283878203213432
0.8974930806714587
1.0040552680672574
0.6989252686879472
2.7269389754016697
1.1490859759107312
0.8011281861215358
0.7698642456010897
0.8055944633387424
0.8862760083140063
0.7609316911666765
0.8918845444927324
0.7698642456010897
0.8368584038591886
1.451973078448795
0.9647955148161735
0.810060740555949
0.6704102609599878
0.5709885766212677
1.190521994116931
0.3277234286091264
3.2659428208512207
0.36982062780947544
0.810060740555949
1.082734891098108
0.8526247912416487
1.235960985562226
0.858233327420375
1.0163838062854849
0.976012587173626
0.7743305228182963
0.9199272253863636
0.8974930806714587
1.5577947409931334
4.345674732740166
0.7564998408150864
1.0163838062854849
1.6089193610539236
0.5928817271584074
1.3419852989345806
0.858233327420375
0.7653979683838831
0.3137213474436738
0.9591869786374472
1.5680196650052916
0.7698642456010897
0.8145270177731556
2.572937876701798
0.5136339463269389
0.6445674163594608
0.7787968000355029
0.8055944633387424
0.6704102609599878
0.832392126641982
0.6556429211882582
0.9872296595310784
0.6371837464735961
0.6002653970442722
0.6742504520620303
0.7400499630644751
0.30847056700662906
0.858233327420375
0.998446731888531
0.7441624325021279
0.7359374936268223
0.6742504520620303
0.8189932949903622
0.6948127992502944
0.42228578739483974
0.810060740555949
0.9367528339225422
0.577025906125934
0.8750589359565536
1.0230189147667472
0.34482186635294837
0.7653979683838831
1.4427414648373789
0.719487615876211
0.7877293544699161
0.7966619089043293
0.7653979683838831
0.810060740555949
0.719487615876211
0.382320008537739
1.190521994116931
0.8750589359565536
0.7071502075632529
0.8414077188841962
2.388136558261952
0.9872296595310784
0.6150327368160017
0.719487615876211
0.8470162550629224
0.4156516904797752
0.9255357615650899
0.663026591074123
0.8694503997778275
0.9816211233523524
0.5287272700886044
0.663026591074123
0.7921956316871226
0.29446848584117635
0.8011281861215358
0.49927126719281945
0.8470162550629224
0.7112626770009056
0.6556429211882582
0.998446731888531
0.9647955148161735
0.6150327368160017
0.9816211233523524
0.7743305228182963
0.719487615876211
0.8918845444927324
0.7318250241891695
