739.0
811.0
785.0
744.0
750.0
801.0
757.0
790.0
792.0
762.0
725.0
713.0
754.0
797.0
633.0
795.0
724.0
810.0
753.0
702.0
757.0
781.0
802.0
762.0
785.0
589.0
945.0
734.0
797.0
756.0
730.0
762.0
778.0
769.0
790.0
814.0
731.0
767.0
844.0
736.0
718.0
749.0
713.0
793.0
848.0
735.0
724.0
794.0
721.0
751.0
741.0
734.0
921.0
763.0
593.0
726.0
805.0
741.0
743.0
825.0
841.0
749.0
746.0
759.0
769.0
645.0
746.0
794.0
822.0
738.0
805.0
721.0
652.0
773.0
737.0
804.0
755.0
685.0
650.0
733.0
735.0
736.0
715.0
802.0
876.0
626.0
780.0
745.0
660.0
770.0
760.0
764.0
742.0
728.0
808.0
830.0
736.0
821.0
747.0
683.0
761.0
800.0
728.0
786.0
766.0
716.0
765.0
756.0
580.0
796.0
757.0
736.0
833.0
741.0
816.0
717.0
728.0
908.0
722.0
606.0
730.0
778.0
805.0
662.0
715.0
628.0
768.0
705.0
748.0
738.0
818.0
738.0
641.0
786.0
726.0
805.0
871.0
861.0
771.0
759.0
795.0
715.0
823.0
785.0
718.0
736.0
714.0
813.0
821.0
746.0
765.0
762.0
725.0
728.0
619.0
841.0
724.0
734.0
777.0
586.0
765.0
818.0
805.0
754.0
861.0
748.0
733.0
697.0
728.0
897.0
658.0
786.0
726.0
791.0
762.0
942.0
874.0
710.0
743.0
747.0
706.0
727.0
762.0
758.0
928.0
746.0
813.0
677.0
844.0
743.0
782.0
727.0
746.0
837.0
767.0
722.0
712.0
726.0
813.0
709.0
878.0
770.0
750.0
722.0
874.0
818.0
730.0
616.0
765.0
740.0
751.0
815.0
681.0
764.0
710.0
736.0
902.0
776.0
693.0
757.0
733.0
859.0
716.0
739.0
734.0
720.0
771.0
759.0
774.0
752.0
743.0
832.0
741.0
678.0
713.0
712.0
668.0
656.0
788.0
783.0
746.0
769.0
756.0
845.0
728.0
795.0
738.0
748.0
753.0
767.0
810.0
887.0
745.0
721.0
600.0
815.0
693.0
677.0
852.0
722.0
758.0
604.0
802.0
709.0
786.0
879.0
740.0
788.0
576.0
754.0
614.0
753.0
662.0
761.0
762.0
781.0
758.0
596.0
668.0
710.0
945.0
765.0
758.0
736.0
728.0
723.0
716.0
908.0
762.0
811.0
840.0
629.0
756.0
709.0
758.0
745.0
725.0
721.0
771.0
633.0
883.0
856.0
710.0
729.0
736.0
718.0
842.0
793.0
846.0
790.0
725.0
747.0
784.0
876.0
787.0
738.0
778.0
730.0
733.0
576.0
743.0
733.0
776.0
726.0
777.0
798.0
809.0
823.0
720.0
692.0
789.0
771.0
703.0
737.0
769.0
771.0
578.0
729.0
714.0
756.0
614.0
753.0
796.0
837.0
757.0
763.0
609.0
765.0
749.0
823.0
797.0
930.0
660.0
769.0
703.0
725.0
660.0
718.0
761.0
806.0
723.0
658.0
846.0
902.0
745.0
758.0
830.0
708.0
749.0
707.0
788.0
770.0
738.0
738.0
763.0
774.0
681.0
770.0
794.0
757.0
802.0
753.0
738.0
814.0
820.0
622.0
700.0
722.0
750.0
725.0
727.0
752.0
766.0
751.0
594.0
742.0
703.0
689.0
610.0
751.0
770.0
772.0
750.0
776.0
732.0
801.0
657.0
773.0
751.0
862.0
684.0
766.0
763.0
999.0
746.0
784.0
828.0
790.0
750.0
733.0
702.0
808.0
602.0
577.0
727.0
788.0
656.0
817.0
765.0
800.0
700.0
765.0
829.0
741.0
763.0
730.0
725.0
882.0
728.0
770.0
910.0
788.0
834.0
601.0
729.0
777.0
749.0
752.0
845.0
721.0
737.0
735.0
736.0
724.0
714.0
845.0
756.0
719.0
873.0
729.0
841.0
800.0
838.0
747.0
721.0
720.0
760.0
676.0
772.0
761.0
778.0
716.0
706.0
798.0
731.0
756.0
763.0
812.0
860.0
776.0
824.0
780.0
734.0
738.0
787.0
853.0
786.0
825.0
710.0
898.0
620.0
695.0
822.0
772.0
763.0
727.0
853.0
751.0
779.0
576.0
805.0
765.0
891.0
747.0
773.0
826.0
774.0
834.0
984.0
729.0
744.0
737.0
723.0
774.0
902.0
727.0
780.0
643.0
689.0
795.0
717.0
760.0
770.0
838.0
728.0
654.0
650.0
748.0
703.0
738.0
749.0
738.0
686.0
729.0
742.0
742.0
777.0
706.0
716.0
829.0
750.0
878.0
797.0
740.0
900.0
757.0
778.0
750.0
745.0
758.0
852.0
909.0
781.0
820.0
826.0
852.0
586.0
711.0
883.0
736.0
616.0
809.0
699.0
741.0
816.0
870.0
751.0
820.0
932.0
771.0
611.0
712.0
734.0
745.0
734.0
828.0
745.0
790.0
759.0
887.0
722.0
706.0
743.0
725.0
880.0
757.0
711.0
716.0
798.0
670.0
717.0
794.0
861.0
785.0
744.0
871.0
689.0
765.0
710.0
754.0
754.0
720.0
583.0
794.0
829.0
754.0
740.0
656.0
721.0
716.0
744.0
794.0
805.0
715.0
651.0
730.0
834.0
842.0
771.0
757.0
