757.0
715.0
714.0
769.0
699.0
723.0
733.0
689.0
750.0
685.0
606.0
689.0
709.0
761.0
800.0
761.0
751.0
676.0
809.0
885.0
749.0
796.0
717.0
578.0
699.0
709.0
717.0
750.0
656.0
726.0
733.0
597.0
733.0
695.0
721.0
740.0
677.0
757.0
642.0
736.0
744.0
670.0
753.0
793.0
760.0
705.0
701.0
734.0
689.0
800.0
713.0
790.0
733.0
664.0
753.0
741.0
663.0
672.0
804.0
719.0
919.0
756.0
723.0
705.0
709.0
694.0
675.0
728.0
845.0
699.0
704.0
774.0
579.0
668.0
779.0
808.0
681.0
690.0
719.0
702.0
724.0
772.0
773.0
693.0
718.0
706.0
672.0
722.0
780.0
708.0
832.0
750.0
693.0
626.0
747.0
746.0
795.0
592.0
709.0
813.0
739.0
725.0
821.0
716.0
782.0
685.0
703.0
717.0
738.0
734.0
786.0
772.0
827.0
819.0
712.0
690.0
771.0
756.0
784.0
708.0
682.0
703.0
702.0
754.0
710.0
738.0
802.0
786.0
605.0
805.0
695.0
749.0
723.0
698.0
680.0
828.0
683.0
690.0
579.0
738.0
695.0
734.0
694.0
763.0
689.0
737.0
793.0
707.0
693.0
703.0
608.0
736.0
727.0
794.0
679.0
745.0
674.0
768.0
723.0
746.0
701.0
725.0
618.0
789.0
683.0
682.0
731.0
727.0
710.0
694.0
697.0
666.0
749.0
736.0
699.0
577.0
693.0
705.0
725.0
708.0
687.0
754.0
608.0
661.0
683.0
712.0
847.0
736.0
757.0
676.0
707.0
694.0
692.0
718.0
717.0
752.0
598.0
712.0
740.0
767.0
699.0
613.0
740.0
692.0
695.0
696.0
718.0
662.0
702.0
679.0
826.0
598.0
736.0
692.0
703.0
704.0
694.0
744.0
697.0
700.0
690.0
805.0
685.0
577.0
660.0
719.0
590.0
729.0
720.0
661.0
694.0
705.0
695.0
705.0
670.0
791.0
682.0
861.0
838.0
646.0
754.0
714.0
690.0
747.0
750.0
663.0
705.0
698.0
741.0
713.0
794.0
684.0
749.0
759.0
703.0
736.0
753.0
684.0
760.0
703.0
692.0
713.0
681.0
669.0
724.0
832.0
604.0
743.0
773.0
695.0
780.0
683.0
669.0
726.0
833.0
684.0
693.0
824.0
686.0
692.0
782.0
723.0
704.0
702.0
752.0
878.0
638.0
676.0
747.0
722.0
683.0
746.0
708.0
801.0
769.0
808.0
637.0
678.0
694.0
762.0
629.0
788.0
689.0
756.0
665.0
690.0
593.0
698.0
737.0
770.0
712.0
722.0
773.0
712.0
707.0
680.0
733.0
698.0
736.0
730.0
804.0
739.0
716.0
739.0
745.0
701.0
714.0
710.0
740.0
729.0
669.0
635.0
674.0
703.0
675.0
919.0
706.0
729.0
795.0
669.0
718.0
714.0
786.0
762.0
678.0
720.0
685.0
715.0
786.0
688.0
714.0
702.0
678.0
781.0
806.0
715.0
673.0
702.0
714.0
906.0
777.0
710.0
732.0
592.0
725.0
678.0
712.0
765.0
762.0
628.0
706.0
685.0
742.0
754.0
786.0
766.0
673.0
819.0
699.0
725.0
650.0
739.0
717.0
724.0
694.0
604.0
680.0
785.0
720.0
683.0
766.0
714.0
702.0
699.0
709.0
740.0
845.0
699.0
722.0
741.0
697.0
633.0
680.0
650.0
866.0
735.0
733.0
715.0
587.0
736.0
680.0
711.0
605.0
745.0
731.0
825.0
629.0
698.0
677.0
678.0
707.0
675.0
693.0
744.0
679.0
733.0
729.0
804.0
774.0
710.0
713.0
684.0
719.0
854.0
725.0
713.0
758.0
698.0
717.0
717.0
860.0
739.0
685.0
682.0
742.0
724.0
866.0
753.0
669.0
682.0
695.0
694.0
669.0
698.0
823.0
802.0
847.0
737.0
714.0
736.0
679.0
704.0
733.0
720.0
667.0
744.0
745.0
683.0
590.0
734.0
678.0
688.0
706.0
674.0
802.0
770.0
733.0
746.0
729.0
724.0
698.0
648.0
764.0
710.0
686.0
689.0
840.0
693.0
726.0
708.0
812.0
781.0
676.0
753.0
592.0
679.0
740.0
718.0
877.0
756.0
757.0
726.0
594.0
728.0
683.0
659.0
690.0
586.0
607.0
832.0
730.0
714.0
789.0
666.0
720.0
854.0
760.0
731.0
752.0
710.0
683.0
694.0
581.0
714.0
808.0
686.0
725.0
761.0
699.0
693.0
677.0
683.0
808.0
706.0
733.0
695.0
748.0
877.0
825.0
688.0
725.0
729.0
690.0
720.0
734.0
643.0
669.0
794.0
668.0
728.0
743.0
782.0
712.0
708.0
692.0
702.0
695.0
680.0
697.0
679.0
661.0
694.0
669.0
733.0
715.0
714.0
715.0
696.0
698.0
714.0
741.0
710.0
749.0
742.0
587.0
705.0
674.0
718.0
773.0
735.0
686.0
683.0
730.0
738.0
706.0
734.0
697.0
737.0
701.0
729.0
709.0
733.0
694.0
714.0
844.0
786.0
709.0
765.0
688.0
668.0
820.0
688.0
694.0
677.0
699.0
725.0
664.0
842.0
668.0
646.0
697.0
699.0
779.0
707.0
791.0
782.0
762.0
