0.8992451570034767
0.6660202123157389
0.6192979900935168
0.5222419250635578
0.6758844424287285
0.6758844424287285
0.6660202123157389
0.8748612776181475
0.6099535456490723
1.0783726199299792
0.6442165086120354
0.4654605742306035
0.713345466927615
0.7058532620278377
0.6629053975009243
0.5459989872104505
1.0783726199299792
0.631757249352776
0.9528896916512009
0.6442165086120354
0.9333825881429375
0.7470603889766129
0.9236290363888059
0.6099535456490723
0.6099535456490723
0.7358220816269468
1.0065342262989252
0.8748612776181475
0.5565576814979584
0.8456006223557526
0.6660202123157389
1.084412117236981
0.690868852228283
0.6722498419453685
1.1629255822280042
0.6192979900935168
0.7801578863883148
0.7058532620278377
0.948012915774135
0.6068387308342575
0.6442165086120354
0.6379868789824058
0.6379868789824058
0.690868852228283
0.948012915774135
0.7095993644777262
0.8456006223557526
0.6192979900935168
0.5248815986354349
0.9089987087576085
0.8943683811264109
0.8553541741098843
0.7758295281793596
0.8191131102689118
0.6192979900935168
0.7931429610151806
0.8699845017410817
0.5912646567601835
0.40490641662979926
0.6758844424287285
0.702107159577949
0.6758844424287285
0.7974713192241356
1.350234658471091
0.4630618292220467
0.6348720641675908
0.6535609530564798
0.7320759791770582
0.600609101204628
0.4414731241450359
0.7715011699704044
0.9333825881429375
1.3843523055299143
0.7508064914265015
0.8894916052493451
0.6192979900935168
0.7801578863883148
1.3587640702357966
0.8699845017410817
2.4819233444844886
1.1508465876140008
0.600609101204628
1.1085701064649882
0.762844453552494
0.9041219328805427
0.6833766473285057
0.4200153319677736
0.6691350271305538
0.7170915693775035
0.7395681840768356
1.6004434958075464
0.6535609530564798
0.7058532620278377
0.6758844424287285
0.6442165086120354
0.9041219328805427
0.4105722598815396
0.7358220816269468
1.084412117236981
0.6348720641675908
0.7283298767271695
0.650446138241665
1.2839172361253215
0.41623810313328
0.7320759791770582
0.8504773982328184
0.6224128049083316
1.1568860849210025
0.762844453552494
0.6442165086120354
1.1508465876140008
0.8553541741098843
0.6983610571280603
0.7931429610151806
0.6629053975009243
1.1266885983859936
1.0360961387809666
0.8104563938510013
0.91875226051174
0.5671163757854661
0.8277698266868222
0.6722498419453685
0.6758844424287285
0.6130683604638872
2.7595052084643377
0.6871227497783945
0.7058532620278377
1.0016574504218592
0.9431361398970692
0.7974713192241356
2.7448956366759245
0.9870271227906616
0.7433142865267242
1.1750045768420079
0.6379868789824058
0.6597905826861094
0.6161831752787019
0.8104563938510013
0.7283298767271695
0.5512783343542044
0.6597905826861094
0.575035396501097
0.6130683604638872
0.5912646567601835
0.7715011699704044
0.6130683604638872
0.913875484634674
0.6833766473285057
0.7758295281793596
0.6871227497783945
0.9723967951594641
0.631757249352776
0.6286424345379612
0.6379868789824058
1.6269039048269487
0.5565576814979584
0.5829544172167279
0.8017996774330909
0.6871227497783945
0.5565576814979584
0.6722498419453685
0.8748612776181475
0.6758844424287285
1.5475226777687419
1.2328591268451827
1.6004434958075464
0.913875484634674
0.6348720641675908
0.6442165086120354
3.110134931386252
0.7358220816269468
0.6983610571280603
0.5486386607823275
0.5697560493573431
0.8234414684778669
0.6660202123157389
0.7508064914265015
0.6192979900935168
0.6068387308342575
0.6473313234268501
0.8277698266868222
0.600609101204628
0.6224128049083316
0.41623810313328
0.8504773982328184
0.600609101204628
0.6660202123157389
0.6722498419453685
0.8748612776181475
0.6224128049083316
3.0809157878094258
0.6722498419453685
1.0360961387809666
0.6983610571280603
0.8846148293722792
0.5943794715749984
1.5298824050891404
0.6566757678712946
1.3587640702357966
0.7433142865267242
0.6660202123157389
0.8748612776181475
0.5912646567601835
0.702107159577949
0.8504773982328184
0.6192979900935168
0.6442165086120354
1.2401531424566312
0.7058532620278377
1.2474471580680797
1.6357240411667495
0.45106810417926285
0.6597905826861094
0.7358220816269468
0.6833766473285057
0.6691350271305538
0.48944802431617096
0.702107159577949
0.6130683604638872
0.7245837742772809
1.0065342262989252
0.97727357103653
0.6535609530564798
0.6691350271305538
0.8017996774330909
0.5328006193510657
0.6286424345379612
0.9431361398970692
0.7545525938763901
0.9041219328805427
1.1327280956929955
0.6833766473285057
0.8364265431047325
0.78448624459727
0.6597905826861094
0.78448624459727
0.5486386607823275
0.5974942863898131
0.600609101204628
0.5912646567601835
1.084412117236981
3.1685732185399043
0.8234414684778669
0.7245837742772809
0.7208376718273922
0.600609101204628
0.6597905826861094
1.0360961387809666
0.6691350271305538
0.6758844424287285
0.9431361398970692
0.6037239160194428
0.702107159577949
0.6597905826861094
2.2043414805046395
1.350234658471091
0.9870271227906616
0.7170915693775035
0.7433142865267242
0.8894916052493451
0.8504773982328184
0.6566757678712946
0.8234414684778669
0.7058532620278377
0.575035396501097
0.47745429927338723
0.6473313234268501
0.6348720641675908
0.6099535456490723
0.9870271227906616
0.6286424345379612
0.8504773982328184
0.7095993644777262
0.8407549013136878
0.6224128049083316
0.6946149546781717
0.5829544172167279
1.0360961387809666
0.6348720641675908
0.713345466927615
0.7801578863883148
0.7508064914265015
0.6983610571280603
0.5644767022135891
0.6224128049083316
0.6535609530564798
0.6099535456490723
0.7470603889766129
0.7508064914265015
0.6379868789824058
0.5459989872104505
0.6130683604638872
0.702107159577949
0.690868852228283
0.7058532620278377
0.8364265431047325
0.8061280356420462
0.631757249352776
0.5882337643604818
0.479853044281944
0.7058532620278377
1.3203873141825633
0.6660202123157389
1.1818010175650442
0.8992451570034767
0.8846148293722792
1.3057992829596667
0.7395681840768356
0.6130683604638872
0.6192979900935168
0.6442165086120354
0.6442165086120354
0.7358220816269468
0.6758844424287285
0.7208376718273922
0.650446138241665
1.054214630701972
0.6691350271305538
0.7801578863883148
1.0783726199299792
0.5974942863898131
0.600609101204628
0.650446138241665
1.054214630701972
0.5882337643604818
0.8017996774330909
0.577675070072974
0.5974942863898131
0.7585160953435387
0.6037239160194428
0.8504773982328184
0.7470603889766129
0.7470603889766129
0.7208376718273922
0.6946149546781717
1.2985052673482183
1.0065342262989252
0.5943794715749984
0.6758844424287285
0.6130683604638872
0.702107159577949
0.7508064914265015
0.9919038986677275
0.7545525938763901
0.690868852228283
0.5882337643604818
0.5565576814979584
0.913875484634674
0.5248815986354349
0.9089987087576085
0.7585160953435387
0.5855940907886049
2.5257520598497276
0.6871227497783945
0.6348720641675908
0.6566757678712946
0.631757249352776
0.6379868789824058
0.6871227497783945
0.913875484634674
0.7358220816269468
0.6379868789824058
0.6255276197231464
0.650446138241665
0.6983610571280603
0.6691350271305538
0.78448624459727
0.6379868789824058
0.6983610571280603
1.0119381495529596
0.5855940907886049
0.5591973550698354
0.8017996774330909
0.4630618292220467
1.2912112517367698
0.7585160953435387
1.2693292049024247
0.6660202123157389
0.7671728117614492
0.650446138241665
0.6348720641675908
0.9967806745447934
0.6691350271305538
0.6983610571280603
1.809883042217486
0.6255276197231464
0.6473313234268501
0.5855940907886049
0.600609101204628
0.6348720641675908
0.45586559419637646
0.6224128049083316
0.7974713192241356
0.5539180079260814
0.6473313234268501
0.91875226051174
0.7395681840768356
1.3587640702357966
0.7931429610151806
0.7931429610151806
0.6255276197231464
0.6192979900935168
0.6130683604638872
0.7715011699704044
0.6224128049083316
0.9723967951594641
0.7931429610151806
0.7888146028062253
0.6161831752787019
0.6348720641675908
0.5512783343542044
0.6566757678712946
0.8943683811264109
0.6442165086120354
0.6348720641675908
0.575035396501097
0.948012915774135
1.1266885983859936
0.7058532620278377
0.6379868789824058
0.5974942863898131
1.4014111290593259
0.6566757678712946
0.6691350271305538
0.6629053975009243
5.73941602114268
0.5671163757854661
0.6068387308342575
0.762844453552494
0.6068387308342575
0.9967806745447934
0.6566757678712946
0.7208376718273922
0.5618370286417124
0.7395681840768356
0.7508064914265015
1.4867052467063846
0.6255276197231464
0.6037239160194428
0.6758844424287285
1.138767592999997
0.5512783343542044
0.9382593640200034
1.4355287761181494
1.2693292049024247
0.6379868789824058
0.5829544172167279
0.7931429610151806
0.913875484634674
0.6473313234268501
0.6348720641675908
0.8943683811264109
0.6535609530564798
0.5855940907886049
0.702107159577949
0.4318781441108089
1.0360961387809666
0.6629053975009243
0.7283298767271695
0.600609101204628
1.2985052673482183
0.8553541741098843
0.6833766473285057
0.4414731241450359
0.5829544172167279
0.8234414684778669
0.5974942863898131
0.7671728117614492
0.7671728117614492
0.6946149546781717
1.4952346584710905
0.8061280356420462
0.7208376718273922
0.8456006223557526
0.5671163757854661
0.7715011699704044
0.6473313234268501
0.5591973550698354
0.8651077258640161
1.350234658471091
0.5644767022135891
0.9919038986677275
0.9041219328805427
0.4181267175505268
0.5196022514916809
0.9382593640200034
0.631757249352776
0.6192979900935168
0.713345466927615
0.5882337643604818
0.5723957229292201
0.8320981848957775
0.6130683604638872
0.6255276197231464
1.3843523055299143
0.7508064914265015
0.7058532620278377
0.6629053975009243
1.254741173679528
0.6722498419453685
0.8320981848957775
