0.6411503393091624
0.5345632630560666
1.4574256945000064
0.5930931964520196
0.6044007594772296
1.0870789919406194
0.7556857327067736
0.8793389602991918
0.6100545409898348
0.6044007594772296
0.6665923561158851
0.6185352132587423
0.5726261732167364
0.6354965577965573
0.6100545409898348
0.595920087208322
0.7836235594452796
0.6439772300654649
0.8988517213200735
0.563110445676569
0.7087752895707339
0.590266305695717
0.6748955250835941
0.7374427825983136
0.6213621040150448
0.682713932272934
0.6015738687209272
1.2351031766061198
0.5440789905962341
0.677501660813374
0.7322305111387537
0.871533855890839
0.6694192468721876
0.5650135911846025
0.797811665729548
0.7061691538409539
0.6383234485528598
0.578335609740837
0.5987469779646245
0.7270182396791938
0.5612073001685354
0.9456823477701894
0.695744610921834
1.2840776185342986
0.5459821361042676
0.66093857460328
0.6983507466516139
0.871533855890839
0.9339746911576604
0.6801077965431541
0.66093857460328
0.6128814317461372
0.595920087208322
1.300402432510358
0.5930931964520196
0.7729824797320786
0.5612073001685354
0.682713932272934
0.6270158855276498
0.4497138178267383
0.6383234485528598
0.563110445676569
0.6044007594772296
0.7907176125874139
0.6213621040150448
0.8049057188716819
0.9808053176077765
0.6185352132587423
0.4370153708897236
0.48962322248592727
0.5987469779646245
0.5859481917729709
0.6270158855276498
0.7191998324898538
0.570723027708703
1.2296615719474338
0.6044007594772296
0.6383234485528598
0.7165936967600739
0.40431786106256246
0.5155318079757317
0.6411503393091624
0.85982619927831
0.5421758450882006
0.8261878782980844
0.6044007594772296
0.677501660813374
1.017228493601749
0.6581116838469776
0.8190938251559503
0.6100545409898348
0.8155467985848832
0.6983507466516139
0.9183644823409552
0.7836235594452796
0.5688198822006695
0.5878513372810044
0.6213621040150448
0.7556857327067736
0.700956882381394
0.563110445676569
0.6100545409898348
0.9105593779326026
0.5593041546605019
0.6581116838469776
0.6468041208217673
0.6439772300654649
0.5878513372810044
0.9066568257284262
0.578335609740837
0.6411503393091624
1.0003180786286583
0.6879262037324939
0.6100545409898348
0.6637654653595826
0.6241889947713473
0.570723027708703
0.66093857460328
0.677501660813374
0.6637654653595826
0.8261878782980844
0.677501660813374
0.570723027708703
0.6439772300654649
0.9417797955660132
0.6983507466516139
0.43338724319343375
0.7061691538409539
1.008123183037011
0.7426550540578736
0.9261695867493077
0.5250475355158992
0.682713932272934
0.5402726995801671
0.6722461376284902
0.6015738687209272
0.682713932272934
0.8049057188716819
0.5612073001685354
0.695744610921834
0.5802387552488705
0.43882943473786856
0.7907176125874139
0.5878513372810044
0.6722461376284902
0.8559236470741337
1.040511993048039
0.6044007594772296
0.6326696670402548
0.9495848999743659
0.5688198822006695
0.693138475192054
0.4642263286118979
0.7907176125874139
0.5421758450882006
0.7942646391584808
1.0358552931587812
0.6213621040150448
0.7871705860163467
0.6044007594772296
0.8871440647075445
0.555497863644435
0.7400489183280937
0.4370153708897236
0.7270182396791938
0.43157317934528877
0.5859481917729709
0.655284793090675
0.578335609740837
1.017228493601749
0.693138475192054
0.6383234485528598
0.677501660813374
0.5930931964520196
0.7087752895707339
0.5930931964520196
0.5326601175480332
0.7694354531610116
0.66093857460328
0.695744610921834
0.5821419007569039
0.9495848999743659
0.4859950947896373
0.6298427762839524
0.9378772433618368
0.6100545409898348
0.6468041208217673
0.677501660813374
0.64963101157807
0.7191998324898538
0.9612925565868949
0.5574010091524685
0.8297349048691514
0.8155467985848832
0.5193380989917987
0.6439772300654649
0.6213621040150448
0.677501660813374
0.66093857460328
0.7270182396791938
0.6015738687209272
0.8368289580112855
0.7871705860163467
0.695744610921834
0.9690976609952475
0.6879262037324939
0.6015738687209272
0.578335609740837
0.6853200680027141
0.5269506810239326
0.41085879048118973
0.5802387552488705
1.8736361396566905
0.8637287514824865
0.5878513372810044
0.570723027708703
0.44608569013044835
0.5288538265319661
0.8793389602991918
0.4968794778785071
0.6100545409898348
0.5821419007569039
0.5459821361042676
0.7270182396791938
0.85982619927831
0.3896007698706511
0.6100545409898348
0.5136286624676983
0.7113814253005138
0.7244121039494138
0.8910466169117208
0.6524579023343725
0.5650135911846025
0.7113814253005138
0.6383234485528598
0.6326696670402548
0.9105593779326026
0.5878513372810044
0.7400489183280937
0.595920087208322
1.166242890058006
0.8949491691158971
0.6044007594772296
0.4968794778785071
0.6983507466516139
0.801358692300615
0.5878513372810044
0.547885281612301
0.6439772300654649
0.655284793090675
0.6439772300654649
0.7270182396791938
0.5726261732167364
1.1970119439953146
0.6665923561158851
0.7348366468685337
0.9339746911576604
0.6383234485528598
0.8871440647075445
0.8049057188716819
0.5650135911846025
0.590266305695717
0.6722461376284902
0.563110445676569
0.7694354531610116
0.9144619301367787
1.180687130019255
0.6270158855276498
0.578335609740837
0.5231443900078657
0.695744610921834
1.1915703393366281
0.66093857460328
0.5345632630560666
0.7322305111387537
0.5574010091524685
0.9027542735242498
0.973000213199424
1.0358552931587812
0.595920087208322
0.5326601175480332
0.801358692300615
1.41723453559917
0.8910466169117208
0.5574010091524685
0.5802387552488705
0.5023216694229419
0.655284793090675
0.6694192468721876
0.695744610921834
0.6185352132587423
0.9690976609952475
0.8368289580112855
0.7374427825983136
0.8190938251559503
0.5764324642328034
0.797811665729548
0.7623414000188774
0.700956882381394
0.37815414338805337
0.6270158855276498
0.5688198822006695
0.5288538265319661
0.6072276502335321
0.677501660813374
0.677501660813374
0.6581116838469776
0.677501660813374
0.64963101157807
0.5859481917729709
0.6270158855276498
0.883241512503368
0.5802387552488705
0.578335609740837
0.5878513372810044
1.012571793712491
0.5174349534837652
0.6524579023343725
0.6383234485528598
0.37161321396942604
0.6665923561158851
0.6383234485528598
0.5859481917729709
0.6100545409898348
0.6015738687209272
0.6213621040150448
1.1103624913869097
0.6411503393091624
0.7087752895707339
0.6270158855276498
1.4038374826322246
0.8155467985848832
0.6015738687209272
0.7191998324898538
0.7113814253005138
0.7478673255174335
0.595920087208322
0.6665923561158851
0.5987469779646245
0.4878091586377823
0.563110445676569
0.6439772300654649
0.7113814253005138
0.6383234485528598
0.7165936967600739
0.547885281612301
0.7165936967600739
0.7765295063031455
0.7296243754089737
0.7942646391584808
0.7191998324898538
0.38633030516133743
0.6241889947713473
0.7836235594452796
0.85982619927831
0.8442159904616048
0.5859481917729709
0.6383234485528598
1.152272790390232
0.8754364080950156
0.64963101157807
0.551691572628368
0.6439772300654649
0.8793389602991918
1.2731944092169254
0.5612073001685354
0.5650135911846025
0.5821419007569039
0.5878513372810044
0.64963101157807
0.5859481917729709
0.6411503393091624
0.6015738687209272
0.566916736692636
0.5987469779646245
0.64963101157807
0.6468041208217673
0.551691572628368
0.677501660813374
0.7218059682196337
0.7322305111387537
0.566916736692636
0.5440789905962341
0.8261878782980844
0.35853135513217155
0.6354965577965573
0.7871705860163467
0.5612073001685354
0.6411503393091624
0.5345632630560666
0.6298427762839524
0.66093857460328
0.5574010091524685
0.6524579023343725
1.0042206308328347
0.64963101157807
0.7530795969769936
0.8119997720138161
0.5878513372810044
0.682713932272934
0.555497863644435
0.5440789905962341
0.6524579023343725
0.5307569720399996
0.85982619927831
0.9261695867493077
1.4507271680165337
1.4440286415330608
0.8226408517270173
0.6241889947713473
1.0003180786286583
0.64963101157807
0.5878513372810044
0.4769247755489126
0.48962322248592727
0.7139875610302938
0.7244121039494138
0.6185352132587423
0.9144619301367787
0.5440789905962341
0.5174349534837652
0.7348366468685337
0.5726261732167364
0.4551560093711731
0.6524579023343725
0.5136286624676983
0.5859481917729709
1.3384936651211636
0.6298427762839524
0.7087752895707339
0.5345632630560666
0.5535947181364015
1.166242890058006
0.3977769316439352
0.7907176125874139
0.7348366468685337
0.45697007321931804
0.6383234485528598
0.6157083225024397
0.7296243754089737
0.693138475192054
1.180687130019255
0.5574010091524685
0.693138475192054
0.6801077965431541
0.6213621040150448
0.5421758450882006
0.5612073001685354
0.5650135911846025
0.677501660813374
0.6411503393091624
0.6439772300654649
0.551691572628368
0.7504734612472136
0.5269506810239326
0.677501660813374
0.6326696670402548
0.7426550540578736
0.6100545409898348
0.6185352132587423
1.0358552931587812
0.563110445676569
0.6524579023343725
0.4787388393970575
0.5802387552488705
0.6157083225024397
0.6879262037324939
0.677501660813374
0.47148258400447773
0.5650135911846025
0.6128814317461372
0.5688198822006695
0.3977769316439352
0.5688198822006695
0.566916736692636
1.637238205774995
0.5574010091524685
0.590266305695717
0.6044007594772296
0.7191998324898538
0.37161321396942604
0.6524579023343725
0.578335609740837
0.6983507466516139
1.2949608278516713
1.0042206308328347
0.7426550540578736
0.6581116838469776
0.871533855890839
0.6637654653595826
0.801358692300615
0.6213621040150448
0.6983507466516139
0.6722461376284902
0.5726261732167364
0.570723027708703
0.5688198822006695
0.5726261732167364
0.8949491691158971
0.6411503393091624
0.5859481917729709
0.6879262037324939
0.5383695540721336
0.6468041208217673
0.7348366468685337
0.6748955250835941
0.8190938251559503
0.7165936967600739
0.9144619301367787
0.5821419007569039
0.570723027708703
0.7623414000188774
0.66093857460328
1.0684521923835875
0.5364664085641001
0.6298427762839524
1.059138792605071
0.6853200680027141
0.7296243754089737
0.5402726995801671
0.6411503393091624
0.5688198822006695
0.655284793090675
0.6326696670402548
0.66093857460328
0.9105593779326026
0.682713932272934
0.7035630181111739
0.801358692300615
0.5878513372810044
0.6439772300654649
0.677501660813374
0.5650135911846025
0.8261878782980844
0.5497884271203345
0.5987469779646245
1.0544820927158132
0.5497884271203345
0.9769027654036002
0.6748955250835941
0.4660403924600428
0.7452611897876537
0.6241889947713473
0.7165936967600739
0.5930931964520196
0.5005076055747969
0.5364664085641001
0.5193380989917987
0.566916736692636
0.5878513372810044
1.4507271680165337
0.6044007594772296
0.6100545409898348
0.5726261732167364
0.5930931964520196
0.7061691538409539
0.8403759845823525
0.5688198822006695
0.5878513372810044
0.5440789905962341
0.695744610921834
0.6157083225024397
0.5688198822006695
0.5840450462649374
0.9027542735242498
0.9925129742203057
0.6326696670402548
0.801358692300615
0.5440789905962341
0.6270158855276498
0.7694354531610116
0.7061691538409539
0.563110445676569
0.6383234485528598
1.1708995899472638
0.6383234485528598
0.595920087208322
0.6439772300654649
0.7871705860163467
0.5593041546605019
0.695744610921834
0.6298427762839524
0.5574010091524685
0.6383234485528598
0.5878513372810044
0.5726261732167364
0.9769027654036002
0.6722461376284902
0.7658884265899444
0.6015738687209272
0.6185352132587423
0.4823669670933474
0.5421758450882006
0.5326601175480332
1.4842198004338973
0.7400489183280937
0.5364664085641001
1.2514279905821795
0.6879262037324939
0.9417797955660132
0.8261878782980844
1.839964712991803
0.682713932272934
0.6326696670402548
0.5878513372810044
0.7270182396791938
0.5535947181364015
0.6879262037324939
0.5612073001685354
0.8119997720138161
0.7348366468685337
0.5421758450882006
0.7556857327067736
0.695744610921834
0.563110445676569
0.6213621040150448
0.7623414000188774
0.7139875610302938
0.6270158855276498
0.6468041208217673
0.7658884265899444
0.6270158855276498
1.4038374826322246
0.8261878782980844
0.8793389602991918
0.6072276502335321
1.0358552931587812
0.7694354531610116
0.6072276502335321
1.0870789919406194
0.8871440647075445
0.424316923952709
0.547885281612301
1.3058440371690445
0.6015738687209272
0.590266305695717
