658.0
739.0
742.0
806.0
786.0
740.0
798.0
693.0
736.0
716.0
711.0
818.0
752.0
754.0
704.0
572.0
694.0
722.0
731.0
725.0
777.0
703.0
610.0
752.0
773.0
811.0
749.0
603.0
714.0
714.0
686.0
712.0
718.0
761.0
678.0
702.0
759.0
724.0
736.0
712.0
703.0
729.0
729.0
729.0
716.0
751.0
897.0
689.0
866.0
695.0
698.0
683.0
814.0
701.0
891.0
888.0
708.0
580.0
717.0
581.0
680.0
727.0
782.0
730.0
762.0
730.0
748.0
769.0
729.0
898.0
712.0
773.0
748.0
717.0
734.0
709.0
648.0
957.0
773.0
885.0
795.0
714.0
706.0
694.0
670.0
763.0
689.0
722.0
609.0
763.0
700.0
657.0
702.0
573.0
720.0
772.0
714.0
699.0
794.0
743.0
689.0
772.0
840.0
683.0
763.0
725.0
711.0
738.0
710.0
714.0
677.0
760.0
855.0
770.0
754.0
769.0
796.0
650.0
690.0
808.0
739.0
730.0
721.0
698.0
795.0
685.0
696.0
813.0
725.0
816.0
728.0
704.0
735.0
757.0
745.0
887.0
720.0
726.0
709.0
754.0
698.0
782.0
701.0
801.0
773.0
676.0
744.0
808.0
718.0
725.0
706.0
674.0
720.0
710.0
846.0
767.0
705.0
721.0
750.0
808.0
705.0
585.0
741.0
801.0
739.0
695.0
745.0
728.0
614.0
737.0
706.0
726.0
680.0
767.0
744.0
751.0
775.0
717.0
730.0
720.0
827.0
733.0
574.0
749.0
750.0
739.0
688.0
719.0
651.0
757.0
728.0
708.0
848.0
779.0
702.0
898.0
720.0
734.0
733.0
651.0
613.0
792.0
613.0
732.0
737.0
704.0
572.0
735.0
769.0
738.0
711.0
713.0
740.0
682.0
694.0
773.0
746.0
641.0
806.0
723.0
792.0
820.0
738.0
706.0
686.0
722.0
690.0
714.0
785.0
712.0
708.0
712.0
723.0
713.0
745.0
576.0
808.0
730.0
680.0
706.0
735.0
730.0
692.0
708.0
617.0
698.0
738.0
706.0
740.0
686.0
756.0
706.0
725.0
738.0
694.0
684.0
772.0
756.0
596.0
807.0
740.0
689.0
674.0
696.0
753.0
718.0
732.0
806.0
701.0
788.0
798.0
676.0
713.0
806.0
701.0
721.0
636.0
813.0
845.0
722.0
721.0
702.0
579.0
695.0
874.0
861.0
676.0
781.0
755.0
858.0
722.0
738.0
775.0
765.0
707.0
713.0
866.0
762.0
744.0
820.0
755.0
792.0
807.0
686.0
708.0
569.0
772.0
718.0
689.0
790.0
669.0
746.0
726.0
746.0
705.0
701.0
773.0
761.0
720.0
709.0
739.0
757.0
572.0
786.0
839.0
706.0
892.0
715.0
943.0
695.0
728.0
653.0
699.0
745.0
737.0
728.0
889.0
788.0
635.0
715.0
710.0
784.0
856.0
684.0
730.0
732.0
737.0
708.0
626.0
832.0
586.0
721.0
824.0
719.0
738.0
760.0
643.0
765.0
716.0
725.0
726.0
754.0
738.0
740.0
756.0
682.0
794.0
658.0
585.0
714.0
725.0
678.0
767.0
772.0
734.0
790.0
692.0
744.0
706.0
742.0
675.0
724.0
722.0
683.0
698.0
691.0
605.0
680.0
701.0
702.0
716.0
797.0
859.0
716.0
748.0
706.0
811.0
746.0
707.0
749.0
761.0
746.0
648.0
800.0
710.0
732.0
693.0
687.0
616.0
753.0
739.0
715.0
710.0
772.0
704.0
854.0
727.0
788.0
750.0
676.0
809.0
779.0
737.0
717.0
722.0
691.0
698.0
773.0
758.0
724.0
828.0
722.0
731.0
727.0
743.0
733.0
725.0
677.0
715.0
869.0
698.0
913.0
752.0
683.0
715.0
717.0
894.0
734.0
741.0
694.0
610.0
731.0
724.0
748.0
731.0
661.0
718.0
697.0
721.0
798.0
569.0
585.0
722.0
589.0
716.0
765.0
798.0
885.0
898.0
737.0
686.0
637.0
758.0
666.0
768.0
686.0
817.0
717.0
760.0
685.0
669.0
761.0
990.0
708.0
711.0
769.0
746.0
715.0
864.0
734.0
703.0
767.0
734.0
731.0
765.0
788.0
608.0
704.0
695.0
773.0
778.0
776.0
916.0
762.0
743.0
698.0
708.0
765.0
702.0
846.0
742.0
657.0
741.0
800.0
751.0
706.0
805.0
678.0
813.0
723.0
797.0
892.0
632.0
608.0
760.0
781.0
698.0
730.0
589.0
737.0
771.0
837.0
695.0
699.0
712.0
738.0
861.0
740.0
681.0
921.0
725.0
737.0
706.0
719.0
753.0
845.0
718.0
693.0
1079.0
736.0
753.0
697.0
586.0
706.0
701.0
830.0
725.0
708.0
731.0
842.0
672.0
702.0
701.0
765.0
740.0
697.0
778.0
726.0
750.0
766.0
779.0
733.0
752.0
693.0
750.0
569.0
712.0
695.0
882.0
810.0
740.0
716.0
714.0
709.0
783.0
733.0
721.0
772.0
672.0
802.0
737.0
677.0
706.0
787.0
745.0
690.0
715.0
791.0
577.0
850.0
732.0
733.0
712.0
843.0
628.0
706.0
910.0
836.0
828.0
779.0
706.0
