0.6848382067090422
1.1337072613634316
0.6211857589579349
1.062208855412316
0.7447334727333405
0.5863862321387038
0.8088036443801745
0.6564108898479872
1.3793923813061555
0.5863862321387038
0.6123794762354219
0.6681526001446714
0.9699216134953796
0.7200707161350999
0.7743207286626348
0.7271172180203115
0.7059777123646768
1.7087649647656298
0.446097119298357
1.0919998578919474
0.6593463174221583
0.6918847085942537
0.6848382067090422
0.5318402415726661
0.5491957840254962
1.1575400633471367
1.068167055908242
0.4481855225762313
0.702454461422071
0.6270566141062769
0.9020599420256388
0.6593463174221583
0.49621879796734125
0.6534754622738163
0.573989416100968
0.6358628968287899
0.7412102217907346
0.5715100528934208
1.2680618718421135
0.6848382067090422
0.7130242142498884
0.6710880277188425
0.6065086210870797
0.7200707161350999
0.8729763685386072
0.6476046071254741
0.8088036443801745
0.6270566141062769
0.7412102217907346
0.6241211865321059
0.6918847085942537
1.2537469782250923
0.5863862321387038
0.6813149557664362
0.702454461422071
0.573989416100968
0.5665513264783265
0.6954079595368594
0.7306404689629173
0.7819835988220881
1.318163999501688
0.5640719632707792
0.5888960556420535
0.9602270889997023
0.8088036443801745
0.6534754622738163
0.9699216134953796
0.6505400346996452
0.6211857589579349
0.6006377659387377
0.7819835988220881
0.6476046071254741
0.6918847085942537
0.9069072042734774
1.014543251444905
0.6534754622738163
0.9166017287691548
0.6065086210870797
0.5888960556420535
1.139665461859358
0.8438927950515752
0.6035731935129087
0.6123794762354219
0.6883614576516479
0.7973093391409947
2.510203065779231
0.6681526001446714
0.8202979496193545
0.6652171725705004
0.7589949883437282
0.6918847085942537
0.9505325645040251
0.6094440486612508
0.7973093391409947
1.1039162588837999
1.1098744593797263
0.7130242142498884
0.6035731935129087
0.7165474651924942
0.7896464689815413
1.260904425033603
0.8356236899382611
1.062208855412316
0.6241211865321059
0.9699216134953796
0.7059777123646768
1.0979580583878734
0.751779974618552
0.8317922548585346
4.799087851453342
0.7858150339018148
0.632927469254619
0.7130242142498884
0.6742684538812248
1.428051976291691
0.8356236899382611
0.9117544665213161
0.7973093391409947
0.7973093391409947
0.6182503313837637
0.546716420817949
0.7165474651924942
0.6710880277188425
0.9747688757432182
0.8972126797778002
2.3499154455765114
0.6446691795513032
0.5293608783651189
0.9408380400083478
0.5566338736481378
1.0502924544204633
0.6681526001446714
0.7553032255611577
0.7130242142498884
0.6742684538812248
0.6883614576516479
0.41584025437577943
0.6065086210870797
0.7059777123646768
0.7376869708481288
0.5918314832162246
0.6358628968287899
0.7341637199055231
0.7130242142498884
0.6446691795513032
0.8438927950515752
0.9844634002388953
0.8729763685386072
0.8875181552821229
0.6241211865321059
0.6848382067090422
0.6153149038095929
0.702454461422071
0.6211857589579349
0.7781521637423615
0.5591132368556849
0.6476046071254741
0.5615926000632321
0.9069072042734774
0.6813149557664362
0.7200707161350999
0.7973093391409947
0.6446691795513032
0.6534754622738163
0.629992041680448
0.6065086210870797
0.6534754622738163
0.5715100528934208
0.7412102217907346
0.6476046071254741
0.702454461422071
0.5947669107903957
0.5764687793085151
0.6211857589579349
0.6211857589579349
0.6505400346996452
0.9214489910169933
1.1575400633471367
1.3631725163109776
0.6681526001446714
0.8317922548585346
0.6681526001446714
0.9214489910169933
0.7934779040612681
0.7934779040612681
0.50039560452309
0.8164665145396279
0.9602270889997023
0.8826708930342843
0.6883614576516479
0.4056483739475831
0.6883614576516479
0.6358628968287899
0.7934779040612681
0.5977023383645667
2.7287770933283957
0.6534754622738163
0.9020599420256388
0.6742684538812248
0.5839068689311566
0.629992041680448
0.8241293846990813
1.2895342122676456
0.6681526001446714
0.9941579247345727
0.4090456674236485
1.2179597441825392
0.7589949883437282
0.6593463174221583
0.8729763685386072
0.751779974618552
0.7306404689629173
0.6446691795513032
1.476711571277226
1.1964874037570072
0.804972209300448
1.3110065526931776
0.6777917048238306
0.6123794762354219
0.8875181552821229
0.9941579247345727
0.8317922548585346
0.9117544665213161
1.4523817737844587
1.5947385394736941
0.7743207286626348
1.941910594151405
0.8681291062907683
0.6954079595368594
0.6742684538812248
0.9311435155126706
0.7743207286626348
1.3038491058846668
0.6505400346996452
0.7271172180203115
0.7666578585031815
0.7447334727333405
0.6742684538812248
0.8011407742207213
0.7447334727333405
0.5977023383645667
1.6033245527457718
0.6476046071254741
0.7412102217907346
1.4118321112965124
0.6270566141062769
1.1515818628512104
8.249433993736355
0.6446691795513032
0.5947669107903957
1.694193362929019
0.41753890111381214
0.9359907777605092
0.43983190946473394
0.546716420817949
0.6813149557664362
1.0562506549163895
0.6954079595368594
0.6006377659387377
0.638798324402961
0.7271172180203115
1.468601638779637
0.8126350794599012
0.4586275389656031
0.7553032255611577
0.6417337519771321
1.8253377794585175
1.0086997114780887
1.1039162588837999
0.7271172180203115
1.0502924544204633
0.6182503313837637
1.5432224598412285
0.6241211865321059
1.4929314362724044
0.6358628968287899
0.9747688757432182
0.8778236307864458
0.8011407742207213
0.804972209300448
0.5690306896858737
0.7412102217907346
0.5070466094971943
0.7589949883437282
0.8241293846990813
0.7589949883437282
0.8584345817950911
0.8011407742207213
0.629992041680448
2.102198214354125
0.6006377659387377
0.9505325645040251
0.6813149557664362
0.8487400572994139
0.8088036443801745
0.5715100528934208
0.702454461422071
0.6065086210870797
1.1277490608675051
0.9747688757432182
1.3712824488085666
0.8584345817950911
0.751779974618552
0.8202979496193545
0.5293608783651189
0.6505400346996452
0.638798324402961
0.41244296089971394
0.5591132368556849
0.7666578585031815
0.6123794762354219
0.5977023383645667
0.8778236307864458
0.5665513264783265
0.6094440486612508
0.5690306896858737
0.7896464689815413
0.7704892935829082
0.6954079595368594
1.1694564643389895
0.5789481425160624
1.282376765459135
0.6065086210870797
0.9166017287691548
0.7200707161350999
0.6848382067090422
0.7412102217907346
0.4711579586328491
0.5516751472330433
0.6534754622738163
0.5715100528934208
0.6564108898479872
0.8356236899382611
0.7235939670777056
0.8317922548585346
0.7704892935829082
0.7666578585031815
0.7306404689629173
0.8164665145396279
0.6954079595368594
0.9359907777605092
0.6065086210870797
0.5442370576104019
0.8875181552821229
0.6211857589579349
1.062208855412316
0.8279608197788079
0.6358628968287899
1.0086997114780887
0.7341637199055231
0.751779974618552
0.8438927950515752
1.0741252564041683
2.0293402051710703
1.0741252564041683
0.6270566141062769
0.6035731935129087
0.6564108898479872
0.6777917048238306
0.6652171725705004
0.8394551250179877
0.5591132368556849
0.6954079595368594
0.6652171725705004
0.6417337519771321
0.6505400346996452
0.5814275057236096
0.6681526001446714
1.014543251444905
1.1694564643389895
0.446097119298357
0.8317922548585346
0.8778236307864458
0.6505400346996452
0.7896464689815413
0.8202979496193545
0.7704892935829082
0.6564108898479872
0.8729763685386072
0.638798324402961
1.7379081684388518
0.5417576944028548
0.7743207286626348
1.0562506549163895
0.629992041680448
0.6652171725705004
0.9117544665213161
0.8088036443801745
0.6593463174221583
0.6710880277188425
0.7781521637423615
1.2251171909910497
0.8202979496193545
0.6813149557664362
0.7704892935829082
0.9262962532648319
1.139665461859358
0.7059777123646768
0.7858150339018148
1.239432084608071
0.629992041680448
0.8778236307864458
0.6035731935129087
0.8972126797778002
0.7858150339018148
0.6918847085942537
0.6534754622738163
0.9262962532648319
0.7235939670777056
0.5024840078009642
0.9311435155126706
0.6622817449963293
0.6593463174221583
0.5318402415726661
0.6211857589579349
0.8126350794599012
0.7306404689629173
0.7704892935829082
0.7858150339018148
1.395612246301334
0.8126350794599012
0.6123794762354219
0.6358628968287899
1.3253214463101988
1.2680618718421135
0.8632818440429298
0.6681526001446714
0.5888960556420535
0.6476046071254741
0.6153149038095929
0.4419203127426083
0.516964062327383
0.7306404689629173
0.8729763685386072
0.7341637199055231
1.1964874037570072
0.5566338736481378
0.5541545104405906
0.6534754622738163
0.6417337519771321
0.4857767815779695
0.8011407742207213
0.7376869708481288
3.0639239355704473
0.6123794762354219
0.5863862321387038
0.6446691795513032
0.7341637199055231
0.6813149557664362
0.8729763685386072
0.6358628968287899
0.7341637199055231
0.7553032255611577
0.6006377659387377
0.6270566141062769
0.6123794762354219
0.8923654175299617
0.4335666996311109
0.50039560452309
0.8394551250179877
0.7412102217907346
0.8356236899382611
0.7589949883437282
0.6270566141062769
0.5839068689311566
1.468601638779637
0.8826708930342843
0.8164665145396279
0.7376869708481288
0.7341637199055231
0.6417337519771321
1.0038524492302499
0.6813149557664362
0.7165474651924942
0.7589949883437282
0.7447334727333405
0.7589949883437282
0.5863862321387038
0.6006377659387377
0.702454461422071
0.5715100528934208
1.1277490608675051
0.7306404689629173
1.1277490608675051
0.9117544665213161
0.4356551029089853
0.7482567236759462
0.702454461422071
0.9069072042734774
0.6534754622738163
1.1694564643389895
0.8826708930342843
0.6270566141062769
0.6446691795513032
0.6989312104794653
0.6652171725705004
0.6270566141062769
0.7819835988220881
0.5293608783651189
0.5789481425160624
0.6681526001446714
0.5814275057236096
0.8279608197788079
0.7589949883437282
0.5764687793085151
1.0979580583878734
0.8241293846990813
0.7165474651924942
0.6954079595368594
0.6211857589579349
0.41584025437577943
0.5715100528934208
0.8584345817950911
0.7130242142498884
0.7819835988220881
0.6270566141062769
0.5764687793085151
0.8394551250179877
0.8241293846990813
0.6006377659387377
0.4544507324098543
0.5789481425160624
1.0324178529326842
0.5814275057236096
0.6848382067090422
0.6270566141062769
0.6742684538812248
0.8202979496193545
0.6681526001446714
0.638798324402961
0.7666578585031815
1.086041657396021
0.4107443141616812
0.7271172180203115
0.5516751472330433
0.4440087160204826
0.804972209300448
0.8317922548585346
0.7743207286626348
0.638798324402961
1.282376765459135
0.6989312104794653
0.6534754622738163
0.6476046071254741
0.6065086210870797
0.6123794762354219
0.6065086210870797
0.632927469254619
0.632927469254619
1.2322746377995604
0.632927469254619
0.6681526001446714
0.6954079595368594
0.6270566141062769
0.8279608197788079
