0.5147676843334126
0.733752218882051
0.8065256565888708
0.6591310191862424
0.49015926855985825
1.6674358836841499
0.8750753201147111
0.8065256565888708
0.7150882153312299
0.7755067538687233
0.6181637262147741
0.763874665348668
0.7449506210125437
0.748683421722708
0.6814930089397518
0.6386473727005083
1.5093593927845534
0.6357211374882606
0.7412178203023795
0.7113554146210657
0.6708359600352335
0.6474260783372515
0.8606951548254549
0.6210899614270219
1.0393487493866151
1.6674358836841499
1.1534844636723294
0.6679097248229857
0.6852258096499161
0.8894554854039673
0.8798687085444633
0.6503523135494993
0.6814930089397518
0.7001570124905729
0.6852258096499161
0.6926914110702445
0.3635921390050081
0.6852258096499161
0.6740274075194234
1.2119544405577252
0.8942488738337195
1.358882255607615
0.6035325501535355
0.763874665348668
0.6649834896107379
0.818157745108926
0.9038356506932237
1.0874058922437582
0.6123112557902787
0.825912470788963
0.7987709309088339
1.1775295531242416
0.7449506210125437
0.4407975664321987
0.8798687085444633
0.8511083779659508
0.8065256565888708
1.1234487493866152
0.6777602082295876
0.865488543255207
0.865488543255207
0.6562047839739947
0.5976800797290399
0.8559017663957028
0.6357211374882606
1.1844145306109386
0.6035325501535355
0.8297898336289813
0.733752218882051
1.9330449317721
0.6649834896107379
0.7113554146210657
0.8990422622634715
0.818157745108926
1.518173543140611
0.7871388423887786
0.8463149895361987
0.733752218882051
0.7987709309088339
0.35692282893363614
0.7987709309088339
0.6814930089397518
0.6006063149412877
0.9134224275527277
0.7871388423887786
0.6444998431250037
1.4759200289674559
0.6814930089397518
0.6386473727005083
0.6474260783372515
0.818157745108926
0.8559017663957028
0.9086290391229757
0.6562047839739947
0.7948935680688155
0.45108125437546115
0.6814930089397518
1.1534844636723294
0.5863204038715469
0.41694661957598345
0.733752218882051
0.6852258096499161
0.6503523135494993
0.9469761465609924
0.9421827581312401
1.527502439424582
0.37026144907638003
0.7038898132007372
0.5556549526409179
0.7412178203023795
0.8559017663957028
0.6152374910025264
0.6474260783372515
1.1844145306109386
0.6006063149412877
1.1474773208151867
0.6093850205780309
0.8559017663957028
0.6740274075194234
0.6926914110702445
0.5812094953331087
0.733752218882051
0.7374850195922152
0.7038898132007372
0.5633213154485751
0.6064587853657832
0.7038898132007372
2.120189745192161
0.7449506210125437
0.3452515363087353
0.8375445593090183
0.870281931684959
0.6708359600352335
1.5461602319925243
0.6006063149412877
0.7412178203023795
0.6064587853657832
0.748683421722708
1.9906279512859653
0.5889013740922967
0.7374850195922152
0.9373893697014882
0.6889586103600802
2.5952496561815486
0.8220351079489445
1.4424806651503583
0.6679097248229857
1.1775295531242416
0.6889586103600802
0.865488543255207
0.48398905579390084
0.733752218882051
1.0633773208151864
0.6708359600352335
1.3221140803448717
0.7412178203023795
0.8415216011064466
0.748683421722708
1.1474773208151867
0.45108125437546115
1.434120824196084
0.8606951548254549
1.294574170398085
0.8104030194288893
1.639449194832236
0.6740274075194234
4.436565196286129
0.6181637262147741
0.7599973025086497
1.500999551830279
0.6181637262147741
0.6852258096499161
0.7076226139109014
0.8559017663957028
0.5173231386026316
0.791016205228797
0.6269424318515173
0.791016205228797
0.748683421722708
0.6035325501535355
0.6415736079127561
0.7449506210125437
0.6649834896107379
0.6649834896107379
1.832274647622836
0.6035325501535355
0.7716293910287049
0.6852258096499161
0.5889013740922967
0.8750753201147111
0.3552555014157932
0.7038898132007372
0.6814930089397518
0.653278548761747
0.8798687085444633
0.7716293910287049
0.7076226139109014
0.9757364771395047
0.7677520281886865
0.6814930089397518
1.1234487493866152
0.6964242117804087
0.4551947295527661
0.5863204038715469
0.8026482937488525
0.6415736079127561
0.7113554146210657
2.7967902244800764
0.8220351079489445
0.9134224275527277
0.6679097248229857
0.6814930089397518
0.7755067538687233
0.7038898132007372
0.825912470788963
0.6269424318515173
0.6269424318515173
0.8220351079489445
0.6649834896107379
0.8846620969742154
0.7001570124905729
0.9613563118502486
1.2532643054779051
0.8297898336289813
0.7262866174617225
0.6926914110702445
0.7948935680688155
1.081398749386615
0.3585901564514791
0.5837649496023277
0.7225538167515583
0.865488543255207
1.0273344636723296
1.232609373017815
0.6152374910025264
0.35025351886226425
1.0213273208151865
1.4508405061046328
0.7412178203023795
0.6708359600352335
0.6240161966392695
0.6386473727005083
0.825912470788963
0.7412178203023795
0.6679097248229857
1.4006814603789868
0.791016205228797
0.7150882153312299
0.7755067538687233
0.6327949022760129
0.6708359600352335
0.8104030194288893
0.7188210160413941
0.4983862189144682
1.009313035100901
0.6562047839739947
0.6327949022760129
0.7449506210125437
0.7113554146210657
0.5863204038715469
1.0153201779580439
0.6444998431250037
1.1594916065294723
0.9661497002800006
0.8065256565888708
0.6240161966392695
0.5505440441024797
0.6679097248229857
0.6591310191862424
0.9038356506932237
0.45930820473007106
0.6444998431250037
0.6740274075194234
0.9949100308585129
1.5093593927845534
1.2119544405577252
0.6269424318515173
2.652832675695414
1.0044968077180172
0.6035325501535355
0.6415736079127561
0.7188210160413941
0.7038898132007372
0.6814930089397518
1.8178788927443696
0.763874665348668
0.4428543040208512
0.7755067538687233
0.9757364771395047
0.4428543040208512
0.6740274075194234
0.7150882153312299
0.6620572543984902
0.530100409948727
0.7038898132007372
0.6814930089397518
0.6415736079127561
0.5556549526409179
0.653278548761747
0.9661497002800006
0.6620572543984902
0.5479885898332607
0.7150882153312299
1.2876891929113883
1.0213273208151865
0.7150882153312299
0.5976800797290399
0.6123112557902787
0.8511083779659508
0.6210899614270219
0.6889586103600802
0.791016205228797
0.6649834896107379
0.791016205228797
0.8846620969742154
0.865488543255207
0.8559017663957028
0.5863204038715469
0.6386473727005083
0.7225538167515583
0.7188210160413941
0.5947538445167923
0.7076226139109014
1.1234487493866152
0.990116642428761
0.7038898132007372
0.7561490231430364
0.865488543255207
0.9086290391229757
0.6679097248229857
0.825912470788963
1.4842798699217303
0.8220351079489445
0.7188210160413941
0.7948935680688155
0.6591310191862424
0.45725146714141857
0.9517695349907443
0.8990422622634715
0.7262866174617225
0.818157745108926
0.6964242117804087
0.7374850195922152
0.7225538167515583
1.0044968077180172
0.818157745108926
0.8220351079489445
0.6357211374882606
1.4759200289674559
1.3083441253714785
0.6503523135494993
0.6269424318515173
0.9613563118502486
0.7755067538687233
0.6386473727005083
0.8894554854039673
0.7038898132007372
0.7038898132007372
1.0153201779580439
0.7948935680688155
0.7262866174617225
1.093413035100901
0.7755067538687233
0.748683421722708
0.733752218882051
1.2119544405577252
0.9038356506932237
0.9421827581312401
0.6503523135494993
0.7755067538687233
0.6591310191862424
0.748683421722708
0.825912470788963
2.1057939903136953
0.4407975664321987
0.733752218882051
0.527544955679508
0.7150882153312299
0.6503523135494993
0.7987709309088339
0.365259466522851
0.9421827581312401
0.932595981271736
0.7755067538687233
0.9086290391229757
1.2876891929113883
0.763874665348668
0.8559017663957028
0.825912470788963
0.9757364771395047
0.748683421722708
0.5947538445167923
0.4325706160775888
0.6852258096499161
0.8375445593090183
1.0874058922437582
0.6327949022760129
0.6444998431250037
0.9757364771395047
0.7832614795487602
0.7300194181718868
0.5147676843334126
0.818157745108926
0.7948935680688155
0.5918276093045445
0.7832614795487602
0.6649834896107379
0.9613563118502486
0.6444998431250037
0.8846620969742154
0.6474260783372515
0.6852258096499161
0.7262866174617225
0.4963294813258157
0.6679097248229857
0.7412178203023795
0.9182158159824797
0.6852258096499161
0.6889586103600802
0.6357211374882606
0.6740274075194234
0.7449506210125437
0.6415736079127561
0.6814930089397518
0.9949100308585129
0.5658767697177942
0.5812094953331087
0.47987558061659585
1.009313035100901
0.8104030194288893
1.4592003470589072
1.1234487493866152
0.9038356506932237
0.6386473727005083
0.7225538167515583
1.2119544405577252
0.8559017663957028
1.081398749386615
0.8511083779659508
0.5071013215257553
0.8065256565888708
0.6777602082295876
0.6269424318515173
0.7948935680688155
0.748683421722708
0.37026144907638003
0.748683421722708
1.273919237937995
0.7524162224328722
0.6269424318515173
0.9469761465609924
0.6210899614270219
0.870281931684959
0.7755067538687233
0.8375445593090183
0.6708359600352335
0.6591310191862424
0.8798687085444633
0.653278548761747
1.0333416065294723
0.7716293910287049
0.9805298655692569
0.7599973025086497
0.9517695349907443
0.8065256565888708
0.6964242117804087
0.6591310191862424
0.6474260783372515
0.4963294813258157
0.7150882153312299
0.6152374910025264
1.191299508097635
0.9757364771395047
0.5812094953331087
0.818157745108926
1.0213273208151865
2.8543732439939418
0.6852258096499161
0.9757364771395047
0.8894554854039673
0.6889586103600802
0.3886020517726528
0.5812094953331087
0.5976800797290399
0.6357211374882606
0.7948935680688155
0.43874082884354626
0.5947538445167923
0.9613563118502486
0.7524162224328722
0.49015926855985825
0.7076226139109014
1.630120298548265
0.748683421722708
0.6649834896107379
0.748683421722708
1.0213273208151865
0.9373893697014882
0.9038356506932237
0.6649834896107379
0.527544955679508
0.7038898132007372
0.7948935680688155
0.8375445593090183
0.8798687085444633
1.3505224146533406
0.870281931684959
0.3602574839693221
0.733752218882051
0.6591310191862424
1.2463793279912083
0.6474260783372515
0.8846620969742154
0.6386473727005083
2.7248114500877456
0.7793841167087417
0.5812094953331087
2.2641472939768246
0.7561490231430364
0.9038356506932237
0.6415736079127561
0.5582104069101369
0.763874665348668
1.4759200289674559
0.6852258096499161
1.1114344636723295
0.6591310191862424
0.6620572543984902
0.6620572543984902
0.7150882153312299
0.6123112557902787
0.6327949022760129
0.5863204038715469
0.7449506210125437
0.7987709309088339
0.33545497466123575
0.825912470788963
0.6889586103600802
0.5735431325254515
0.6269424318515173
0.8798687085444633
0.33545497466123575
0.7599973025086497
1.081398749386615
0.6620572543984902
0.3769307591477519
1.0273344636723296
0.9565629234204964
0.932595981271736
0.8026482937488525
0.6240161966392695
0.6357211374882606
0.49015926855985825
