730.0
712.0
708.0
710.0
752.0
752.0
652.0
717.0
712.0
721.0
733.0
712.0
706.0
732.0
717.0
700.0
771.0
687.0
733.0
667.0
709.0
717.0
811.0
868.0
736.0
717.0
728.0
731.0
703.0
734.0
717.0
779.0
738.0
622.0
709.0
762.0
794.0
790.0
756.0
587.0
746.0
788.0
702.0
706.0
838.0
744.0
823.0
753.0
754.0
753.0
761.0
717.0
740.0
750.0
753.0
716.0
810.0
744.0
727.0
735.0
733.0
672.0
722.0
726.0
761.0
685.0
676.0
880.0
699.0
676.0
690.0
665.0
820.0
733.0
872.0
836.0
752.0
726.0
674.0
761.0
734.0
684.0
717.0
638.0
690.0
750.0
738.0
666.0
705.0
683.0
932.0
708.0
704.0
645.0
730.0
714.0
765.0
711.0
776.0
693.0
701.0
708.0
682.0
2047.0
713.0
666.0
715.0
715.0
775.0
709.0
757.0
722.0
688.0
780.0
698.0
689.0
683.0
676.0
704.0
766.0
690.0
846.0
669.0
791.0
723.0
702.0
686.0
678.0
622.0
645.0
694.0
740.0
701.0
714.0
686.0
758.0
754.0
753.0
681.0
704.0
770.0
745.0
773.0
738.0
856.0
902.0
758.0
798.0
738.0
688.0
679.0
746.0
725.0
713.0
746.0
728.0
730.0
757.0
724.0
694.0
684.0
742.0
820.0
762.0
714.0
674.0
628.0
714.0
757.0
672.0
813.0
724.0
675.0
668.0
736.0
678.0
689.0
758.0
829.0
721.0
681.0
676.0
729.0
681.0
724.0
757.0
705.0
728.0
690.0
682.0
709.0
651.0
717.0
659.0
777.0
673.0
682.0
736.0
706.0
738.0
760.0
584.0
681.0
712.0
860.0
686.0
713.0
698.0
823.0
676.0
690.0
689.0
692.0
694.0
712.0
779.0
674.0
697.0
690.0
618.0
749.0
645.0
681.0
686.0
685.0
807.0
717.0
702.0
761.0
731.0
756.0
722.0
754.0
674.0
709.0
674.0
743.0
747.0
713.0
661.0
708.0
830.0
682.0
728.0
672.0
772.0
727.0
683.0
693.0
688.0
818.0
720.0
684.0
699.0
701.0
682.0
708.0
873.0
666.0
770.0
770.0
701.0
745.0
703.0
829.0
777.0
608.0
693.0
680.0
740.0
721.0
732.0
786.0
763.0
784.0
721.0
643.0
690.0
729.0
697.0
673.0
697.0
724.0
830.0
714.0
799.0
713.0
694.0
680.0
746.0
833.0
707.0
805.0
873.0
670.0
693.0
693.0
653.0
755.0
829.0
758.0
795.0
701.0
768.0
754.0
817.0
725.0
708.0
679.0
683.0
706.0
720.0
843.0
730.0
710.0
779.0
726.0
747.0
722.0
833.0
720.0
697.0
718.0
687.0
781.0
776.0
901.0
701.0
720.0
839.0
738.0
891.0
710.0
701.0
731.0
721.0
689.0
766.0
818.0
737.0
712.0
746.0
742.0
703.0
742.0
761.0
689.0
681.0
777.0
834.0
707.0
690.0
714.0
711.0
717.0
683.0
705.0
687.0
714.0
722.0
707.0
634.0
699.0
682.0
748.0
637.0
695.0
685.0
804.0
750.0
748.0
704.0
788.0
634.0
788.0
694.0
757.0
713.0
752.0
737.0
744.0
811.0
704.0
707.0
717.0
689.0
668.0
692.0
678.0
705.0
798.0
712.0
780.0
677.0
690.0
690.0
762.0
780.0
700.0
682.0
724.0
726.0
673.0
662.0
697.0
715.0
699.0
716.0
726.0
833.0
695.0
653.0
791.0
814.0
701.0
781.0
859.0
682.0
665.0
704.0
692.0
695.0
672.0
672.0
702.0
710.0
774.0
684.0
685.0
766.0
635.0
710.0
739.0
811.0
712.0
678.0
762.0
673.0
750.0
755.0
710.0
847.0
783.0
953.0
692.0
700.0
776.0
722.0
698.0
745.0
596.0
724.0
737.0
853.0
722.0
767.0
756.0
792.0
679.0
711.0
714.0
770.0
857.0
667.0
770.0
685.0
733.0
775.0
683.0
844.0
674.0
709.0
734.0
685.0
708.0
825.0
751.0
662.0
734.0
717.0
664.0
717.0
745.0
830.0
805.0
690.0
794.0
725.0
687.0
866.0
805.0
683.0
704.0
741.0
590.0
674.0
784.0
865.0
915.0
754.0
703.0
780.0
707.0
686.0
711.0
748.0
762.0
738.0
733.0
725.0
715.0
752.0
720.0
722.0
675.0
680.0
708.0
709.0
703.0
713.0
729.0
758.0
665.0
769.0
700.0
714.0
710.0
741.0
701.0
728.0
709.0
660.0
804.0
696.0
735.0
705.0
797.0
702.0
712.0
672.0
746.0
766.0
738.0
723.0
760.0
753.0
670.0
676.0
706.0
838.0
603.0
716.0
770.0
707.0
790.0
695.0
753.0
682.0
585.0
864.0
720.0
751.0
793.0
748.0
722.0
695.0
664.0
654.0
678.0
757.0
734.0
755.0
776.0
661.0
862.0
692.0
708.0
695.0
676.0
701.0
730.0
829.0
780.0
752.0
749.0
773.0
689.0
717.0
773.0
850.0
705.0
809.0
761.0
995.0
769.0
696.0
810.0
781.0
