688.0
705.0
705.0
685.0
725.0
826.0
692.0
698.0
725.0
742.0
701.0
749.0
721.0
714.0
772.0
717.0
683.0
721.0
728.0
700.0
750.0
661.0
680.0
756.0
885.0
604.0
890.0
771.0
855.0
727.0
748.0
910.0
778.0
707.0
680.0
564.0
714.0
798.0
708.0
714.0
705.0
833.0
1033.0
721.0
675.0
696.0
705.0
714.0
737.0
688.0
708.0
693.0
709.0
723.0
861.0
726.0
813.0
736.0
680.0
685.0
754.0
682.0
621.0
701.0
686.0
729.0
766.0
699.0
745.0
565.0
689.0
767.0
752.0
728.0
659.0
694.0
730.0
757.0
694.0
743.0
765.0
690.0
717.0
693.0
684.0
685.0
679.0
729.0
857.0
722.0
733.0
726.0
556.0
700.0
788.0
688.0
749.0
751.0
731.0
684.0
710.0
685.0
701.0
686.0
729.0
714.0
714.0
690.0
722.0
749.0
717.0
694.0
764.0
705.0
759.0
736.0
698.0
742.0
726.0
694.0
686.0
695.0
717.0
788.0
690.0
726.0
717.0
650.0
815.0
699.0
700.0
655.0
701.0
697.0
701.0
697.0
802.0
686.0
716.0
714.0
720.0
791.0
704.0
784.0
711.0
816.0
674.0
746.0
719.0
778.0
749.0
739.0
686.0
667.0
736.0
756.0
673.0
642.0
718.0
651.0
781.0
732.0
744.0
713.0
666.0
720.0
688.0
808.0
793.0
722.0
746.0
694.0
698.0
680.0
773.0
668.0
749.0
732.0
697.0
766.0
721.0
692.0
734.0
752.0
717.0
644.0
745.0
682.0
737.0
553.0
713.0
705.0
687.0
686.0
806.0
766.0
712.0
705.0
841.0
677.0
693.0
732.0
697.0
680.0
725.0
813.0
670.0
747.0
837.0
690.0
679.0
593.0
698.0
691.0
769.0
770.0
714.0
648.0
697.0
882.0
678.0
706.0
731.0
710.0
738.0
668.0
745.0
804.0
718.0
697.0
675.0
694.0
792.0
746.0
695.0
721.0
727.0
827.0
645.0
745.0
827.0
714.0
678.0
702.0
732.0
695.0
816.0
584.0
697.0
694.0
714.0
742.0
660.0
680.0
694.0
692.0
696.0
699.0
686.0
714.0
691.0
685.0
735.0
703.0
697.0
724.0
726.0
709.0
746.0
728.0
809.0
696.0
741.0
586.0
743.0
603.0
732.0
796.0
697.0
672.0
645.0
704.0
693.0
818.0
696.0
739.0
665.0
848.0
711.0
705.0
694.0
723.0
608.0
730.0
610.0
597.0
557.0
734.0
696.0
733.0
718.0
699.0
676.0
662.0
706.0
716.0
690.0
620.0
742.0
697.0
713.0
722.0
764.0
672.0
646.0
853.0
800.0
670.0
817.0
682.0
731.0
695.0
657.0
694.0
690.0
680.0
681.0
724.0
605.0
762.0
670.0
690.0
712.0
712.0
693.0
706.0
831.0
709.0
883.0
690.0
703.0
691.0
722.0
649.0
713.0
702.0
754.0
695.0
729.0
693.0
616.0
678.0
693.0
592.0
678.0
729.0
707.0
684.0
759.0
642.0
726.0
710.0
715.0
737.0
726.0
698.0
795.0
711.0
804.0
571.0
704.0
690.0
693.0
748.0
693.0
690.0
734.0
680.0
702.0
709.0
721.0
578.0
774.0
713.0
722.0
850.0
670.0
611.0
757.0
686.0
722.0
725.0
730.0
591.0
739.0
700.0
706.0
555.0
783.0
972.0
748.0
846.0
725.0
741.0
708.0
837.0
778.0
687.0
836.0
747.0
707.0
686.0
820.0
697.0
727.0
718.0
862.0
701.0
705.0
712.0
818.0
858.0
740.0
733.0
680.0
763.0
684.0
798.0
849.0
612.0
749.0
695.0
585.0
790.0
731.0
706.0
693.0
692.0
717.0
678.0
677.0
795.0
665.0
698.0
695.0
717.0
725.0
694.0
731.0
832.0
843.0
707.0
677.0
693.0
676.0
697.0
748.0
682.0
686.0
729.0
689.0
695.0
846.0
681.0
859.0
736.0
623.0
718.0
718.0
695.0
692.0
740.0
724.0
717.0
693.0
734.0
725.0
722.0
773.0
833.0
785.0
681.0
720.0
724.0
805.0
694.0
689.0
694.0
744.0
747.0
701.0
709.0
610.0
800.0
682.0
710.0
708.0
693.0
742.0
727.0
661.0
553.0
725.0
705.0
681.0
653.0
692.0
677.0
743.0
665.0
729.0
729.0
714.0
693.0
693.0
737.0
701.0
746.0
827.0
725.0
795.0
710.0
709.0
688.0
738.0
587.0
690.0
669.0
720.0
729.0
703.0
781.0
756.0
552.0
728.0
782.0
732.0
696.0
814.0
748.0
721.0
707.0
782.0
722.0
717.0
722.0
708.0
628.0
722.0
742.0
695.0
737.0
724.0
704.0
794.0
686.0
698.0
702.0
809.0
713.0
751.0
731.0
708.0
690.0
703.0
679.0
802.0
899.0
666.0
681.0
674.0
658.0
714.0
698.0
692.0
692.0
797.0
686.0
717.0
738.0
820.0
728.0
737.0
730.0
694.0
835.0
744.0
718.0
693.0
787.0
702.0
686.0
698.0
669.0
686.0
784.0
798.0
705.0
749.0
720.0
857.0
776.0
711.0
708.0
676.0
679.0
730.0
881.0
665.0
689.0
707.0
766.0
858.0
861.0
602.0
666.0
791.0
763.0
670.0
699.0
696.0
645.0
773.0
562.0
692.0
784.0
687.0
