0.8052407312168572
0.9916534395030902
1.648477687336929
1.1898781753385352
0.8628335803594755
0.8218859563529285
0.6242777923486047
0.7256207709801545
0.8430151404912273
0.6733847461354341
0.6957716139260285
0.6771158907671999
0.8925612401618482
0.7256207709801545
0.6273404289108772
0.5528549738182383
0.751738783402515
0.7293519156119204
0.8260472626369463
0.7218896263483889
0.7405453495072177
0.5260715343277925
0.6395909751599667
0.6549041579713286
0.6304030654731495
0.8010794249328395
0.5474982859201493
0.7761115872287325
0.38728211380093164
0.7293519156119204
0.7442764941389833
0.6426536117222391
0.7594663620926614
1.5652103606042556
1.5282026598341782
0.6610294310958733
0.39955692614455135
0.6671547042204182
0.5004343201271899
0.9569711697336554
0.8385311814889996
0.9470619497995314
0.6920404692942629
0.8677881903265378
0.9569711697336554
1.048350451846651
0.7636276683766792
0.44792433011719984
0.767788974660697
0.5936514267258807
0.3644860337342094
1.4849717449370514
0.5849951012067734
1.0725977033937935
0.7256207709801545
0.981744219568966
1.1898781753385352
0.6995027585577943
0.7927568123648038
1.248219311466276
0.7218896263483889
0.6212151557863324
0.7844341997967681
0.6059019729749704
0.767788974660697
0.7480076387707492
0.6549041579713286
0.6671547042204182
0.7069650478213259
0.3697466675957607
1.0725977033937935
0.8876066301947861
0.54214159802206
0.6808470353989655
0.6487788848467838
0.7405453495072177
0.751738783402515
0.6334657020354219
0.8727428002935999
1.8488175708992565
0.6995027585577943
0.39078920304196585
0.6334657020354219
0.5967140632881531
0.6304030654731495
0.8430151404912273
0.7594663620926614
0.7368142048754519
0.6610294310958733
0.6640920676581458
0.6426536117222391
0.5997766998504257
0.6957716139260285
0.5823167572577288
0.7293519156119204
0.6771158907671999
0.5905887901636083
0.6059019729749704
0.6304030654731495
0.54214159802206
0.7218896263483889
0.7594663620926614
1.5017163940161953
0.40306401538558556
0.7802728935127503
0.7144273370848573
0.40832464924713685
0.7480076387707492
0.6883093246624971
0.6273404289108772
0.7368142048754519
0.6273404289108772
1.5100887185557672
0.8776974102606621
0.6610294310958733
0.7256207709801545
0.6457162482845115
0.6273404289108772
0.6640920676581458
0.6518415214090563
0.7368142048754519
0.3451970429085213
0.7802728935127503
1.2846825215461142
0.35221122139058975
0.7844341997967681
0.7442764941389833
0.42481993451280425
0.7405453495072177
0.6733847461354341
1.2263413854183733
0.6273404289108772
0.6365283385976942
0.6426536117222391
0.6610294310958733
0.8776974102606621
0.981744219568966
0.7802728935127503
0.7927568123648038
0.7554699280342807
0.7218896263483889
0.6702173407826906
0.657966794533601
0.5769600693596396
0.6304030654731495
0.5849951012067734
0.7218896263483889
1.5467065102192168
0.7330830602436861
0.6671547042204182
0.7218896263483889
0.7293519156119204
0.7218896263483889
1.3510145523039008
0.5367849101239709
0.9024704600959725
0.6808470353989655
0.6995027585577943
0.6212151557863324
0.7256207709801545
0.9668803896677797
0.9767896096019038
2.391350915856105
0.981744219568966
0.8052407312168572
0.7106961924530916
1.1150303936012926
0.8826520202277242
0.7144273370848573
0.6702173407826906
0.6808470353989655
0.7218896263483889
0.6702173407826906
1.248219311466276
0.7442764941389833
1.4933440694766233
0.6640920676581458
0.6304030654731495
0.7330830602436861
0.8727428002935999
0.8876066301947861
2.3326986623472563
0.7719502809447147
0.6995027585577943
0.9718349996348418
0.7106961924530916
0.6808470353989655
0.5769600693596396
0.5967140632881531
0.54214159802206
0.6457162482845115
0.8260472626369463
0.7594663620926614
0.4269203341132038
0.7069650478213259
0.6150898826617874
0.9718349996348418
0.6212151557863324
0.7594663620926614
1.760839190635984
0.7181584817166231
0.8925612401618482
1.0015626594372142
0.7761115872287325
0.7969181186488217
0.6304030654731495
0.7218896263483889
0.5742817254105952
0.6334657020354219
0.6457162482845115
0.9222888999642208
0.8727428002935999
0.7480076387707492
0.7969181186488217
0.7405453495072177
1.2700972375141792
2.801916690418044
1.1825855333225674
0.7069650478213259
0.8385311814889996
0.6518415214090563
1.574462285796775
0.7218896263483889
0.7405453495072177
0.657966794533601
0.8135633437848928
0.9470619497995314
0.751738783402515
0.6640920676581458
0.7802728935127503
1.291975163562082
0.4647275269203966
0.6640920676581458
0.6181525192240599
0.6610294310958733
1.4849717449370514
0.7293519156119204
1.1898781753385352
1.5929661361818133
0.5004343201271899
0.6702173407826906
0.5936514267258807
0.7256207709801545
0.6059019729749704
0.6304030654731495
0.6242777923486047
1.7901653173904082
0.7144273370848573
0.6089646095372427
0.6808470353989655
0.6457162482845115
0.6995027585577943
0.7719502809447147
1.3845038504621885
0.8628335803594755
0.3697466675957607
0.6150898826617874
0.49623352092639067
0.7802728935127503
0.9074250700630345
0.3802679353188632
0.7594663620926614
0.7554699280342807
0.6995027585577943
1.0968449549409358
0.602839336412698
0.6089646095372427
0.6395909751599667
0.5314282222258817
0.6610294310958733
1.048350451846651
0.6395909751599667
0.7069650478213259
0.5662466935634614
0.4374223321152018
0.6610294310958733
0.8385311814889996
0.6610294310958733
0.7218896263483889
0.6610294310958733
0.981744219568966
0.35747185525214104
0.6457162482845115
0.8343698752049818
1.1150303936012926
0.38202147993938035
0.8578789703924137
0.5180365024806588
0.5796384133086843
0.6518415214090563
0.9321981198983449
0.7405453495072177
0.8430151404912273
0.5025347197275896
0.8260472626369463
0.7636276683766792
0.6457162482845115
0.6242777923486047
1.0725977033937935
0.9173342899971587
0.6702173407826906
0.602839336412698
0.8052407312168572
0.6365283385976942
0.6733847461354341
0.7218896263483889
0.6304030654731495
0.7106961924530916
0.6487788848467838
0.8876066301947861
0.6920404692942629
0.6771158907671999
1.1825855333225674
1.611469986566852
0.6304030654731495
0.7106961924530916
1.0015626594372142
0.8010794249328395
0.9421073398324692
0.7761115872287325
0.6733847461354341
0.6995027585577943
0.7844341997967681
0.9371527298654071
0.6640920676581458
0.6845781800307312
0.6518415214090563
0.6457162482845115
0.7106961924530916
0.6549041579713286
0.5769600693596396
1.0422886389598656
0.9470619497995314
0.8135633437848928
0.6549041579713286
0.7969181186488217
0.8677881903265378
1.1392776451484352
0.8925612401618482
0.7218896263483889
1.0725977033937935
0.9173342899971587
0.8218859563529285
0.6457162482845115
0.7594663620926614
0.6808470353989655
1.5017163940161953
0.47943032412319386
2.1860680285751353
0.8826520202277242
0.5555333177672831
0.7442764941389833
0.7554699280342807
0.6702173407826906
0.7480076387707492
1.078659516280579
0.5528549738182383
0.8343698752049818
1.2992678055780496
0.7405453495072177
0.8826520202277242
0.7719502809447147
0.5582116617163275
0.6771158907671999
0.7256207709801545
0.9569711697336554
0.981744219568966
0.3592253998726581
1.0544122647334369
0.7844341997967681
0.5528549738182383
0.38202147993938035
0.809402037500875
0.6426536117222391
0.6957716139260285
0.6995027585577943
0.6518415214090563
0.7927568123648038
0.5501766298691938
0.6089646095372427
1.1453394580352205
0.6334657020354219
0.602839336412698
0.7069650478213259
0.6426536117222391
0.809402037500875
0.6518415214090563
0.8925612401618482
0.9520165597665935
0.6273404289108772
0.8430151404912273
0.8529243604253516
0.6304030654731495
0.6457162482845115
0.8260472626369463
1.1825855333225674
1.0065172694042763
0.7330830602436861
0.981744219568966
0.7969181186488217
0.6365283385976942
0.6212151557863324
0.809402037500875
0.6920404692942629
0.8677881903265378
0.6242777923486047
0.6059019729749704
0.6845781800307312
0.7480076387707492
0.6212151557863324
1.0847213291673645
0.602839336412698
0.7719502809447147
0.7181584817166231
0.657966794533601
0.40832464924713685
0.5528549738182383
0.38728211380093164
0.6845781800307312
0.6304030654731495
0.6671547042204182
1.2044634593704704
0.6304030654731495
0.6808470353989655
0.7106961924530916
0.6089646095372427
0.7442764941389833
0.7218896263483889
0.7442764941389833
0.8343698752049818
0.5876734451558181
0.8430151404912273
0.767788974660697
0.6242777923486047
0.6518415214090563
0.6610294310958733
0.602839336412698
0.7405453495072177
0.6610294310958733
0.7442764941389833
0.767788974660697
0.5662466935634614
1.1271540193748637
0.5936514267258807
0.7719502809447147
0.34870413214955553
0.6883093246624971
0.9916534395030902
0.5967140632881531
1.5837142109892939
0.7256207709801545
0.5769600693596396
1.0968449549409358
0.6920404692942629
0.5823167572577288
0.6120272460995151
0.7293519156119204
0.6808470353989655
0.7368142048754519
1.5374545850266976
1.7755022540131962
0.7594663620926614
0.6549041579713286
1.1514012709220063
0.8925612401618482
0.9024704600959725
1.0422886389598656
0.8677881903265378
3.5250429923575157
1.1695867095823629
0.6920404692942629
1.5467065102192168
0.49623352092639067
0.5936514267258807
0.8430151404912273
0.4269203341132038
0.6808470353989655
0.9470619497995314
1.0725977033937935
0.7106961924530916
0.6518415214090563
0.6845781800307312
0.7106961924530916
0.8529243604253516
1.32843837364192
0.7554699280342807
0.523393190378748
0.751738783402515
0.7554699280342807
0.3504576767700726
0.6242777923486047
0.6920404692942629
0.5876734451558181
1.2263413854183733
0.6995027585577943
0.7927568123648038
0.8925612401618482
0.5448199419711046
0.5936514267258807
0.6089646095372427
0.8260472626369463
0.7442764941389833
0.6549041579713286
0.9321981198983449
1.0015626594372142
0.6395909751599667
1.2555119534822439
0.7256207709801545
0.6733847461354341
0.5823167572577288
0.8260472626369463
0.5936514267258807
1.4012484995413321
1.0604740776202222
0.7636276683766792
0.8677881903265378
0.6426536117222391
0.9916534395030902
1.1150303936012926
0.7106961924530916
0.9718349996348418
0.6273404289108772
0.6395909751599667
0.5046447827354358
0.6426536117222391
0.6771158907671999
0.7761115872287325
1.066535890507008
0.8218859563529285
0.8218859563529285
0.5608900056653721
0.6549041579713286
1.1898781753385352
0.6242777923486047
0.6518415214090563
0.8925612401618482
0.46682792652079624
0.8218859563529285
0.6733847461354341
0.34695058752903846
0.38202147993938035
0.5769600693596396
1.0422886389598656
0.6702173407826906
0.7405453495072177
0.5769600693596396
0.7885955060807861
1.0968449549409358
0.5716033814615505
0.7594663620926614
0.4013104707650684
1.4347377976996198
0.4920327217255915
0.657966794533601
0.5936514267258807
0.6395909751599667
0.7442764941389833
0.8826520202277242
0.6242777923486047
0.6089646095372427
0.6304030654731495
0.4135852831086881
0.5742817254105952
0.751738783402515
0.8343698752049818
0.6395909751599667
0.7636276683766792
0.6771158907671999
0.7554699280342807
0.7927568123648038
