706.0
686.0
834.0
706.0
769.0
674.0
785.0
666.0
735.0
837.0
687.0
717.0
628.0
607.0
804.0
703.0
753.0
726.0
771.0
597.0
708.0
687.0
740.0
763.0
738.0
717.0
718.0
786.0
732.0
692.0
718.0
685.0
701.0
692.0
834.0
785.0
762.0
675.0
721.0
705.0
761.0
712.0
729.0
714.0
746.0
756.0
661.0
749.0
820.0
712.0
712.0
696.0
818.0
631.0
717.0
713.0
709.0
713.0
731.0
699.0
815.0
848.0
930.0
593.0
736.0
698.0
673.0
741.0
691.0
702.0
728.0
650.0
698.0
775.0
786.0
734.0
811.0
723.0
779.0
794.0
636.0
795.0
693.0
754.0
741.0
697.0
745.0
781.0
763.0
716.0
709.0
736.0
666.0
746.0
690.0
785.0
766.0
717.0
804.0
783.0
806.0
776.0
705.0
728.0
697.0
690.0
754.0
776.0
724.0
741.0
738.0
712.0
661.0
719.0
756.0
713.0
685.0
779.0
714.0
650.0
718.0
754.0
788.0
744.0
673.0
582.0
722.0
723.0
944.0
723.0
745.0
692.0
696.0
770.0
749.0
587.0
723.0
724.0
723.0
690.0
873.0
766.0
700.0
786.0
683.0
882.0
638.0
782.0
703.0
749.0
681.0
659.0
633.0
868.0
709.0
680.0
682.0
733.0
704.0
701.0
750.0
606.0
768.0
778.0
690.0
599.0
597.0
703.0
688.0
726.0
720.0
766.0
745.0
682.0
598.0
777.0
757.0
717.0
757.0
729.0
728.0
739.0
759.0
667.0
689.0
692.0
725.0
708.0
706.0
666.0
694.0
694.0
700.0
763.0
731.0
713.0
708.0
679.0
701.0
725.0
685.0
732.0
673.0
729.0
672.0
662.0
709.0
680.0
742.0
729.0
724.0
702.0
664.0
794.0
661.0
717.0
708.0
763.0
789.0
772.0
865.0
786.0
641.0
702.0
896.0
690.0
697.0
723.0
690.0
721.0
701.0
744.0
709.0
742.0
827.0
707.0
705.0
733.0
890.0
674.0
698.0
710.0
766.0
781.0
712.0
729.0
778.0
762.0
709.0
723.0
949.0
701.0
715.0
719.0
722.0
656.0
762.0
710.0
710.0
740.0
696.0
675.0
682.0
677.0
738.0
684.0
687.0
695.0
898.0
725.0
718.0
735.0
811.0
694.0
762.0
726.0
918.0
708.0
733.0
688.0
696.0
644.0
823.0
756.0
673.0
643.0
704.0
757.0
724.0
744.0
698.0
738.0
697.0
701.0
879.0
772.0
596.0
730.0
680.0
732.0
688.0
890.0
694.0
692.0
747.0
707.0
635.0
661.0
732.0
793.0
691.0
679.0
747.0
661.0
672.0
726.0
715.0
709.0
699.0
694.0
629.0
711.0
718.0
700.0
848.0
771.0
711.0
660.0
770.0
705.0
726.0
696.0
941.0
734.0
801.0
725.0
700.0
862.0
733.0
934.0
779.0
715.0
727.0
711.0
692.0
723.0
716.0
677.0
727.0
703.0
714.0
705.0
687.0
717.0
692.0
586.0
773.0
752.0
792.0
672.0
895.0
724.0
681.0
586.0
894.0
749.0
761.0
752.0
692.0
1034.0
722.0
840.0
748.0
705.0
686.0
694.0
724.0
661.0
676.0
744.0
733.0
746.0
797.0
762.0
723.0
630.0
695.0
728.0
594.0
757.0
685.0
794.0
672.0
770.0
808.0
699.0
740.0
680.0
677.0
712.0
848.0
700.0
742.0
658.0
710.0
913.0
692.0
713.0
630.0
790.0
675.0
680.0
706.0
706.0
681.0
687.0
715.0
721.0
746.0
688.0
626.0
689.0
743.0
766.0
720.0
727.0
665.0
816.0
682.0
882.0
706.0
688.0
711.0
666.0
756.0
682.0
709.0
695.0
762.0
739.0
610.0
657.0
803.0
742.0
664.0
778.0
759.0
700.0
772.0
690.0
737.0
701.0
709.0
678.0
774.0
734.0
720.0
722.0
673.0
683.0
724.0
677.0
694.0
698.0
726.0
891.0
677.0
702.0
758.0
688.0
706.0
695.0
717.0
699.0
725.0
820.0
680.0
725.0
693.0
761.0
706.0
682.0
706.0
827.0
706.0
754.0
732.0
690.0
747.0
760.0
710.0
676.0
747.0
779.0
697.0
670.0
666.0
794.0
749.0
746.0
784.0
658.0
686.0
795.0
785.0
843.0
712.0
757.0
698.0
706.0
686.0
780.0
749.0
660.0
758.0
690.0
715.0
793.0
785.0
672.0
881.0
708.0
685.0
748.0
765.0
758.0
680.0
698.0
714.0
