0.5780555628806803
0.6071614332857831
0.628231583607902
0.6553217768791975
1.3674893212528259
0.9221414972050643
0.6643518413029628
0.6735197187253111
0.8278161729814515
1.5773357648531499
0.6432816909808439
0.7070256948209285
0.7330858984508533
0.6071614332857831
0.5981313688620179
0.6613418198283744
0.6921341498895431
0.9557239273248589
0.6011413903366064
0.7330858984508533
0.8837615770681563
0.7517003296150853
0.6613418198283744
0.5092339589526933
0.9413314572735184
0.8150025620114159
0.49750428506753447
0.6192015191841368
1.2132961177082962
1.0084963175131076
0.740531670916546
1.0084963175131076
0.8021889510413803
0.6252215621333136
0.7680193217879521
0.5951213473874296
0.531256872209649
0.6643518413029628
0.9029515371366104
0.6222115406587251
0.8453816569312481
0.5340097363667686
0.4116467293104454
0.7219172397523141
0.6372616480316671
0.6735197187253111
0.7070256948209285
0.7144714672866213
0.6703718842521396
0.6161914977095484
0.8549766369654752
0.9413314572735184
0.6995799223552359
0.5753026987235608
0.6846883774238502
0.6523117554046092
0.6161914977095484
0.6735197187253111
0.6809654911910039
0.6101714547603716
0.6809654911910039
0.6192015191841368
0.667361862777551
1.070810739479909
0.6643518413029628
0.6809654911910039
0.4803890472145709
0.6643518413029628
0.5835612911949193
0.6735197187253111
0.7637481181312735
0.5505269213094854
0.8278161729814515
2.5192801220982566
0.667361862777551
0.7979177473847018
0.8021889510413803
0.6041514118111947
0.6071614332857831
0.6252215621333136
0.7219172397523141
0.7219172397523141
0.6402716695062556
0.4739708330197095
0.8981540471194968
0.6101714547603716
0.7107485810537749
1.4393014654653493
0.6643518413029628
0.9173440071879508
0.9029515371366104
0.7517003296150853
0.6462917124554323
0.6493017339300208
0.6493017339300208
0.7107485810537749
1.0207884346471952
0.667361862777551
0.4803890472145709
1.6726872387760523
0.5921113259128411
0.6643518413029628
0.6222115406587251
0.6432816909808439
0.840629783951487
0.7144714672866213
0.5753026987235608
0.5477740571523659
0.6222115406587251
1.039546798959463
0.6921341498895431
0.7442545571493925
1.336493015597138
0.6071614332857831
0.9893063574446535
0.6846883774238502
0.6995799223552359
0.7979177473847018
0.6252215621333136
0.740531670916546
0.6921341498895431
0.6995799223552359
0.531256872209649
2.210934664378417
0.6041514118111947
0.6312416050824903
1.1843086123226865
0.5981313688620179
0.6342516265570788
0.5587855137808438
0.740531670916546
0.6772426049581575
0.6846883774238502
0.5039224992623957
0.8107313583547374
0.7107485810537749
1.2857648811723206
0.6958570361223895
0.5808084270377997
0.6432816909808439
0.9653189073590859
1.3515310669833762
0.7293630122180069
1.0645579513758199
0.7680193217879521
0.4953648803359139
0.7368087846836997
0.7722905254446306
0.4632738093616072
0.7144714672866213
0.6101714547603716
0.6613418198283744
0.6222115406587251
0.48894666614105264
1.1083274681044444
0.6342516265570788
0.5697969704093219
0.6703718842521396
0.7936465437280232
0.9365339672564048
0.9461289472906319
0.7293630122180069
0.740531670916546
0.6432816909808439
0.5753026987235608
0.9269389872221778
0.6921341498895431
0.6462917124554323
0.8981540471194968
0.7256401259851605
0.8021889510413803
0.9125465171708373
1.2857648811723206
0.6462917124554323
0.6462917124554323
0.7256401259851605
1.0084963175131076
0.740531670916546
0.7256401259851605
0.5587855137808438
0.7256401259851605
0.5174925514240517
0.553279785466605
0.7107485810537749
0.9653189073590859
0.759476914474595
0.6372616480316671
0.7680193217879521
0.8549766369654752
0.4440191667770232
0.6161914977095484
0.6041514118111947
0.6703718842521396
0.7368087846836997
0.61318147623496
0.4568555951667459
0.6161914977095484
0.4803890472145709
1.1708553491453364
0.6432816909808439
0.6041514118111947
0.5863141553520387
0.6772426049581575
0.9029515371366104
0.7219172397523141
0.740531670916546
0.8549766369654752
0.4226251194608187
0.7680193217879521
0.7070256948209285
0.6643518413029628
0.5921113259128411
0.8981540471194968
0.4825284519461914
0.7256401259851605
0.974913887393313
0.740531670916546
0.531256872209649
0.6312416050824903
0.6493017339300208
0.5753026987235608
0.628231583607902
0.7107485810537749
0.740531670916546
0.5835612911949193
1.0145356465431061
0.4910860708726731
0.6921341498895431
0.9125465171708373
0.8107313583547374
0.5780555628806803
1.293011757518723
0.6071614332857831
0.6432816909808439
0.7680193217879521
0.5981313688620179
0.6101714547603716
0.4116467293104454
0.7442545571493925
0.8150025620114159
0.8549766369654752
0.5725498345664413
0.5587855137808438
0.8192737656680945
0.6735197187253111
0.7293630122180069
2.049420377001358
0.6192015191841368
0.6958570361223895
0.6846883774238502
0.553279785466605
0.6432816909808439
0.9701163973761994
1.8144905044529094
1.1520969848330689
0.6995799223552359
0.7107485810537749
0.6772426049581575
1.039546798959463
0.7368087846836997
0.6432816909808439
0.6583317983537859
1.4871762282736984
0.6101714547603716
0.5780555628806803
1.1208330443126229
0.776561729101309
0.6735197187253111
0.6071614332857831
0.7293630122180069
0.531256872209649
0.7722905254446306
0.5835612911949193
0.5981313688620179
0.6222115406587251
0.7256401259851605
0.6161914977095484
0.7851041364146661
0.5863141553520387
0.7554232158479316
0.6809654911910039
0.7181943535194678
1.1988023650154915
1.0084963175131076
0.7808329327579877
0.6101714547603716
0.9893063574446535
0.8064601546980589
0.5229982797382906
0.840629783951487
0.740531670916546
0.6613418198283744
0.6553217768791975
1.0207884346471952
1.0895691037921766
0.6995799223552359
0.6312416050824903
0.8107313583547374
1.271271128479516
0.6921341498895431
0.452576785703505
0.667361862777551
0.667361862777551
0.5587855137808438
0.776561729101309
0.6613418198283744
0.8981540471194968
0.7936465437280232
1.0270412227512846
0.6703718842521396
0.6921341498895431
0.5921113259128411
1.4393014654653493
0.7070256948209285
0.9557239273248589
0.7442545571493925
0.6222115406587251
0.5835612911949193
1.1270858324167121
0.4825284519461914
0.9461289472906319
0.8789640870510427
0.6222115406587251
0.7851041364146661
2.2696671325155293
0.7107485810537749
0.43974035731378236
0.7144714672866213
1.3147523865579303
1.0958218918962659
0.8933565571023833
0.5951213473874296
0.6101714547603716
0.6583317983537859
0.8064601546980589
0.7144714672866213
0.7144714672866213
0.8933565571023833
1.495155355408423
0.5863141553520387
1.9025892066585777
0.6462917124554323
0.7680193217879521
0.6432816909808439
0.6553217768791975
1.2350367467475036
0.6809654911910039
0.6809654911910039
0.6312416050824903
0.6041514118111947
0.6312416050824903
0.553279785466605
0.740531670916546
0.6432816909808439
0.44187976204540275
0.9797113774104265
0.6342516265570788
0.5587855137808438
0.5951213473874296
0.5863141553520387
0.7517003296150853
0.7722905254446306
0.6809654911910039
0.9125465171708373
0.45899499989836634
0.5921113259128411
1.2495304994403085
0.6846883774238502
0.6071614332857831
0.740531670916546
0.6921341498895431
0.7107485810537749
0.6432816909808439
0.6809654911910039
0.7181943535194678
0.7479774433822389
0.6523117554046092
0.6921341498895431
0.5615383779379635
0.9605214173419724
0.7256401259851605
0.5835612911949193
0.6252215621333136
0.9509264373077454
0.7070256948209285
0.6583317983537859
0.7979177473847018
0.840629783951487
0.7554232158479316
0.740531670916546
1.0084963175131076
0.4611344046299868
0.9029515371366104
0.6921341498895431
1.256777375786711
0.5780555628806803
0.6643518413029628
0.6523117554046092
0.5921113259128411
0.7517003296150853
0.6312416050824903
0.8107313583547374
0.6041514118111947
0.6613418198283744
0.7442545571493925
1.0332940108553734
0.7554232158479316
0.6041514118111947
0.5587855137808438
0.9989013374788804
0.6809654911910039
1.6726872387760523
0.6101714547603716
0.5753026987235608
1.2205429940546988
0.840629783951487
0.7479774433822389
0.6192015191841368
0.6192015191841368
0.5951213473874296
0.9029515371366104
0.7893753400713447
0.8064601546980589
0.6523117554046092
0.7554232158479316
0.9557239273248589
0.740531670916546
1.3674893212528259
0.6462917124554323
0.6312416050824903
0.7293630122180069
0.7851041364146661
0.7256401259851605
1.5391951752839887
1.0583051632717306
0.542268328838127
1.2132961177082962
0.6101714547603716
0.6161914977095484
0.6041514118111947
1.415364084061175
0.7033028085880823
0.6583317983537859
0.6643518413029628
0.6995799223552359
0.8645716169997021
0.7256401259851605
1.070810739479909
0.8192737656680945
0.42048819272507953
0.7479774433822389
0.7107485810537749
0.6222115406587251
0.7256401259851605
0.6071614332857831
0.6161914977095484
0.6312416050824903
0.7637481181312735
0.8363585802948086
0.6222115406587251
0.6312416050824903
0.6613418198283744
1.0270412227512846
0.9173440071879508
0.628231583607902
1.3754684483875506
0.5285040080525296
0.628231583607902
0.6921341498895431
0.8501791469483616
0.6735197187253111
0.759476914474595
1.039546798959463
0.6222115406587251
0.6735197187253111
0.6372616480316671
0.9893063574446535
1.2495304994403085
0.6809654911910039
0.4063418512616649
0.5753026987235608
0.6011413903366064
0.5257511438954101
0.5780555628806803
0.8645716169997021
0.531256872209649
0.6703718842521396
1.0084963175131076
0.61318147623496
0.840629783951487
0.6809654911910039
0.83208737663813
0.5697969704093219
0.531256872209649
0.41518331467629904
0.5670441062522024
0.41341502199337227
0.6041514118111947
0.776561729101309
0.6161914977095484
0.6643518413029628
1.3292461392507353
0.759476914474595
0.6493017339300208
0.5174925514240517
0.6809654911910039
0.759476914474595
0.553279785466605
0.6041514118111947
0.6312416050824903
0.7144714672866213
0.6312416050824903
1.0958218918962659
1.495155355408423
0.6995799223552359
0.8645716169997021
0.6312416050824903
0.7293630122180069
1.256777375786711
0.5697969704093219
0.7219172397523141
0.6041514118111947
1.070810739479909
0.5229982797382906
0.6809654911910039
0.9365339672564048
1.321999262904333
0.5863141553520387
0.7517003296150853
0.8192737656680945
0.5921113259128411
0.9557239273248589
1.0270412227512846
0.6432816909808439
0.6222115406587251
0.6995799223552359
0.6462917124554323
0.553279785466605
0.6071614332857831
0.7181943535194678
0.6643518413029628
0.5642912420950827
0.553279785466605
0.6553217768791975
0.6958570361223895
0.6809654911910039
0.6809654911910039
0.39926868052995756
0.5477740571523659
0.7070256948209285
1.1458441967289799
0.6583317983537859
0.8278161729814515
1.59640605963773
0.5697969704093219
1.336493015597138
0.6161914977095484
0.628231583607902
0.9269389872221778
0.9173440071879508
1.039546798959463
0.6921341498895431
0.6402716695062556
0.6809654911910039
0.6523117554046092
0.8064601546980589
0.49750428506753447
0.61318147623496
0.9605214173419724
0.6613418198283744
0.4675526188248482
0.6342516265570788
0.8150025620114159
0.6222115406587251
0.5174925514240517
0.7144714672866213
0.7368087846836997
0.740531670916546
0.8981540471194968
0.6041514118111947
