0.6860497209419303
1.256023647767733
0.9436068578883408
0.5882619521221149
1.0537859925063386
0.6506258493371884
0.5590199493404737
0.900381673179057
0.5824135515657867
0.8195367164050955
0.7349687708692207
0.9868320425976244
0.6604813180871884
0.6738199584601078
0.6506258493371884
0.8238209751926655
0.5590199493404737
0.5914930368371885
0.48697929523765304
0.6982794834237529
1.1057798101261223
0.6539110055871884
0.8323894927678056
0.6901263084358712
0.7023560709176938
0.7431219458571025
0.7105092459055755
0.7638413521666848
0.5765651510094584
1.4629242753911094
0.6473406930871884
0.9273974136223593
0.8463501922924526
0.6079188180871885
1.184418709496128
0.6342000680871884
0.7349687708692207
0.5736409507312943
0.6778965459540485
0.6901263084358712
0.6670516305871883
0.6703367868371883
0.6901263084358712
0.5947781930871885
0.6637664743371884
0.7766941285293949
0.7023560709176938
0.9111879693563779
0.9544131540656616
1.14477517334096
0.7349687708692207
0.9544131540656616
0.5914930368371885
0.7766941285293949
0.6778965459540485
0.6571961618371883
0.5914930368371885
0.6901263084358712
0.5980633493371885
0.6473406930871884
0.9165911174450384
0.6982794834237529
0.9165911174450384
1.184418709496128
0.8625596365584339
0.780978387316965
0.7268155958813389
0.5590199493404737
0.5677925501749661
0.6407703805871885
1.21306068480477
0.7023560709176938
0.7064326584116346
0.8949785250903968
0.7105092459055755
0.6440555368371885
1.3846512660839738
0.6703367868371883
0.6309149118371885
0.6374852243371885
0.6473406930871884
0.6703367868371883
0.6703367868371883
0.564868349896802
0.6982794834237529
0.5619441496186379
1.3347890798664985
0.8517533403811129
0.7145858333995163
0.5914930368371885
0.6144891305871885
1.4107422691863523
1.1187782645310682
0.6703367868371883
0.6309149118371885
0.8787690808244153
0.6046336618371885
0.6342000680871884
0.5914930368371885
0.9652194502429826
0.6604813180871884
0.5765651510094584
0.6177742868371885
0.6703367868371883
0.8109681988299553
0.6778965459540485
0.970622598331643
0.8281052339802354
0.7471985333510434
0.5473231482278172
0.7553517083389251
0.5853377518439508
0.6738199584601078
0.6342000680871884
0.8366737515553756
0.6276297555871885
0.6942028959298121
1.0927813557211763
0.6738199584601078
0.6046336618371885
0.780978387316965
0.5914930368371885
0.5239295460025044
0.6342000680871884
0.7064326584116346
0.6901263084358712
1.0472867653038658
0.6506258493371884
0.7638413521666848
0.7431219458571025
0.6670516305871883
1.600703641223267
0.6112039743371884
0.6112039743371884
0.6079188180871885
0.5882619521221149
0.6506258493371884
0.49890160881859996
0.6604813180871884
0.8023996812548153
0.7349687708692207
0.5063843443335196
0.8571564884697734
0.5914930368371885
0.9382037097996804
0.5590199493404737
0.8463501922924526
0.6112039743371884
0.6079188180871885
0.8323894927678056
0.6860497209419303
0.7471985333510434
0.5980633493371885
0.5473231482278172
0.7145858333995163
0.6276297555871885
0.6703367868371883
0.6342000680871884
0.5882619521221149
0.6571961618371883
0.5356263471151607
0.6819731334479894
0.6374852243371885
0.6276297555871885
0.8625596365584339
0.7186624208934572
0.6473406930871884
0.7349687708692207
0.6942028959298121
1.0342883108989198
1.3672572640157212
0.5590199493404737
0.6819731334479894
0.7681256109542548
0.6571961618371883
0.8238209751926655
0.5677925501749661
1.1987396971504491
0.5297779465588326
0.6571961618371883
0.6637664743371884
0.6276297555871885
0.7852626461045351
0.6276297555871885
0.5356263471151607
0.7981154224672451
0.6079188180871885
0.9219942655336989
0.8517533403811129
0.6604813180871884
0.6177742868371885
2.316246244874639
0.6571961618371883
0.7064326584116346
0.7145858333995163
0.8023996812548153
0.6440555368371885
0.6210594430871885
0.5794893512876226
0.9382037097996804
0.722739008387398
1.014790629291501
2.316246244874639
0.5239295460025044
0.5824135515657867
0.6738199584601078
0.6703367868371883
0.7895469048921051
0.6046336618371885
0.6079188180871885
0.7145858333995163
0.9652194502429826
1.227381672459091
0.6901263084358712
0.9598163021543221
0.7145858333995163
0.5824135515657867
0.8238209751926655
0.6860497209419303
0.6309149118371885
0.7268155958813389
0.5824135515657867
0.6473406930871884
0.6374852243371885
0.6374852243371885
0.6738199584601078
0.7349687708692207
1.3347890798664985
0.6473406930871884
0.772409869741825
0.5239295460025044
0.5980633493371885
0.6079188180871885
0.6703367868371883
0.5122327448898478
0.6342000680871884
0.8152524576175254
0.6604813180871884
0.6506258493371884
0.5473231482278172
0.7638413521666848
0.6309149118371885
1.2775051292492143
0.5590199493404737
0.6703367868371883
0.8238209751926655
0.6440555368371885
0.7981154224672451
0.6670516305871883
0.7512751208449842
0.6982794834237529
0.6670516305871883
0.6342000680871884
0.8066839400423853
0.8733659327357548
0.6276297555871885
1.2202211786319306
0.6604813180871884
0.8023996812548153
1.3347890798664985
0.6703367868371883
0.992235190686285
1.0537859925063386
0.992235190686285
0.6604813180871884
0.6144891305871885
0.8281052339802354
0.8195367164050955
0.5210053457243402
0.6177742868371885
0.8571564884697734
0.48697929523765304
0.6177742868371885
0.8733659327357548
0.7471985333510434
0.6407703805871885
0.5824135515657867
0.5794893512876226
0.7064326584116346
0.6738199584601078
0.5707167504531302
0.6112039743371884
0.7512751208449842
0.5560957490623095
0.6901263084358712
0.6860497209419303
1.6766833137246784
0.6046336618371885
0.7431219458571025
0.5914930368371885
0.6144891305871885
0.6571961618371883
0.6901263084358712
0.6539110055871884
0.6177742868371885
1.1317767189360142
0.5947781930871885
1.3933482671181
0.6778965459540485
0.5882619521221149
0.8366737515553756
0.6819731334479894
0.6703367868371883
1.0667844469112846
0.6473406930871884
0.5297779465588326
0.6079188180871885
0.5765651510094584
0.6506258493371884
0.6571961618371883
0.6604813180871884
1.2202211786319306
0.6539110055871884
0.8841722289130757
0.7145858333995163
0.7064326584116346
0.7512751208449842
0.6738199584601078
0.6309149118371885
0.6703367868371883
1.6196985593486197
0.7595570933791147
1.2345421662862517
0.722739008387398
0.6473406930871884
0.6571961618371883
0.564868349896802
1.3133075983850169
0.8625596365584339
0.8409580103429457
0.564868349896802
0.8571564884697734
1.92769004762897
0.7390453583631617
0.6506258493371884
0.5473231482278172
0.6604813180871884
0.6342000680871884
1.014790629291501
2.2564683683753053
0.6177742868371885
0.5063843443335196
0.6079188180871885
0.7186624208934572
0.6210594430871885
0.5707167504531302
0.5914930368371885
0.6778965459540485
0.5356263471151607
0.6144891305871885
0.5356263471151607
0.6982794834237529
0.6942028959298121
0.6276297555871885
0.5707167504531302
1.3276285860393378
0.5531715487841454
0.5765651510094584
0.6604813180871884
0.5736409507312943
0.7308921833752797
0.7308921833752797
2.2265794301256383
0.8066839400423853
0.8841722289130757
0.5443989479496532
0.6210594430871885
0.6210594430871885
0.6506258493371884
0.9057848212677175
0.6539110055871884
0.5356263471151607
0.6440555368371885
0.5824135515657867
0.6571961618371883
1.600703641223267
0.6407703805871885
0.8023996812548153
0.6637664743371884
0.6210594430871885
0.5531715487841454
0.7023560709176938
0.6506258493371884
1.0667844469112846
0.5824135515657867
0.9165911174450384
1.6102011002859433
1.1987396971504491
0.8787690808244153
0.6243445993371884
0.6901263084358712
1.227381672459091
1.1707720821508518
0.6407703805871885
1.1057798101261223
1.3133075983850169
1.125277491733541
0.7186624208934572
1.0927813557211763
0.6670516305871883
0.6982794834237529
0.6407703805871885
0.5980633493371885
0.8238209751926655
0.6539110055871884
0.6819731334479894
0.6860497209419303
0.6860497209419303
0.9382037097996804
0.9814288945089641
0.5980633493371885
0.5947781930871885
0.6440555368371885
0.5327021468369966
0.8023996812548153
0.9057848212677175
0.7895469048921051
0.7186624208934572
0.6046336618371885
0.8066839400423853
0.6309149118371885
1.0407875381013927
0.5824135515657867
0.5619441496186379
0.6342000680871884
0.6210594430871885
0.8195367164050955
0.5914930368371885
0.8733659327357548
0.7553517083389251
2.077134738877304
1.0667844469112846
0.6604813180871884
1.0927813557211763
0.722739008387398
0.5853377518439508
1.027789083696447
0.5590199493404737
0.6144891305871885
1.1187782645310682
0.6637664743371884
0.6013485055871884
0.5619441496186379
0.7186624208934572
0.6177742868371885
0.7308921833752797
0.6942028959298121
0.6473406930871884
0.7145858333995163
1.3846512660839738
1.0472867653038658
0.6342000680871884
0.8152524576175254
0.6604813180871884
0.5590199493404737
0.5947781930871885
0.6703367868371883
0.6112039743371884
0.7431219458571025
0.7023560709176938
0.9598163021543221
0.6243445993371884
0.7064326584116346
0.5980633493371885
0.7349687708692207
0.772409869741825
0.8625596365584339
0.6309149118371885
0.5824135515657867
0.6703367868371883
0.6276297555871885
0.6703367868371883
0.5980633493371885
0.6276297555871885
1.164272854948379
0.6342000680871884
0.6637664743371884
1.1987396971504491
0.8023996812548153
0.7186624208934572
0.8023996812548153
0.6309149118371885
0.7512751208449842
1.2775051292492143
0.5619441496186379
0.6778965459540485
1.0927813557211763
0.8517533403811129
0.9814288945089641
0.772409869741825
0.6703367868371883
1.0084446349522662
0.5765651510094584
0.6342000680871884
0.772409869741825
0.5765651510094584
1.270344635422054
0.5414747476714891
1.402045268152226
0.6309149118371885
0.6539110055871884
0.7023560709176938
0.6210594430871885
0.6079188180871885
0.6112039743371884
0.6670516305871883
0.8152524576175254
0.8109681988299553
0.7471985333510434
0.6506258493371884
0.8463501922924526
0.8625596365584339
0.7186624208934572
1.0084446349522662
0.6046336618371885
0.5980633493371885
0.6637664743371884
0.5882619521221149
0.6819731334479894
0.5980633493371885
0.6144891305871885
0.6046336618371885
0.6860497209419303
0.8949785250903968
0.5765651510094584
0.7268155958813389
0.9328005617110198
0.6738199584601078
0.8787690808244153
0.6276297555871885
0.6738199584601078
0.6210594430871885
0.6374852243371885
0.6210594430871885
0.5122327448898478
0.6942028959298121
0.5947781930871885
0.7553517083389251
0.7268155958813389
0.6079188180871885
0.780978387316965
0.6506258493371884
0.5980633493371885
0.6440555368371885
1.0602852197088117
0.7349687708692207
0.5824135515657867
0.6440555368371885
0.7895469048921051
0.6571961618371883
0.6210594430871885
0.7145858333995163
0.8366737515553756
0.5414747476714891
0.722739008387398
0.6942028959298121
0.5122327448898478
0.6177742868371885
0.6703367868371883
0.7895469048921051
4.632226022386524
0.7268155958813389
0.6670516305871883
0.6342000680871884
0.7186624208934572
0.6374852243371885
0.7064326584116346
0.5443989479496532
0.9057848212677175
0.6407703805871885
0.6703367868371883
0.6144891305871885
0.5210053457243402
0.6407703805871885
1.1772713093533247
1.3759542650498475
0.6342000680871884
0.6342000680871884
0.8281052339802354
0.5122327448898478
1.4803182774593617
1.0927813557211763
0.7105092459055755
0.6982794834237529
0.5765651510094584
0.5824135515657867
0.7638413521666848
0.6440555368371885
0.6309149118371885
0.5707167504531302
0.5210053457243402
0.7852626461045351
0.6637664743371884
0.5853377518439508
0.6407703805871885
0.9165911174450384
0.7553517083389251
0.7471985333510434
0.9219942655336989
0.9598163021543221
1.2202211786319306
0.5414747476714891
0.6473406930871884
3.2278588614894765
0.5947781930871885
0.780978387316965
1.0732836741137575
0.6342000680871884
0.6539110055871884
0.6112039743371884
1.0212898564939739
0.722739008387398
1.125277491733541
0.8152524576175254
1.3759542650498475
0.6013485055871884
