912.0
705.0
706.0
701.0
738.0
622.0
784.0
756.0
769.0
850.0
864.0
796.0
726.0
780.0
780.0
735.0
745.0
715.0
717.0
712.0
736.0
715.0
737.0
728.0
740.0
722.0
725.0
690.0
677.0
733.0
749.0
687.0
738.0
693.0
713.0
715.0
788.0
677.0
709.0
664.0
756.0
638.0
749.0
717.0
895.0
669.0
724.0
695.0
771.0
713.0
727.0
689.0
663.0
711.0
889.0
750.0
701.0
769.0
738.0
708.0
861.0
707.0
776.0
727.0
747.0
725.0
738.0
715.0
737.0
698.0
769.0
730.0
802.0
804.0
764.0
682.0
727.0
737.0
628.0
744.0
737.0
731.0
755.0
725.0
703.0
741.0
734.0
706.0
702.0
774.0
848.0
734.0
726.0
725.0
724.0
859.0
693.0
689.0
736.0
732.0
628.0
744.0
756.0
685.0
728.0
738.0
941.0
694.0
786.0
721.0
821.0
709.0
610.0
716.0
723.0
719.0
678.0
721.0
738.0
692.0
716.0
754.0
713.0
721.0
726.0
715.0
758.0
811.0
684.0
687.0
814.0
748.0
725.0
691.0
916.0
719.0
722.0
707.0
746.0
669.0
731.0
744.0
651.0
746.0
877.0
743.0
850.0
785.0
706.0
718.0
703.0
758.0
720.0
734.0
685.0
742.0
706.0
738.0
706.0
746.0
727.0
749.0
760.0
677.0
692.0
740.0
840.0
713.0
774.0
733.0
920.0
712.0
692.0
822.0
771.0
628.0
715.0
717.0
763.0
682.0
726.0
731.0
728.0
743.0
694.0
735.0
831.0
720.0
793.0
707.0
774.0
873.0
688.0
677.0
690.0
713.0
740.0
894.0
702.0
673.0
735.0
729.0
770.0
720.0
738.0
733.0
718.0
736.0
702.0
712.0
739.0
670.0
757.0
702.0
1053.0
733.0
709.0
768.0
750.0
704.0
725.0
744.0
713.0
733.0
853.0
881.0
795.0
748.0
722.0
715.0
677.0
688.0
707.0
836.0
785.0
699.0
722.0
805.0
809.0
733.0
741.0
806.0
754.0
698.0
824.0
744.0
715.0
702.0
691.0
708.0
621.0
767.0
757.0
666.0
789.0
789.0
843.0
702.0
707.0
725.0
707.0
672.0
754.0
733.0
795.0
688.0
734.0
733.0
826.0
878.0
707.0
731.0
694.0
701.0
685.0
786.0
742.0
765.0
704.0
626.0
762.0
893.0
791.0
763.0
901.0
704.0
721.0
741.0
653.0
730.0
891.0
707.0
797.0
733.0
777.0
741.0
749.0
702.0
750.0
746.0
746.0
737.0
789.0
759.0
703.0
688.0
903.0
697.0
732.0
781.0
850.0
692.0
709.0
729.0
764.0
833.0
701.0
673.0
788.0
712.0
760.0
774.0
744.0
700.0
667.0
725.0
749.0
906.0
680.0
693.0
761.0
771.0
789.0
869.0
750.0
712.0
740.0
693.0
777.0
806.0
744.0
732.0
722.0
718.0
690.0
871.0
720.0
726.0
781.0
730.0
673.0
730.0
760.0
740.0
791.0
829.0
616.0
709.0
802.0
688.0
736.0
696.0
688.0
747.0
720.0
834.0
716.0
770.0
804.0
715.0
690.0
726.0
682.0
748.0
859.0
798.0
729.0
690.0
684.0
693.0
733.0
721.0
725.0
707.0
718.0
795.0
721.0
712.0
666.0
789.0
766.0
710.0
712.0
717.0
697.0
699.0
769.0
692.0
984.0
781.0
780.0
709.0
777.0
814.0
775.0
699.0
856.0
678.0
692.0
706.0
751.0
717.0
845.0
647.0
811.0
721.0
696.0
801.0
694.0
750.0
748.0
898.0
739.0
709.0
714.0
672.0
717.0
731.0
680.0
710.0
696.0
688.0
825.0
734.0
720.0
819.0
746.0
794.0
701.0
702.0
749.0
608.0
731.0
678.0
758.0
709.0
709.0
804.0
737.0
738.0
709.0
738.0
681.0
779.0
786.0
847.0
793.0
697.0
709.0
761.0
760.0
821.0
706.0
872.0
753.0
742.0
678.0
740.0
748.0
729.0
857.0
698.0
676.0
771.0
718.0
798.0
703.0
696.0
712.0
841.0
685.0
682.0
741.0
720.0
703.0
740.0
716.0
716.0
672.0
686.0
705.0
725.0
777.0
698.0
746.0
713.0
745.0
728.0
702.0
698.0
705.0
857.0
733.0
824.0
619.0
731.0
722.0
761.0
720.0
708.0
773.0
789.0
727.0
703.0
735.0
715.0
706.0
849.0
797.0
810.0
746.0
694.0
710.0
765.0
707.0
672.0
895.0
714.0
710.0
724.0
808.0
778.0
848.0
713.0
822.0
714.0
766.0
750.0
660.0
692.0
714.0
702.0
717.0
716.0
685.0
688.0
703.0
759.0
801.0
733.0
735.0
646.0
798.0
693.0
719.0
701.0
793.0
681.0
680.0
768.0
780.0
733.0
909.0
702.0
738.0
732.0
763.0
760.0
789.0
720.0
801.0
730.0
852.0
680.0
735.0
744.0
858.0
800.0
778.0
757.0
750.0
733.0
846.0
766.0
738.0
702.0
866.0
727.0
765.0
709.0
795.0
775.0
710.0
692.0
689.0
780.0
863.0
834.0
925.0
767.0
695.0
813.0
728.0
713.0
838.0
712.0
741.0
691.0
767.0
679.0
948.0
678.0
708.0
697.0
767.0
732.0
680.0
709.0
700.0
743.0
804.0
703.0
717.0
751.0
