2.2348757173066467
0.6360465405280099
0.8044971050874594
0.7630128001547238
0.5238510115139937
1.0295943089665482
0.6740602199373876
0.5406518106007517
0.5949604826550298
1.1553206658076272
0.8708727419752935
0.6392070065182391
0.6234046765670929
0.5949604826550298
0.7818693023968764
0.6265651425573221
0.6978460785232462
0.5862539795505235
0.41650186944515627
0.5190507832034915
0.6676512004303023
0.5526523813770075
0.6265651425573221
0.7420198158969836
0.6550093364693853
0.5814537512400212
0.6139232785964053
0.6978460785232462
0.7743267015000154
0.5214508973587426
0.664490734440073
0.7250299169070846
0.5949604826550298
0.5670530663085144
0.5949604826550298
1.7116174283176981
0.5502522672217564
0.9795718147485442
0.7148359775131452
0.7046420381192058
0.7114379977151654
0.6044418806257176
1.1498543024667107
0.5862539795505235
0.5622528379980121
0.6265651425573221
0.5838538653952724
0.6392070065182391
0.7556117350889027
0.5025273960093214
0.6486884044889268
0.5918000166648005
0.6076023466159468
0.8566946020483477
0.5814537512400212
0.6740602199373876
0.7046420381192058
0.49406024272464993
0.5918000166648005
0.5949604826550298
0.6139232785964053
0.6234046765670929
0.9795718147485442
0.7216319371091048
0.4129465957186714
0.5766535229295189
0.815811006432751
0.4686587828706353
0.701244058321226
0.41472423258191377
0.7046420381192058
1.2987553609931772
0.7856406028453068
0.5838538653952724
0.5694531804637655
0.9512155348946527
0.8850508819022391
0.6265651425573221
0.6876521391293068
0.610762812606176
0.6550093364693853
0.6910501189272866
0.6876521391293068
0.7667841006031545
0.6676512004303023
0.701244058321226
0.800725804639029
0.8472425087637172
0.5406518106007517
0.7216319371091048
0.5406518106007517
0.5574526096875099
0.5238510115139937
0.7454177956949634
0.5838538653952724
0.545452038911254
0.5766535229295189
0.6518488704791561
1.460238945538565
0.7250299169070846
0.5646529521532633
0.6044418806257176
0.6328860745377807
0.9842978613908593
0.543051924756003
0.800725804639029
0.5838538653952724
0.5790536370847701
0.543051924756003
0.5949604826550298
0.7705554010515849
0.5862539795505235
0.800725804639029
0.6044418806257176
0.5814537512400212
0.5670530663085144
0.6550093364693853
0.664490734440073
0.6297256085475513
0.5838538653952724
0.4182795063083987
0.5814537512400212
0.6613302684498438
0.5814537512400212
0.6910501189272866
0.7250299169070846
0.974845768106229
0.7318258765030441
0.6423674725084684
1.1279888491030448
0.6486884044889268
0.5526523813770075
0.6455279384986976
0.5406518106007517
0.5918000166648005
0.5574526096875099
0.6774581997353675
0.8346675086749034
0.6581698024596145
0.5742534087742678
0.6012814146354883
0.7216319371091048
0.559852723842761
0.5622528379980121
0.6550093364693853
0.8803248352599239
0.5094503265824869
0.7705554010515849
0.8897769285445544
0.610762812606176
0.5949604826550298
0.4707755711918032
0.5670530663085144
0.6613302684498438
1.0131952189437987
0.543051924756003
0.6044418806257176
0.543051924756003
0.7743267015000154
0.9512155348946527
0.5790536370847701
1.2411526212671498
0.543051924756003
0.6202442105768636
0.6455279384986976
0.9984760013178052
0.7420198158969836
0.8195823068811815
0.5742534087742678
0.47289235951297115
0.5286512398244961
0.5334514681349983
0.6455279384986976
0.6910501189272866
0.701244058321226
0.6297256085475513
0.8519685554060324
1.2987553609931772
0.6910501189272866
0.6012814146354883
0.6808561795333472
0.7969545041905984
0.6676512004303023
1.0079280946024356
0.7284278967050645
0.4686587828706353
1.051459762330214
0.8384388091233338
0.7488157754929432
0.7046420381192058
0.5574526096875099
0.6740602199373876
0.5286512398244961
0.6910501189272866
0.5622528379980121
0.7352238563010239
0.5694531804637655
0.7182339573111249
0.6455279384986976
0.815811006432751
0.6708116664205316
0.6139232785964053
0.7318258765030441
0.5502522672217564
0.5574526096875099
0.6139232785964053
0.6392070065182391
0.5622528379980121
0.6012814146354883
0.800725804639029
0.6076023466159468
0.5718532946190167
0.8755987886176086
0.7705554010515849
2.3725752670405806
0.5382516964455006
0.7284278967050645
1.2091510991971344
0.815811006432751
0.7630128001547238
0.42005714317164117
0.6808561795333472
1.0787915790347966
0.6518488704791561
0.7080400179171855
0.5406518106007517
0.5622528379980121
0.6978460785232462
0.545452038911254
1.2283520124391436
0.7182339573111249
0.9559415815369678
0.5766535229295189
0.7454177956949634
0.8271249077780424
0.5670530663085144
0.5918000166648005
0.5742534087742678
0.6139232785964053
0.6978460785232462
0.8044971050874594
0.6297256085475513
0.99374995467549
0.9842978613908593
0.5670530663085144
0.8233536073296119
0.6708116664205316
0.5694531804637655
0.8082684055358899
0.6234046765670929
0.7046420381192058
0.5694531804637655
0.5790536370847701
0.5670530663085144
0.5670530663085144
1.1170561224212117
0.7216319371091048
0.6360465405280099
0.8708727419752935
0.6613302684498438
0.6044418806257176
0.5981209486452591
0.7352238563010239
0.8082684055358899
0.7894119032937374
0.5406518106007517
0.701244058321226
0.5478521530665051
0.5742534087742678
0.6518488704791561
0.6613302684498438
0.6012814146354883
0.5814537512400212
1.1334552124439612
0.9370373949677069
0.5814537512400212
0.6708116664205316
0.6455279384986976
0.5094503265824869
1.1553206658076272
0.5070502124272358
0.6012814146354883
0.701244058321226
0.5886540937057747
0.5790536370847701
0.6740602199373876
1.3899603940065317
0.6944480987252664
0.6297256085475513
0.5766535229295189
0.7931832037421679
0.6581698024596145
1.0079280946024356
0.5214508973587426
1.4758564014345723
0.6202442105768636
0.9984760013178052
0.6423674725084684
0.5814537512400212
1.4446214896425575
0.5478521530665051
0.4982938193669857
0.5550524955322585
0.7318258765030441
0.7556117350889027
0.7454177956949634
0.5406518106007517
0.6234046765670929
1.3899603940065317
0.6486884044889268
0.5502522672217564
0.5862539795505235
0.5094503265824869
0.7114379977151654
0.5190507832034915
0.5766535229295189
0.7046420381192058
0.48135951279764266
0.610762812606176
0.5502522672217564
0.7780980019484459
0.5478521530665051
0.5718532946190167
0.7046420381192058
0.6297256085475513
0.7318258765030441
1.0079280946024356
0.6044418806257176
0.7592414997062934
0.6774581997353675
0.6550093364693853
0.6518488704791561
0.4665419945494675
0.5742534087742678
0.7454177956949634
0.5334514681349983
0.6518488704791561
0.5766535229295189
0.7818693023968764
0.9512155348946527
0.6170837445866344
0.6139232785964053
1.1279888491030448
0.6550093364693853
0.6360465405280099
0.545452038911254
1.273154143337165
2.1109461225461064
0.6808561795333472
0.9228592550407613
0.9417634416100222
0.7592414997062934
0.6910501189272866
0.8271249077780424
0.5718532946190167
0.5622528379980121
0.5526523813770075
1.30515566540718
0.6910501189272866
0.5502522672217564
0.5918000166648005
0.6044418806257176
1.0079280946024356
0.7630128001547238
1.1771861191712933
0.6423674725084684
0.6550093364693853
0.610762812606176
0.5142505548929892
0.664490734440073
0.5046500982719846
0.6423674725084684
0.6808561795333472
0.5310513539797472
0.5790536370847701
0.7894119032937374
1.1963504903691282
0.5886540937057747
0.7488157754929432
0.5262511256692448
0.5214508973587426
1.3977691219545354
0.4326733814107813
0.8384388091233338
1.1170561224212117
0.6581698024596145
0.6360465405280099
0.5478521530665051
0.5838538653952724
0.6392070065182391
0.7352238563010239
0.6139232785964053
0.6012814146354883
0.6978460785232462
0.6455279384986976
0.6910501189272866
0.5622528379980121
0.6613302684498438
0.6910501189272866
0.6944480987252664
0.5981209486452591
0.5334514681349983
0.9275853016830764
0.5406518106007517
0.6676512004303023
0.6978460785232462
5.247432178674662
0.5550524955322585
0.44325732301662074
0.6740602199373876
0.7182339573111249
0.7894119032937374
0.8661466953329781
0.6486884044889268
0.8308962082264729
0.5862539795505235
1.1225224857621283
0.9134071617561306
0.4623084179071317
0.6139232785964053
0.8614206486906629
0.5814537512400212
0.5790536370847701
0.5949604826550298
0.5358515822902495
0.9228592550407613
0.5718532946190167
0.5918000166648005
0.5862539795505235
0.6876521391293068
0.8044971050874594
0.5670530663085144
0.9512155348946527
0.5310513539797472
0.5949604826550298
0.7216319371091048
0.7046420381192058
0.545452038911254
0.6170837445866344
0.5334514681349983
0.5070502124272358
0.5718532946190167
0.6455279384986976
1.1607870291485438
0.6076023466159468
0.5766535229295189
0.5886540937057747
0.4707755711918032
0.5949604826550298
0.6774581997353675
0.6676512004303023
0.5526523813770075
0.44537411133778865
0.5981209486452591
0.5382516964455006
0.5526523813770075
0.6944480987252664
0.5166506690482403
0.701244058321226
0.6910501189272866
1.8217770681048453
0.7592414997062934
0.701244058321226
0.4129465957186714
0.9181332083984459
0.4855930894399784
0.407613685128944
1.6036206891469553
0.5214508973587426
1.5150477560242595
0.8755987886176086
0.5334514681349983
0.9134071617561306
0.5742534087742678
0.5502522672217564
0.7454177956949634
0.4347901697319492
0.7667841006031545
0.5918000166648005
0.5670530663085144
0.815811006432751
0.7556117350889027
0.6455279384986976
0.7352238563010239
0.610762812606176
0.7046420381192058
0.5766535229295189
0.6328860745377807
0.5766535229295189
0.4263230164472777
0.6012814146354883
0.800725804639029
0.7420198158969836
0.7931832037421679
0.436906958053117
0.42420622812610975
0.5646529521532633
0.5406518106007517
0.7250299169070846
0.7250299169070846
0.5550524955322585
0.5526523813770075
0.5766535229295189
0.6265651425573221
0.5814537512400212
1.317956274235186
0.5718532946190167
0.4129465957186714
0.436906958053117
0.8384388091233338
0.5886540937057747
0.6455279384986976
0.8472425087637172
0.9984760013178052
0.701244058321226
0.5694531804637655
0.7148359775131452
0.5718532946190167
0.5142505548929892
0.5790536370847701
0.7318258765030441
0.6708116664205316
0.5918000166648005
0.5814537512400212
0.8384388091233338
0.6740602199373876
0.5670530663085144
0.7454177956949634
0.7856406028453068
1.1279888491030448
0.6012814146354883
0.5862539795505235
0.5358515822902495
0.6139232785964053
0.6044418806257176
0.5838538653952724
1.2603535345091585
0.6910501189272866
0.5949604826550298
0.6297256085475513
0.7182339573111249
0.9323113483253916
0.5694531804637655
0.5382516964455006
0.545452038911254
0.6676512004303023
0.8195823068811815
0.8566946020483477
0.5862539795505235
0.8566946020483477
0.7856406028453068
0.7352238563010239
0.6328860745377807
0.5949604826550298
0.5310513539797472
0.6360465405280099
0.9512155348946527
0.5622528379980121
0.6076023466159468
0.5918000166648005
0.5622528379980121
0.7743267015000154
0.7556117350889027
0.7630128001547238
0.6486884044889268
1.062392489012047
0.6265651425573221
0.899229021829185
0.7318258765030441
0.5574526096875099
0.5262511256692448
0.8519685554060324
0.6910501189272866
0.5526523813770075
0.7931832037421679
0.6297256085475513
0.5622528379980121
0.7148359775131452
0.8803248352599239
0.5526523813770075
1.9457066628653854
0.543051924756003
2.937143420949709
0.7780980019484459
0.7630128001547238
0.6978460785232462
0.6613302684498438
0.8195823068811815
0.5310513539797472
