625.0
791.0
710.0
706.0
817.0
730.0
845.0
766.0
721.0
997.0
718.0
726.0
720.0
761.0
715.0
688.0
701.0
701.0
797.0
729.0
674.0
694.0
740.0
704.0
695.0
713.0
874.0
672.0
590.0
712.0
766.0
946.0
678.0
666.0
745.0
693.0
713.0
701.0
737.0
665.0
821.0
678.0
754.0
704.0
749.0
695.0
756.0
683.0
680.0
687.0
714.0
595.0
683.0
693.0
690.0
673.0
692.0
729.0
708.0
758.0
736.0
702.0
682.0
715.0
738.0
729.0
737.0
773.0
716.0
688.0
692.0
652.0
733.0
674.0
735.0
692.0
751.0
716.0
732.0
676.0
678.0
669.0
694.0
873.0
599.0
771.0
714.0
725.0
746.0
667.0
696.0
693.0
770.0
829.0
683.0
742.0
794.0
738.0
768.0
680.0
730.0
694.0
625.0
644.0
685.0
634.0
863.0
763.0
724.0
700.0
758.0
755.0
800.0
702.0
718.0
701.0
779.0
725.0
702.0
690.0
605.0
715.0
826.0
763.0
722.0
837.0
622.0
773.0
710.0
682.0
755.0
740.0
749.0
673.0
710.0
688.0
794.0
708.0
696.0
689.0
790.0
819.0
681.0
756.0
684.0
749.0
709.0
736.0
809.0
706.0
772.0
746.0
729.0
932.0
714.0
683.0
693.0
762.0
788.0
670.0
721.0
782.0
696.0
676.0
684.0
644.0
737.0
729.0
694.0
751.0
712.0
784.0
698.0
668.0
714.0
706.0
719.0
784.0
881.0
681.0
738.0
697.0
892.0
681.0
742.0
706.0
722.0
669.0
802.0
905.0
675.0
696.0
682.0
591.0
812.0
709.0
692.0
667.0
678.0
729.0
654.0
662.0
737.0
673.0
773.0
676.0
838.0
660.0
725.0
688.0
663.0
677.0
689.0
684.0
723.0
809.0
672.0
727.0
737.0
700.0
725.0
685.0
686.0
738.0
718.0
738.0
613.0
725.0
698.0
594.0
584.0
754.0
789.0
688.0
722.0
740.0
870.0
701.0
699.0
675.0
698.0
685.0
680.0
658.0
686.0
704.0
851.0
649.0
725.0
693.0
686.0
780.0
696.0
668.0
703.0
742.0
620.0
720.0
749.0
708.0
748.0
725.0
760.0
889.0
730.0
751.0
752.0
842.0
812.0
725.0
804.0
688.0
697.0
682.0
683.0
662.0
677.0
734.0
676.0
780.0
730.0
765.0
708.0
720.0
696.0
793.0
706.0
665.0
802.0
751.0
716.0
721.0
628.0
670.0
804.0
751.0
829.0
784.0
783.0
673.0
684.0
715.0
634.0
690.0
750.0
710.0
712.0
714.0
691.0
681.0
620.0
747.0
687.0
770.0
666.0
586.0
693.0
726.0
820.0
693.0
766.0
717.0
841.0
808.0
618.0
713.0
672.0
741.0
653.0
707.0
712.0
682.0
702.0
685.0
700.0
725.0
596.0
698.0
764.0
843.0
686.0
674.0
724.0
818.0
633.0
846.0
667.0
734.0
688.0
738.0
674.0
697.0
716.0
669.0
628.0
715.0
625.0
669.0
727.0
680.0
697.0
710.0
696.0
685.0
758.0
681.0
721.0
730.0
677.0
713.0
702.0
678.0
793.0
724.0
685.0
706.0
707.0
693.0
813.0
703.0
672.0
741.0
825.0
712.0
709.0
716.0
853.0
772.0
793.0
661.0
694.0
730.0
672.0
710.0
670.0
731.0
737.0
667.0
668.0
726.0
811.0
700.0
708.0
621.0
754.0
738.0
709.0
732.0
709.0
774.0
730.0
692.0
699.0
648.0
702.0
709.0
667.0
749.0
709.0
686.0
712.0
694.0
762.0
694.0
728.0
747.0
706.0
694.0
701.0
823.0
758.0
768.0
690.0
714.0
773.0
724.0
717.0
811.0
660.0
641.0
669.0
760.0
749.0
666.0
695.0
742.0
581.0
680.0
677.0
857.0
645.0
598.0
680.0
731.0
710.0
747.0
778.0
720.0
725.0
694.0
775.0
712.0
681.0
709.0
675.0
828.0
749.0
709.0
706.0
787.0
713.0
681.0
731.0
718.0
674.0
687.0
795.0
713.0
777.0
688.0
723.0
680.0
688.0
585.0
658.0
582.0
737.0
657.0
746.0
865.0
718.0
792.0
736.0
722.0
711.0
680.0
737.0
711.0
697.0
629.0
718.0
593.0
719.0
726.0
696.0
702.0
695.0
685.0
694.0
700.0
684.0
715.0
685.0
725.0
701.0
750.0
703.0
793.0
688.0
715.0
719.0
674.0
754.0
714.0
746.0
710.0
666.0
798.0
766.0
683.0
695.0
664.0
696.0
720.0
677.0
685.0
797.0
802.0
698.0
715.0
929.0
741.0
653.0
690.0
710.0
683.0
746.0
703.0
690.0
680.0
781.0
709.0
706.0
648.0
826.0
704.0
724.0
709.0
720.0
709.0
720.0
656.0
649.0
682.0
902.0
695.0
714.0
