836.0
838.0
718.0
690.0
784.0
809.0
847.0
704.0
596.0
672.0
664.0
705.0
712.0
699.0
713.0
668.0
793.0
756.0
747.0
725.0
708.0
687.0
706.0
716.0
697.0
690.0
700.0
777.0
656.0
762.0
694.0
729.0
774.0
697.0
637.0
688.0
720.0
676.0
861.0
699.0
873.0
726.0
594.0
738.0
700.0
712.0
712.0
754.0
914.0
694.0
722.0
762.0
723.0
737.0
875.0
826.0
843.0
724.0
792.0
718.0
719.0
734.0
739.0
601.0
762.0
705.0
709.0
688.0
738.0
689.0
714.0
765.0
692.0
753.0
693.0
764.0
797.0
788.0
724.0
772.0
756.0
730.0
761.0
673.0
754.0
744.0
762.0
685.0
745.0
749.0
696.0
742.0
872.0
726.0
717.0
676.0
700.0
716.0
857.0
884.0
672.0
793.0
743.0
724.0
722.0
705.0
723.0
814.0
702.0
816.0
734.0
621.0
617.0
766.0
676.0
702.0
876.0
708.0
897.0
707.0
680.0
708.0
697.0
677.0
871.0
770.0
848.0
694.0
699.0
738.0
733.0
758.0
710.0
946.0
724.0
696.0
750.0
729.0
712.0
735.0
708.0
710.0
599.0
709.0
725.0
761.0
681.0
686.0
641.0
694.0
717.0
702.0
669.0
699.0
777.0
696.0
697.0
672.0
695.0
724.0
709.0
675.0
698.0
712.0
832.0
674.0
856.0
751.0
727.0
721.0
736.0
645.0
685.0
714.0
740.0
766.0
685.0
738.0
778.0
762.0
736.0
667.0
890.0
782.0
702.0
756.0
695.0
785.0
794.0
805.0
751.0
678.0
861.0
629.0
728.0
768.0
710.0
652.0
705.0
798.0
712.0
705.0
748.0
717.0
698.0
688.0
738.0
804.0
744.0
730.0
769.0
805.0
700.0
874.0
733.0
676.0
709.0
810.0
783.0
811.0
650.0
813.0
680.0
681.0
774.0
639.0
827.0
894.0
741.0
684.0
719.0
779.0
769.0
761.0
724.0
749.0
674.0
699.0
723.0
707.0
740.0
733.0
811.0
734.0
712.0
704.0
800.0
701.0
705.0
688.0
741.0
708.0
688.0
722.0
716.0
684.0
716.0
753.0
694.0
666.0
690.0
756.0
786.0
756.0
813.0
739.0
783.0
820.0
746.0
605.0
703.0
714.0
867.0
678.0
719.0
796.0
715.0
690.0
713.0
705.0
706.0
825.0
713.0
776.0
717.0
754.0
650.0
682.0
714.0
789.0
706.0
685.0
708.0
706.0
701.0
679.0
700.0
831.0
689.0
673.0
752.0
706.0
689.0
720.0
781.0
708.0
761.0
744.0
731.0
643.0
770.0
771.0
698.0
661.0
701.0
893.0
770.0
707.0
718.0
709.0
802.0
671.0
831.0
754.0
718.0
709.0
685.0
718.0
778.0
754.0
676.0
656.0
844.0
715.0
673.0
854.0
753.0
672.0
672.0
701.0
757.0
685.0
717.0
810.0
727.0
788.0
714.0
745.0
627.0
649.0
834.0
770.0
728.0
814.0
625.0
716.0
705.0
717.0
619.0
708.0
698.0
733.0
886.0
772.0
882.0
673.0
715.0
706.0
801.0
712.0
700.0
757.0
718.0
605.0
701.0
701.0
690.0
680.0
704.0
745.0
690.0
698.0
756.0
729.0
703.0
694.0
745.0
690.0
749.0
676.0
718.0
734.0
705.0
663.0
654.0
701.0
750.0
684.0
682.0
685.0
743.0
689.0
596.0
706.0
779.0
662.0
748.0
778.0
706.0
722.0
641.0
765.0
717.0
706.0
642.0
615.0
729.0
712.0
693.0
654.0
782.0
707.0
660.0
775.0
638.0
732.0
683.0
727.0
804.0
692.0
709.0
705.0
686.0
785.0
682.0
738.0
784.0
705.0
706.0
710.0
821.0
759.0
724.0
719.0
737.0
718.0
723.0
741.0
794.0
682.0
693.0
726.0
705.0
741.0
708.0
710.0
617.0
692.0
719.0
676.0
715.0
760.0
709.0
738.0
766.0
697.0
724.0
760.0
855.0
693.0
662.0
730.0
749.0
722.0
706.0
826.0
834.0
672.0
756.0
758.0
761.0
665.0
720.0
692.0
755.0
697.0
700.0
736.0
706.0
670.0
658.0
688.0
811.0
840.0
723.0
679.0
831.0
659.0
869.0
748.0
820.0
732.0
712.0
608.0
668.0
695.0
765.0
731.0
670.0
708.0
689.0
593.0
714.0
703.0
685.0
712.0
727.0
667.0
694.0
685.0
742.0
734.0
739.0
773.0
682.0
676.0
692.0
772.0
684.0
691.0
888.0
726.0
698.0
703.0
646.0
645.0
721.0
810.0
716.0
744.0
749.0
682.0
714.0
689.0
732.0
751.0
614.0
738.0
674.0
696.0
686.0
726.0
718.0
846.0
724.0
700.0
738.0
782.0
937.0
