0.812921354788951
0.7526291193982434
0.48438161149610853
1.3263651646680097
0.5687078048115849
0.398734630807241
1.3636682570708978
1.1517405545510344
0.6439806618692819
0.6940108332153817
0.6644643083550161
1.3636682570708978
0.7146996401034506
0.6673905435672638
0.9111701269784661
0.8091262284351604
0.43585071464590425
0.8679186984070375
0.6556856027182729
0.6176445449590523
0.6767701608086577
0.5884322258024967
0.7825603439586261
0.7353884469915194
2.1256664737147344
0.9351986984070375
0.6586118379305207
2.169476162896884
0.7078033711407609
0.5913084280488227
0.72159590906614
0.9688386984070374
0.8167164811427418
0.7491809849168986
0.6673905435672638
0.738836581472864
0.7353884469915194
2.1256664737147344
0.9111701269784661
0.6974589676967266
0.8318969865579041
0.6469068970815296
0.47629312868774115
0.7250440435474849
0.7749700912510449
0.6176445449590523
0.8015359757275792
0.5761044626831767
0.8394872392654853
1.1638195491650378
0.7078033711407609
1.2510312884465111
0.7635847121896729
0.812921354788951
0.6733220263273129
0.9400044126927518
0.7457328504355537
0.9784501269784661
0.6673905435672638
0.6205707801713
0.7181477745847954
0.9207815555498946
0.6673905435672638
0.6088658393223091
0.6059396041100613
0.8243067338503228
0.6802182952900026
0.6147183097468045
0.6469068970815296
0.6088658393223091
0.9496158412641803
0.6940108332153817
0.5859666731786327
0.6586118379305207
0.5810355679309048
0.5736389100593128
0.38899519826526074
0.7284921780288297
0.9544215555498946
0.6352019562325387
0.6059396041100613
1.018871613796995
0.6059396041100613
0.704355236659416
0.9976729841213231
0.43585071464590425
0.6802182952900026
0.9544215555498946
0.7901505966662073
0.6439806618692819
0.7250440435474849
1.3126680962641009
0.38899519826526074
1.0128321164899932
0.6498331322937774
0.5835011205547687
0.9592272698356089
0.6733220263273129
0.6059396041100613
0.858307269835609
1.4213839433454076
0.6871145642526921
0.7711749648972542
0.8775301269784661
0.8015359757275792
0.6088658393223091
0.4052275858352279
0.47629312868774115
0.5391211733252173
1.0913455814810165
0.9592272698356089
0.6439806618692819
1.1577800518580361
1.1577800518580361
0.6117920745345568
0.756077253879588
0.7319403125101746
0.4277622318375368
2.943447338448195
0.7825603439586261
0.5913084280488227
0.8243067338503228
0.7319403125101746
0.6703167787795116
0.5514489364445371
0.6147183097468045
1.8920147980766027
0.7749700912510449
0.7319403125101746
1.0309506084109987
0.8243067338503228
0.7711749648972542
0.6293494858080433
0.6556856027182729
0.738836581472864
0.6498331322937774
0.5120000944627133
0.5588455943161289
0.8167164811427418
0.5785700153070408
0.6767701608086577
0.41821349589120166
0.38412548199427055
0.6871145642526921
0.7977408493737886
0.43585071464590425
0.6410544266570342
0.7009071021780714
0.9207815555498946
0.6000871336855659
0.6586118379305207
0.5341900680774891
1.0128321164899932
0.632275721020291
0.7353884469915194
0.6030133688978137
0.8091262284351604
0.7635847121896729
0.858307269835609
0.6352019562325387
0.6469068970815296
2.1840793926242674
1.3126680962641009
0.6802182952900026
0.6644643083550161
1.3471780609924664
0.8394872392654853
1.1893944806289214
0.5489833838206731
0.5243278575820333
0.6703167787795116
0.7863554703124167
0.9640329841213231
0.7597895858358823
0.9736444126927517
0.843890126978466
0.6527593675060251
0.5193967523343054
0.6905626987340369
0.7526291193982434
1.1517405545510344
0.6293494858080433
0.6088658393223091
0.6733220263273129
1.2510312884465111
0.9159758412641803
1.0430296030250021
0.6871145642526921
0.6498331322937774
0.632275721020291
0.6205707801713
0.6234970153835478
0.6703167787795116
0.6644643083550161
0.9351986984070375
0.8679186984070375
0.756077253879588
0.6673905435672638
0.7319403125101746
0.9736444126927517
1.133622062630029
0.632275721020291
0.7787652176048355
0.9063644126927518
0.7250440435474849
0.7181477745847954
0.7422847159542089
0.8679186984070375
0.7250440435474849
0.6410544266570342
1.1215430680160254
0.5465178311968091
0.8727244126927518
0.6733220263273129
0.6905626987340369
0.7711749648972542
0.7319403125101746
0.6940108332153817
0.6352019562325387
1.1457010572440327
0.5884322258024967
0.6205707801713
0.632275721020291
0.6059396041100613
0.9400044126927518
0.7749700912510449
0.6117920745345568
0.8919472698356089
0.6733220263273129
0.7078033711407609
0.6527593675060251
0.704355236659416
0.38737195950826403
0.6703167787795116
0.4036043470782312
0.6469068970815296
0.3971113920502443
0.8091262284351604
0.843890126978466
0.5637766995638569
0.7863554703124167
0.6767701608086577
0.553914489068401
0.6615380731427684
0.571173357435449
2.154872933169501
0.7787652176048355
0.6703167787795116
0.43382859394381235
0.6088658393223091
0.5341900680774891
0.6940108332153817
0.7146996401034506
0.5971608984733181
0.756077253879588
0.4742710079856493
0.6498331322937774
0.6439806618692819
0.7491809849168986
0.6088658393223091
0.8053311020813698
0.6264232505957955
0.5588455943161289
0.6410544266570342
0.6871145642526921
0.8871415555498946
0.6205707801713
1.216788617436739
0.553914489068401
0.5785700153070408
0.6767701608086577
0.6802182952900026
0.7181477745847954
0.8053311020813698
0.6673905435672638
1.0611480949460075
1.3471780609924664
0.9400044126927518
1.4048937472669762
0.6293494858080433
0.6410544266570342
0.8919472698356089
0.566242252187721
0.8823358412641803
0.7112515056221057
0.5884322258024967
0.6352019562325387
0.5942346632610704
0.6802182952900026
0.6767701608086577
0.7825603439586261
0.5913084280488227
0.858307269835609
0.5942346632610704
0.6117920745345568
0.5913084280488227
0.7635847121896729
1.0913455814810165
0.7319403125101746
0.7009071021780714
1.4048937472669762
0.6176445449590523
0.5588455943161289
0.8167164811427418
0.6234970153835478
0.6556856027182729
0.5835011205547687
0.6498331322937774
0.6498331322937774
0.7901505966662073
0.7635847121896729
0.5046034365911215
0.5169311997104413
0.6000871336855659
0.5859666731786327
0.8823358412641803
0.632275721020291
0.5193967523343054
0.6469068970815296
0.756077253879588
0.704355236659416
1.0973850787880184
0.6974589676967266
0.5859666731786327
0.5391211733252173
0.9351986984070375
0.6000871336855659
0.7901505966662073
0.566242252187721
0.5243278575820333
0.632275721020291
0.72159590906614
0.6498331322937774
0.632275721020291
0.38250224323727383
0.8394872392654853
0.8091262284351604
0.632275721020291
0.47629312868774115
1.5758484760590068
0.8053311020813698
0.9063644126927518
0.6527593675060251
0.6234970153835478
0.6767701608086577
0.5835011205547687
0.7635847121896729
0.5785700153070408
0.9015586984070375
0.6644643083550161
0.6556856027182729
0.8394872392654853
0.6088658393223091
0.5341900680774891
0.9111701269784661
1.109464073402022
0.6176445449590523
0.6176445449590523
0.6767701608086577
0.6469068970815296
0.6703167787795116
0.704355236659416
0.6556856027182729
0.5859666731786327
0.5736389100593128
0.843890126978466
0.7146996401034506
0.738836581472864
0.8919472698356089
0.4924700943044759
0.72159590906614
0.9976729841213231
0.8535015555498946
0.5465178311968091
0.6381281914447865
0.6088658393223091
0.5913084280488227
0.6556856027182729
0.8091262284351604
0.5859666731786327
0.812921354788951
1.0369901057180004
0.5761044626831767
1.1698590464720398
0.6802182952900026
0.7319403125101746
1.2715768910523744
0.6234970153835478
0.8727244126927518
3.2793216221780095
0.8053311020813698
0.566242252187721
0.5095345418388494
1.3471780609924664
1.216788617436739
0.566242252187721
1.3719133551101137
0.6117920745345568
1.1215430680160254
0.8015359757275792
0.6088658393223091
0.9496158412641803
0.5884322258024967
0.5785700153070408
0.6673905435672638
0.704355236659416
0.6293494858080433
1.2921224936582376
0.704355236659416
0.39061843702225746
0.704355236659416
0.8823358412641803
0.9784501269784661
0.7250440435474849
0.6410544266570342
0.6234970153835478
0.6030133688978137
0.48640373219820043
0.704355236659416
0.7749700912510449
0.47224888728355746
0.7250440435474849
0.7491809849168986
0.6410544266570342
0.9303929841213231
3.0310667168124947
0.7319403125101746
3.6107463969292954
1.8189986494396864
0.3938649145362509
0.6469068970815296
0.6205707801713
1.0024786984070375
0.6733220263273129
0.7078033711407609
0.5193967523343054
0.6974589676967266
0.5193967523343054
2.432334297989782
0.6586118379305207
0.6147183097468045
2.0672535548052013
0.46011616307100633
0.704355236659416
0.7181477745847954
1.0792665868670128
0.7711749648972542
0.8243067338503228
0.5942346632610704
0.5913084280488227
0.561311146939993
0.6703167787795116
0.7526291193982434
0.6644643083550161
0.7422847159542089
0.5465178311968091
0.7009071021780714
1.9504277169861357
0.5884322258024967
1.3801584531493292
0.6527593675060251
0.756077253879588
0.843890126978466
0.7597895858358823
0.8394872392654853
0.6974589676967266
0.6644643083550161
0.9400044126927518
2.1256664737147344
2.636779514173148
0.6205707801713
0.8015359757275792
0.6498331322937774
0.5005585771128434
1.182545946426967
0.7673798385434636
0.7977408493737886
0.6293494858080433
0.7673798385434636
0.8318969865579041
0.5859666731786327
1.3332136988699639
0.5859666731786327
1.4873447276591332
0.738836581472864
0.6767701608086577
0.7457328504355537
0.9207815555498946
0.6439806618692819
0.6767701608086577
1.1396615599370308
0.7078033711407609
0.8823358412641803
0.6147183097468045
0.7078033711407609
0.6088658393223091
0.6088658393223091
0.738836581472864
0.553914489068401
1.9942374061682853
0.9592272698356089
0.5942346632610704
0.812921354788951
0.7009071021780714
0.6117920745345568
0.6293494858080433
0.9207815555498946
2.052650325077818
0.5465178311968091
0.5785700153070408
0.7673798385434636
0.6498331322937774
0.5736389100593128
0.7422847159542089
1.0853060841740148
0.7635847121896729
