806.0
725.0
741.0
742.0
741.0
824.0
789.0
734.0
744.0
723.0
701.0
744.0
717.0
698.0
724.0
702.0
625.0
743.0
689.0
680.0
657.0
698.0
688.0
658.0
697.0
752.0
675.0
733.0
703.0
730.0
604.0
717.0
700.0
754.0
703.0
751.0
709.0
841.0
676.0
698.0
774.0
682.0
779.0
745.0
762.0
701.0
619.0
715.0
630.0
694.0
685.0
786.0
693.0
871.0
706.0
680.0
982.0
779.0
745.0
703.0
732.0
744.0
762.0
770.0
653.0
737.0
702.0
800.0
742.0
695.0
906.0
717.0
697.0
775.0
708.0
779.0
741.0
736.0
708.0
626.0
736.0
728.0
754.0
700.0
748.0
751.0
704.0
680.0
811.0
777.0
673.0
766.0
731.0
738.0
874.0
791.0
697.0
698.0
734.0
698.0
892.0
656.0
697.0
717.0
695.0
762.0
712.0
728.0
885.0
755.0
725.0
720.0
717.0
699.0
830.0
703.0
741.0
777.0
690.0
711.0
698.0
727.0
705.0
638.0
673.0
691.0
757.0
677.0
750.0
730.0
917.0
704.0
778.0
616.0
626.0
781.0
725.0
694.0
812.0
738.0
702.0
730.0
719.0
763.0
720.0
736.0
693.0
744.0
805.0
749.0
658.0
740.0
717.0
702.0
715.0
714.0
725.0
739.0
727.0
714.0
734.0
685.0
701.0
746.0
676.0
714.0
613.0
696.0
731.0
705.0
718.0
701.0
700.0
698.0
786.0
714.0
709.0
762.0
780.0
810.0
763.0
691.0
698.0
706.0
726.0
758.0
710.0
673.0
804.0
667.0
757.0
816.0
711.0
771.0
820.0
735.0
704.0
710.0
752.0
634.0
809.0
798.0
746.0
730.0
731.0
684.0
776.0
670.0
736.0
704.0
744.0
698.0
713.0
739.0
717.0
805.0
854.0
800.0
736.0
734.0
760.0
699.0
732.0
770.0
608.0
730.0
696.0
672.0
717.0
724.0
814.0
702.0
750.0
736.0
789.0
771.0
788.0
715.0
687.0
710.0
690.0
730.0
710.0
734.0
728.0
717.0
737.0
685.0
706.0
632.0
728.0
744.0
819.0
708.0
762.0
693.0
741.0
675.0
665.0
770.0
810.0
800.0
845.0
773.0
703.0
809.0
698.0
678.0
658.0
703.0
682.0
745.0
724.0
702.0
712.0
696.0
760.0
748.0
736.0
741.0
834.0
709.0
736.0
786.0
694.0
800.0
680.0
742.0
769.0
813.0
675.0
731.0
705.0
710.0
713.0
813.0
698.0
705.0
732.0
786.0
723.0
691.0
725.0
698.0
705.0
729.0
733.0
757.0
781.0
678.0
653.0
705.0
738.0
749.0
781.0
733.0
804.0
684.0
725.0
701.0
701.0
859.0
780.0
729.0
756.0
778.0
721.0
763.0
746.0
821.0
689.0
771.0
712.0
744.0
794.0
789.0
782.0
714.0
699.0
731.0
718.0
732.0
778.0
732.0
763.0
610.0
695.0
789.0
723.0
761.0
829.0
707.0
685.0
723.0
723.0
680.0
741.0
733.0
772.0
689.0
808.0
738.0
759.0
837.0
757.0
711.0
775.0
895.0
700.0
756.0
766.0
688.0
622.0
713.0
700.0
747.0
694.0
608.0
759.0
710.0
785.0
705.0
718.0
769.0
736.0
673.0
739.0
683.0
749.0
708.0
721.0
784.0
725.0
724.0
717.0
812.0
947.0
693.0
603.0
690.0
769.0
744.0
745.0
754.0
738.0
820.0
713.0
703.0
736.0
741.0
717.0
782.0
688.0
682.0
739.0
715.0
785.0
602.0
812.0
868.0
776.0
736.0
775.0
717.0
707.0
610.0
748.0
734.0
689.0
746.0
716.0
712.0
715.0
783.0
850.0
705.0
746.0
715.0
693.0
748.0
722.0
757.0
710.0
704.0
722.0
730.0
724.0
708.0
794.0
755.0
591.0
620.0
739.0
764.0
710.0
766.0
752.0
714.0
861.0
661.0
721.0
724.0
710.0
684.0
746.0
720.0
706.0
766.0
758.0
691.0
744.0
723.0
824.0
771.0
727.0
706.0
687.0
722.0
907.0
685.0
684.0
690.0
759.0
701.0
771.0
685.0
699.0
681.0
720.0
720.0
710.0
811.0
869.0
728.0
700.0
715.0
716.0
718.0
785.0
828.0
925.0
825.0
742.0
809.0
673.0
660.0
709.0
733.0
866.0
680.0
712.0
706.0
705.0
727.0
800.0
720.0
727.0
714.0
718.0
695.0
712.0
738.0
685.0
736.0
733.0
707.0
787.0
690.0
621.0
762.0
690.0
790.0
777.0
714.0
715.0
912.0
738.0
703.0
682.0
808.0
770.0
727.0
815.0
749.0
767.0
698.0
714.0
709.0
728.0
714.0
772.0
669.0
658.0
721.0
734.0
682.0
721.0
617.0
709.0
730.0
738.0
674.0
631.0
693.0
895.0
739.0
744.0
722.0
978.0
711.0
686.0
648.0
634.0
680.0
737.0
890.0
670.0
642.0
757.0
630.0
713.0
817.0
680.0
752.0
653.0
713.0
692.0
699.0
650.0
824.0
702.0
765.0
702.0
702.0
610.0
707.0
800.0
713.0
734.0
692.0
683.0
664.0
727.0
683.0
752.0
673.0
682.0
818.0
751.0
730.0
642.0
722.0
687.0
720.0
720.0
765.0
694.0
776.0
754.0
649.0
688.0
739.0
