763.0
733.0
764.0
743.0
708.0
680.0
706.0
628.0
674.0
756.0
765.0
850.0
741.0
802.0
762.0
765.0
781.0
820.0
837.0
753.0
884.0
730.0
668.0
760.0
735.0
774.0
893.0
749.0
731.0
750.0
807.0
760.0
770.0
799.0
793.0
645.0
852.0
729.0
754.0
761.0
618.0
759.0
664.0
733.0
916.0
797.0
733.0
740.0
860.0
809.0
786.0
788.0
714.0
717.0
608.0
682.0
756.0
814.0
769.0
741.0
879.0
790.0
778.0
796.0
710.0
777.0
797.0
596.0
1002.0
772.0
725.0
704.0
773.0
734.0
908.0
689.0
731.0
746.0
740.0
972.0
796.0
759.0
754.0
874.0
930.0
771.0
722.0
720.0
831.0
811.0
763.0
784.0
845.0
802.0
751.0
721.0
746.0
730.0
749.0
757.0
599.0
760.0
761.0
765.0
792.0
775.0
669.0
832.0
726.0
893.0
832.0
726.0
878.0
829.0
734.0
773.0
855.0
746.0
868.0
725.0
857.0
813.0
815.0
734.0
594.0
767.0
754.0
712.0
808.0
983.0
779.0
756.0
730.0
773.0
822.0
835.0
822.0
798.0
767.0
592.0
756.0
739.0
789.0
710.0
843.0
771.0
764.0
784.0
738.0
847.0
784.0
696.0
739.0
772.0
796.0
746.0
741.0
725.0
827.0
725.0
739.0
736.0
769.0
875.0
784.0
720.0
861.0
761.0
752.0
752.0
809.0
711.0
913.0
866.0
931.0
787.0
725.0
778.0
758.0
756.0
749.0
739.0
726.0
835.0
870.0
777.0
776.0
813.0
807.0
754.0
906.0
744.0
781.0
765.0
768.0
759.0
761.0
794.0
841.0
742.0
651.0
742.0
762.0
757.0
725.0
761.0
822.0
745.0
745.0
826.0
814.0
759.0
674.0
796.0
759.0
780.0
737.0
761.0
798.0
868.0
821.0
750.0
706.0
709.0
789.0
733.0
715.0
744.0
611.0
880.0
762.0
716.0
888.0
801.0
741.0
587.0
814.0
759.0
717.0
628.0
687.0
748.0
729.0
731.0
740.0
776.0
788.0
738.0
731.0
778.0
701.0
748.0
808.0
742.0
849.0
683.0
766.0
763.0
628.0
817.0
761.0
767.0
722.0
624.0
837.0
784.0
707.0
792.0
783.0
781.0
818.0
733.0
810.0
741.0
777.0
582.0
990.0
774.0
782.0
619.0
862.0
740.0
775.0
828.0
784.0
751.0
797.0
696.0
811.0
742.0
788.0
762.0
747.0
720.0
747.0
780.0
800.0
789.0
753.0
742.0
886.0
797.0
779.0
756.0
813.0
774.0
749.0
868.0
828.0
805.0
628.0
731.0
756.0
781.0
751.0
806.0
763.0
747.0
803.0
758.0
813.0
843.0
815.0
853.0
715.0
677.0
744.0
769.0
715.0
756.0
789.0
808.0
852.0
790.0
736.0
730.0
759.0
663.0
989.0
782.0
726.0
773.0
740.0
725.0
776.0
722.0
797.0
919.0
791.0
742.0
767.0
741.0
734.0
757.0
639.0
785.0
740.0
865.0
752.0
763.0
753.0
759.0
854.0
642.0
837.0
749.0
782.0
730.0
777.0
763.0
853.0
778.0
724.0
802.0
716.0
794.0
755.0
817.0
738.0
744.0
765.0
576.0
766.0
834.0
576.0
744.0
746.0
805.0
757.0
762.0
779.0
907.0
722.0
584.0
806.0
917.0
709.0
802.0
801.0
825.0
760.0
740.0
732.0
791.0
673.0
733.0
666.0
784.0
844.0
803.0
774.0
754.0
762.0
736.0
748.0
739.0
612.0
738.0
785.0
814.0
755.0
769.0
748.0
788.0
784.0
738.0
606.0
820.0
576.0
769.0
745.0
713.0
830.0
795.0
788.0
720.0
803.0
733.0
711.0
1028.0
747.0
789.0
747.0
726.0
730.0
804.0
737.0
777.0
930.0
782.0
685.0
757.0
734.0
745.0
748.0
669.0
736.0
828.0
722.0
746.0
792.0
761.0
727.0
770.0
757.0
727.0
722.0
791.0
721.0
822.0
750.0
747.0
635.0
740.0
804.0
713.0
820.0
740.0
718.0
758.0
715.0
785.0
786.0
730.0
720.0
747.0
857.0
793.0
763.0
626.0
770.0
752.0
761.0
736.0
714.0
718.0
637.0
776.0
765.0
765.0
770.0
747.0
722.0
796.0
672.0
735.0
662.0
772.0
765.0
740.0
731.0
801.0
725.0
590.0
876.0
862.0
839.0
788.0
798.0
785.0
759.0
585.0
694.0
618.0
725.0
765.0
721.0
1033.0
774.0
774.0
818.0
742.0
736.0
741.0
715.0
785.0
772.0
750.0
765.0
