671.0
660.0
689.0
851.0
693.0
626.0
693.0
662.0
693.0
657.0
650.0
653.0
686.0
724.0
710.0
743.0
761.0
653.0
670.0
758.0
744.0
717.0
706.0
694.0
650.0
654.0
675.0
711.0
686.0
646.0
865.0
689.0
668.0
662.0
693.0
693.0
626.0
700.0
710.0
665.0
718.0
706.0
665.0
789.0
693.0
694.0
685.0
702.0
690.0
756.0
663.0
681.0
684.0
693.0
670.0
694.0
763.0
791.0
695.0
693.0
656.0
667.0
689.0
667.0
727.0
656.0
714.0
746.0
754.0
697.0
731.0
685.0
672.0
661.0
661.0
732.0
682.0
789.0
684.0
646.0
742.0
573.0
699.0
645.0
744.0
659.0
788.0
576.0
641.0
680.0
717.0
673.0
672.0
680.0
762.0
665.0
741.0
659.0
693.0
666.0
684.0
669.0
676.0
659.0
627.0
730.0
720.0
665.0
633.0
735.0
693.0
701.0
691.0
749.0
656.0
702.0
661.0
668.0
718.0
723.0
838.0
653.0
758.0
885.0
665.0
692.0
647.0
696.0
733.0
666.0
778.0
663.0
661.0
709.0
669.0
723.0
721.0
755.0
795.0
669.0
772.0
661.0
655.0
658.0
597.0
753.0
660.0
694.0
804.0
837.0
571.0
722.0
652.0
666.0
680.0
714.0
672.0
702.0
646.0
685.0
688.0
666.0
706.0
652.0
814.0
666.0
650.0
620.0
669.0
659.0
676.0
799.0
645.0
697.0
704.0
632.0
674.0
827.0
702.0
701.0
789.0
701.0
772.0
693.0
685.0
693.0
696.0
701.0
754.0
828.0
672.0
688.0
714.0
709.0
698.0
754.0
789.0
560.0
802.0
669.0
736.0
714.0
692.0
886.0
742.0
729.0
690.0
734.0
676.0
660.0
744.0
668.0
706.0
680.0
693.0
679.0
661.0
829.0
571.0
675.0
652.0
669.0
698.0
724.0
664.0
651.0
710.0
662.0
707.0
788.0
706.0
744.0
674.0
706.0
680.0
685.0
722.0
765.0
686.0
839.0
682.0
648.0
695.0
665.0
666.0
666.0
684.0
717.0
803.0
648.0
719.0
650.0
741.0
871.0
703.0
737.0
660.0
766.0
726.0
755.0
746.0
650.0
725.0
709.0
672.0
714.0
726.0
837.0
685.0
716.0
661.0
690.0
658.0
677.0
738.0
854.0
669.0
682.0
666.0
800.0
684.0
677.0
650.0
633.0
957.0
739.0
676.0
576.0
746.0
805.0
682.0
796.0
691.0
670.0
759.0
723.0
733.0
737.0
682.0
683.0
603.0
670.0
730.0
621.0
650.0
678.0
644.0
550.0
804.0
730.0
669.0
677.0
676.0
698.0
646.0
680.0
708.0
648.0
829.0
586.0
693.0
650.0
754.0
641.0
712.0
739.0
730.0
751.0
673.0
649.0
654.0
619.0
686.0
660.0
672.0
769.0
666.0
795.0
681.0
754.0
699.0
606.0
674.0
681.0
650.0
699.0
719.0
660.0
714.0
800.0
751.0
697.0
698.0
660.0
738.0
699.0
704.0
706.0
599.0
584.0
738.0
658.0
662.0
654.0
712.0
669.0
652.0
693.0
698.0
666.0
737.0
725.0
629.0
690.0
772.0
643.0
674.0
718.0
613.0
750.0
614.0
725.0
676.0
663.0
581.0
681.0
668.0
693.0
706.0
657.0
638.0
914.0
660.0
677.0
659.0
685.0
720.0
672.0
694.0
598.0
642.0
660.0
681.0
717.0
721.0
652.0
658.0
651.0
757.0
667.0
691.0
708.0
698.0
841.0
640.0
726.0
663.0
669.0
774.0
657.0
722.0
688.0
693.0
669.0
710.0
680.0
692.0
786.0
641.0
690.0
773.0
722.0
696.0
678.0
690.0
654.0
760.0
720.0
687.0
750.0
721.0
557.0
749.0
740.0
641.0
666.0
699.0
613.0
875.0
759.0
674.0
741.0
673.0
669.0
672.0
841.0
605.0
767.0
672.0
659.0
674.0
670.0
683.0
637.0
754.0
688.0
669.0
632.0
626.0
684.0
714.0
672.0
698.0
821.0
669.0
660.0
709.0
777.0
685.0
661.0
717.0
609.0
616.0
821.0
687.0
754.0
673.0
762.0
690.0
711.0
734.0
660.0
674.0
685.0
858.0
755.0
672.0
877.0
732.0
678.0
686.0
672.0
689.0
828.0
792.0
646.0
653.0
605.0
826.0
700.0
758.0
784.0
684.0
769.0
680.0
627.0
694.0
662.0
672.0
739.0
577.0
658.0
657.0
796.0
710.0
693.0
725.0
686.0
660.0
644.0
647.0
675.0
605.0
858.0
669.0
689.0
712.0
820.0
694.0
720.0
710.0
859.0
730.0
680.0
670.0
646.0
561.0
814.0
874.0
682.0
653.0
696.0
709.0
649.0
640.0
638.0
663.0
669.0
667.0
834.0
725.0
653.0
653.0
808.0
701.0
680.0
708.0
651.0
703.0
625.0
646.0
705.0
710.0
718.0
656.0
709.0
670.0
722.0
662.0
692.0
692.0
855.0
694.0
572.0
687.0
632.0
683.0
697.0
668.0
690.0
726.0
679.0
708.0
703.0
695.0
723.0
669.0
646.0
628.0
650.0
715.0
674.0
798.0
656.0
693.0
660.0
685.0
636.0
721.0
674.0
727.0
706.0
708.0
678.0
731.0
645.0
665.0
728.0
754.0
737.0
702.0
685.0
720.0
608.0
792.0
772.0
689.0
722.0
681.0
702.0
760.0
736.0
