0.630113584954609
0.9270361131757632
0.39735845939885184
0.7625383232291804
0.6665862990854365
0.7833345645743832
0.4469678643584403
1.3011879863021283
0.6833324955802554
1.0851581769616894
0.9521405907877034
0.37493179273218513
0.9872868594444199
0.7833345645743832
0.766697571498221
0.8617644713847183
0.9320570086981512
0.48061627646146604
0.7583790749601398
0.3241677504732924
0.3404292286296211
1.109203923923805
0.9119734266085989
0.7439130040548316
0.8332455438028701
0.8416808892951662
0.4197851260655185
0.3100499059206653
1.0851581769616894
0.5798233623926817
0.8416808892951662
1.013020936075342
4.102657429346576
1.115215360664334
0.9320570086981512
0.7625383232291804
0.766697571498221
0.4827193022179051
0.6422711563315515
0.8969107400414348
0.7583790749601398
0.6118772278891953
1.6161654101888603
1.9755517716918605
0.8868689489966588
0.8969107400414348
0.7510401226988994
0.8918898445190467
0.766697571498221
1.1633068545885656
0.30581455255487716
0.73322232608873
1.127238234145392
1.3432555144388523
0.7708568197672615
7.382734646041747
0.7546036820209333
1.115215360664334
1.4866230560696752
0.8166085507267078
0.9019316355638229
0.7474765633768655
1.2310754394075891
0.8416808892951662
1.4626743137820624
0.8567435758623303
0.7833345645743832
0.6975867328683911
1.0551009932590445
2.2954895202652645
0.7833345645743832
1.103192487183276
1.1633068545885656
0.7708568197672615
0.8290862955338296
0.47010114767927047
0.6027590493564884
0.7474765633768655
1.8882960220809315
0.8617644713847183
0.40943435683474927
1.4546913996861914
1.1819966565814115
0.5693009976757596
0.8918898445190467
0.7583790749601398
0.9872868594444199
1.0851581769616894
0.9169943221309872
0.7833345645743832
0.7154045294785605
0.3326384572048687
1.115215360664334
1.013020936075342
0.8124493024576672
0.8918898445190467
1.0671238667401024
0.6605075133969653
0.8124493024576672
0.41460974145013385
0.9420987997429274
0.8667853669071065
0.8374047920719107
2.120978021043408
0.9471196952653154
1.2521092034759511
0.804130805919586
0.7474765633768655
0.7625383232291804
0.8567435758623303
0.7791753163053426
0.6696256919296721
0.8918898445190467
1.5968431815846098
0.4111594850398775
2.6735977685792887
1.002349546011584
0.7583790749601398
0.8718062624294947
0.9872868594444199
0.9521405907877034
0.8467017848175542
0.6975867328683911
1.3828451728233535
0.7833345645743832
1.0551009932590445
0.7750160680363021
0.992307754966808
0.9672032773548677
0.8207677989957485
1.422759743302708
1.1572954178480366
1.5485376100739836
1.0551009932590445
0.6833324955802554
0.7225316481226283
1.115215360664334
1.4546913996861914
0.8332455438028701
0.6762053769361875
0.6868960549022893
2.0773501462379436
0.9822659639220318
0.8818480534742706
0.7225316481226283
0.766697571498221
0.8124493024576672
1.2100416753392274
0.9220152176533752
1.0791467402211603
0.9019316355638229
1.002349546011584
0.566670406496529
0.7439130040548316
0.8467017848175542
0.7625383232291804
0.6605075133969653
0.7916530611124644
0.6392317634873159
1.1890079112708654
0.9722241728772558
0.7403494447327976
0.9722241728772558
0.9822659639220318
0.8332455438028701
0.9672032773548677
1.1212267974048629
0.7750160680363021
1.0731353034806315
0.5877151359303733
0.8416808892951662
0.5936408708237815
0.9471196952653154
0.6904596142243232
0.3269913193838178
1.259120458165405
0.729658766766696
0.7750160680363021
1.3152104956810362
0.6270741921103734
0.9320570086981512
0.9772450683996439
0.7403494447327976
0.906952531086211
1.0250438095564
0.7047138515124588
1.0551009932590445
1.0310552462969287
0.6392317634873159
1.127238234145392
1.6258265244909853
0.7082774108344927
0.7225316481226283
0.8617644713847183
1.127238234145392
0.7474765633768655
0.7367858854107638
1.109203923923805
0.7403494447327976
0.6975867328683911
0.8667853669071065
0.7833345645743832
0.3326384572048687
1.0490895565185157
1.1512839811075077
0.9471196952653154
0.9672032773548677
0.9119734266085989
0.73322232608873
0.9119734266085989
1.5195542671676079
1.002349546011584
0.7225316481226283
1.567859838678234
0.694023173546357
0.7583790749601398
0.8868689489966588
1.0073704415339721
0.3255795349285551
0.7999715576505455
0.8517226803399424
0.7999715576505455
0.5906014779795459
0.694023173546357
0.8124493024576672
0.729658766766696
0.7750160680363021
0.4427618128455621
0.49113140524366156
0.7958123093815048
0.7833345645743832
0.6762053769361875
0.5456256770626847
0.6027590493564884
0.7625383232291804
0.4637920704099532
0.9471196952653154
0.906952531086211
0.7510401226988994
0.7225316481226283
0.6453105491757871
0.9471196952653154
0.694023173546357
1.1212267974048629
0.8567435758623303
0.41460974145013385
0.73322232608873
0.4553799673841967
0.8818480534742706
0.6635469062412008
1.002349546011584
0.7047138515124588
1.3222217503704903
0.7225316481226283
0.73322232608873
0.9320570086981512
0.7874938128434238
0.8166085507267078
0.6975867328683911
0.8969107400414348
0.8918898445190467
0.7546036820209333
0.6696256919296721
1.4387255714944498
0.7189680888005944
0.8124493024576672
0.8667853669071065
0.6904596142243232
1.2030304206497733
0.992307754966808
0.694023173546357
0.9420987997429274
1.0791467402211603
0.8467017848175542
0.8332455438028701
0.31993239710750426
0.7546036820209333
0.9119734266085989
0.7874938128434238
1.5775209529803593
0.7625383232291804
0.6361923706430803
1.1819966565814115
1.1452725443669787
0.8467017848175542
0.7225316481226283
1.109203923923805
0.8718062624294947
0.7583790749601398
0.7874938128434238
0.804130805919586
0.7833345645743832
0.7510401226988994
0.8667853669071065
0.7999715576505455
0.9772450683996439
0.7474765633768655
0.9420987997429274
0.8768271579518826
0.9571614863100916
0.7625383232291804
0.8517226803399424
0.7833345645743832
0.73322232608873
0.8517226803399424
0.9571614863100916
0.8969107400414348
0.4469678643584403
0.9270361131757632
0.9420987997429274
0.8416808892951662
1.3362442597493982
0.9571614863100916
0.5997196565122528
0.9220152176533752
1.0851581769616894
0.30581455255487716
0.9672032773548677
0.9872868594444199
2.8044813929956813
0.9320570086981512
0.8416808892951662
0.8207677989957485
0.6513893348642583
0.7625383232291804
1.013020936075342
0.8082900541886266
1.5871820672824846
0.9370779042205394
0.3421543568347493
0.729658766766696
0.6544287277084939
1.103192487183276
0.7474765633768655
0.7958123093815048
0.7750160680363021
0.7916530611124644
0.7047138515124588
1.2030304206497733
1.3362442597493982
1.2731429675443129
1.5025888842614168
0.7833345645743832
1.4467084855903207
0.8868689489966588
0.9220152176533752
0.7047138515124588
0.8868689489966588
0.7225316481226283
0.8667853669071065
1.1512839811075077
0.6574681205527297
0.7118409701565265
0.8718062624294947
1.6065042958867353
0.9320570086981512
0.6179560135776665
1.9900943966270153
0.7047138515124588
0.7958123093815048
0.7546036820209333
0.7999715576505455
0.8718062624294947
1.002349546011584
0.6513893348642583
0.9220152176533752
1.1572954178480366
0.9571614863100916
0.73322232608873
0.36458102350141597
0.9019316355638229
0.9420987997429274
2.644512518708979
0.31569704374171614
1.127238234145392
0.6209954064219021
0.6422711563315515
0.7750160680363021
0.7047138515124588
1.0611124299995733
0.9370779042205394
1.1392611076264498
0.9722241728772558
1.0073704415339721
0.7367858854107638
0.8667853669071065
0.7791753163053426
0.35940563888603133
0.7439130040548316
0.9571614863100916
3.3425585155964073
1.567859838678234
0.9672032773548677
0.7189680888005944
0.7510401226988994
3.255302765985479
0.7999715576505455
1.109203923923805
0.9722241728772558
0.804130805919586
0.6762053769361875
0.5798233623926817
0.7958123093815048
0.7118409701565265
0.9320570086981512
0.8517226803399424
1.7864976475348486
1.5388764957718584
2.4554583945519672
1.115215360664334
0.7260952074446622
0.9019316355638229
0.3870076901680826
0.7833345645743832
0.997328650489196
0.8416808892951662
0.6696256919296721
0.7189680888005944
0.9220152176533752
1.5968431815846098
0.9872868594444199
0.7791753163053426
1.1392611076264498
0.8290862955338296
3.1535043914393954
0.6726650847739077
1.2030304206497733
2.8335666428659905
0.73322232608873
1.6644709816994865
0.8617644713847183
1.1753297280696233
0.9119734266085989
1.109203923923805
1.2310754394075891
0.8667853669071065
0.7833345645743832
0.7474765633768655
1.3081992409915824
0.6483499420200228
0.6149166207334308
0.8567435758623303
1.5871820672824846
0.73322232608873
0.5966802636680171
0.9621823818324796
0.8290862955338296
0.8207677989957485
0.7708568197672615
0.8768271579518826
2.6735977685792887
1.7428697727293843
1.3509135164398702
0.4469678643584403
0.6331529777988446
0.7750160680363021
0.73322232608873
1.0551009932590445
0.6635469062412008
0.7546036820209333
0.7916530611124644
0.31146169037592797
0.6833324955802554
1.0310552462969287
1.1512839811075077
0.8207677989957485
0.6696256919296721
1.3081992409915824
0.8918898445190467
1.3011879863021283
0.8617644713847183
0.7082774108344927
0.5798233623926817
0.31287347483119066
1.0250438095564
0.7625383232291804
0.9270361131757632
0.9019316355638229
0.7750160680363021
0.421731555281171
0.7750160680363021
0.7999715576505455
0.8818480534742706
0.694023173546357
0.7367858854107638
1.4786401419738042
0.6797689362582215
0.7510401226988994
0.48902837948722244
0.6904596142243232
1.0073704415339721
0.7833345645743832
0.8969107400414348
2.8335666428659905
0.7367858854107638
0.9420987997429274
0.8667853669071065
0.8868689489966588
0.7625383232291804
1.5485376100739836
0.9571614863100916
0.7510401226988994
0.9019316355638229
1.0671238667401024
1.0671238667401024
0.8567435758623303
0.6833324955802554
1.0310552462969287
1.224064184718135
0.9270361131757632
0.8249270472647889
0.6513893348642583
0.7011502921904249
0.73322232608873
0.7011502921904249
0.3956333311937236
0.8918898445190467
0.566670406496529
1.0551009932590445
0.73322232608873
1.0611124299995733
0.8166085507267078
0.729658766766696
1.3362442597493982
0.9772450683996439
0.3870076901680826
0.8918898445190467
1.510571798357288
0.7260952074446622
0.7225316481226283
0.7708568197672615
0.6361923706430803
0.9270361131757632
1.0250438095564
0.8166085507267078
0.9872868594444199
0.7833345645743832
0.7958123093815048
1.266131712854859
1.0250438095564
1.3908280869192244
0.6868960549022893
0.8818480534742706
0.7189680888005944
0.7189680888005944
1.1890079112708654
0.6635469062412008
0.32981488829434324
1.7864976475348486
0.766697571498221
0.7082774108344927
0.9019316355638229
1.103192487183276
