720.0
726.0
729.0
719.0
684.0
737.0
693.0
660.0
708.0
635.0
702.0
758.0
729.0
704.0
698.0
645.0
683.0
660.0
661.0
705.0
706.0
745.0
670.0
613.0
694.0
680.0
804.0
588.0
692.0
840.0
706.0
843.0
807.0
752.0
630.0
674.0
709.0
636.0
754.0
592.0
668.0
681.0
774.0
706.0
642.0
762.0
702.0
673.0
698.0
665.0
670.0
750.0
696.0
672.0
751.0
706.0
721.0
729.0
774.0
714.0
840.0
727.0
740.0
677.0
668.0
685.0
687.0
674.0
713.0
658.0
698.0
690.0
676.0
563.0
885.0
674.0
704.0
791.0
611.0
728.0
686.0
681.0
672.0
759.0
673.0
674.0
720.0
678.0
681.0
714.0
731.0
676.0
571.0
697.0
776.0
669.0
689.0
663.0
698.0
798.0
703.0
720.0
852.0
676.0
746.0
594.0
676.0
777.0
685.0
762.0
720.0
757.0
706.0
690.0
741.0
690.0
698.0
679.0
684.0
668.0
667.0
720.0
676.0
733.0
787.0
642.0
721.0
694.0
661.0
841.0
676.0
707.0
741.0
590.0
718.0
709.0
728.0
745.0
707.0
731.0
696.0
715.0
727.0
680.0
702.0
764.0
705.0
703.0
704.0
731.0
692.0
776.0
704.0
571.0
725.0
713.0
638.0
566.0
696.0
691.0
811.0
670.0
697.0
707.0
692.0
687.0
740.0
734.0
724.0
695.0
583.0
686.0
664.0
582.0
656.0
746.0
674.0
770.0
728.0
718.0
713.0
593.0
749.0
741.0
685.0
670.0
800.0
682.0
687.0
701.0
694.0
698.0
740.0
710.0
733.0
681.0
708.0
686.0
738.0
710.0
773.0
706.0
696.0
717.0
674.0
707.0
717.0
750.0
829.0
659.0
685.0
678.0
726.0
698.0
617.0
702.0
693.0
733.0
685.0
709.0
701.0
693.0
814.0
682.0
839.0
690.0
827.0
681.0
683.0
658.0
765.0
690.0
688.0
587.0
682.0
660.0
786.0
926.0
692.0
741.0
587.0
695.0
674.0
618.0
693.0
728.0
768.0
676.0
704.0
693.0
668.0
711.0
680.0
914.0
693.0
674.0
727.0
677.0
667.0
569.0
805.0
584.0
804.0
714.0
691.0
724.0
735.0
676.0
702.0
658.0
783.0
778.0
814.0
797.0
891.0
765.0
728.0
692.0
731.0
696.0
599.0
693.0
694.0
657.0
685.0
686.0
741.0
686.0
670.0
790.0
665.0
605.0
689.0
724.0
722.0
708.0
669.0
673.0
686.0
653.0
755.0
689.0
690.0
698.0
706.0
681.0
642.0
562.0
621.0
738.0
680.0
705.0
659.0
712.0
666.0
667.0
677.0
710.0
731.0
756.0
573.0
746.0
757.0
730.0
673.0
681.0
694.0
702.0
677.0
676.0
686.0
840.0
606.0
663.0
650.0
750.0
749.0
709.0
695.0
744.0
890.0
668.0
732.0
660.0
685.0
710.0
762.0
670.0
651.0
648.0
772.0
747.0
706.0
790.0
674.0
730.0
744.0
749.0
730.0
669.0
715.0
682.0
687.0
698.0
695.0
713.0
708.0
697.0
777.0
557.0
692.0
713.0
655.0
668.0
645.0
737.0
666.0
566.0
737.0
661.0
739.0
757.0
654.0
688.0
677.0
764.0
680.0
825.0
682.0
741.0
656.0
666.0
669.0
666.0
704.0
697.0
662.0
686.0
756.0
653.0
699.0
709.0
718.0
734.0
660.0
693.0
698.0
661.0
759.0
709.0
700.0
646.0
688.0
895.0
572.0
660.0
689.0
688.0
692.0
684.0
719.0
706.0
738.0
685.0
709.0
757.0
713.0
681.0
737.0
709.0
757.0
770.0
670.0
684.0
676.0
701.0
749.0
683.0
662.0
647.0
673.0
562.0
565.0
801.0
687.0
649.0
670.0
713.0
823.0
681.0
674.0
694.0
805.0
706.0
706.0
725.0
670.0
670.0
758.0
591.0
686.0
662.0
699.0
621.0
740.0
757.0
573.0
780.0
693.0
664.0
572.0
680.0
759.0
676.0
692.0
791.0
654.0
661.0
662.0
804.0
665.0
644.0
690.0
858.0
656.0
702.0
690.0
653.0
703.0
580.0
669.0
682.0
634.0
711.0
676.0
681.0
754.0
692.0
733.0
670.0
577.0
695.0
708.0
676.0
756.0
666.0
716.0
682.0
681.0
673.0
679.0
804.0
858.0
692.0
695.0
661.0
672.0
758.0
890.0
702.0
661.0
753.0
753.0
731.0
704.0
718.0
727.0
698.0
706.0
682.0
702.0
682.0
783.0
659.0
685.0
677.0
762.0
749.0
642.0
672.0
707.0
665.0
689.0
712.0
685.0
654.0
694.0
694.0
688.0
718.0
718.0
708.0
691.0
693.0
764.0
708.0
692.0
722.0
557.0
680.0
770.0
661.0
746.0
685.0
708.0
816.0
724.0
808.0
680.0
749.0
780.0
721.0
690.0
690.0
711.0
697.0
701.0
668.0
638.0
667.0
679.0
677.0
714.0
676.0
646.0
694.0
724.0
696.0
687.0
768.0
721.0
