690.0
654.0
749.0
816.0
693.0
634.0
704.0
693.0
666.0
706.0
770.0
643.0
688.0
642.0
661.0
630.0
675.0
677.0
651.0
682.0
675.0
772.0
701.0
720.0
766.0
613.0
667.0
692.0
701.0
706.0
616.0
654.0
728.0
672.0
806.0
664.0
589.0
650.0
693.0
648.0
861.0
664.0
682.0
694.0
721.0
657.0
717.0
674.0
600.0
687.0
721.0
682.0
670.0
656.0
672.0
644.0
749.0
766.0
672.0
640.0
739.0
639.0
789.0
749.0
921.0
664.0
618.0
816.0
682.0
764.0
652.0
773.0
684.0
666.0
693.0
975.0
739.0
672.0
718.0
621.0
652.0
700.0
651.0
813.0
677.0
677.0
669.0
709.0
669.0
658.0
665.0
697.0
766.0
679.0
708.0
774.0
662.0
641.0
691.0
710.0
750.0
643.0
685.0
733.0
706.0
668.0
651.0
672.0
708.0
759.0
689.0
675.0
658.0
605.0
699.0
808.0
679.0
705.0
629.0
758.0
669.0
650.0
694.0
660.0
744.0
677.0
664.0
791.0
673.0
672.0
717.0
672.0
611.0
701.0
737.0
672.0
735.0
667.0
696.0
636.0
645.0
730.0
715.0
749.0
764.0
708.0
873.0
746.0
694.0
706.0
753.0
729.0
676.0
746.0
682.0
722.0
666.0
741.0
721.0
741.0
661.0
798.0
725.0
670.0
744.0
674.0
651.0
663.0
597.0
702.0
781.0
656.0
687.0
714.0
658.0
789.0
665.0
659.0
652.0
650.0
685.0
669.0
656.0
697.0
650.0
690.0
749.0
681.0
706.0
650.0
662.0
761.0
769.0
690.0
633.0
710.0
770.0
675.0
660.0
694.0
725.0
747.0
850.0
666.0
700.0
1139.0
645.0
841.0
734.0
688.0
674.0
714.0
774.0
666.0
677.0
708.0
665.0
688.0
714.0
729.0
704.0
753.0
657.0
684.0
642.0
680.0
688.0
639.0
772.0
665.0
772.0
669.0
647.0
701.0
701.0
813.0
661.0
677.0
658.0
746.0
623.0
750.0
674.0
850.0
672.0
706.0
688.0
862.0
792.0
724.0
722.0
689.0
628.0
676.0
676.0
706.0
663.0
741.0
668.0
642.0
590.0
715.0
783.0
680.0
678.0
614.0
735.0
665.0
615.0
680.0
699.0
642.0
699.0
704.0
682.0
654.0
602.0
689.0
782.0
641.0
700.0
624.0
693.0
653.0
670.0
699.0
692.0
719.0
630.0
677.0
663.0
763.0
781.0
669.0
712.0
672.0
832.0
648.0
678.0
677.0
810.0
657.0
850.0
665.0
720.0
688.0
692.0
739.0
685.0
670.0
779.0
665.0
633.0
751.0
808.0
642.0
654.0
718.0
887.0
669.0
685.0
625.0
666.0
731.0
677.0
719.0
708.0
589.0
672.0
737.0
737.0
769.0
661.0
730.0
680.0
692.0
693.0
612.0
843.0
844.0
683.0
694.0
641.0
780.0
664.0
781.0
684.0
669.0
761.0
673.0
682.0
720.0
813.0
698.0
675.0
648.0
631.0
758.0
647.0
672.0
678.0
697.0
627.0
714.0
681.0
712.0
858.0
764.0
662.0
649.0
710.0
819.0
737.0
650.0
660.0
839.0
753.0
648.0
712.0
664.0
739.0
661.0
656.0
667.0
634.0
682.0
727.0
715.0
746.0
657.0
654.0
730.0
698.0
678.0
690.0
669.0
720.0
749.0
661.0
645.0
823.0
700.0
651.0
772.0
703.0
643.0
709.0
658.0
668.0
665.0
700.0
667.0
819.0
668.0
692.0
665.0
641.0
722.0
688.0
706.0
689.0
673.0
586.0
658.0
678.0
666.0
588.0
871.0
650.0
902.0
657.0
726.0
798.0
698.0
727.0
696.0
699.0
670.0
657.0
669.0
758.0
606.0
675.0
656.0
695.0
667.0
666.0
654.0
647.0
852.0
757.0
681.0
686.0
632.0
673.0
765.0
702.0
713.0
731.0
742.0
660.0
648.0
686.0
669.0
717.0
743.0
800.0
701.0
661.0
697.0
750.0
656.0
672.0
694.0
667.0
682.0
712.0
654.0
734.0
716.0
688.0
586.0
805.0
695.0
698.0
681.0
678.0
726.0
670.0
667.0
648.0
645.0
674.0
666.0
672.0
648.0
666.0
662.0
672.0
681.0
680.0
693.0
652.0
647.0
677.0
696.0
634.0
745.0
777.0
667.0
720.0
594.0
786.0
645.0
682.0
715.0
642.0
698.0
670.0
809.0
666.0
704.0
749.0
686.0
726.0
803.0
676.0
682.0
670.0
752.0
688.0
731.0
