0.7288228640289005
0.7255066179721184
0.7629263472791085
1.0284390799714613
0.6046883816700943
0.6670851558636425
0.36056878318429203
0.7668562538211644
0.732139110085683
0.7155578798017712
0.837594571578174
0.7825758799893888
0.7420878482560299
0.732139110085683
0.8336646650361178
0.7255066179721184
0.7982955061576131
0.9264115839693597
1.8497007787889521
1.1071159927679866
0.916991253529707
0.610114188121707
1.4448801555550923
0.7825758799893888
0.7089253876882066
0.6757629271203833
0.6291045107023523
0.7589964407370523
0.7982955061576131
0.6757629271203833
1.0846368748261224
0.7904356930735009
0.8297347584940616
0.9122810883098806
0.7589964407370523
0.6209658010249329
1.3807428819611935
1.6426649821035015
1.0396786389423935
0.6890279113475126
0.7420878482560299
0.8297347584940616
1.0284390799714613
1.2296770495041827
0.6757629271203833
0.8463387752323114
0.7629263472791085
0.610114188121707
0.6426690268313845
1.011579741515063
0.8557591056719642
0.6890279113475126
0.7089253876882066
0.7589964407370523
0.8140151323258373
0.7056091416314243
0.7629263472791085
0.7255066179721184
0.7056091416314243
0.8463387752323114
1.1576940081371816
0.8258048519520057
0.6956604034610773
1.067777536369724
0.6426690268313845
1.96532201955197
0.7056091416314243
0.6857116652907302
0.36209233390892975
0.8510489404521377
0.39561044985095867
0.7589964407370523
0.6956604034610773
0.6589464461862232
0.916991253529707
0.596549671992675
0.6426690268313845
0.6757629271203833
1.0064843927064082
0.7155578798017712
0.6857116652907302
0.8022254126996692
0.732139110085683
0.6890279113475126
0.639956123605578
0.8218749454099495
0.902860757870228
0.692344157404295
0.9546725752883181
1.2924642747219346
1.1745533465935798
1.748532193121312
0.7188741258585536
0.9688030709477972
0.7454040943128123
0.61553999457332
0.7747160669052766
0.6291045107023523
0.6890279113475126
0.7825758799893888
0.7420878482560299
0.8934404274305753
0.9405420796288391
0.596549671992675
0.6589464461862232
0.6535206397346103
0.6857116652907302
0.7420878482560299
2.5289755682716812
1.3343224248671024
1.7629848482166892
0.4001811020248717
0.7056091416314243
0.6236787042507395
1.0228193004859951
0.7155578798017712
1.3412987832246306
0.4032282034741471
0.702292895574642
0.8510489404521377
0.902860757870228
0.669798059089449
0.7188741258585536
0.8022254126996692
0.8100852257837813
1.0228193004859951
1.2087479744315988
1.3133933497945185
0.8934404274305753
0.9829335666072763
0.7155578798017712
0.8179450388678935
0.7865057865314449
0.7288228640289005
0.7553528324831592
1.2645588412918227
0.6372432203797717
0.6790791731771656
0.4833459581737112
0.6757629271203833
0.7707861603632206
0.9735132361676236
0.9264115839693597
0.6890279113475126
0.7865057865314449
0.6989766495178595
0.9593827405081443
0.7747160669052766
0.6209658010249329
0.5744581761445623
0.7288228640289005
0.47372573396872375
0.7520365864263769
0.36056878318429203
0.5231492465827209
0.8258048519520057
0.7354553561424654
1.6068777480609486
0.7255066179721184
0.837594571578174
0.6236787042507395
0.8258048519520057
0.6074012848959006
0.794365599615557
0.6562335429604168
0.837594571578174
1.2994406330794626
0.7707861603632206
0.650807736508804
0.6823954192339479
0.5721259520735695
0.6643722526378362
0.9452522448486652
0.4333207923077767
0.6757629271203833
0.7188741258585536
0.6589464461862232
0.712241633744989
0.6790791731771656
0.6616593494120296
1.067777536369724
0.7089253876882066
0.7707861603632206
1.0396786389423935
0.7904356930735009
0.669798059089449
0.865179436111617
0.6790791731771656
0.7904356930735009
0.8258048519520057
0.6725109623152555
0.3392390730393645
0.8336646650361178
1.9508693644565929
0.837594571578174
0.6725109623152555
1.0452984184278595
0.7589964407370523
0.8140151323258373
0.7904356930735009
0.9640929057279708
0.6616593494120296
0.9829335666072763
1.0340588594569273
0.9499624100684916
0.6562335429604168
0.7982955061576131
0.865179436111617
0.4794978684917163
1.3727257227619563
0.6757629271203833
0.6426690268313845
0.5721259520735695
1.5710905140183955
0.6857116652907302
0.8336646650361178
0.49489022721969606
1.0284390799714613
1.6158245565715867
0.4062753049234225
1.3273460665095744
0.6890279113475126
0.9688030709477972
0.3529510295611037
1.8641534338843297
0.6670851558636425
0.5992625752184813
1.1689335671081138
0.8698896013314432
0.7387716021992475
0.7288228640289005
0.6670851558636425
0.6790791731771656
0.4032282034741471
0.6535206397346103
1.3133933497945185
0.5208170225117281
0.591123865541062
0.7520365864263769
0.6291045107023523
0.9452522448486652
1.2575824829342945
0.8557591056719642
1.6247713650822253
0.7629263472791085
0.7904356930735009
0.6426690268313845
0.6890279113475126
0.9829335666072763
1.2924642747219346
0.6890279113475126
0.865179436111617
0.865179436111617
0.6562335429604168
0.6128270913475135
1.0228193004859951
0.7056091416314243
0.7420878482560299
0.35904523245965436
0.8840200969909224
0.6209658010249329
0.591123865541062
0.8022254126996692
0.6989766495178595
0.9970640622667554
0.7255066179721184
0.7056091416314243
0.591123865541062
0.4001811020248717
0.596549671992675
1.0902566543115884
0.669798059089449
0.8510489404521377
0.61553999457332
0.6890279113475126
1.0958764337970544
0.6426690268313845
1.6784522161460544
0.9311217491891862
0.7520365864263769
0.8218749454099495
0.8698896013314432
0.7629263472791085
0.389516246952408
0.7904356930735009
0.7420878482560299
0.639956123605578
0.9311217491891862
0.865179436111617
0.645381930057191
0.45448528555874895
0.6643722526378362
0.46218146492273887
0.8297347584940616
0.5511359354346345
1.0284390799714613
1.1071159927679866
0.7487203403695947
0.6589464461862232
0.8416286100124851
0.6426690268313845
1.6068777480609486
1.2715351996493507
0.865179436111617
0.6318174139281588
0.7589964407370523
1.2227006911466547
1.3727257227619563
1.0284390799714613
0.7454040943128123
0.8100852257837813
1.3967772003596683
0.7354553561424654
1.1689335671081138
0.8463387752323114
0.8218749454099495
0.722190371915336
0.8510489404521377
1.1127357722534528
0.6535206397346103
0.8061553192417252
0.7420878482560299
0.6345303171539651
0.596549671992675
0.5837870724285336
0.7520365864263769
0.8557591056719642
0.9264115839693597
0.9640929057279708
0.8934404274305753
0.6589464461862232
1.660558599124778
0.6074012848959006
0.9405420796288391
0.8336646650361178
0.8698896013314432
0.650807736508804
0.6236787042507395
0.6535206397346103
1.5442500884864807
1.067777536369724
0.7089253876882066
0.7155578798017712
0.7589964407370523
0.6790791731771656
0.5767904002155553
0.7420878482560299
0.7056091416314243
0.7354553561424654
0.702292895574642
0.7188741258585536
0.7589964407370523
0.7188741258585536
0.7865057865314449
0.8022254126996692
0.9358319144090126
1.2994406330794626
0.902860757870228
0.6643722526378362
1.388760041160431
2.7891233599884715
0.6480948332829974
0.6989766495178595
1.1127357722534528
0.6426690268313845
0.702292895574642
1.062157756884258
0.5488037113636416
0.7865057865314449
0.6128270913475135
0.37123363825675587
0.8179450388678935
0.7904356930735009
0.5278136947247066
0.7387716021992475
1.067777536369724
0.6535206397346103
0.3362298033462713
0.6209658010249329
0.7155578798017712
0.7387716021992475
0.9122810883098806
0.7520365864263769
0.5464714872926488
0.6890279113475126
1.748532193121312
0.6890279113475126
0.5992625752184813
0.7904356930735009
0.6790791731771656
0.39103979767704566
0.8336646650361178
0.9970640622667554
1.0284390799714613
0.6823954192339479
0.7553528324831592
0.7707861603632206
0.7089253876882066
0.9075709230900544
0.97822340138745
0.7747160669052766
0.7188741258585536
0.6790791731771656
0.7865057865314449
0.6589464461862232
0.6670851558636425
1.0340588594569273
0.6535206397346103
0.8887302622107488
0.6757629271203833
0.8218749454099495
1.0396786389423935
0.9546725752883181
0.9546725752883181
0.8981505926504015
0.7288228640289005
0.6535206397346103
0.722190371915336
0.7056091416314243
0.8698896013314432
0.6616593494120296
1.5800373225290336
0.9688030709477972
0.7056091416314243
0.6535206397346103
0.6890279113475126
0.6589464461862232
0.9546725752883181
0.8061553192417252
0.6670851558636425
0.8336646650361178
1.3566914043634815
0.6263916074765458
0.8887302622107488
0.865179436111617
0.9688030709477972
0.7188741258585536
0.865179436111617
0.6372432203797717
1.0228193004859951
2.052037950124234
0.6956604034610773
0.865179436111617
0.7089253876882066
1.0846368748261224
0.7255066179721184
0.5208170225117281
0.8258048519520057
1.3203697081520465
0.591123865541062
1.0017742274865817
0.8887302622107488
0.6236787042507395
1.1878188993590146
0.7354553561424654
0.579122624286548
0.7589964407370523
0.5511359354346345
1.5442500884864807
0.5161525743697425
0.5045104514246834
1.3727257227619563
0.692344157404295
0.7629263472791085
0.7089253876882066
0.6535206397346103
0.7825758799893888
0.6823954192339479
0.4833459581737112
1.2087479744315988
0.902860757870228
0.8510489404521377
0.5348103669376849
0.6589464461862232
0.7865057865314449
1.0228193004859951
0.7707861603632206
2.1098485705057426
0.645381930057191
0.7553528324831592
0.7589964407370523
0.6670851558636425
2.3844490173179094
0.639956123605578
0.6589464461862232
0.49104213753770115
0.732139110085683
1.1520742286517154
1.0064843927064082
0.6643722526378362
1.0284390799714613
0.7786459734473327
0.6209658010249329
0.8510489404521377
0.794365599615557
0.7056091416314243
0.7255066179721184
0.6956604034610773
0.3651394353582051
1.7196268829305574
0.6019754784442878
0.6989766495178595
0.6616593494120296
0.8179450388678935
1.5442500884864807
0.3468568266625529
0.8140151323258373
1.388760041160431
0.7188741258585536
1.1947952577165426
0.8934404274305753
0.502586406583686
0.7354553561424654
0.7668562538211644
0.7747160669052766
0.9264115839693597
0.7420878482560299
0.7707861603632206
0.879309931771096
0.692344157404295
0.8297347584940616
0.7865057865314449
0.692344157404295
0.7487203403695947
0.6823954192339479
1.3727257227619563
0.7589964407370523
0.7904356930735009
0.8336646650361178
1.5263564714652043
1.660558599124778
0.9264115839693597
0.8745997665512696
0.6074012848959006
0.837594571578174
1.2227006911466547
1.0171995210005291
0.7904356930735009
0.5627970557895984
0.8140151323258373
0.7387716021992475
0.8557591056719642
0.865179436111617
1.0565379773987917
0.650807736508804
0.6757629271203833
1.5710905140183955
0.6426690268313845
0.9264115839693597
0.8022254126996692
0.9217014187495335
0.4833459581737112
0.41846371072052385
1.0509181979133257
