729.0
749.0
1004.0
801.0
813.0
775.0
962.0
658.0
894.0
758.0
816.0
823.0
710.0
830.0
739.0
743.0
724.0
924.0
725.0
834.0
791.0
761.0
769.0
709.0
878.0
757.0
751.0
740.0
781.0
758.0
796.0
906.0
713.0
735.0
770.0
795.0
765.0
769.0
620.0
881.0
759.0
747.0
600.0
709.0
749.0
767.0
716.0
757.0
771.0
784.0
852.0
755.0
731.0
678.0
791.0
876.0
782.0
738.0
840.0
731.0
776.0
729.0
742.0
793.0
681.0
760.0
766.0
811.0
629.0
886.0
827.0
747.0
897.0
722.0
773.0
742.0
715.0
753.0
737.0
717.0
857.0
810.0
724.0
739.0
798.0
755.0
630.0
800.0
854.0
752.0
736.0
721.0
756.0
738.0
644.0
791.0
733.0
797.0
708.0
730.0
741.0
790.0
741.0
810.0
741.0
729.0
727.0
742.0
669.0
706.0
746.0
841.0
600.0
658.0
729.0
893.0
703.0
763.0
794.0
795.0
833.0
853.0
754.0
905.0
802.0
646.0
702.0
741.0
885.0
752.0
609.0
762.0
756.0
730.0
710.0
734.0
729.0
770.0
714.0
715.0
737.0
717.0
741.0
774.0
742.0
720.0
662.0
765.0
800.0
804.0
744.0
715.0
727.0
616.0
793.0
750.0
707.0
675.0
756.0
743.0
717.0
793.0
720.0
853.0
821.0
793.0
735.0
728.0
766.0
752.0
719.0
732.0
699.0
906.0
763.0
763.0
625.0
746.0
746.0
785.0
818.0
676.0
759.0
643.0
757.0
726.0
712.0
708.0
835.0
740.0
770.0
627.0
756.0
754.0
749.0
728.0
721.0
852.0
660.0
660.0
800.0
765.0
739.0
757.0
721.0
809.0
730.0
725.0
722.0
869.0
684.0
717.0
798.0
760.0
783.0
838.0
746.0
684.0
734.0
776.0
703.0
1020.0
670.0
773.0
735.0
638.0
767.0
740.0
710.0
808.0
784.0
815.0
765.0
758.0
822.0
663.0
806.0
715.0
710.0
710.0
806.0
756.0
745.0
807.0
765.0
763.0
752.0
743.0
663.0
642.0
758.0
759.0
746.0
590.0
711.0
736.0
746.0
735.0
692.0
829.0
728.0
783.0
742.0
754.0
813.0
720.0
769.0
749.0
812.0
779.0
902.0
752.0
771.0
743.0
761.0
728.0
793.0
756.0
722.0
765.0
707.0
766.0
745.0
850.0
832.0
665.0
796.0
854.0
832.0
811.0
731.0
930.0
814.0
711.0
857.0
724.0
739.0
748.0
750.0
750.0
808.0
713.0
758.0
771.0
841.0
965.0
949.0
782.0
717.0
861.0
630.0
858.0
789.0
754.0
772.0
840.0
798.0
747.0
720.0
769.0
724.0
733.0
759.0
757.0
763.0
765.0
828.0
925.0
869.0
760.0
805.0
737.0
730.0
736.0
747.0
893.0
748.0
838.0
730.0
734.0
786.0
667.0
772.0
910.0
767.0
858.0
731.0
747.0
734.0
719.0
750.0
864.0
783.0
863.0
746.0
733.0
772.0
763.0
739.0
680.0
722.0
790.0
777.0
709.0
803.0
770.0
698.0
764.0
760.0
588.0
730.0
709.0
733.0
795.0
753.0
725.0
814.0
756.0
760.0
669.0
739.0
834.0
761.0
745.0
639.0
725.0
873.0
823.0
751.0
750.0
749.0
726.0
791.0
734.0
930.0
759.0
764.0
886.0
737.0
779.0
789.0
753.0
784.0
721.0
797.0
730.0
810.0
777.0
771.0
749.0
725.0
797.0
740.0
688.0
733.0
679.0
793.0
702.0
729.0
728.0
733.0
619.0
786.0
735.0
813.0
843.0
776.0
879.0
784.0
761.0
747.0
620.0
755.0
736.0
744.0
737.0
746.0
754.0
802.0
597.0
725.0
963.0
737.0
744.0
753.0
756.0
730.0
847.0
733.0
811.0
759.0
830.0
865.0
727.0
765.0
795.0
742.0
824.0
684.0
714.0
730.0
928.0
710.0
652.0
789.0
728.0
723.0
643.0
717.0
749.0
717.0
788.0
740.0
733.0
741.0
731.0
774.0
809.0
789.0
838.0
748.0
800.0
804.0
722.0
761.0
848.0
784.0
867.0
770.0
778.0
794.0
790.0
800.0
829.0
736.0
729.0
728.0
726.0
797.0
949.0
711.0
766.0
870.0
729.0
901.0
754.0
705.0
801.0
719.0
738.0
829.0
769.0
586.0
769.0
747.0
718.0
773.0
762.0
885.0
777.0
775.0
730.0
851.0
755.0
709.0
777.0
818.0
734.0
824.0
765.0
784.0
756.0
789.0
687.0
746.0
762.0
741.0
750.0
714.0
781.0
754.0
687.0
822.0
890.0
783.0
749.0
786.0
864.0
801.0
