0.65616157013328
0.8513403469112527
1.1290455184900001
0.4378757030129332
1.014171327260669
0.7390235917162685
2.7440614751046173
0.5774408037540982
1.3718536600773472
0.8513403469112527
0.761790616432086
0.6031704656114122
0.7816348825953706
0.6312245797700481
0.7816348825953706
1.0202173373253705
1.7695881604978767
1.5107943792221477
0.7578217631994291
1.0032367948341907
0.7736971761300567
1.4290645444310888
0.8817196364958403
0.6790325083457824
0.982983935111132
0.8918460663573693
0.5464361954591677
0.6343417035654522
0.6436930749516642
0.686531393767093
0.6827819510564377
0.5851919558278309
0.7935414422933414
2.020588862745068
0.6530444463378762
0.49607639505445583
0.724025820873647
0.8133857084566259
0.6530444463378762
0.8054480019913122
0.6592786939286841
0.530933891311702
0.6827819510564377
0.5826082384699202
0.5671059343224548
0.44459116747926275
0.4893609305881263
0.6312245797700481
0.7052786073203701
0.4164461153628757
0.8133857084566259
0.4557836082564786
0.7578217631994291
0.6249903321792402
1.1109074882958951
0.6094047132022201
0.7935414422933414
0.675283065635127
0.7390235917162685
0.761790616432086
1.0625394077782822
0.6062875894068163
0.8371988278525675
1.8434118964529327
1.1350915285547016
0.6717471891103002
0.7390235917162685
0.8513403469112527
0.46249907272280816
1.4454105113893003
0.6405759511562601
0.686531393767093
0.6902808364777485
0.7776660293627138
0.6686300653148961
1.2216991805349628
0.7315247062949577
1.9320003795990004
0.7502719198482347
0.9677942903188385
1.1847970304691444
0.7165269354523361
0.628107455974644
0.8614667767727819
0.7935414422933414
1.4290645444310888
0.886782851426605
0.6827819510564377
0.7816348825953706
0.6187560845884321
1.396372610514665
0.8213234149219398
0.44459116747926275
0.7935414422933414
0.5851919558278309
0.7895725890606844
0.686531393767093
0.665512941519492
0.8332299746199107
0.765759469664743
0.761790616432086
1.4127185774728768
0.6592786939286841
0.6436930749516642
0.5748570863961875
0.7816348825953706
0.8766564215650757
0.5696896516803656
1.6454119959567812
0.5645222169645437
0.6592786939286841
0.6031704656114122
0.7465224771375792
0.6717471891103002
0.7390235917162685
0.4333987267020468
0.5541873475329002
0.9222253559419571
0.8094168552239691
0.665512941519492
0.6405759511562601
0.6187560845884321
0.6686300653148961
0.4182577043626603
0.6790325083457824
0.665512941519492
1.265981760613945
0.6592786939286841
0.7390235917162685
0.9779207201803677
0.7052786073203701
0.646810198747068
0.7776660293627138
1.3800266435564532
0.8054480019913122
6.418212989428097
1.469929461826618
0.8054480019913122
0.7127774927416808
0.6717471891103002
1.5554654718926098
0.7502719198482347
1.3555076931191354
0.6218732083838361
0.9070357111496633
0.7975102955259983
0.7015291646097147
1.3176447707060905
0.6343417035654522
0.8213234149219398
1.050447387648879
0.8094168552239691
0.6530444463378762
0.587775673185742
0.675283065635127
0.9627310753880738
0.7465224771375792
0.6977797218990592
0.665512941519492
0.7578217631994291
0.5696896516803656
0.5645222169645437
0.9880471500418968
0.6686300653148961
0.8094168552239691
0.7856037358280276
0.6343417035654522
0.7202763781629915
0.7697283228973998
0.6031704656114122
0.4182577043626603
0.686531393767093
0.637458827360856
0.8564035618420174
0.6094047132022201
0.6031704656114122
0.7697283228973998
0.7502719198482347
1.1713675889429116
4.611997193208527
0.7502719198482347
0.9171621410111925
0.8564035618420174
0.8513403469112527
0.6827819510564377
2.0648831043181013
0.8371988278525675
0.5722733690382765
0.7052786073203701
1.404545593993771
0.6062875894068163
0.7975102955259983
0.9627310753880738
0.628107455974644
0.4311602385466037
0.6218732083838361
0.665512941519492
0.6592786939286841
1.1847970304691444
0.6436930749516642
0.8133857084566259
0.7502719198482347
0.6062875894068163
0.6156389607930282
0.6218732083838361
0.665512941519492
0.8371988278525675
0.6312245797700481
1.3028839106797634
0.7202763781629915
0.5619384996066329
0.7315247062949577
2.330648553756303
2.4930607728574268
0.7895725890606844
0.6902808364777485
0.765759469664743
0.686531393767093
1.8581766436439442
0.8054480019913122
0.6686300653148961
0.8094168552239691
0.65616157013328
0.7052786073203701
0.8513403469112527
0.675283065635127
0.817354561689283
0.8094168552239691
1.0032367948341907
0.7465224771375792
0.6790325083457824
0.7390235917162685
0.8094168552239691
0.8014791487586552
0.5027918595207853
0.675283065635127
0.5938190942252002
0.8412139170497235
0.9526046455265444
0.628107455974644
0.724025820873647
0.9019724962188986
0.7390235917162685
1.0625394077782822
1.8286471492619216
0.6592786939286841
1.3800266435564532
0.5412687607433457
0.7277752635843022
0.6940302791884039
1.4290645444310888
0.6827819510564377
5.235057095891974
0.7856037358280276
0.4647375608782513
0.6530444463378762
0.7390235917162685
0.7895725890606844
0.724025820873647
0.7856037358280276
0.8817196364958403
0.8665299917035466
0.8513403469112527
0.6717471891103002
0.5826082384699202
0.65616157013328
0.6717471891103002
0.6436930749516642
0.6436930749516642
0.7277752635843022
0.6717471891103002
0.982983935111132
0.761790616432086
1.0202173373253705
0.6094047132022201
0.7856037358280276
1.147183548684105
1.1350915285547016
0.6592786939286841
0.6530444463378762
1.961529873981023
0.6312245797700481
0.65616157013328
0.6218732083838361
0.646810198747068
0.6187560845884321
0.7736971761300567
0.8054480019913122
0.5938190942252002
0.8371988278525675
0.6977797218990592
0.6902808364777485
0.7578217631994291
0.6094047132022201
0.7127774927416808
0.6436930749516642
1.6634013007696156
0.6436930749516642
0.7736971761300567
0.4647375608782513
0.5938190942252002
0.6686300653148961
1.0685854178429837
0.9120989260804279
0.8412139170497235
0.587775673185742
0.6062875894068163
0.761790616432086
0.7127774927416808
0.675283065635127
0.9424782156650154
0.5851919558278309
0.7935414422933414
0.6156389607930282
1.991059368363045
0.6218732083838361
0.6686300653148961
0.628107455974644
0.646810198747068
0.7895725890606844
1.8581766436439442
1.976294621172034
0.4378757030129332
0.7015291646097147
0.39470704736546064
0.6062875894068163
0.9374150007342509
1.6813906055824497
0.5722733690382765
0.5619384996066329
0.8252922681545969
0.7895725890606844
0.665512941519492
1.050447387648879
0.5541873475329002
1.3881996270355592
1.0867234480370886
0.7315247062949577
0.646810198747068
0.6530444463378762
0.6218732083838361
0.5969362180206041
0.7127774927416808
0.39108386936589146
0.6312245797700481
0.6062875894068163
0.7465224771375792
0.7578217631994291
0.9627310753880738
0.6062875894068163
0.6187560845884321
0.6499273225424721
0.4915994187435694
0.6405759511562601
0.628107455974644
1.16532157887821
0.4146345263630911
0.5645222169645437
0.6187560845884321
0.817354561689283
0.7127774927416808
0.65616157013328
0.6094047132022201
0.6218732083838361
0.724025820873647
0.7776660293627138
0.6062875894068163
0.6094047132022201
0.6530444463378762
1.2143187505217994
0.8094168552239691
0.7816348825953706
1.0262633473900724
1.3176447707060905
0.4073881703639528
0.5438524781012566
0.982983935111132
0.6940302791884039
0.7776660293627138
0.8513403469112527
0.7052786073203701
0.5826082384699202
0.5938190942252002
0.6312245797700481
1.0685854178429837
0.9374150007342509
0.7776660293627138
0.7315247062949577
0.6249903321792402
0.8213234149219398
0.44011419116837636
0.9779207201803677
0.7015291646097147
0.6717471891103002
0.646810198747068
1.1995578904954716
1.8729413908349557
0.646810198747068
0.7975102955259983
0.6187560845884321
0.9627310753880738
0.765759469664743
1.2143187505217994
1.4372375279101945
0.46249907272280816
0.6187560845884321
0.7052786073203701
0.8213234149219398
0.5722733690382765
0.6094047132022201
0.6125218369976242
0.6094047132022201
0.6790325083457824
0.7165269354523361
0.6031704656114122
0.7427730344269238
0.5748570863961875
0.6187560845884321
0.7776660293627138
0.5938190942252002
0.7736971761300567
0.7935414422933414
0.7895725890606844
0.6343417035654522
0.39651863636524526
0.5645222169645437
0.5774408037540982
0.6940302791884039
1.3028839106797634
0.6094047132022201
0.7856037358280276
1.3102643406929269
0.7277752635843022
0.628107455974644
0.7052786073203701
0.8665299917035466
0.7427730344269238
0.8665299917035466
0.7776660293627138
0.8513403469112527
1.0564933977135804
0.8969092812881341
0.7315247062949577
0.8094168552239691
0.8332299746199107
0.686531393767093
0.6827819510564377
0.6530444463378762
0.6902808364777485
0.8252922681545969
0.761790616432086
1.044401377584177
0.49607639505445583
0.9677942903188385
4.683980074806246
0.8766564215650757
0.6187560845884321
0.401953403364599
1.573454776705444
0.8094168552239691
0.6686300653148961
0.7052786073203701
0.5969362180206041
0.6686300653148961
0.8564035618420174
0.8292611213872536
0.6686300653148961
0.686531393767093
1.6364173435503642
0.7015291646097147
0.6187560845884321
0.6031704656114122
0.5438524781012566
1.0685854178429837
0.7578217631994291
0.6187560845884321
0.675283065635127
0.8371988278525675
0.6187560845884321
0.637458827360856
0.8715932066343111
0.6790325083457824
0.7165269354523361
0.686531393767093
0.7090280500310255
0.6790325083457824
1.5284815146733586
0.7165269354523361
0.5851919558278309
0.8014791487586552
0.6499273225424721
0.6125218369976242
0.6125218369976242
0.8665299917035466
0.665512941519492
0.7697283228973998
0.7935414422933414
0.5774408037540982
0.9677942903188385
0.5645222169645437
1.050447387648879
0.8014791487586552
0.6686300653148961
0.6530444463378762
0.7427730344269238
0.6623958177240882
0.6125218369976242
0.6717471891103002
0.6902808364777485
0.5969362180206041
0.646810198747068
0.7975102955259983
0.7540213625588899
0.6902808364777485
0.6062875894068163
0.5826082384699202
0.7697283228973998
0.6592786939286841
1.0685854178429837
0.6062875894068163
1.044401377584177
0.7202763781629915
1.404545593993771
0.6094047132022201
0.6902808364777485
1.8729413908349557
0.628107455974644
0.6094047132022201
1.469929461826618
0.9424782156650154
1.6813906055824497
0.5438524781012566
1.0867234480370886
1.044401377584177
0.628107455974644
0.6062875894068163
0.6218732083838361
0.6125218369976242
0.6094047132022201
0.7736971761300567
0.8412139170497235
0.646810198747068
0.6125218369976242
0.530933891311702
0.8094168552239691
0.5969362180206041
0.8332299746199107
0.587775673185742
1.0746314279076856
0.6717471891103002
0.7277752635843022
1.573454776705444
0.7202763781629915
0.7052786073203701
2.153471587464169
0.6530444463378762
0.5619384996066329
0.7277752635843022
0.6031704656114122
1.0202173373253705
0.7390235917162685
1.3324056307324181
0.5969362180206041
0.6156389607930282
0.6902808364777485
0.6436930749516642
0.6343417035654522
0.48488395427723996
0.7390235917162685
1.6634013007696156
0.7090280500310255
0.8371988278525675
