798.0
729.0
721.0
823.0
759.0
910.0
802.0
757.0
714.0
658.0
829.0
877.0
738.0
837.0
733.0
829.0
739.0
829.0
822.0
1031.0
724.0
747.0
677.0
784.0
905.0
658.0
805.0
809.0
699.0
778.0
792.0
701.0
778.0
726.0
846.0
731.0
936.0
742.0
730.0
770.0
742.0
670.0
654.0
804.0
773.0
716.0
723.0
718.0
722.0
741.0
811.0
749.0
821.0
796.0
722.0
770.0
786.0
817.0
758.0
737.0
797.0
756.0
776.0
742.0
725.0
847.0
888.0
816.0
748.0
717.0
749.0
800.0
890.0
783.0
772.0
775.0
808.0
881.0
800.0
754.0
728.0
737.0
696.0
759.0
748.0
749.0
728.0
713.0
724.0
782.0
766.0
757.0
712.0
722.0
753.0
858.0
726.0
746.0
748.0
606.0
738.0
774.0
711.0
742.0
739.0
730.0
724.0
670.0
767.0
747.0
747.0
782.0
681.0
610.0
738.0
724.0
699.0
817.0
783.0
765.0
723.0
701.0
732.0
730.0
738.0
756.0
826.0
781.0
686.0
871.0
717.0
848.0
728.0
776.0
789.0
794.0
715.0
737.0
731.0
705.0
725.0
749.0
739.0
807.0
741.0
695.0
818.0
593.0
842.0
696.0
749.0
772.0
786.0
689.0
805.0
702.0
744.0
829.0
808.0
709.0
779.0
798.0
746.0
766.0
728.0
782.0
786.0
734.0
751.0
736.0
785.0
816.0
845.0
769.0
747.0
931.0
752.0
720.0
765.0
773.0
840.0
805.0
581.0
804.0
772.0
746.0
981.0
721.0
749.0
746.0
741.0
703.0
735.0
749.0
898.0
737.0
879.0
793.0
738.0
732.0
749.0
777.0
789.0
744.0
727.0
842.0
716.0
1202.0
746.0
733.0
784.0
707.0
718.0
782.0
720.0
616.0
909.0
757.0
741.0
825.0
757.0
768.0
776.0
753.0
782.0
895.0
731.0
852.0
663.0
713.0
730.0
733.0
695.0
773.0
686.0
817.0
974.0
830.0
771.0
710.0
773.0
737.0
741.0
821.0
739.0
717.0
612.0
751.0
777.0
741.0
721.0
816.0
795.0
713.0
817.0
772.0
795.0
893.0
742.0
759.0
769.0
637.0
740.0
717.0
770.0
789.0
740.0
922.0
1131.0
804.0
696.0
756.0
738.0
717.0
841.0
794.0
717.0
658.0
726.0
710.0
752.0
666.0
689.0
803.0
706.0
761.0
717.0
714.0
723.0
710.0
651.0
685.0
906.0
735.0
761.0
746.0
720.0
748.0
648.0
884.0
794.0
801.0
704.0
845.0
794.0
725.0
858.0
722.0
823.0
722.0
776.0
747.0
985.0
989.0
748.0
721.0
725.0
749.0
730.0
697.0
761.0
733.0
749.0
777.0
785.0
714.0
634.0
732.0
707.0
841.0
725.0
825.0
721.0
758.0
778.0
727.0
730.0
740.0
787.0
804.0
780.0
710.0
648.0
739.0
663.0
782.0
765.0
715.0
669.0
927.0
742.0
726.0
778.0
798.0
751.0
731.0
701.0
646.0
721.0
769.0
760.0
762.0
784.0
689.0
750.0
737.0
748.0
775.0
779.0
714.0
761.0
833.0
714.0
822.0
772.0
698.0
742.0
760.0
788.0
789.0
729.0
768.0
768.0
709.0
708.0
791.0
701.0
806.0
773.0
706.0
734.0
799.0
715.0
730.0
749.0
784.0
698.0
743.0
791.0
789.0
803.0
737.0
795.0
729.0
738.0
636.0
720.0
748.0
706.0
642.0
809.0
827.0
744.0
738.0
855.0
723.0
793.0
730.0
727.0
704.0
772.0
739.0
762.0
870.0
724.0
702.0
781.0
829.0
778.0
866.0
793.0
904.0
761.0
740.0
782.0
766.0
777.0
707.0
787.0
742.0
773.0
758.0
782.0
713.0
597.0
700.0
726.0
758.0
778.0
868.0
759.0
785.0
749.0
712.0
722.0
748.0
733.0
752.0
721.0
737.0
833.0
728.0
901.0
773.0
709.0
833.0
763.0
706.0
751.0
714.0
709.0
747.0
698.0
732.0
775.0
966.0
709.0
725.0
800.0
794.0
739.0
864.0
618.0
746.0
819.0
804.0
722.0
779.0
779.0
757.0
677.0
862.0
804.0
756.0
765.0
755.0
728.0
729.0
764.0
777.0
745.0
621.0
721.0
918.0
715.0
701.0
717.0
817.0
740.0
774.0
910.0
900.0
844.0
779.0
761.0
820.0
802.0
700.0
731.0
746.0
714.0
693.0
853.0
818.0
728.0
743.0
844.0
745.0
622.0
793.0
741.0
806.0
729.0
721.0
709.0
745.0
740.0
634.0
767.0
772.0
727.0
725.0
713.0
718.0
783.0
744.0
780.0
741.0
762.0
717.0
763.0
638.0
749.0
693.0
771.0
830.0
750.0
800.0
703.0
758.0
717.0
744.0
786.0
728.0
801.0
698.0
811.0
790.0
789.0
737.0
744.0
823.0
755.0
940.0
934.0
730.0
742.0
734.0
716.0
779.0
732.0
743.0
801.0
792.0
753.0
779.0
890.0
759.0
837.0
732.0
715.0
712.0
860.0
