669.0
726.0
668.0
682.0
699.0
658.0
686.0
677.0
672.0
676.0
653.0
681.0
674.0
722.0
675.0
659.0
795.0
749.0
605.0
644.0
690.0
647.0
667.0
663.0
681.0
693.0
753.0
676.0
821.0
683.0
830.0
852.0
664.0
837.0
709.0
756.0
675.0
701.0
718.0
654.0
722.0
706.0
721.0
669.0
685.0
676.0
681.0
684.0
654.0
725.0
744.0
740.0
1014.0
669.0
683.0
658.0
666.0
715.0
706.0
682.0
619.0
670.0
706.0
682.0
688.0
722.0
653.0
658.0
969.0
766.0
668.0
712.0
683.0
754.0
735.0
672.0
748.0
725.0
654.0
665.0
721.0
654.0
628.0
698.0
708.0
700.0
690.0
692.0
713.0
766.0
661.0
656.0
681.0
703.0
701.0
697.0
781.0
645.0
885.0
592.0
749.0
692.0
717.0
741.0
786.0
686.0
656.0
560.0
646.0
666.0
795.0
773.0
661.0
683.0
674.0
673.0
714.0
667.0
706.0
694.0
660.0
673.0
651.0
681.0
734.0
668.0
750.0
656.0
765.0
676.0
669.0
672.0
667.0
672.0
662.0
689.0
699.0
661.0
640.0
690.0
656.0
795.0
655.0
727.0
562.0
899.0
558.0
671.0
667.0
682.0
641.0
754.0
696.0
723.0
688.0
682.0
564.0
729.0
793.0
694.0
721.0
659.0
675.0
656.0
792.0
761.0
702.0
698.0
684.0
693.0
752.0
648.0
697.0
672.0
654.0
681.0
733.0
681.0
676.0
693.0
640.0
664.0
672.0
707.0
720.0
761.0
713.0
672.0
645.0
708.0
694.0
685.0
610.0
699.0
688.0
692.0
717.0
682.0
781.0
714.0
740.0
731.0
636.0
653.0
728.0
680.0
757.0
683.0
632.0
669.0
665.0
716.0
677.0
689.0
704.0
655.0
693.0
707.0
570.0
646.0
731.0
657.0
677.0
709.0
656.0
684.0
706.0
689.0
664.0
715.0
705.0
701.0
659.0
707.0
683.0
628.0
586.0
730.0
682.0
644.0
687.0
699.0
596.0
677.0
680.0
634.0
801.0
763.0
646.0
825.0
657.0
703.0
684.0
774.0
653.0
669.0
690.0
648.0
665.0
717.0
708.0
669.0
654.0
675.0
720.0
670.0
687.0
702.0
660.0
698.0
743.0
676.0
694.0
826.0
662.0
750.0
779.0
704.0
640.0
658.0
677.0
742.0
729.0
680.0
646.0
692.0
755.0
657.0
701.0
701.0
690.0
792.0
686.0
677.0
753.0
744.0
705.0
656.0
682.0
690.0
646.0
798.0
667.0
686.0
752.0
661.0
602.0
654.0
569.0
754.0
628.0
578.0
707.0
573.0
813.0
722.0
686.0
682.0
851.0
727.0
695.0
658.0
747.0
666.0
683.0
576.0
665.0
704.0
629.0
656.0
730.0
756.0
660.0
696.0
761.0
706.0
794.0
703.0
729.0
661.0
734.0
656.0
685.0
717.0
708.0
657.0
679.0
699.0
662.0
758.0
632.0
717.0
740.0
718.0
688.0
892.0
576.0
705.0
672.0
795.0
678.0
690.0
708.0
842.0
805.0
557.0
701.0
685.0
729.0
698.0
777.0
677.0
674.0
633.0
702.0
708.0
618.0
657.0
648.0
739.0
661.0
740.0
648.0
683.0
645.0
759.0
720.0
689.0
672.0
712.0
610.0
732.0
669.0
678.0
711.0
774.0
843.0
702.0
699.0
709.0
705.0
730.0
646.0
666.0
700.0
766.0
663.0
707.0
697.0
672.0
726.0
737.0
680.0
773.0
681.0
621.0
645.0
665.0
686.0
822.0
708.0
689.0
677.0
637.0
667.0
778.0
693.0
771.0
689.0
636.0
781.0
669.0
727.0
676.0
672.0
661.0
621.0
736.0
657.0
749.0
644.0
702.0
774.0
738.0
660.0
682.0
684.0
684.0
810.0
648.0
739.0
773.0
719.0
657.0
674.0
748.0
741.0
744.0
718.0
706.0
733.0
678.0
670.0
646.0
748.0
689.0
715.0
761.0
685.0
711.0
672.0
919.0
572.0
695.0
701.0
669.0
790.0
753.0
655.0
680.0
680.0
692.0
719.0
549.0
689.0
642.0
557.0
669.0
763.0
590.0
685.0
670.0
754.0
696.0
695.0
650.0
669.0
689.0
667.0
679.0
723.0
677.0
672.0
653.0
669.0
673.0
658.0
682.0
670.0
673.0
703.0
709.0
718.0
699.0
698.0
790.0
702.0
741.0
673.0
690.0
659.0
721.0
712.0
676.0
721.0
763.0
653.0
825.0
785.0
737.0
731.0
859.0
658.0
731.0
549.0
679.0
669.0
689.0
696.0
801.0
700.0
826.0
710.0
695.0
692.0
778.0
741.0
733.0
669.0
740.0
730.0
705.0
694.0
743.0
669.0
642.0
680.0
660.0
736.0
681.0
674.0
580.0
611.0
722.0
670.0
655.0
712.0
750.0
788.0
677.0
698.0
651.0
773.0
678.0
665.0
690.0
682.0
713.0
637.0
617.0
820.0
678.0
814.0
676.0
665.0
710.0
751.0
693.0
658.0
658.0
718.0
677.0
696.0
687.0
685.0
689.0
746.0
653.0
647.0
677.0
834.0
731.0
747.0
554.0
674.0
710.0
667.0
693.0
648.0
665.0
627.0
679.0
619.0
725.0
674.0
722.0
692.0
653.0
773.0
748.0
681.0
695.0
688.0
686.0
742.0
633.0
669.0
647.0
680.0
681.0
730.0
687.0
713.0
701.0
