0.6421099527427803
0.9004483422582286
0.6540221340458964
0.7711272155918653
0.6862391464297627
0.7262521222083094
1.258248562432607
0.6093514541592109
1.2225524673562063
0.7553524682290707
1.1733294923293525
0.5914831822045366
0.575763378847741
0.7262521222083094
0.6450879980685593
0.6391319074170012
0.5553321611131524
1.0347196750595564
0.570655574414094
0.615307544810769
0.621263635462327
0.6063734088334317
0.5655477699804468
0.8526778225195181
1.0527992164425735
0.6971517761875482
0.615307544810769
0.5914831822045366
0.8109284460698586
0.715339492450524
0.9243336021275838
0.7226145789557142
0.5655477699804468
0.6540221340458964
0.534900943378564
0.74080229521869
0.6629562700232335
1.1492234371519965
0.5093619212103283
0.6093514541592109
0.7189770357031191
0.621263635462327
0.5629938677636233
0.5374548455953875
0.5732094766309175
0.534900943378564
0.5195775300776225
1.0055434856833916
0.6450879980685593
1.1070378405916237
0.7830675847352634
0.6898766896823579
0.7371647519660949
0.5834250854982118
1.1431969233576575
0.7189770357031191
0.7044268626927385
0.5629938677636233
0.4075536510246554
0.8029681999742599
0.5974392728560947
0.3889511977771187
0.6093514541592109
0.7044268626927385
0.621263635462327
0.6898766896823579
1.088958299208607
0.838789307404454
0.5914831822045366
0.621263635462327
0.6093514541592109
1.0949848130029458
0.6629562700232335
1.3899347110613727
0.5451165522458582
0.7226145789557142
0.6421099527427803
0.9243336021275838
0.6935142329349531
0.8861171863366154
0.6331758167654432
0.5974392728560947
0.6510440887201173
0.7080644059453336
0.7044268626927385
0.570655574414094
0.7444398384712851
0.7517149249764754
0.621263635462327
0.6689123606747915
0.6659343153490125
0.6123294994849899
0.570655574414094
1.1311438957689797
0.627219726113885
0.5400087478122111
0.6570001793716753
1.4437710165026163
0.7007893194401432
0.5629938677636233
1.4899164211665394
0.6421099527427803
0.5655477699804468
0.7790874616874639
0.575763378847741
1.265387781447887
0.6450879980685593
3.179583728878161
0.5629938677636233
0.5914831822045366
0.6033953635076528
0.621263635462327
0.4357588454905166
0.8308290613088554
0.7870477077830627
0.5502243566795054
0.7044268626927385
0.5425626500290347
0.7371647519660949
0.7830675847352634
0.5834250854982118
0.588532889931859
1.1733294923293525
0.6689123606747915
0.5553321611131524
0.6753265166719773
0.6971517761875482
0.7870477077830627
0.5834250854982118
0.6935142329349531
0.7671470925440659
0.4960083514193703
0.624241680788106
0.552778258896329
0.7517149249764754
0.588532889931859
0.6689123606747915
0.630197771439664
0.570655574414094
1.0055434856833916
0.5451165522458582
0.6421099527427803
0.5732094766309175
0.5604399655467996
0.5323470411617405
0.6331758167654432
0.570655574414094
0.7044268626927385
0.4357588454905166
0.621263635462327
1.2082740293256462
1.0347196750595564
0.5783172810645647
0.8149085691176581
0.5297931389449169
0.6421099527427803
0.6789640599245724
0.5144697256439755
0.9195565501537128
0.6540221340458964
0.7870477077830627
0.7226145789557142
0.6629562700232335
0.621263635462327
0.6898766896823579
1.482225520389219
0.74080229521869
0.5974392728560947
0.6331758167654432
1.0166401336765398
0.7080644059453336
1.0588257302369122
0.6862391464297627
0.5783172810645647
0.621263635462327
0.570655574414094
0.6689123606747915
0.5944612275303157
0.5604399655467996
1.848262514648362
0.7553524682290707
0.9243336021275838
0.7335272087134997
0.7517149249764754
0.7711272155918653
0.6971517761875482
0.6033953635076528
0.7910278308308619
0.7044268626927385
0.7080644059453336
0.9195565501537128
1.0166401336765398
0.5374548455953875
0.5655477699804468
0.6898766896823579
1.3367799716006885
0.5914831822045366
0.630197771439664
0.7189770357031191
0.9768811738401654
0.627219726113885
0.6450879980685593
0.6540221340458964
0.6789640599245724
0.6123294994849899
0.5808711832813882
1.251109343417327
0.5119158234271518
0.7226145789557142
0.5323470411617405
0.552778258896329
0.8149085691176581
0.948218861996939
0.6659343153490125
0.7080644059453336
0.6331758167654432
1.243970124402047
0.9004483422582286
0.6450879980685593
0.7117019491979288
0.5944612275303157
0.5297931389449169
0.8308290613088554
0.6718904060005706
0.4440691221703585
0.948218861996939
0.5944612275303157
0.47938779805968657
0.6391319074170012
0.7007893194401432
0.6123294994849899
0.6093514541592109
0.6450879980685593
0.6789640599245724
1.0527992164425735
0.5553321611131524
0.7517149249764754
0.5400087478122111
0.6789640599245724
0.5783172810645647
0.9816582258140364
0.715339492450524
0.6540221340458964
0.8109284460698586
1.0527992164425735
0.8308290613088554
0.8188886921654573
0.6971517761875482
0.7671470925440659
0.6421099527427803
0.6789640599245724
1.0648522440312513
0.6971517761875482
0.6123294994849899
0.624241680788106
0.6718904060005706
0.715339492450524
1.07087875782559
0.8308290613088554
0.8348091843566546
1.4591528180572573
0.7480773817238804
0.446146691340319
0.6391319074170012
0.6718904060005706
0.7790874616874639
0.7910278308308619
0.5502243566795054
0.9147794981798416
0.5834250854982118
0.5553321611131524
0.6004173181818737
0.6391319074170012
1.2154132483409263
0.6629562700232335
0.715339492450524
0.630197771439664
0.7371647519660949
0.7910278308308619
0.630197771439664
1.07087875782559
2.6821670114736214
0.627219726113885
0.7298896654609045
0.6063734088334317
0.7007893194401432
0.8526778225195181
1.0467727026482343
0.7711272155918653
0.5914831822045366
0.6182855901365479
0.6540221340458964
0.8149085691176581
1.4437710165026163
0.9052253942320995
0.624241680788106
0.5834250854982118
0.5944612275303157
0.7671470925440659
0.8308290613088554
0.6862391464297627
0.557886063329976
0.8526778225195181
0.871786030415002
0.5944612275303157
0.6093514541592109
0.871786030415002
0.6004173181818737
0.4606896755300422
0.6629562700232335
0.7989880769264606
0.6659343153490125
0.8908942383104863
0.5944612275303157
0.6063734088334317
0.570655574414094
0.6093514541592109
0.5914831822045366
0.6826016031771674
0.6421099527427803
0.6450879980685593
0.6331758167654432
0.5604399655467996
0.630197771439664
0.9338877060753259
0.6421099527427803
0.6063734088334317
0.7591868464484672
0.5732094766309175
0.7189770357031191
0.630197771439664
0.6510440887201173
1.0769052716199292
0.6570001793716753
0.5425626500290347
0.7226145789557142
1.366862008729411
0.7553524682290707
0.624241680788106
0.5553321611131524
0.7371647519660949
0.8861171863366154
0.575763378847741
0.4232934304707538
0.7044268626927385
0.5629938677636233
0.627219726113885
0.627219726113885
0.6826016031771674
0.5783172810645647
0.7553524682290707
0.6659343153490125
0.5859789877150354
0.6935142329349531
0.8348091843566546
0.9052253942320995
0.627219726113885
0.6862391464297627
0.5914831822045366
0.8574548744933891
0.6331758167654432
0.5374548455953875
0.6182855901365479
0.6123294994849899
0.621263635462327
0.5732094766309175
0.715339492450524
1.0648522440312513
1.1431969233576575
0.575763378847741
1.0769052716199292
0.6826016031771674
0.5914831822045366
0.6753265166719773
0.6063734088334317
1.8921522250075864
0.6689123606747915
0.6480660433943383
0.7989880769264606
0.6629562700232335
0.575763378847741
0.6599782246974544
0.7007893194401432
0.5808711832813882
0.5859789877150354
0.6450879980685593
0.6182855901365479
0.6033953635076528
0.7044268626927385
0.6689123606747915
0.7591868464484672
0.6450879980685593
0.6450879980685593
0.6540221340458964
0.6450879980685593
0.6033953635076528
0.8188886921654573
0.9721041218662942
1.0166401336765398
0.9147794981798416
0.6063734088334317
0.6935142329349531
0.6935142329349531
0.4109359152514802
0.7711272155918653
0.6004173181818737
0.6063734088334317
0.5272392367280933
0.6391319074170012
0.6063734088334317
0.7631669694962667
1.258248562432607
1.49760732194386
0.5374548455953875
0.575763378847741
0.6391319074170012
0.7080644059453336
1.1070378405916237
0.6093514541592109
0.7444398384712851
0.9529959139708102
0.8069483230220593
0.5944612275303157
0.7989880769264606
2.448088556224426
0.7989880769264606
0.5655477699804468
0.5144697256439755
1.466843718834578
0.7870477077830627
0.5834250854982118
0.5732094766309175
0.5553321611131524
0.6540221340458964
0.5553321611131524
0.6033953635076528
0.8109284460698586
0.6004173181818737
0.6421099527427803
0.485620505569568
0.9100024462059706
1.862892418101437
1.4206983141706546
0.6004173181818737
0.6629562700232335
0.7298896654609045
0.838789307404454
0.630197771439664
0.5502243566795054
0.8029681999742599
0.9577729659446811
0.6063734088334317
0.74080229521869
0.6450879980685593
0.7830675847352634
0.6450879980685593
0.7117019491979288
1.49760732194386
0.8188886921654573
0.9673270698924233
0.6450879980685593
0.5681016721972705
0.7117019491979288
0.6789640599245724
0.6331758167654432
1.1733294923293525
0.9004483422582286
0.6540221340458964
0.74080229521869
0.9243336021275838
0.8765630823888733
0.6540221340458964
0.5629938677636233
0.7226145789557142
0.9338877060753259
0.6093514541592109
0.6789640599245724
1.4591528180572573
0.9768811738401654
0.9052253942320995
0.8526778225195181
0.6331758167654432
0.4565345371901213
0.624241680788106
0.6599782246974544
0.7790874616874639
0.8188886921654573
0.630197771439664
0.5944612275303157
0.6718904060005706
0.74080229521869
0.7631669694962667
0.7262521222083094
0.5604399655467996
0.5246853345112698
0.5272392367280933
1.413007413393334
0.715339492450524
4.999247495509912
0.6570001793716753
0.6421099527427803
2.4188287493182763
0.5834250854982118
0.5944612275303157
0.4523793988502004
0.8308290613088554
0.575763378847741
0.9100024462059706
0.570655574414094
0.6789640599245724
0.9338877060753259
0.6331758167654432
1.4283892149479753
0.7671470925440659
0.6540221340458964
0.7044268626927385
0.5859789877150354
0.6450879980685593
0.9816582258140364
0.5808711832813882
0.6718904060005706
0.7591868464484672
0.40248025468441806
0.7189770357031191
0.6718904060005706
0.5914831822045366
0.6391319074170012
0.7117019491979288
0.5655477699804468
0.6971517761875482
1.3899347110613727
0.9529959139708102
0.38218666932346895
0.624241680788106
0.5451165522458582
0.6718904060005706
0.74080229521869
0.7989880769264606
0.575763378847741
0.6391319074170012
0.6063734088334317
0.5732094766309175
0.5374548455953875
0.9052253942320995
0.5272392367280933
0.621263635462327
1.315362314554848
0.7080644059453336
1.1733294923293525
0.7870477077830627
0.8188886921654573
0.5043186280992122
0.715339492450524
2.360309135505977
0.8029681999742599
0.6391319074170012
0.7044268626927385
0.6570001793716753
0.6898766896823579
0.7117019491979288
1.0007664337095206
0.7790874616874639
0.7830675847352634
0.6361538620912222
0.621263635462327
0.5451165522458582
1.1431969233576575
0.5859789877150354
0.49808592058933077
0.8308290613088554
0.630197771439664
0.6063734088334317
0.8268489382610561
0.7262521222083094
0.7517149249764754
0.5944612275303157
0.6629562700232335
0.8908942383104863
0.5834250854982118
0.624241680788106
0.5944612275303157
0.7790874616874639
0.8348091843566546
0.6862391464297627
0.5629938677636233
0.6510440887201173
0.7007893194401432
0.7989880769264606
0.8348091843566546
0.630197771439664
0.6540221340458964
0.6480660433943383
0.7080644059453336
0.5834250854982118
0.5859789877150354
0.8308290613088554
0.8109284460698586
0.9243336021275838
0.6063734088334317
0.6331758167654432
0.5604399655467996
0.6826016031771674
0.6033953635076528
1.3367799716006885
1.0769052716199292
0.8574548744933891
1.3745529095067313
0.7080644059453336
0.4357588454905166
0.621263635462327
0.47938779805968657
0.7298896654609045
1.7751129973829887
0.3838778014368814
0.5974392728560947
0.621263635462327
0.5655477699804468
0.6182855901365479
0.6570001793716753
0.6510440887201173
0.8431237185717758
0.4960083514193703
0.5808711832813882
