0.6551160401907217
0.6355957307129654
0.6453558854518436
1.2364800348633964
0.545070179509858
0.742935108223792
0.7818821722107134
0.6583694251036811
0.7501047586926753
0.725010982051584
0.606315266496331
0.7696047999479398
0.5900483419315342
0.8391765761036574
0.5713760913021633
0.7900670870525626
0.8064369167362607
1.0220406557095347
0.9913103165635888
0.6323423458000061
0.545070179509858
0.7285958072860256
0.6518626552777623
0.6095686514092905
0.6713829647555186
0.6855779044727263
0.6355957307129654
0.6421025005388842
0.545070179509858
0.5792678648398548
1.073530451627902
0.6258355759740873
1.1250202475462698
0.6323423458000061
0.8722222395315865
0.6030618815833717
0.5900483419315342
1.0792515400632763
0.5371784059721664
0.7655123425270152
0.4472140553790666
0.5818984560190853
0.5503313618683191
0.5933017268444936
1.1707889550292627
0.8309916612618081
0.7321806325204673
1.027761744144909
0.8626951933690261
0.8268992038408837
0.7736972573688643
0.8722222395315865
0.4127154358149025
0.822806746419959
0.7900670870525626
1.0449250094510314
0.7285958072860256
0.9722562242384685
0.44497377834124024
1.2698795582946911
0.5900483419315342
0.7285958072860256
0.6290889608870467
0.4108053744930765
0.7501047586926753
0.6258355759740873
0.6518626552777623
0.5661149089437022
0.5319172236137053
0.5292866324344749
0.5818984560190853
0.9913103165635888
0.4050751905275984
0.6388491156259248
0.6583694251036811
0.6648761949295998
0.5792678648398548
0.5345478147929359
0.7465199334582338
0.4830584879842877
0.8064369167362607
0.5818984560190853
0.5818984560190853
0.9627291780759083
1.2364800348633964
0.9293845165069476
0.5998084966704123
0.5792678648398548
0.9913103165635888
0.5871596383775464
0.6160754212352092
0.545070179509858
0.4108053744930765
0.606315266496331
0.7777897147897889
0.6421025005388842
0.6518626552777623
0.9674927011571884
0.5845290471983159
0.6583694251036811
1.1078569822401472
0.7321806325204673
0.6713829647555186
0.8350841186827328
0.6518626552777623
1.5978489222874492
0.5713760913021633
0.4127154358149025
0.5713760913021633
0.5713760913021633
0.81462183157811
1.000837362726149
0.6648761949295998
0.6258355759740873
0.5687455001229328
0.8350841186827328
1.3920307640282805
0.7178413315827007
0.5292866324344749
0.8436411010439058
0.7536895839271169
0.5900483419315342
1.1021358938047732
0.9055669011005472
0.6891627297071679
0.5766372736606242
0.7818821722107134
0.5818984560190853
0.6030618815833717
0.44273350130341393
1.1897207020595841
0.6927475549416094
0.6160754212352092
0.6160754212352092
1.1421835128523918
1.1650678665938887
0.606315266496331
0.822806746419959
1.027761744144909
0.5766372736606242
0.3955248839184683
0.5933017268444936
0.6128220363222499
0.6616228100166404
0.6453558854518436
0.7536895839271169
0.49874042724907197
0.6388491156259248
0.6819930792382847
0.5056113118214001
0.6453558854518436
1.0792515400632763
0.5582231354060107
0.6648761949295998
0.6323423458000061
0.3897946999529902
0.7178413315827007
0.7696047999479398
0.8579316702877461
0.7142565063482592
0.46961682575732977
0.5529619530475495
0.9389115626695078
1.0449250094510314
0.6551160401907217
0.7178413315827007
0.8674587164503064
0.6518626552777623
0.6421025005388842
1.3592432396618088
0.7393502829893505
0.7982520018944117
0.5634843177644716
0.5713760913021633
0.6583694251036811
0.8187142889990344
0.6648761949295998
0.5713760913021633
0.4050751905275984
0.4808182109464614
0.6258355759740873
0.742935108223792
0.757327427685166
0.5687455001229328
0.5634843177644716
0.5634843177644716
0.5900483419315342
0.8268992038408837
0.5292866324344749
0.5555925442267801
0.7178413315827007
0.5687455001229328
0.5871596383775464
0.5933017268444936
0.5608537265852411
0.596555111757453
0.6030618815833717
0.6748234287694014
0.9770197473197486
0.7655123425270152
0.6616228100166404
0.6583694251036811
0.5529619530475495
0.9913103165635888
0.7736972573688643
0.5818984560190853
0.6551160401907217
0.9817832704010288
0.7214261568171423
0.6258355759740873
0.3993450065621203
0.8309916612618081
0.5713760913021633
0.6681295798425593
0.5713760913021633
1.3920307640282805
0.5634843177644716
0.606315266496331
0.6891627297071679
0.42481128500080334
0.7106716811138176
0.44049322426558757
0.5740066824813937
0.742935108223792
0.6518626552777623
0.6583694251036811
0.6681295798425593
0.757327427685166
0.7614198851060906
0.5871596383775464
0.5818984560190853
1.21644032080462
0.5345478147929359
0.9722562242384685
0.6193288061481687
0.6323423458000061
0.44497377834124024
0.4897793190977666
0.6388491156259248
0.6193288061481687
0.5900483419315342
0.5766372736606242
0.8865128087754267
0.7536895839271169
0.6323423458000061
0.6323423458000061
0.6193288061481687
0.5792678648398548
0.6583694251036811
0.943675085750788
0.7393502829893505
0.6681295798425593
0.5582231354060107
0.6258355759740873
0.6453558854518436
0.6518626552777623
0.5687455001229328
0.5900483419315342
0.9817832704010288
0.5371784059721664
0.696332380176051
0.6323423458000061
0.6030618815833717
0.5477007706890885
0.5933017268444936
0.8187142889990344
0.6819930792382847
0.5687455001229328
0.6453558854518436
0.7536895839271169
0.7142565063482592
0.6258355759740873
0.5477007706890885
0.853168147206466
0.5187642677175527
1.0334828325802832
0.7614198851060906
0.539808997151397
0.4069852518494244
0.43377239315210864
0.606315266496331
1.2364800348633964
0.9246209934256675
0.5608537265852411
0.6160754212352092
0.539808997151397
0.7614198851060906
0.6258355759740873
0.696332380176051
0.6030618815833717
0.7106716811138176
0.539808997151397
0.6891627297071679
0.7106716811138176
0.5845290471983159
0.6290889608870467
0.6855779044727263
0.7321806325204673
1.147904601287766
0.7035020306449343
0.5818984560190853
0.6095686514092905
0.9341480395882277
0.7285958072860256
0.8064369167362607
0.8579316702877461
0.8865128087754267
0.6290889608870467
0.6486092703648029
1.005600885807429
0.596555111757453
0.5661149089437022
0.6421025005388842
0.5161336765383221
0.996073839644869
0.5998084966704123
1.289919272353468
0.6927475549416094
0.6160754212352092
0.5477007706890885
0.7536895839271169
0.5900483419315342
0.725010982051584
0.7536895839271169
0.622582191061128
1.062088274757154
0.6160754212352092
0.6095686514092905
0.6927475549416094
0.539808997151397
0.7035020306449343
2.278707400667411
1.0849726284986505
0.5503313618683191
0.5933017268444936
0.5766372736606242
0.6583694251036811
0.7736972573688643
0.8769857626128666
0.5213948588967833
0.6616228100166404
0.6160754212352092
0.996073839644869
0.5713760913021633
0.6290889608870467
2.0001614041450964
0.5998084966704123
0.5213948588967833
0.5582231354060107
0.5371784059721664
0.725010982051584
0.8960398549379868
0.5792678648398548
1.1135780706755214
0.6551160401907217
0.5661149089437022
0.8350841186827328
0.678408254003843
0.5634843177644716
0.5213948588967833
0.5555925442267801
0.4012550678839464
0.7900670870525626
0.5503313618683191
0.6290889608870467
0.7142565063482592
0.5933017268444936
0.9627291780759083
0.6648761949295998
0.8064369167362607
0.5345478147929359
0.5900483419315342
1.1021358938047732
1.196400606745843
0.5477007706890885
0.6855779044727263
0.5555925442267801
0.5345478147929359
0.6681295798425593
0.5161336765383221
0.6323423458000061
0.5187642677175527
0.6258355759740873
1.4166214073031345
0.5713760913021633
0.49874042724907197
0.742935108223792
0.5713760913021633
0.4897793190977666
0.6030618815833717
0.5766372736606242
0.6323423458000061
0.6648761949295998
0.5555925442267801
0.6927475549416094
1.3233187957847625
1.1421835128523918
1.1650678665938887
0.725010982051584
0.6128220363222499
0.6713829647555186
0.5345478147929359
0.5240254500760139
0.6927475549416094
0.4203556811022066
0.6095686514092905
0.7142565063482592
0.6648761949295998
0.6258355759740873
0.8626951933690261
1.283239367667209
0.5818984560190853
0.5266560412552443
0.6748234287694014
0.6421025005388842
0.8391765761036574
0.6258355759740873
0.6927475549416094
0.6160754212352092
0.6648761949295998
0.8436411010439058
0.606315266496331
0.707086855879376
0.6323423458000061
0.6583694251036811
0.7106716811138176
0.6258355759740873
0.8912763318567068
0.8187142889990344
0.7142565063482592
0.757327427685166
0.6819930792382847
0.7655123425270152
0.5933017268444936
0.7393502829893505
0.6258355759740873
0.8309916612618081
0.6819930792382847
0.5818984560190853
0.678408254003843
0.5266560412552443
0.5687455001229328
0.5661149089437022
0.853168147206466
0.7214261568171423
0.5187642677175527
0.757327427685166
0.5477007706890885
0.5845290471983159
0.539808997151397
0.7818821722107134
0.8579316702877461
0.707086855879376
0.6128220363222499
0.7614198851060906
0.8579316702877461
0.596555111757453
0.46289599464385084
0.5135030853590916
0.5187642677175527
0.5900483419315342
0.6819930792382847
0.5933017268444936
0.5998084966704123
0.545070179509858
0.6030618815833717
0.6855779044727263
0.5266560412552443
0.7941595444734871
0.5266560412552443
0.5424395883306274
0.8391765761036574
0.6551160401907217
0.5900483419315342
0.757327427685166
0.6323423458000061
0.9484386088320681
0.6713829647555186
0.606315266496331
0.606315266496331
0.5766372736606242
0.6583694251036811
0.8391765761036574
0.678408254003843
0.6713829647555186
0.6355957307129654
1.4739995749444599
0.5713760913021633
0.7214261568171423
0.6681295798425593
0.5871596383775464
0.3955248839184683
0.6095686514092905
0.5108724941798611
0.6421025005388842
0.6290889608870467
0.757327427685166
0.7106716811138176
0.7285958072860256
0.5766372736606242
0.8865128087754267
0.6681295798425593
0.5608537265852411
1.0792515400632763
0.6388491156259248
0.48753904205994036
0.7859746296316381
0.4516946094547192
0.6388491156259248
0.6421025005388842
0.7142565063482592
0.6855779044727263
0.6323423458000061
0.6258355759740873
0.725010982051584
0.5661149089437022
0.5661149089437022
1.0105984788387865
0.8674587164503064
0.6453558854518436
1.2965991770397267
1.1421835128523918
0.545070179509858
0.6616228100166404
0.5477007706890885
0.5818984560190853
0.9913103165635888
0.853168147206466
0.7142565063482592
0.5687455001229328
0.6193288061481687
0.606315266496331
0.5818984560190853
0.8187142889990344
0.5845290471983159
0.5477007706890885
0.6583694251036811
0.596555111757453
0.5082419030006307
0.6453558854518436
0.5766372736606242
0.7982520018944117
0.5818984560190853
0.9103304241818273
0.5371784059721664
0.6258355759740873
0.6290889608870467
0.6323423458000061
0.6095686514092905
0.5582231354060107
0.606315266496331
1.4412120505779884
1.283239367667209
0.6999172054104926
0.6583694251036811
0.8105293741571854
0.6160754212352092
0.5161336765383221
0.7142565063482592
0.5845290471983159
0.6855779044727263
0.6681295798425593
0.7900670870525626
0.6193288061481687
0.5998084966704123
0.6095686514092905
0.6095686514092905
0.5345478147929359
0.8187142889990344
1.196400606745843
1.0849726284986505
0.6290889608870467
0.5687455001229328
0.7696047999479398
0.5845290471983159
0.7142565063482592
0.48529876502211394
0.6681295798425593
0.996073839644869
0.5187642677175527
0.7696047999479398
0.696332380176051
0.8769857626128666
0.7614198851060906
0.5608537265852411
0.6616228100166404
0.678408254003843
0.6388491156259248
0.6819930792382847
0.9913103165635888
0.5529619530475495
1.1250202475462698
0.6193288061481687
0.9484386088320681
0.5740066824813937
0.6258355759740873
0.6713829647555186
0.44497377834124024
2.125507102580138
0.7321806325204673
0.5634843177644716
0.6486092703648029
