677.0
825.0
708.0
807.0
728.0
699.0
808.0
722.0
734.0
753.0
714.0
792.0
956.0
730.0
724.0
685.0
673.0
784.0
845.0
789.0
703.0
702.0
698.0
1005.0
788.0
807.0
716.0
663.0
719.0
1109.0
672.0
784.0
709.0
785.0
704.0
913.0
701.0
704.0
677.0
748.0
682.0
689.0
640.0
715.0
759.0
797.0
750.0
731.0
706.0
693.0
708.0
750.0
750.0
753.0
715.0
853.0
750.0
685.0
756.0
666.0
785.0
724.0
735.0
689.0
702.0
722.0
790.0
763.0
784.0
886.0
745.0
849.0
750.0
779.0
794.0
739.0
797.0
871.0
826.0
836.0
721.0
733.0
794.0
713.0
861.0
785.0
730.0
697.0
663.0
686.0
748.0
849.0
777.0
858.0
715.0
699.0
718.0
717.0
706.0
694.0
602.0
731.0
690.0
834.0
676.0
714.0
662.0
778.0
708.0
680.0
739.0
790.0
711.0
868.0
721.0
652.0
734.0
730.0
692.0
749.0
714.0
686.0
632.0
702.0
759.0
747.0
687.0
730.0
833.0
770.0
728.0
649.0
723.0
749.0
749.0
753.0
672.0
738.0
872.0
705.0
722.0
733.0
902.0
709.0
701.0
674.0
709.0
743.0
697.0
668.0
692.0
744.0
778.0
714.0
737.0
701.0
747.0
751.0
755.0
720.0
816.0
697.0
700.0
741.0
769.0
701.0
829.0
791.0
746.0
689.0
766.0
696.0
610.0
704.0
761.0
789.0
694.0
731.0
751.0
714.0
867.0
875.0
738.0
836.0
697.0
742.0
726.0
708.0
662.0
687.0
700.0
727.0
735.0
731.0
757.0
723.0
804.0
733.0
697.0
784.0
695.0
694.0
740.0
792.0
689.0
705.0
838.0
696.0
703.0
725.0
688.0
721.0
747.0
770.0
849.0
755.0
722.0
658.0
617.0
823.0
686.0
738.0
749.0
941.0
736.0
657.0
800.0
713.0
736.0
676.0
677.0
749.0
773.0
701.0
881.0
725.0
745.0
712.0
874.0
741.0
681.0
693.0
794.0
889.0
744.0
682.0
741.0
698.0
621.0
718.0
706.0
750.0
872.0
729.0
705.0
751.0
697.0
719.0
813.0
740.0
677.0
685.0
722.0
769.0
746.0
792.0
759.0
725.0
797.0
669.0
741.0
713.0
804.0
722.0
868.0
786.0
734.0
686.0
709.0
745.0
763.0
708.0
724.0
873.0
741.0
697.0
714.0
730.0
749.0
683.0
689.0
699.0
817.0
767.0
674.0
736.0
814.0
712.0
717.0
705.0
766.0
845.0
763.0
746.0
819.0
736.0
777.0
733.0
675.0
837.0
726.0
700.0
734.0
743.0
677.0
714.0
741.0
688.0
720.0
856.0
708.0
680.0
838.0
693.0
733.0
680.0
669.0
619.0
742.0
717.0
713.0
625.0
777.0
701.0
821.0
762.0
667.0
674.0
793.0
736.0
695.0
701.0
714.0
897.0
714.0
761.0
701.0
772.0
672.0
709.0
770.0
725.0
788.0
762.0
693.0
736.0
670.0
698.0
741.0
715.0
732.0
853.0
724.0
733.0
633.0
708.0
661.0
721.0
730.0
697.0
629.0
647.0
993.0
720.0
740.0
838.0
669.0
722.0
786.0
614.0
782.0
874.0
726.0
754.0
599.0
867.0
834.0
725.0
733.0
754.0
728.0
703.0
719.0
728.0
719.0
797.0
668.0
727.0
682.0
660.0
690.0
685.0
725.0
718.0
669.0
813.0
736.0
721.0
753.0
690.0
618.0
818.0
675.0
663.0
810.0
721.0
731.0
597.0
779.0
754.0
703.0
669.0
596.0
744.0
758.0
850.0
701.0
742.0
737.0
715.0
677.0
715.0
758.0
631.0
681.0
682.0
757.0
683.0
766.0
674.0
841.0
654.0
846.0
735.0
690.0
745.0
705.0
675.0
853.0
690.0
803.0
692.0
723.0
942.0
734.0
782.0
754.0
700.0
649.0
685.0
684.0
869.0
610.0
725.0
704.0
925.0
731.0
805.0
861.0
843.0
716.0
728.0
713.0
704.0
730.0
684.0
600.0
682.0
613.0
757.0
674.0
740.0
680.0
708.0
719.0
715.0
728.0
701.0
910.0
776.0
788.0
673.0
765.0
737.0
710.0
752.0
739.0
646.0
709.0
729.0
781.0
1015.0
904.0
702.0
733.0
701.0
761.0
665.0
736.0
809.0
753.0
679.0
760.0
775.0
728.0
749.0
809.0
711.0
769.0
777.0
691.0
695.0
732.0
739.0
672.0
877.0
718.0
779.0
716.0
727.0
701.0
703.0
650.0
680.0
714.0
801.0
701.0
750.0
689.0
722.0
788.0
726.0
756.0
792.0
772.0
694.0
790.0
751.0
695.0
725.0
814.0
760.0
868.0
713.0
703.0
729.0
727.0
734.0
854.0
756.0
809.0
739.0
696.0
704.0
784.0
721.0
754.0
612.0
774.0
706.0
595.0
868.0
641.0
703.0
721.0
692.0
820.0
733.0
809.0
726.0
746.0
878.0
