0.7310237183679129
0.651135347571863
0.8183600198763761
0.8102928735934025
0.7076903850345797
0.5724401728954837
0.5837744047014136
0.6843570517012463
0.651135347571863
0.611340394890475
1.5194520479348566
0.8304607393008365
2.6999787944432114
0.6478191015150807
0.6080241488336926
0.641186609401516
0.6810237183679129
1.4256433039135097
0.5679064801731116
1.0462676757726628
0.9884668387945499
0.7043570517012463
0.6910237183679129
0.7510237183679129
0.7659235690370476
1.0072601348839354
0.6910237183679129
0.701023718367913
0.5135021675046479
0.8898020343252762
0.9602768946604716
0.9320869505263933
0.6179728870040396
0.7376903850345796
0.7941585810274553
0.6047079027769103
0.7110237183679129
0.5339037847553217
0.7143570517012463
0.7820578616029948
0.6445028554582983
0.4931958410698326
0.621289133060822
0.8569137661688514
0.46621909688378615
0.9602768946604716
0.6279216251743865
0.5883080974237856
0.4572268488217707
0.8898020343252762
0.6910237183679129
0.5497717092836237
0.6378703633447336
0.6246053791176044
0.6246053791176044
0.6976903850345797
0.701023718367913
1.068776876174135
0.591442918549781
0.8428187941018124
0.6976903850345797
1.108167976876711
0.7076903850345797
1.0072601348839354
0.9696735427051645
0.9414835985710862
0.5769738656178556
0.6910237183679129
1.125049877177815
0.6577678396854276
1.9206244457914832
2.0228348521720374
0.7276903850345795
0.822393593017863
0.6478191015150807
0.7739907153200212
0.5475048629224377
0.7176903850345796
0.9320869505263933
0.8385278855838101
0.7110237183679129
0.9837685147722036
0.6943570517012463
0.6345541172879514
0.6610840857422099
0.7739907153200212
0.5543054020059958
0.6279216251743865
0.49544390308533653
0.641186609401516
0.7243570517012463
0.8991986823699689
0.6544515936286454
0.822393593017863
1.7417562346255127
1.2264771352860082
0.8898020343252762
0.641186609401516
0.6610840857422099
0.6743570517012463
0.7310237183679129
0.8264271661593496
0.7860914347444816
0.6577678396854276
1.869519242601206
0.4639710348682823
0.9414835985710862
0.7310237183679129
0.8143264467348893
0.6179728870040396
0.7176903850345796
0.9743718667275109
0.7076903850345797
0.641186609401516
1.6613929762048985
0.8062593004519157
0.5980754106633456
0.5860412510625996
0.6776903850345797
0.6246053791176044
0.761889995895561
0.6345541172879514
0.6544515936286454
1.0406403756722948
0.7410237183679129
0.611340394890475
0.611340394890475
0.651135347571863
0.8264271661593496
0.7176903850345796
0.9179919784593544
0.8022257273104288
0.8616120901911979
0.5724401728954837
0.8102928735934025
0.8522154421465051
0.6776903850345797
0.7410237183679129
0.7410237183679129
0.8851037103029297
0.8898020343252762
0.7941585810274553
0.6246053791176044
0.7780242884615081
1.3790934884153545
0.6146566409472572
0.6976903850345797
0.8183600198763761
0.5407043238388799
0.8062593004519157
0.7243570517012463
0.6610840857422099
0.6312378712311689
2.7894129000261962
0.6776903850345797
0.601391656720128
0.6378703633447336
2.1378215593501615
0.8304607393008365
0.7901250078859684
0.9696735427051645
0.7310237183679129
0.611340394890475
0.7376903850345796
0.651135347571863
0.8304607393008365
0.621289133060822
0.7410237183679129
0.7043570517012463
0.701023718367913
1.3093656872192907
0.6610840857422099
0.5747070192566697
0.6876903850345796
0.6478191015150807
0.6810237183679129
0.6246053791176044
0.6910237183679129
0.5837744047014136
0.6047079027769103
0.5837744047014136
0.9038970063923151
0.9085953304146616
0.7901250078859684
0.651135347571863
0.7820578616029948
0.6378703633447336
0.46621909688378615
0.7476903850345795
0.44149041471324363
0.6378703633447336
0.8804053862805833
0.761889995895561
0.7443570517012463
1.2519813051116335
0.6312378712311689
1.6702642842217763
1.315741729675697
0.5980754106633456
0.6644003317989924
1.2392292201988206
0.9085953304146616
0.9414835985710862
0.5565722483671817
0.7043570517012463
1.1306771772781832
0.6610840857422099
0.5452380165612518
0.9461819225934327
0.6478191015150807
0.6478191015150807
0.7410237183679129
0.6610840857422099
0.7176903850345796
0.6279216251743865
1.158813677780023
0.8569137661688514
0.651135347571863
0.6047079027769103
0.601391656720128
0.6179728870040396
0.6312378712311689
0.7659235690370476
0.6976903850345797
0.9508802466157789
0.9978634868392426
0.6478191015150807
0.43924235269773976
0.8344943124423233
0.6179728870040396
0.6146566409472572
0.7243570517012463
0.7143570517012463
0.8062593004519157
0.5747070192566697
0.6047079027769103
0.5837744047014136
0.7310237183679129
0.621289133060822
0.7110237183679129
0.6577678396854276
0.5837744047014136
0.50670162842109
0.7110237183679129
0.8344943124423233
0.8945003583476224
0.6577678396854276
1.0969133766759749
1.3635768832493032
0.8757070622582369
1.0575222759733989
0.8022257273104288
1.4256433039135097
0.7310237183679129
0.9837685147722036
0.651135347571863
0.822393593017863
0.6279216251743865
0.5293700920329498
0.6910237183679129
0.7310237183679129
0.651135347571863
0.7143570517012463
0.6345541172879514
0.9273886265040471
0.7901250078859684
0.7476903850345795
0.5792407119790416
0.8475171181241588
0.5980754106633456
0.591442918549781
0.6876903850345796
0.641186609401516
0.6677165778557747
1.1306771772781832
1.5460659719854895
0.611340394890475
0.7276903850345795
0.5769738656178556
0.798192154168942
0.822393593017863
0.6577678396854276
0.6610840857422099
1.1306771772781832
0.6279216251743865
0.9085953304146616
0.6544515936286454
0.7443570517012463
0.822393593017863
0.8475171181241588
0.7820578616029948
0.6345541172879514
0.651135347571863
1.4411599090795613
0.6279216251743865
0.6644003317989924
1.4256433039135097
0.8522154421465051
0.7410237183679129
1.581551204053
0.641186609401516
0.8428187941018124
0.6843570517012463
0.9226903024817007
0.5792407119790416
0.5339037847553217
0.8344943124423233
0.5747070192566697
0.5769738656178556
1.0912860765756067
0.7276903850345795
0.6910237183679129
2.5849920872650873
0.591442918549781
0.7780242884615081
0.7780242884615081
0.671032823912557
0.6279216251743865
0.6312378712311689
1.4489182116625872
2.3933475753015476
0.5815075583402275
0.671032823912557
0.7780242884615081
1.3558185806662773
0.6478191015150807
0.7310237183679129
0.5384374774776939
1.1419317774789193
0.6544515936286454
1.125049877177815
0.6776903850345797
0.611340394890475
0.9696735427051645
0.6776903850345797
0.5947591646065633
0.8757070622582369
0.5980754106633456
1.3221177721321036
0.6345541172879514
0.6246053791176044
0.9696735427051645
0.6876903850345796
0.7276903850345795
0.651135347571863
0.9226903024817007
0.7310237183679129
0.8522154421465051
0.6810237183679129
0.8304607393008365
0.7043570517012463
0.5980754106633456
0.5947591646065633
0.5980754106633456
0.6943570517012463
0.6943570517012463
0.7110237183679129
0.9320869505263933
0.8851037103029297
1.946177047386622
0.7343570517012463
1.18822088054757
0.8062593004519157
1.7034273322328048
0.6776903850345797
0.6246053791176044
0.8385278855838101
0.611340394890475
0.6843570517012463
0.6610840857422099
0.6246053791176044
0.6610840857422099
0.4482346007597552
0.5520385556448097
0.7043570517012463
0.5815075583402275
0.9085953304146616
0.5271032456717639
0.611340394890475
0.5947591646065633
0.49544390308533653
0.4729632829302977
0.5656396338119257
0.5633727874507397
0.511235321143462
1.2009729654603825
0.7310237183679129
0.6743570517012463
1.0631495760737668
0.6179728870040396
0.8475171181241588
0.6743570517012463
0.9132936544370079
0.5883080974237856
0.671032823912557
0.6644003317989924
1.1818448380911637
0.757856422754074
0.621289133060822
0.757856422754074
0.6910237183679129
0.671032823912557
0.9226903024817007
0.9367852745487398
1.136304477378551
0.761889995895561
0.8304607393008365
0.611340394890475
1.1700682779807592
0.6610840857422099
0.5747070192566697
0.7543570517012463
1.2902375598500717
0.7510237183679129
0.7176903850345796
1.0462676757726628
0.5429711702000658
0.5860412510625996
0.5837744047014136
0.6246053791176044
0.6279216251743865
0.8475171181241588
0.651135347571863
0.5815075583402275
0.8344943124423233
0.5947591646065633
0.8143264467348893
0.7143570517012463
0.5980754106633456
0.591442918549781
0.5883080974237856
0.5543054020059958
0.8264271661593496
0.8616120901911979
0.671032823912557
0.822393593017863
0.6478191015150807
0.6179728870040396
2.597768388062657
0.5679064801731116
0.6743570517012463
0.6312378712311689
0.7276903850345795
0.6843570517012463
0.5837744047014136
0.671032823912557
0.591442918549781
0.5248363993105779
0.651135347571863
0.5947591646065633
0.5361706311165079
0.6776903850345797
0.591442918549781
0.6345541172879514
0.9132936544370079
0.6544515936286454
0.6843570517012463
2.1761504617428695
0.8804053862805833
0.5656396338119257
0.6810237183679129
0.7699571421785344
0.7076903850345797
0.6478191015150807
0.701023718367913
0.6080241488336926
0.5769738656178556
1.18822088054757
0.5980754106633456
0.621289133060822
0.8522154421465051
1.1419317774789193
0.9320869505263933
0.5769738656178556
0.7310237183679129
0.511235321143462
0.757856422754074
0.6644003317989924
0.7510237183679129
0.5089684747822759
0.611340394890475
0.7343570517012463
0.7076903850345797
0.5815075583402275
0.6776903850345797
0.7376903850345796
0.5384374774776939
0.8143264467348893
0.6876903850345796
1.2137250503731953
0.6378703633447336
0.7143570517012463
0.8428187941018124
0.7659235690370476
0.671032823912557
1.0125038751704545
0.8569137661688514
0.591442918549781
1.0575222759733989
1.2902375598500717
0.8385278855838101
1.068776876174135
0.8143264467348893
0.6577678396854276
0.7176903850345796
0.7310237183679129
0.7443570517012463
0.6644003317989924
0.5293700920329498
0.7310237183679129
0.7076903850345797
0.5837744047014136
0.7543570517012463
0.822393593017863
0.9132936544370079
0.671032823912557
0.671032823912557
1.5460659719854895
0.8898020343252762
0.7476903850345795
0.6610840857422099
0.5792407119790416
0.5860412510625996
0.6976903850345797
0.8991986823699689
0.9414835985710862
0.6644003317989924
0.8264271661593496
0.7076903850345797
0.5947591646065633
0.5452380165612518
0.7410237183679129
0.7210237183679129
0.5837744047014136
0.651135347571863
0.5248363993105779
0.5815075583402275
0.6610840857422099
0.9414835985710862
0.7510237183679129
0.8663104142135442
0.6246053791176044
0.621289133060822
1.1700682779807592
0.7143570517012463
0.7443570517012463
0.5769738656178556
0.8385278855838101
0.6910237183679129
0.5407043238388799
0.601391656720128
0.9038970063923151
1.108167976876711
0.6478191015150807
0.9837685147722036
0.5980754106633456
0.6876903850345796
1.9206244457914832
0.9085953304146616
0.5543054020059958
0.5769738656178556
1.0181311752708226
0.8991986823699689
0.8616120901911979
0.591442918549781
0.5588390947283678
0.7310237183679129
0.5947591646065633
0.5837744047014136
0.5980754106633456
0.8183600198763761
0.6943570517012463
0.671032823912557
0.4639710348682823
0.8475171181241588
0.7410237183679129
0.6610840857422099
0.7901250078859684
0.5611059410895538
0.6246053791176044
0.7043570517012463
1.1644409778803912
0.5089684747822759
0.7310237183679129
0.7659235690370476
0.7376903850345796
1.3284938145885101
0.7941585810274553
0.6976903850345797
1.0744041762745027
0.6610840857422099
0.7443570517012463
0.9696735427051645
0.7543570517012463
0.4752113449458017
0.591442918549781
0.7780242884615081
0.8991986823699689
0.651135347571863
0.8022257273104288
0.7310237183679129
0.621289133060822
0.7076903850345797
