606.0
661.0
709.0
648.0
714.0
679.0
680.0
687.0
658.0
643.0
674.0
641.0
664.0
699.0
672.0
802.0
683.0
646.0
639.0
769.0
624.0
644.0
747.0
617.0
840.0
651.0
712.0
662.0
746.0
821.0
703.0
708.0
552.0
649.0
806.0
637.0
674.0
697.0
723.0
642.0
678.0
657.0
654.0
662.0
710.0
647.0
636.0
684.0
678.0
725.0
686.0
682.0
629.0
648.0
677.0
676.0
629.0
661.0
566.0
642.0
716.0
815.0
669.0
656.0
741.0
903.0
700.0
643.0
637.0
699.0
930.0
770.0
653.0
731.0
725.0
639.0
673.0
629.0
660.0
682.0
688.0
736.0
731.0
667.0
656.0
667.0
660.0
700.0
698.0
884.0
576.0
564.0
631.0
670.0
688.0
703.0
674.0
661.0
699.0
554.0
663.0
645.0
695.0
651.0
816.0
734.0
702.0
592.0
681.0
690.0
673.0
737.0
629.0
682.0
852.0
685.0
646.0
652.0
742.0
669.0
710.0
699.0
589.0
693.0
693.0
640.0
722.0
664.0
621.0
682.0
859.0
767.0
697.0
692.0
669.0
672.0
631.0
650.0
837.0
612.0
571.0
649.0
640.0
562.0
560.0
680.0
764.0
732.0
629.0
658.0
671.0
751.0
629.0
652.0
749.0
714.0
674.0
634.0
666.0
684.0
632.0
717.0
641.0
660.0
690.0
657.0
708.0
737.0
696.0
648.0
735.0
733.0
706.0
639.0
706.0
692.0
618.0
731.0
637.0
650.0
672.0
666.0
600.0
651.0
655.0
656.0
638.0
779.0
682.0
665.0
646.0
656.0
667.0
730.0
805.0
694.0
646.0
576.0
734.0
672.0
554.0
705.0
638.0
674.0
738.0
774.0
663.0
598.0
648.0
657.0
586.0
802.0
701.0
633.0
630.0
674.0
641.0
667.0
670.0
563.0
677.0
644.0
698.0
726.0
668.0
671.0
745.0
658.0
754.0
666.0
643.0
708.0
716.0
660.0
753.0
658.0
672.0
764.0
716.0
703.0
797.0
805.0
629.0
710.0
668.0
821.0
650.0
650.0
752.0
573.0
716.0
786.0
642.0
662.0
637.0
666.0
692.0
698.0
760.0
679.0
638.0
717.0
781.0
643.0
645.0
642.0
667.0
737.0
697.0
683.0
781.0
665.0
644.0
677.0
802.0
672.0
820.0
682.0
668.0
689.0
784.0
669.0
689.0
701.0
651.0
766.0
652.0
669.0
646.0
676.0
629.0
631.0
570.0
676.0
628.0
731.0
769.0
740.0
657.0
728.0
673.0
721.0
690.0
711.0
662.0
714.0
668.0
623.0
650.0
630.0
637.0
686.0
691.0
714.0
666.0
766.0
699.0
697.0
647.0
657.0
680.0
661.0
695.0
730.0
649.0
733.0
757.0
661.0
697.0
640.0
690.0
817.0
692.0
657.0
755.0
793.0
657.0
667.0
648.0
656.0
634.0
638.0
588.0
630.0
573.0
663.0
637.0
680.0
703.0
685.0
729.0
602.0
688.0
627.0
664.0
687.0
670.0
642.0
720.0
690.0
695.0
640.0
664.0
649.0
645.0
690.0
810.0
652.0
749.0
718.0
908.0
827.0
696.0
634.0
668.0
734.0
674.0
719.0
653.0
663.0
654.0
657.0
698.0
732.0
672.0
749.0
616.0
682.0
776.0
641.0
695.0
690.0
565.0
644.0
570.0
708.0
696.0
682.0
794.0
690.0
648.0
666.0
646.0
667.0
648.0
677.0
653.0
654.0
703.0
714.0
687.0
651.0
694.0
660.0
687.0
693.0
710.0
717.0
746.0
618.0
605.0
623.0
650.0
587.0
673.0
718.0
674.0
649.0
805.0
706.0
685.0
651.0
683.0
680.0
682.0
722.0
662.0
675.0
637.0
656.0
765.0
632.0
814.0
667.0
673.0
682.0
650.0
661.0
584.0
590.0
719.0
693.0
650.0
798.0
658.0
639.0
816.0
752.0
730.0
680.0
732.0
642.0
644.0
632.0
645.0
684.0
656.0
754.0
730.0
694.0
656.0
700.0
652.0
717.0
660.0
666.0
638.0
646.0
749.0
715.0
664.0
678.0
634.0
642.0
654.0
770.0
683.0
704.0
666.0
634.0
646.0
853.0
744.0
680.0
675.0
658.0
718.0
636.0
632.0
769.0
707.0
641.0
686.0
658.0
690.0
691.0
647.0
784.0
651.0
633.0
668.0
620.0
657.0
842.0
646.0
673.0
689.0
697.0
672.0
685.0
673.0
581.0
781.0
653.0
666.0
665.0
669.0
662.0
634.0
691.0
668.0
728.0
691.0
678.0
663.0
699.0
718.0
690.0
604.0
725.0
674.0
713.0
680.0
669.0
663.0
637.0
642.0
746.0
683.0
723.0
700.0
635.0
743.0
679.0
670.0
603.0
631.0
669.0
634.0
722.0
803.0
612.0
717.0
650.0
641.0
672.0
655.0
746.0
685.0
677.0
685.0
674.0
