0.8240153980647891
0.654960416872489
0.7020201313640149
0.7346029983463653
0.6399156941533477
0.404828713035029
0.5418881935475562
1.116226601808464
0.7128810870247984
0.7943579673343105
0.528869617696163
0.6188530823465499
0.43936380914250495
1.1922203381958316
0.8367257255207083
0.7604637607851921
0.6489425277848324
0.6947794942568258
0.680298220042448
1.397150737577087
0.7165014055783928
1.0058115106132066
0.6700051395916302
0.6278799159780346
0.6947794942568258
0.7020201313640149
1.054365623507618
0.35504508372292437
0.6308888605218629
0.8324889497020687
0.5523030542286708
0.6218620268903781
0.7020201313640149
0.8197786222461493
1.8122629032211048
0.8652003834872335
0.6399156941533477
0.7346029983463653
0.7382233168999598
0.48827152089977416
0.5705290604206213
0.5917725814520955
0.7346029983463653
1.0058115106132066
0.6875388571496369
0.6875388571496369
1.054365623507618
0.6248709714342064
0.7563249096679322
0.6068173041712368
0.6875388571496369
0.7816476398783911
0.928232957716118
0.6609783059601456
0.7454639540071487
1.3396410393644467
0.6038083596274085
0.6098262487150651
0.5917725814520955
0.7201217241319873
0.7020201313640149
0.45212234264440126
0.928232957716118
0.7346029983463653
2.372143772176956
0.6038083596274085
0.8197786222461493
1.2413605719187033
0.6278799159780346
0.7382233168999598
0.9718708937207303
0.6248709714342064
1.532991299516016
0.6639872505039738
0.6248709714342064
0.6983998128104204
0.642924638697176
1.2975208390305566
1.0852961126580407
0.8070682947902299
0.7689373124224718
0.680298220042448
0.7056404499176094
1.5422127907440861
0.6007994150835804
0.9524762554964581
0.680298220042448
0.654960416872489
0.9718708937207303
0.6338978050656912
0.5549067693989495
0.9185356386039818
0.6158441378027216
0.8652003834872335
0.5549067693989495
0.673057582935259
0.6218620268903781
0.8324889497020687
1.6344277030247878
1.4306734082298025
0.8506544048190293
0.5757364907611786
1.397150737577087
0.5679253452503428
0.508039896333934
0.6579693614163171
0.7382233168999598
0.8748977025993695
1.497718749535233
0.654960416872489
0.6579693614163171
0.7056404499176094
0.6639872505039738
0.6947794942568258
0.6489425277848324
0.6489425277848324
0.47763940964819385
1.072923916997872
0.6766779014888535
0.7201217241319873
0.7092607684712039
1.738594367832177
0.928232957716118
0.7563249096679322
0.6278799159780346
0.642924638697176
0.6459335832410041
0.6308888605218629
0.5601141997395067
0.6308888605218629
0.7273623612391763
0.8991410003797097
0.7201217241319873
0.6038083596274085
0.4903979431500902
0.8652003834872335
0.6369067496095194
0.7020201313640149
1.5145483170598757
0.8458057452629612
0.7527045911143376
0.6983998128104204
0.7237420426855817
1.2343405385297215
0.6308888605218629
0.7527045911143376
0.6947794942568258
0.7816476398783911
0.6609783059601456
0.6308888605218629
0.654960416872489
0.5977904705397521
0.5523030542286708
0.9427789363843222
1.1100405039783794
0.6338978050656912
0.642924638697176
0.680298220042448
0.6248709714342064
0.7689373124224718
0.5947815259959237
0.642924638697176
0.8155418464275094
0.7816476398783911
0.9088383194918457
0.8991410003797097
0.9524762554964581
0.6700051395916302
0.6338978050656912
0.7056404499176094
0.35504508372292437
0.6308888605218629
0.8652003834872335
0.7346029983463653
0.6875388571496369
0.7774108640597513
0.680298220042448
0.6399156941533477
0.642924638697176
0.8700490430433014
0.9864168723889345
0.3533284068500932
0.508039896333934
0.7128810870247984
0.8555030643750974
0.5653216300800641
0.5809439211017359
0.7563249096679322
0.9524762554964581
0.8113050706088698
0.7056404499176094
0.6188530823465499
1.128598797468633
0.7092607684712039
0.7985947431529503
1.0009628510571384
0.6766779014888535
0.7309826797927708
0.4925243654004062
0.7273623612391763
1.3887700699139083
0.654960416872489
0.6609783059601456
1.0667378191677872
0.6369067496095194
0.5887636369082673
0.9573249150525261
0.6700051395916302
1.2483806053076851
0.8652003834872335
0.6459335832410041
1.072923916997872
0.5627179149097855
0.3842285905610547
0.8991410003797097
0.6911591757032314
0.4372373868921889
0.6459335832410041
0.673057582935259
0.8367257255207083
0.8894436812675736
0.7128810870247984
1.072923916997872
0.9912655319450024
1.1595292866190556
0.6911591757032314
0.654960416872489
0.5158510418447699
0.8028315189715901
0.7309826797927708
0.6248709714342064
0.5861513514422931
0.8324889497020687
0.6248709714342064
0.6308888605218629
0.5314733328664417
0.6369067496095194
1.4306734082298025
0.36191179121424916
0.5705290604206213
0.8845950217115056
0.7020201313640149
0.764700536603832
1.2764607388636116
0.6038083596274085
1.6252062117967174
0.5757364907611786
0.7731740882411114
0.7273623612391763
0.8282521738834289
0.8942923408236415
0.8748977025993695
0.7201217241319873
0.642924638697176
0.9961141915010704
0.7020201313640149
0.5705290604206213
0.6188530823465499
1.4222927405666237
0.8240153980647891
0.6338978050656912
0.5679253452503428
0.6579693614163171
0.6068173041712368
0.8506544048190293
0.6947794942568258
1.1533431887889714
0.7689373124224718
0.5418881935475562
0.6609783059601456
0.6639872505039738
0.7418436354535543
0.7020201313640149
0.6947794942568258
0.6098262487150651
0.6609783059601456
0.9912655319450024
0.6308888605218629
0.7490842725607432
0.6947794942568258
0.9039896599357777
0.6158441378027216
0.654960416872489
0.7092607684712039
0.8409625013393482
0.5679253452503428
0.37907855994256107
0.7237420426855817
0.6911591757032314
0.7346029983463653
0.8409625013393482
0.6308888605218629
0.7201217241319873
0.7382233168999598
0.6068173041712368
0.7454639540071487
0.654960416872489
0.7092607684712039
0.6128351932588934
0.3584784374685867
1.5975417381125072
0.6278799159780346
0.7128810870247984
0.6911591757032314
1.054365623507618
0.7418436354535543
0.6459335832410041
0.7273623612391763
0.5158510418447699
0.7604637607851921
0.8113050706088698
0.6983998128104204
0.6248709714342064
0.8845950217115056
0.6639872505039738
0.8652003834872335
0.4989036321513544
1.397150737577087
0.654960416872489
0.642924638697176
0.6188530823465499
0.6188530823465499
0.6188530823465499
0.8367257255207083
0.6911591757032314
0.6218620268903781
0.5496993390583922
0.7731740882411114
0.5731327755909
0.5340770480367204
1.2273205051407399
0.6369067496095194
0.6983998128104204
0.5653216300800641
0.5977904705397521
1.1781802714178684
0.8197786222461493
0.5887636369082673
0.6098262487150651
0.5731327755909
0.5809439211017359
0.6278799159780346
0.6839185385960425
0.8113050706088698
0.6188530823465499
0.9524762554964581
0.5106436115042127
1.072923916997872
0.7454639540071487
1.128598797468633
0.6669961950478019
1.4809574142088757
0.6188530823465499
0.7943579673343105
0.441490231392821
0.7527045911143376
0.6338978050656912
0.4116954205263538
0.6766779014888535
0.9524762554964581
0.6459335832410041
0.6489425277848324
0.8458057452629612
0.6911591757032314
0.8155418464275094
0.6038083596274085
0.3910952980523794
0.6947794942568258
0.6158441378027216
0.6369067496095194
0.7382233168999598
0.6669961950478019
1.2132804383627767
0.5809439211017359
0.5549067693989495
0.654960416872489
0.6579693614163171
0.4082620667806914
1.5145483170598757
0.6875388571496369
4.23654551027749
0.7237420426855817
0.36534514495991155
1.3720087345875505
0.6489425277848324
0.6369067496095194
0.8942923408236415
0.6218620268903781
0.642924638697176
0.6459335832410041
0.7816476398783911
0.680298220042448
0.6766779014888535
0.6369067496095194
1.0110629386970258
0.7020201313640149
0.5262659025258843
0.6158441378027216
0.8409625013393482
0.7346029983463653
0.8894436812675736
0.8028315189715901
0.6248709714342064
0.7418436354535543
0.7731740882411114
1.2834807722525932
1.2413605719187033
0.7731740882411114
0.5947815259959237
0.9233842981600497
0.6158441378027216
0.8070682947902299
0.8409625013393482
0.6007994150835804
2.3868774792547414
0.8652003834872335
0.7816476398783911
1.3045408724195384
0.5947815259959237
0.9524762554964581
1.0172490365271105
0.7985947431529503
0.6068173041712368
0.6669961950478019
0.5887636369082673
0.7020201313640149
0.8894436812675736
0.9524762554964581
0.7816476398783911
0.5917725814520955
0.6338978050656912
0.5947815259959237
0.7165014055783928
0.6983998128104204
0.6248709714342064
0.5835476362720146
0.8894436812675736
0.8113050706088698
0.6308888605218629
0.6639872505039738
0.8894436812675736
0.9864168723889345
0.6308888605218629
0.5917725814520955
0.9573249150525261
0.5731327755909
0.5731327755909
0.6007994150835804
0.6007994150835804
0.8197786222461493
1.7680617819877482
0.7056404499176094
0.7346029983463653
0.7128810870247984
1.0358073300173645
0.6308888605218629
0.6007994150835804
0.6038083596274085
0.6911591757032314
0.8367257255207083
0.4712601428972457
0.8894436812675736
0.654960416872489
0.6609783059601456
0.6098262487150651
1.023435134357195
0.6875388571496369
0.5601141997395067
0.8652003834872335
0.5444919087178349
0.7237420426855817
0.6700051395916302
0.6308888605218629
0.6128351932588934
0.6068173041712368
0.6911591757032314
0.6639872505039738
0.7490842725607432
0.8113050706088698
0.6911591757032314
0.6158441378027216
0.6911591757032314
0.7201217241319873
0.4925243654004062
0.9039896599357777
1.44743474355616
0.7985947431529503
1.1038544061482947
0.5977904705397521
0.7563249096679322
0.5653216300800641
0.5705290604206213
1.1471570909588868
0.5031564766519865
0.6248709714342064
0.7273623612391763
0.6248709714342064
0.5418881935475562
1.3887700699139083
0.6579693614163171
0.6911591757032314
0.5887636369082673
0.8894436812675736
0.7563249096679322
0.9573249150525261
2.652084206654882
0.6669961950478019
0.7858844156970309
1.0358073300173645
0.7092607684712039
0.9912655319450024
0.6188530823465499
0.7382233168999598
2.195339287243529
0.6098262487150651
0.7604637607851921
0.7092607684712039
0.7346029983463653
0.8942923408236415
0.6609783059601456
0.4606280316456655
0.6248709714342064
0.5809439211017359
0.6308888605218629
0.7201217241319873
1.8417303173766761
0.6007994150835804
0.7092607684712039
0.6669961950478019
2.431078600488098
0.6399156941533477
1.2132804383627767
1.116226601808464
0.6519514723286608
0.6700051395916302
0.5496993390583922
0.8652003834872335
0.6839185385960425
0.43936380914250495
0.7165014055783928
1.1038544061482947
0.6188530823465499
0.6128351932588934
0.8555030643750974
0.7816476398783911
0.8028315189715901
0.7382233168999598
0.7901211915156707
0.8282521738834289
0.673057582935259
0.654960416872489
0.94762759594039
0.5783402059314573
0.6399156941533477
0.5835476362720146
0.7604637607851921
0.3533284068500932
0.654960416872489
0.6579693614163171
1.4390540758929813
0.7020201313640149
0.39967868241653537
0.6338978050656912
0.5418881935475562
0.6911591757032314
0.7165014055783928
0.7273623612391763
1.6620921767089982
0.6947794942568258
0.7490842725607432
0.7346029983463653
0.6278799159780346
0.764700536603832
0.7165014055783928
0.9524762554964581
0.6278799159780346
0.7237420426855817
0.680298220042448
0.6158441378027216
0.654960416872489
0.35504508372292437
0.673057582935259
0.6248709714342064
2.548948257110383
0.6038083596274085
0.8155418464275094
0.6308888605218629
