757.0
823.0
777.0
772.0
672.0
742.0
789.0
720.0
762.0
757.0
781.0
788.0
784.0
736.0
773.0
733.0
771.0
716.0
709.0
732.0
870.0
763.0
736.0
730.0
784.0
815.0
747.0
741.0
749.0
763.0
823.0
835.0
754.0
879.0
778.0
744.0
836.0
749.0
707.0
712.0
808.0
737.0
623.0
774.0
739.0
714.0
632.0
741.0
893.0
814.0
737.0
870.0
720.0
724.0
753.0
1132.0
858.0
773.0
722.0
798.0
586.0
800.0
736.0
734.0
694.0
754.0
777.0
933.0
765.0
656.0
741.0
729.0
744.0
969.0
778.0
717.0
745.0
784.0
738.0
905.0
779.0
731.0
762.0
727.0
808.0
682.0
741.0
769.0
749.0
822.0
810.0
744.0
596.0
743.0
730.0
759.0
742.0
770.0
963.0
730.0
770.0
761.0
887.0
705.0
793.0
919.0
721.0
708.0
740.0
869.0
776.0
795.0
757.0
713.0
781.0
777.0
722.0
741.0
932.0
857.0
691.0
797.0
666.0
644.0
772.0
729.0
954.0
742.0
771.0
777.0
865.0
765.0
818.0
861.0
768.0
798.0
734.0
906.0
753.0
604.0
729.0
794.0
742.0
791.0
772.0
738.0
722.0
809.0
794.0
754.0
645.0
698.0
731.0
737.0
759.0
653.0
847.0
660.0
786.0
728.0
731.0
807.0
733.0
774.0
744.0
741.0
740.0
707.0
792.0
633.0
710.0
744.0
779.0
830.0
794.0
825.0
721.0
761.0
726.0
814.0
674.0
719.0
753.0
711.0
789.0
737.0
734.0
746.0
845.0
809.0
812.0
891.0
899.0
740.0
880.0
891.0
766.0
736.0
751.0
769.0
753.0
766.0
722.0
720.0
603.0
727.0
621.0
850.0
810.0
736.0
745.0
750.0
755.0
759.0
684.0
747.0
591.0
714.0
782.0
714.0
729.0
789.0
776.0
665.0
748.0
729.0
894.0
780.0
592.0
868.0
891.0
780.0
723.0
838.0
732.0
751.0
752.0
726.0
837.0
753.0
744.0
914.0
708.0
791.0
589.0
736.0
734.0
824.0
753.0
818.0
763.0
788.0
715.0
945.0
714.0
720.0
778.0
725.0
772.0
762.0
694.0
753.0
702.0
722.0
770.0
806.0
710.0
893.0
774.0
632.0
794.0
762.0
777.0
728.0
784.0
646.0
878.0
794.0
738.0
761.0
804.0
781.0
734.0
754.0
866.0
799.0
752.0
734.0
752.0
933.0
789.0
757.0
776.0
783.0
689.0
733.0
727.0
740.0
732.0
712.0
764.0
748.0
594.0
780.0
814.0
718.0
629.0
724.0
762.0
714.0
758.0
778.0
862.0
1042.0
795.0
820.0
733.0
618.0
718.0
589.0
794.0
622.0
760.0
853.0
717.0
773.0
775.0
757.0
727.0
781.0
733.0
750.0
853.0
811.0
724.0
809.0
759.0
613.0
717.0
736.0
762.0
602.0
725.0
618.0
756.0
812.0
999.0
1082.0
745.0
800.0
806.0
869.0
712.0
829.0
738.0
739.0
766.0
762.0
769.0
843.0
785.0
739.0
714.0
728.0
797.0
912.0
733.0
721.0
808.0
935.0
734.0
754.0
648.0
778.0
748.0
848.0
862.0
751.0
763.0
810.0
814.0
759.0
780.0
811.0
849.0
763.0
749.0
781.0
802.0
801.0
740.0
780.0
753.0
701.0
731.0
731.0
785.0
736.0
713.0
620.0
712.0
818.0
721.0
784.0
739.0
749.0
729.0
767.0
786.0
782.0
765.0
754.0
761.0
605.0
789.0
773.0
729.0
825.0
725.0
626.0
755.0
749.0
808.0
839.0
763.0
610.0
772.0
990.0
760.0
616.0
928.0
761.0
765.0
983.0
766.0
749.0
780.0
738.0
757.0
768.0
803.0
760.0
761.0
724.0
794.0
784.0
646.0
809.0
902.0
830.0
858.0
723.0
770.0
602.0
774.0
728.0
749.0
690.0
756.0
869.0
791.0
701.0
748.0
766.0
745.0
769.0
771.0
828.0
747.0
789.0
797.0
741.0
717.0
764.0
796.0
733.0
740.0
764.0
710.0
733.0
744.0
702.0
847.0
722.0
706.0
767.0
705.0
780.0
1057.0
723.0
746.0
789.0
751.0
724.0
739.0
938.0
755.0
778.0
800.0
720.0
752.0
925.0
791.0
811.0
718.0
869.0
749.0
872.0
774.0
772.0
757.0
860.0
729.0
797.0
707.0
785.0
744.0
789.0
