0.5286666212978288
0.7557229962635105
0.5855870950710944
0.6230657756924275
0.5215515620761706
0.7167878110783251
0.6270215612051273
0.91543940589161
2.065453838894636
0.8390424570520326
0.5357816805194869
0.5405250533339258
0.6705352018448263
0.7380251848156989
0.7913486952372878
0.8271190165983464
0.5262949348906094
0.5666136038133391
0.6507562742813268
1.8264485102978338
1.1812633441996563
0.7557229962635105
0.5808437222566556
0.8866380360285965
0.6665794163321264
0.5547551717772422
0.5689852902205585
0.5215515620761706
1.3872781609563423
0.646800488768627
0.7953231753885165
1.3501151030685827
0.6270215612051273
0.5262949348906094
0.5855870950710944
0.5737286630349974
0.7635273341786866
0.5428967397411452
0.6626236308194264
0.571356976627778
0.5428967397411452
0.5914194915908282
1.05544119423513
0.5594985445916809
0.9010387209601031
0.6920108750513891
0.6072426336416278
0.6813921881827023
0.571356976627778
0.5594985445916809
0.9250398625126146
1.2159914928576057
0.5784720358494362
0.52392324848339
0.9634416889966329
0.6743130636035778
0.547640112555584
1.1045905448844808
1.2507196415155548
0.9442407757546237
0.6309773467178272
0.5761003494422169
0.7635273341786866
0.5855870950710944
0.8914382643390987
1.0172139215078575
0.7794252547836016
0.8191700562958889
0.646800488768627
0.6626236308194264
1.1209736617675978
0.5096931300400737
0.5357816805194869
0.5879587814783138
0.7873742150860591
0.6191099901797276
0.5571268581844616
0.583215408663875
0.5689852902205585
0.5405250533339258
0.5855870950710944
0.5405250533339258
0.7097086864992007
0.5737286630349974
1.2102034680812808
0.6349331322305272
0.6705352018448263
0.5784720358494362
0.8482362095445782
0.5784720358494362
0.7238669356574498
0.8578366661655827
0.7833997349348304
0.7953231753885165
1.0991295059234418
0.5523834853700229
0.583215408663875
0.5784720358494362
0.8434359812340759
0.5642419174061198
0.8818378077180943
1.2912358149498286
0.6032868481289279
0.5428967397411452
1.044519116313052
0.5381533669267063
0.599331062616228
0.8231445364471176
0.6665794163321264
0.7521834339739482
0.7451043093948235
0.5784720358494362
0.5879587814783138
0.5914194915908282
0.5310383077050481
1.3433280379367525
0.8151955761446602
0.5381533669267063
0.5642419174061198
0.7873742150860591
0.6032868481289279
0.67785262589314
0.5666136038133391
0.5642419174061198
0.8914382643390987
0.5262949348906094
0.5310383077050481
1.498767334619621
0.5547551717772422
0.5191798756689511
1.1482788565727926
0.6586678453067266
0.6388889177432271
0.7061691242096383
0.6990899996305138
0.5405250533339258
0.646800488768627
0.5879587814783138
1.0390580773520133
0.6586678453067266
0.5784720358494362
0.8151955761446602
0.7132482487887629
0.6349331322305272
0.6270215612051273
0.5168081892617318
0.5191798756689511
0.6884713127618268
0.7061691242096383
0.5024514351579565
0.599331062616228
0.6849317504722646
2.31640943392128
0.5405250533339258
0.5879587814783138
0.7521834339739482
0.5953752771035281
0.599331062616228
0.5428967397411452
0.8072466158422027
0.6072426336416278
0.5310383077050481
0.8626368944760849
0.5953752771035281
0.5262949348906094
0.6388889177432271
0.8390424570520326
0.5594985445916809
0.5953752771035281
0.7794252547836016
0.6990899996305138
0.5357816805194869
0.6743130636035778
0.5953752771035281
0.599331062616228
0.5405250533339258
0.8390424570520326
0.6743130636035778
0.642844703255927
0.9442407757546237
1.4764694998869654
0.9634416889966329
0.6349331322305272
0.6151542046670275
0.5666136038133391
0.5784720358494362
0.5737286630349974
0.6920108750513891
0.6032868481289279
0.5594985445916809
0.5049497572256347
0.6032868481289279
1.1045905448844808
0.9730421456176372
0.5547551717772422
0.5547551717772422
0.6507562742813268
0.512064816447293
0.67785262589314
0.6191099901797276
0.8722373510970896
0.9442407757546237
0.9586414606861303
0.5286666212978288
0.5784720358494362
0.5642419174061198
0.5168081892617318
0.7913486952372878
0.5808437222566556
0.5168081892617318
0.5428967397411452
0.8674371227865874
1.1812633441996563
1.077285350079286
0.5144365028545124
0.5571268581844616
0.9778423739281396
0.6705352018448263
0.6665794163321264
0.7380251848156989
0.6111984191543277
0.7635273341786866
1.082746389040325
0.9058389492706056
0.7486438716843858
0.6990899996305138
0.7026295619200761
0.5310383077050481
0.6309773467178272
0.5310383077050481
0.6151542046670275
0.5761003494422169
1.3317519883841027
0.5855870950710944
0.583215408663875
0.8231445364471176
0.9922430588596464
0.5594985445916809
0.7953231753885165
0.5666136038133391
0.5428967397411452
0.6032868481289279
0.7238669356574498
1.0936684669624028
0.5618702309989003
0.7635273341786866
0.6743130636035778
0.6743130636035778
0.6743130636035778
0.5571268581844616
0.583215408663875
0.9250398625126146
1.24493161673923
0.547640112555584
0.5594985445916809
0.5642419174061198
0.6032868481289279
0.6230657756924275
0.6743130636035778
0.5215515620761706
0.6032868481289279
0.5547551717772422
0.5642419174061198
0.7026295619200761
0.5808437222566556
0.5286666212978288
0.8482362095445782
0.6349331322305272
0.5215515620761706
0.6743130636035778
0.6309773467178272
0.5642419174061198
0.5452684261483646
0.5547551717772422
1.1812633441996563
0.6884713127618268
0.6626236308194264
0.5523834853700229
0.571356976627778
0.7061691242096383
0.5452684261483646
0.5547551717772422
0.7415647471052613
0.599331062616228
0.6151542046670275
0.67785262589314
0.7309460602365744
0.583215408663875
0.512064816447293
0.7203273733678875
0.7451043093948235
0.7061691242096383
0.5594985445916809
1.0172139215078575
0.8434359812340759
0.9250398625126146
0.6111984191543277
0.6111984191543277
1.1870513689759812
0.7415647471052613
0.5073214436328541
0.6990899996305138
0.5452684261483646
0.7415647471052613
0.5953752771035281
0.8151955761446602
0.5784720358494362
0.6626236308194264
0.583215408663875
0.6032868481289279
0.5594985445916809
0.7097086864992007
0.5381533669267063
0.67785262589314
0.6349331322305272
1.0226749604688965
0.7521834339739482
0.5784720358494362
0.7635273341786866
0.6309773467178272
0.5500117989628034
0.5571268581844616
0.7913486952372878
0.8151955761446602
0.5405250533339258
0.547640112555584
0.7061691242096383
0.7203273733678875
0.583215408663875
0.547640112555584
0.5666136038133391
0.7344856225261367
0.7557229962635105
1.088207428001364
0.8866380360285965
0.5594985445916809
0.67785262589314
0.5879587814783138
0.5286666212978288
0.7675018143299154
0.547640112555584
0.6990899996305138
0.9538412323756282
0.5689852902205585
0.6349331322305272
0.5571268581844616
0.583215408663875
0.5618702309989003
0.7754507746323728
0.5761003494422169
0.5594985445916809
0.7595528540274578
0.5666136038133391
0.6388889177432271
0.5310383077050481
0.8271190165983464
0.6230657756924275
0.8072466158422027
0.6270215612051273
0.599331062616228
1.060902233196169
0.7913486952372878
0.5310383077050481
0.6388889177432271
0.5879587814783138
0.5405250533339258
0.5808437222566556
0.5168081892617318
0.6743130636035778
0.8151955761446602
0.5642419174061198
0.599331062616228
0.5500117989628034
0.5879587814783138
0.6309773467178272
0.642844703255927
0.7380251848156989
0.5914194915908282
0.5024514351579565
0.5262949348906094
0.5855870950710944
0.6151542046670275
0.6705352018448263
0.5049497572256347
0.5642419174061198
0.5500117989628034
0.5642419174061198
0.5215515620761706
0.8530364378550805
0.7132482487887629
0.5024514351579565
0.5334099941122675
0.8310934967495751
0.6032868481289279
0.5855870950710944
0.52392324848339
0.5073214436328541
0.9394405474441213
0.6849317504722646
0.6032868481289279
0.7521834339739482
0.7238669356574498
0.6626236308194264
0.547640112555584
0.8770375794075919
0.7380251848156989
0.8434359812340759
0.5547551717772422
0.6111984191543277
0.5689852902205585
0.5855870950710944
0.5689852902205585
0.7167878110783251
0.512064816447293
0.6309773467178272
0.5405250533339258
0.6626236308194264
0.6191099901797276
0.6032868481289279
0.5642419174061198
0.6665794163321264
0.6309773467178272
0.5784720358494362
0.6813921881827023
1.1373567786507146
0.8191700562958889
1.088207428001364
0.5737286630349974
0.7167878110783251
0.7794252547836016
0.5594985445916809
0.5310383077050481
0.6349331322305272
0.8866380360285965
0.599331062616228
1.3501151030685827
0.4974109796590054
0.5914194915908282
0.8151955761446602
0.547640112555584
0.6230657756924275
0.5381533669267063
0.5808437222566556
0.5784720358494362
0.7595528540274578
0.5737286630349974
0.5879587814783138
0.5096931300400737
0.6586678453067266
1.5897180886094529
0.7635273341786866
0.6151542046670275
0.547640112555584
0.5689852902205585
0.5914194915908282
1.0281359994299353
0.5784720358494362
0.5500117989628034
0.6388889177432271
0.5523834853700229
0.6270215612051273
0.642844703255927
0.5310383077050481
0.5666136038133391
0.5405250533339258
0.8151955761446602
0.646800488768627
0.5689852902205585
0.5191798756689511
0.9346403191336191
1.0390580773520133
0.6955504373409515
0.6955504373409515
1.308599889278803
0.5286666212978288
0.7061691242096383
0.5737286630349974
0.5642419174061198
0.6990899996305138
0.9970432871701486
0.5500117989628034
1.1755840513779874
0.646800488768627
0.5953752771035281
0.5024514351579565
0.5262949348906094
0.5879587814783138
0.5761003494422169
0.7061691242096383
0.6230657756924275
0.8962384926496009
0.6270215612051273
0.5547551717772422
0.968241917307135
0.6111984191543277
0.6111984191543277
0.5547551717772422
0.6884713127618268
0.6665794163321264
0.6388889177432271
0.7097086864992007
0.6586678453067266
0.91543940589161
0.646800488768627
0.5191798756689511
0.8390424570520326
0.547640112555584
0.6955504373409515
0.5073214436328541
0.5547551717772422
0.571356976627778
0.6920108750513891
0.642844703255927
0.8722373510970896
0.5215515620761706
0.7833997349348304
0.5761003494422169
0.5855870950710944
23.39510332929652
0.5547551717772422
0.5500117989628034
0.6626236308194264
0.6270215612051273
0.6586678453067266
