0.6523104878148153
1.6304280466654046
0.9039825855778082
0.6610739473493759
1.317943479039183
0.6966533067068019
0.7512858686231643
0.9136160334586788
0.7137259823056652
0.9617832728630314
0.9665999968034668
1.1611132558141248
0.6727585600621233
0.9665999968034668
0.8750822419351967
0.6898242364672567
0.8509986222330204
0.6932387715870293
0.8702655179947614
0.6829951662277115
0.7137259823056652
0.6201778028547597
0.7662103357231453
0.5938874242510778
0.7410422632638463
0.6829951662277115
0.6761660959881661
0.7547004037429368
0.9665999968034668
0.8096830800840477
2.7079455071201592
1.172729277913572
0.7780665387306641
0.39799397759505595
0.6552316409930021
0.8175872154223935
0.8175872154223935
0.734213193024301
0.6260201092111335
0.9810501686247726
0.8294434184299123
0.7034823769463473
0.7103114471858925
0.8136351477532207
0.7376277281440736
0.6493893346366284
0.8991658616373729
0.8136351477532207
0.7701624033923183
1.172729277913572
0.8991658616373729
0.78597067406901
0.9087993095182435
0.9617832728630314
0.6230989560329466
0.7205550525452104
0.45333298126225924
1.2553121178476234
0.7899227417381829
0.8175872154223935
0.6698374068839366
0.8654487940543261
0.9569665489225961
0.7547004037429368
1.0217209906207547
0.6761660959881661
0.3771612794243241
0.541578051419077
0.7205550525452104
0.8413651743521497
0.8991658616373729
2.8372196317999205
0.7103114471858925
1.085609112167716
0.7978268770765289
0.6932387715870293
0.7137259823056652
0.7376277281440736
0.78597067406901
1.56566457031777
0.6055720369638253
0.7000678418265746
0.6610739473493759
0.9810501686247726
1.2622711579800188
0.9810501686247726
0.8096830800840477
0.7000678418265746
0.8750822419351967
0.7410422632638463
0.6347835687456941
0.6523104878148153
1.56566457031777
0.7583062003847995
0.7780665387306641
0.9906836165056432
0.37555876418042167
1.1669212668638484
0.8017789447457018
0.6610739473493759
0.4677371897281266
0.566089855557812
0.9039825855778082
0.8373475537682583
0.9521498249821612
1.21355787705325
0.8215392830915664
0.8136351477532207
0.9521498249821612
0.5938874242510778
0.9087993095182435
0.7547004037429368
0.590966271072891
0.6639951005275627
0.5856992988688
0.6172566496765728
0.6639951005275627
0.8509986222330204
0.6347835687456941
0.6260201092111335
0.6406258751020678
0.6026508837856384
0.9473331010417257
0.8654487940543261
1.4281828544748807
1.039145023769926
2.061574883721354
0.6761660959881661
2.5786713824403984
1.4281828544748807
0.6761660959881661
0.6493893346366284
0.7938748094073559
0.8943491376969379
0.8509986222330204
1.005133788326949
0.5881504792826736
0.7741144710614912
0.9425163771012904
0.5856992988688
1.1030331453168873
1.0972251342671635
2.176485216770031
0.6493893346366284
0.6026508837856384
1.2274759573180412
0.8057310124148748
0.7899227417381829
0.6055720369638253
0.8509986222330204
0.6727585600621233
0.8654487940543261
1.2622711579800188
0.8895324137565026
0.7410422632638463
0.6864097013474841
0.7171405174254378
0.8254913507607394
1.005133788326949
1.6304280466654046
0.8373475537682583
0.9425163771012904
0.7410422632638463
0.6829951662277115
0.6698374068839366
0.6523104878148153
0.7741144710614912
0.5856992988688
0.8509986222330204
0.9136160334586788
0.5734433967994326
0.7307986579045284
1.8461180092550862
0.5244197885219625
0.5832481184549265
0.8654487940543261
0.6829951662277115
0.8017789447457018
0.6230989560329466
0.7273841227847557
0.7273841227847557
0.48831463039365136
0.6829951662277115
0.5997297306074515
0.7780665387306641
0.8294434184299123
0.8702655179947614
0.7978268770765289
1.0681850790185448
0.8750822419351967
0.7741144710614912
1.2553121178476234
0.658152794171189
0.8333954860990852
0.9617832728630314
0.8750822419351967
0.39799397759505595
0.4677371897281266
0.846181898292585
2.420669674498468
0.8991658616373729
0.8373475537682583
0.5881504792826736
0.5293221493497096
1.37052369678634
0.4677371897281266
0.6864097013474841
0.7780665387306641
1.411708809421012
0.918432757399114
0.8373475537682583
0.7205550525452104
0.7899227417381829
1.5105530797442246
0.6898242364672567
0.41722416052188516
0.6347835687456941
0.7899227417381829
1.3388205994363698
0.637704721923881
0.658152794171189
0.78597067406901
0.7547004037429368
0.7444567983836189
0.39318643186334856
1.0972251342671635
0.8136351477532207
0.9714167207439021
1.0159129795710309
0.7701624033923183
0.6464681814584415
1.085609112167716
1.21355787705325
1.1926807566560635
0.7068969120661198
1.27618923824481
0.723969587664983
0.7034823769463473
0.6698374068839366
0.8895324137565026
0.6610739473493759
0.6761660959881661
0.8413651743521497
0.8654487940543261
2.305759341449792
0.7583062003847995
0.6898242364672567
0.6493893346366284
0.8254913507607394
0.7701624033923183
0.7137259823056652
1.56566457031777
1.0623770679688211
0.6727585600621233
0.7899227417381829
0.723969587664983
0.8136351477532207
0.9955003404460785
0.637704721923881
0.723969587664983
0.8558153461734557
1.0507610458693735
1.0681850790185448
0.517066247280342
0.7137259823056652
0.8413651743521497
0.6406258751020678
1.1611132558141248
1.6304280466654046
0.6523104878148153
0.9280662052799846
0.6230989560329466
1.2205169171856456
0.6260201092111335
0.78597067406901
0.9473331010417257
1.108841156366611
0.8509986222330204
0.723969587664983
0.4862568863270989
0.3771612794243241
0.42042919100969006
0.8215392830915664
0.7547004037429368
1.1494972337146772
0.9906836165056432
0.9955003404460785
0.6966533067068019
0.8017789447457018
0.6289412623893202
0.5587363143161915
0.7899227417381829
0.8017789447457018
0.8750822419351967
1.2205169171856456
0.6898242364672567
0.6727585600621233
0.6795806311079389
0.6552316409930021
0.7171405174254378
0.7512858686231643
0.44715974906260175
0.6966533067068019
0.6055720369638253
0.7547004037429368
1.803026634361832
0.7307986579045284
0.4636217015950216
0.6966533067068019
0.5027188388595188
0.7583062003847995
0.38677637088773875
1.6304280466654046
1.199639796788459
0.6864097013474841
0.7034823769463473
0.658152794171189
0.7444567983836189
0.7410422632638463
0.42042919100969006
0.7741144710614912
0.9521498249821612
1.005133788326949
0.6610739473493759
1.0798011011179924
0.7780665387306641
1.2205169171856456
0.8175872154223935
0.8413651743521497
0.6898242364672567
0.6260201092111335
1.3787607193132743
1.1436892226649535
0.8294434184299123
1.37052369678634
0.7410422632638463
0.6114143433201991
0.7512858686231643
0.8057310124148748
0.38357134039993396
0.5587363143161915
0.6493893346366284
0.6260201092111335
0.78597067406901
0.6055720369638253
0.6966533067068019
0.8175872154223935
0.7103114471858925
0.7701624033923183
0.40760906905847055
0.6406258751020678
1.039145023769926
0.3595336117413973
1.0217209906207547
0.4759681659943365
1.0275290016704786
0.6347835687456941
0.723969587664983
0.9569665489225961
0.7034823769463473
1.3040253987743922
0.846181898292585
0.7307986579045284
0.5997297306074515
0.637704721923881
0.9136160334586788
0.7034823769463473
1.185721716523668
0.8017789447457018
0.6552316409930021
0.48831463039365136
0.5489315926606975
0.7137259823056652
0.6669162537057497
2.8372196317999205
0.6932387715870293
0.7622582680539725
1.290107318509601
0.5997297306074515
0.78597067406901
0.7780665387306641
0.6435470282802547
0.7478713335033915
0.6260201092111335
0.580796938041053
0.78597067406901
0.6552316409930021
0.9762334446843373
0.8509986222330204
0.846181898292585
0.34190594405847036
1.0449530348196499
0.8057310124148748
0.5489315926606975
0.7478713335033915
0.9714167207439021
0.6084931901420122
0.6610739473493759
0.6761660959881661
0.8333954860990852
0.8702655179947614
0.9569665489225961
0.7171405174254378
0.6406258751020678
0.6493893346366284
0.7899227417381829
0.8750822419351967
0.7000678418265746
0.7662103357231453
0.8847156898160672
0.580796938041053
0.7171405174254378
2.1477576335078616
0.7171405174254378
0.7741144710614912
0.7662103357231453
1.6581838222429623
0.40280152332676317
0.9906836165056432
0.8373475537682583
0.6260201092111335
0.7171405174254378
0.6727585600621233
1.411708809421012
0.658152794171189
0.8509986222330204
1.1262651895157823
0.40600655381456807
1.085609112167716
0.8750822419351967
0.6795806311079389
0.6669162537057497
0.8509986222330204
0.6289412623893202
0.6435470282802547
0.9617832728630314
0.7410422632638463
0.9039825855778082
0.8943491376969379
0.7547004037429368
0.7701624033923183
1.5471607199327317
1.005133788326949
0.8654487940543261
0.7478713335033915
0.6493893346366284
0.9087993095182435
0.658152794171189
0.6289412623893202
0.6727585600621233
0.6143354964983859
0.5097127060387214
1.4281828544748807
0.6406258751020678
0.7512858686231643
0.47802591006088907
0.7512858686231643
0.6898242364672567
0.7899227417381829
0.36914870320481197
2.6935817154890747
0.6898242364672567
1.0101049685213073
0.8175872154223935
0.4759681659943365
0.6932387715870293
0.6727585600621233
0.48419914226054644
0.7410422632638463
0.3627386422292021
0.7938748094073559
0.6669162537057497
0.7171405174254378
0.6639951005275627
1.1436892226649535
1.5379087947402126
1.0003170643865138
1.185721716523668
0.7978268770765289
2.2770317581876225
0.9087993095182435
0.6552316409930021
0.6898242364672567
0.8057310124148748
0.35632858125359235
0.8654487940543261
1.2483530777152279
0.6143354964983859
0.8373475537682583
0.4636217015950216
0.8509986222330204
0.6289412623893202
1.1320732005655059
0.7034823769463473
0.7171405174254378
1.903573175779424
0.6727585600621233
0.9665999968034668
0.6898242364672567
0.7547004037429368
1.0449530348196499
1.3787607193132743
0.6966533067068019
0.39478894710725104
0.6435470282802547
0.7376277281440736
0.6172566496765728
0.6639951005275627
0.37075121844871434
0.6898242364672567
0.6829951662277115
1.411708809421012
1.4034717868940774
0.4512752371957067
0.5783457576271795
0.7137259823056652
0.7068969120661198
0.9521498249821612
0.7899227417381829
0.6727585600621233
0.8215392830915664
0.8294434184299123
0.8750822419351967
0.7410422632638463
0.7034823769463473
1.2065988369208545
0.7512858686231643
0.8017789447457018
0.6172566496765728
1.4776049896364871
0.41562164527798273
1.50231605721729
1.0972251342671635
0.7741144710614912
0.9087993095182435
0.846181898292585
1.0623770679688211
0.40440403857066565
0.6318624155675071
0.3819688251560315
0.78597067406901
0.6230989560329466
0.6669162537057497
0.734213193024301
1.2831482783772055
1.2065988369208545
0.7444567983836189
0.8413651743521497
1.0798011011179924
0.7978268770765289
0.6143354964983859
1.0003170643865138
0.8254913507607394
0.8333954860990852
1.5841684207028086
0.6727585600621233
0.7662103357231453
0.8057310124148748
0.6230989560329466
0.3579310964974948
0.7547004037429368
1.3622866742594053
0.8373475537682583
0.6552316409930021
1.4034717868940774
0.6435470282802547
1.0159129795710309
0.7000678418265746
