634.0
770.0
663.0
689.0
897.0
708.0
750.0
625.0
682.0
667.0
918.0
662.0
713.0
705.0
678.0
750.0
690.0
656.0
681.0
729.0
683.0
641.0
691.0
705.0
681.0
673.0
682.0
738.0
687.0
697.0
783.0
657.0
728.0
702.0
733.0
836.0
692.0
702.0
707.0
673.0
691.0
699.0
678.0
725.0
685.0
677.0
662.0
737.0
750.0
706.0
682.0
681.0
725.0
695.0
677.0
662.0
673.0
691.0
727.0
731.0
669.0
666.0
696.0
713.0
737.0
694.0
668.0
718.0
715.0
708.0
698.0
722.0
725.0
670.0
714.0
754.0
629.0
631.0
692.0
746.0
636.0
675.0
708.0
664.0
724.0
672.0
644.0
711.0
707.0
715.0
695.0
684.0
683.0
661.0
699.0
663.0
694.0
886.0
736.0
721.0
688.0
676.0
691.0
711.0
828.0
716.0
813.0
725.0
736.0
683.0
676.0
709.0
705.0
672.0
810.0
712.0
674.0
665.0
693.0
786.0
668.0
686.0
985.0
634.0
678.0
714.0
692.0
702.0
685.0
621.0
647.0
674.0
713.0
733.0
798.0
713.0
654.0
661.0
689.0
752.0
626.0
821.0
694.0
1097.0
675.0
701.0
730.0
690.0
683.0
674.0
668.0
661.0
702.0
701.0
701.0
774.0
742.0
714.0
684.0
714.0
796.0
626.0
659.0
778.0
741.0
968.0
689.0
642.0
753.0
678.0
741.0
793.0
720.0
665.0
738.0
773.0
685.0
711.0
674.0
763.0
746.0
674.0
650.0
703.0
642.0
785.0
693.0
710.0
672.0
720.0
693.0
709.0
697.0
692.0
762.0
796.0
739.0
634.0
680.0
714.0
656.0
733.0
741.0
753.0
731.0
594.0
668.0
663.0
773.0
690.0
727.0
673.0
682.0
658.0
776.0
696.0
693.0
720.0
698.0
726.0
669.0
688.0
814.0
596.0
735.0
821.0
694.0
681.0
690.0
692.0
761.0
827.0
669.0
665.0
854.0
717.0
656.0
693.0
712.0
646.0
659.0
663.0
754.0
695.0
705.0
708.0
668.0
670.0
712.0
642.0
705.0
757.0
661.0
781.0
655.0
725.0
646.0
690.0
702.0
779.0
661.0
700.0
669.0
678.0
708.0
709.0
702.0
743.0
665.0
710.0
686.0
704.0
711.0
770.0
672.0
739.0
813.0
718.0
656.0
693.0
806.0
659.0
697.0
661.0
694.0
625.0
609.0
660.0
829.0
657.0
660.0
643.0
843.0
830.0
674.0
733.0
617.0
679.0
675.0
749.0
651.0
741.0
720.0
690.0
714.0
691.0
677.0
748.0
779.0
656.0
715.0
699.0
733.0
906.0
704.0
778.0
917.0
675.0
648.0
665.0
748.0
736.0
683.0
662.0
676.0
916.0
703.0
954.0
695.0
683.0
682.0
822.0
859.0
718.0
684.0
809.0
697.0
701.0
690.0
653.0
724.0
826.0
674.0
661.0
727.0
679.0
649.0
817.0
680.0
701.0
733.0
731.0
718.0
635.0
670.0
654.0
723.0
660.0
675.0
662.0
719.0
685.0
674.0
670.0
701.0
660.0
681.0
673.0
715.0
697.0
706.0
699.0
695.0
734.0
674.0
667.0
750.0
689.0
666.0
718.0
651.0
662.0
707.0
877.0
773.0
985.0
670.0
672.0
660.0
706.0
722.0
688.0
680.0
715.0
677.0
744.0
702.0
593.0
680.0
702.0
756.0
685.0
812.0
776.0
712.0
679.0
665.0
689.0
734.0
717.0
703.0
679.0
733.0
749.0
683.0
673.0
723.0
669.0
684.0
713.0
674.0
721.0
771.0
696.0
682.0
698.0
677.0
697.0
692.0
705.0
717.0
723.0
776.0
720.0
676.0
683.0
674.0
675.0
790.0
722.0
669.0
674.0
644.0
685.0
728.0
695.0
666.0
697.0
610.0
689.0
786.0
846.0
701.0
682.0
690.0
831.0
745.0
676.0
653.0
704.0
667.0
722.0
865.0
713.0
674.0
713.0
723.0
708.0
709.0
666.0
682.0
725.0
698.0
725.0
620.0
657.0
666.0
674.0
703.0
616.0
673.0
680.0
682.0
667.0
747.0
673.0
686.0
703.0
684.0
655.0
665.0
760.0
666.0
888.0
738.0
725.0
686.0
600.0
682.0
833.0
680.0
690.0
755.0
864.0
665.0
792.0
676.0
755.0
679.0
698.0
605.0
664.0
612.0
704.0
781.0
709.0
710.0
662.0
715.0
726.0
733.0
768.0
677.0
673.0
685.0
670.0
757.0
737.0
706.0
762.0
673.0
695.0
718.0
714.0
776.0
645.0
790.0
626.0
663.0
693.0
669.0
696.0
693.0
673.0
776.0
683.0
694.0
719.0
756.0
656.0
682.0
773.0
789.0
698.0
801.0
849.0
768.0
672.0
702.0
716.0
704.0
718.0
