0.6490300684507881
0.7016742828818957
1.3093605739983674
0.8038653566553189
0.5389634318105877
0.6580990835478406
0.6490300684507881
0.7123198525021489
0.6460070634184374
0.7478050845696594
0.5976389829008242
0.799758911342819
1.1869547520805592
0.7300624685359043
0.6611220885801914
0.6278690332243324
0.7442565613629085
0.6981257596751447
0.6611220885801914
0.6803831436413893
0.6278690332243324
0.7123198525021489
0.7158683757088999
1.1941550945463126
0.5807522516863642
0.6611220885801914
0.6580990835478406
0.4081709708223604
0.9625686362178356
0.7300624685359043
0.8326104738428189
0.5729168479596561
0.4203041117951551
0.5650814442329481
0.812078247280319
1.3309616013956274
0.7792266847803189
0.6945772364683935
0.5650814442329481
0.6550760785154899
0.6218230231596308
0.670191103677244
0.6945772364683935
0.7123198525021489
0.7407080381561575
0.6067079979978767
0.8367169191553189
0.5976389829008242
0.6490300684507881
0.6248460281919817
0.6218230231596308
1.3237612589298742
0.6641450936125423
0.6641450936125423
0.615777013094929
0.5624696429907121
0.7052228060886467
0.9625686362178356
0.615777013094929
0.7336109917426553
0.5859758541708363
0.6874801900548914
0.7300624685359043
0.6839316668481403
0.9966665221141576
0.6218230231596308
1.4094117623143743
0.7265139453291533
0.6127540080625784
1.0356988971032692
0.7158683757088999
0.7549021309831617
0.7336109917426553
0.4081709708223604
0.7158683757088999
0.61880001812728
0.6399610533537357
0.5946159778684734
0.6641450936125423
0.5781404504441283
0.719416898915651
0.5076218169037554
0.6248460281919817
0.38563799473002736
0.5859758541708363
2.4564334737735165
1.237357149340833
0.7915460207178189
0.600661987933175
0.787439575405319
0.615777013094929
0.845661598859017
0.6732860972278871
0.7158683757088999
0.6945772364683935
0.6732860972278871
0.7087713292953978
0.5729168479596561
0.8285040285303189
0.6339150432890341
0.3579051010779251
1.113513843722486
3.2494140918981893
0.824397583217819
0.6399610533537357
0.8408233644678189
0.6429840583860865
0.7586944582178189
0.5337398293261157
0.7407080381561575
0.7407080381561575
0.9382130034347484
0.8797594847553392
1.3237612589298742
0.6641450936125423
0.5259044255994076
0.4308447144299251
0.845661598859017
0.6369380483213849
0.5915929728361227
0.5755286492018922
0.766907348842819
0.6429840583860865
1.4014022385048504
0.6339150432890341
0.5128454193882275
0.652053073483139
0.61880001812728
0.5676932454751841
0.6248460281919817
0.5076218169037554
0.615777013094929
0.6874801900548914
1.465478428981041
0.6369380483213849
0.7792266847803189
0.6580990835478406
1.1941550945463126
0.6803831436413893
0.6550760785154899
0.6732860972278871
0.6874801900548914
0.6308920382566833
0.6097310030302275
0.4922315757437937
0.6490300684507881
0.923599623764896
0.8505327254156345
0.7956524660303189
0.7478050845696594
0.7549021309831617
0.5363516305683518
0.5859758541708363
0.7586944582178189
0.7300624685359043
0.5807522516863642
0.5885876554130723
1.3021602315326137
0.7016742828818957
0.719416898915651
0.6550760785154899
0.6490300684507881
0.6641450936125423
0.7158683757088999
0.5363516305683518
0.6874801900548914
0.7371595149494063
0.7407080381561575
0.7549021309831617
0.5915929728361227
0.6768346204346383
0.6611220885801914
0.812078247280319
0.6248460281919817
0.7513536077764105
0.787439575405319
0.6803831436413893
0.615777013094929
0.652053073483139
1.0416846622278242
0.7710137941553189
0.7586944582178189
0.7052228060886467
0.7513536077764105
0.787439575405319
0.42661113778758936
1.137456904220707
0.5128454193882275
1.2733588616696
0.7158683757088999
0.6369380483213849
0.40990427667561674
1.417421286123898
0.4308447144299251
0.7052228060886467
0.8079718019678189
0.559857841748476
0.652053073483139
0.6910287132616425
0.6803831436413893
0.7915460207178189
0.7016742828818957
0.9138573706516613
1.4254308099334219
0.7052228060886467
1.614987438760387
0.3804380771702582
1.0895707832242656
0.615777013094929
0.7336109917426553
0.967439762774453
0.47953084581678646
0.7442565613629085
0.977182015887688
0.34577196010513034
0.6732860972278871
1.1673857298434824
1.0895707832242656
0.6910287132616425
0.42872792610875726
0.5915929728361227
0.6874801900548914
0.4435454443569325
1.25175783427234
0.5859758541708363
0.6369380483213849
0.5859758541708363
0.845661598859017
0.6278690332243324
0.5389634318105877
0.5946159778684734
0.6399610533537357
1.2589581767380935
0.6981257596751447
0.4393118677145967
0.8079718019678189
0.6490300684507881
0.5441870342950598
0.6580990835478406
0.6369380483213849
0.45201259764160395
0.549410636779532
0.7016742828818957
0.47741405749561855
0.6945772364683935
0.6910287132616425
0.6611220885801914
1.113513843722486
0.8797594847553392
0.6580990835478406
0.7158683757088999
0.8797594847553392
0.38563799473002736
1.1733714949680378
0.6910287132616425
0.7586944582178189
0.5807522516863642
0.6248460281919817
0.9187284972082786
0.6278690332243324
0.5755286492018922
0.5976389829008242
0.615777013094929
0.559857841748476
1.2805592041353537
1.0177416017296037
0.8079718019678189
0.6490300684507881
0.615777013094929
0.6580990835478406
0.5915929728361227
0.6732860972278871
0.6874801900548914
0.7123198525021489
0.9723108893310703
0.5572460405062399
0.6097310030302275
0.6910287132616425
0.7123198525021489
0.6067079979978767
1.029713131978714
0.42661113778758936
0.4964651523861295
0.6768346204346383
0.554634239264004
0.899243990981809
0.7833331300928189
0.7586944582178189
1.3933927146953267
0.6036849929655258
1.25175783427234
0.6732860972278871
0.9869242690009228
0.552022438021768
0.6399610533537357
0.5467988355372959
0.6097310030302275
0.6399610533537357
0.766907348842819
0.7751202394678189
0.6399610533537357
0.766907348842819
0.4308447144299251
0.9430841299913659
0.6550760785154899
0.8895017378685741
0.7833331300928189
0.6490300684507881
0.8202911379053189
0.8038653566553189
0.7052228060886467
0.5259044255994076
0.7123198525021489
0.5650814442329481
0.6732860972278871
0.7956524660303189
0.4901147874226258
0.6127540080625784
0.6732860972278871
0.7052228060886467
0.6460070634184374
0.6429840583860865
0.432961502751093
1.1254853739715966
0.7336109917426553
0.6127540080625784
1.1673857298434824
0.4837644224591222
0.5650814442329481
0.6910287132616425
0.899243990981809
0.4922315757437937
0.8700172316421043
0.7052228060886467
1.0895707832242656
0.9138573706516613
0.4308447144299251
0.552022438021768
0.6460070634184374
0.6768346204346383
0.7628009035303189
0.6611220885801914
0.5781404504441283
0.7478050845696594
1.0064087752273925
0.6910287132616425
0.6339150432890341
0.8505327254156345
0.3908379122897965
0.3804380771702582
0.4625965392474433
0.6399610533537357
0.554634239264004
0.6339150432890341
0.7586944582178189
1.0596419576014897
0.7371595149494063
0.6097310030302275
0.6490300684507881
0.7158683757088999
0.6308920382566833
0.5703050467174202
0.8079718019678189
1.0596419576014897
0.5703050467174202
0.7956524660303189
0.3544384893714123
0.4456622326781003
0.7549021309831617
0.7087713292953978
0.5467988355372959
0.61880001812728
0.6732860972278871
0.7586944582178189
0.9966665221141576
0.8846306113119567
0.7123198525021489
0.6399610533537357
0.600661987933175
1.101542313473376
0.6097310030302275
0.600661987933175
0.6399610533537357
0.559857841748476
0.6460070634184374
1.1494284344698171
0.8367169191553189
1.0596419576014897
0.5781404504441283
0.600661987933175
0.6580990835478406
0.6369380483213849
0.5915929728361227
0.6097310030302275
0.6097310030302275
0.6732860972278871
0.7158683757088999
0.5781404504441283
0.615777013094929
0.7710137941553189
0.6278690332243324
0.787439575405319
0.6369380483213849
0.6278690332243324
0.5285162268416437
0.46894690421094704
0.719416898915651
0.37870477131700175
0.6127540080625784
1.3093605739983674
0.7833331300928189
0.7549021309831617
0.7407080381561575
0.9430841299913659
0.600661987933175
0.7300624685359043
0.6278690332243324
1.2661585192038467
0.559857841748476
1.0416846622278242
0.6910287132616425
0.7087713292953978
1.1733714949680378
0.6036849929655258
0.6641450936125423
0.8700172316421043
0.615777013094929
1.0716134878506
0.7442565613629085
0.600661987933175
0.6768346204346383
0.7792266847803189
0.670191103677244
0.7549021309831617
0.923599623764896
0.6910287132616425
0.719416898915651
1.0117558366050488
0.6308920382566833
0.8079718019678189
0.7628009035303189
0.787439575405319
0.6308920382566833
0.7158683757088999
0.5050100156615195
0.549410636779532
0.5807522516863642
1.0476704273523794
0.6580990835478406
0.5781404504441283
0.9187284972082786
0.845661598859017
0.5976389829008242
0.615777013094929
0.5781404504441283
0.6490300684507881
0.7628009035303189
0.7229654221224021
0.7123198525021489
0.4371950793934288
0.652053073483139
0.5807522516863642
0.600661987933175
0.4185708059418987
0.7478050845696594
0.7792266847803189
0.47953084581678646
0.7442565613629085
0.6460070634184374
0.7915460207178189
0.6768346204346383
0.5703050467174202
1.1673857298434824
0.6399610533537357
1.5319484919693835
0.7016742828818957
0.5729168479596561
0.600661987933175
0.600661987933175
2.0746279909727483
1.101542313473376
0.7628009035303189
0.7956524660303189
0.38737130058328373
0.7052228060886467
0.6611220885801914
0.6732860972278871
0.787439575405319
0.6611220885801914
1.465478428981041
0.719416898915651
0.6611220885801914
0.5572460405062399
0.766907348842819
0.6369380483213849
0.6339150432890341
0.6803831436413893
1.2949598890668603
0.799758911342819
0.6768346204346383
0.6550760785154899
1.0536561924769345
1.101542313473376
0.7123198525021489
0.824397583217819
0.6641450936125423
0.6429840583860865
0.7336109917426553
0.6641450936125423
1.0895707832242656
1.0536561924769345
0.5781404504441283
0.812078247280319
0.6339150432890341
0.6460070634184374
0.7123198525021489
0.787439575405319
0.5076218169037554
0.6339150432890341
0.6580990835478406
0.6580990835478406
0.4414286560357646
0.4168375000886423
0.7052228060886467
0.6429840583860865
0.7710137941553189
1.5135355718381838
0.7158683757088999
0.7087713292953978
0.7710137941553189
0.3683049361974634
0.5676932454751841
0.6611220885801914
0.5467988355372959
0.45412938596277186
0.899243990981809
0.6641450936125423
0.6611220885801914
0.5703050467174202
0.799758911342819
0.7751202394678189
0.6399610533537357
0.5232926243571716
0.7123198525021489
0.6671680986448931
0.7478050845696594
0.6460070634184374
0.7016742828818957
0.6945772364683935
0.600661987933175
0.799758911342819
0.549410636779532
0.615777013094929
0.552022438021768
0.824397583217819
0.977182015887688
0.8748883581987217
0.6611220885801914
0.6839316668481403
0.3769714654637453
0.6339150432890341
0.6490300684507881
0.799758911342819
0.7586944582178189
0.7016742828818957
0.824397583217819
0.554634239264004
0.5915929728361227
0.8505327254156345
0.899243990981809
0.6732860972278871
0.7792266847803189
0.5259044255994076
0.6369380483213849
0.5311280280838796
1.143442669345262
0.5703050467174202
0.812078247280319
0.6339150432890341
1.2445574918065865
0.5467988355372959
1.25175783427234
0.799758911342819
1.2733588616696
0.6490300684507881
1.5319484919693835
1.736876986956684
0.6460070634184374
0.899243990981809
