2.275221153456331
0.7644320849598487
0.39715385600820763
0.6336639995781501
0.9968176413246338
0.7895240789926682
0.96635582424042
0.9155861291000639
0.8355260680528372
1.5857121731771888
1.0495352506244557
0.7895240789926682
1.8335194727840618
0.6646286534809482
1.0187969465308888
1.5857121731771888
0.7978880770036081
0.8445085559035651
0.9765097632684913
0.7644320849598487
0.7226079002013545
0.33941517332208876
0.8104340740200178
0.8355260680528372
0.8187980720309576
0.9105091595860281
0.34302384098997124
0.7686140839653186
0.6584357227003886
0.8187980720309576
0.9206630986140993
0.951124915698313
0.3682845146651482
0.7114243895630564
1.5073729825043432
0.7644320849598487
0.7644320849598487
0.5392543184391524
1.1171595196303037
0.3129013215014127
0.8952782510439213
0.7188800633219219
1.1540454845425845
0.6890573682864607
0.7644320849598487
0.7524305952368155
1.1233071804490173
0.8800473425018146
0.9409709766702419
0.9765097632684913
0.7524305952368155
0.9054321900719926
1.0864212155367365
1.1926041255476432
0.5124964437970906
0.7039687158041912
1.1926041255476432
0.6890573682864607
0.7524305952368155
0.8698934034737432
0.7769780819762584
0.9866637022965625
0.7412470845985176
0.9206630986140993
0.8597394644456721
0.37189318233303065
1.3238484787303946
0.802070076009078
1.2478649058351174
0.9562018852123487
0.7644320849598487
0.7895240789926682
0.737519247719085
1.0187969465308888
0.4713904809378788
1.2824028935147889
0.667725118871228
1.0187969465308888
1.3376636738022631
0.5285511685823276
0.9765097632684913
1.0249446073496022
0.6615321880906685
0.9257400681281351
1.4987913498512817
0.7853420799871983
0.9358940071562064
0.6274710687975904
0.8952782510439213
0.9612788547263843
0.8229800710364275
0.8952782510439213
0.6553392573101088
1.6862855792266385
1.4644648192390368
0.8800473425018146
0.8952782510439213
1.3958117580145468
0.6336639995781501
0.8229800710364275
0.8749703729877789
0.7076965526836239
0.7895240789926682
0.7076965526836239
0.7412470845985176
0.9054321900719926
0.44270247254113243
0.8397080670583071
0.31002315586144
1.0433875898057428
0.7412470845985176
0.7853420799871983
0.9765097632684913
1.172488466998725
0.6584357227003886
0.4691837110612059
1.1171595196303037
0.7853420799871983
0.9358940071562064
2.069093702475939
1.8776896408512884
0.7561584321162481
0.9765097632684913
1.0802735547180229
0.7769780819762584
1.1663408061800113
0.4133928605136786
1.0018946108386693
2.4077316576580112
0.8495855254176008
0.9562018852123487
0.7412470845985176
0.8749703729877789
0.7188800633219219
0.8952782510439213
0.7188800633219219
0.8062520750145478
0.8062520750145478
1.07412589389931
1.3376636738022631
1.2064193206195117
0.9308170376421706
0.7487027583573829
0.41158852667973733
1.0495352506244557
0.7524305952368155
1.3169408811944605
0.8445085559035651
0.7226079002013545
0.40076252367609005
0.7561584321162481
0.8800473425018146
1.4816280845451593
0.900355220557957
0.6927852051658934
0.5820669178664512
0.652242791919829
0.6584357227003886
2.65802927670563
1.1663408061800113
0.8698934034737432
1.0802735547180229
0.6212781380170309
0.7002408789247586
0.7300635739602197
0.8062520750145478
0.9815867327825268
1.0987165371741634
0.8546624949316364
0.9815867327825268
2.2604977641005886
0.8397080670583071
0.7524305952368155
0.3057059074014811
0.8313440690473674
0.802070076009078
0.9968176413246338
0.7644320849598487
0.802070076009078
1.0126492857121752
0.7114243895630564
0.7686140839653186
0.33941517332208876
0.40797985901185496
2.540242161859692
0.7151522264424892
0.6429533957489896
0.667725118871228
1.310033283658526
0.8902012815298858
0.8397080670583071
1.0679782330805963
1.7746259153610924
0.9409709766702419
0.7853420799871983
0.6741460207687302
0.3755018500009131
0.6890573682864607
0.9815867327825268
0.6965130420453259
0.802070076009078
2.8641567276860225
1.2616801009069862
0.31002315586144
0.8445085559035651
1.5361249090262457
1.0249446073496022
0.9612788547263843
1.0987165371741634
0.8851243120158502
2.186880817321877
0.7853420799871983
0.900355220557957
0.7644320849598487
0.8698934034737432
1.2616801009069862
0.8851243120158502
1.0495352506244557
0.9054321900719926
1.3700668600553627
1.0187969465308888
0.8355260680528372
0.7686140839653186
0.6429533957489896
0.802070076009078
0.5874184927948636
1.3445712713381974
0.9054321900719926
0.8104340740200178
0.900355220557957
0.9206630986140993
1.0310922681683155
1.3614852274023017
1.2824028935147889
0.6398569303587097
0.9358940071562064
0.96635582424042
0.7188800633219219
1.0679782330805963
1.0556829114431694
1.0987165371741634
1.2409573082991834
0.7769780819762584
0.9765097632684913
1.1787889304757746
0.547281680831771
0.9409709766702419
1.2547725033710517
0.9155861291000639
0.7978880770036081
0.8546624949316364
0.9155861291000639
0.7487027583573829
0.8698934034737432
2.996667231887701
1.1417501629051576
0.6778738576481628
1.0310922681683155
2.2310509853891034
0.7263357370807871
0.9765097632684913
1.0433875898057428
0.8800473425018146
0.3448281748239124
0.8187980720309576
0.49345817970460654
0.8271620700418975
0.802070076009078
1.2340497107632489
0.6927852051658934
0.8062520750145478
0.7727960829707886
0.9765097632684913
0.6553392573101088
0.7853420799871983
0.9155861291000639
0.8698934034737432
1.1171595196303037
1.0187969465308888
0.8355260680528372
0.5847427053306574
0.9714327937544556
0.6890573682864607
0.8749703729877789
1.2271421132273146
1.061830572261883
1.037239928987029
0.9257400681281351
1.7010089685823808
0.6965130420453259
0.8648164339597076
0.9866637022965625
1.0249446073496022
1.037239928987029
0.5903134841142328
0.7644320849598487
1.2202345156913803
0.7686140839653186
1.438719921279853
0.7300635739602197
0.7412470845985176
0.9917406718105981
0.737519247719085
0.6853295314070281
0.8495855254176008
1.8187960834283194
0.9714327937544556
0.8445085559035651
0.7300635739602197
0.8397080670583071
1.07412589389931
0.3330484809812211
0.9257400681281351
0.9714327937544556
0.6212781380170309
0.9206630986140993
0.8546624949316364
0.8355260680528372
0.5874184927948636
0.48242433032124266
1.037239928987029
0.9054321900719926
0.6965130420453259
1.0310922681683155
0.4449092424178053
0.8104340740200178
0.8229800710364275
1.546042361856434
1.3872301253614854
2.9524970638204757
0.7002408789247586
1.160193145361298
0.8800473425018146
0.9409709766702419
0.7449749214779503
0.6927852051658934
1.5162900033658682
2.0249235344087113
0.7114243895630564
0.8271620700418975
0.9714327937544556
0.6646286534809482
0.8597394644456721
0.9155861291000639
0.7853420799871983
1.037239928987029
0.9358940071562064
0.8800473425018146
0.8271620700418975
0.9714327937544556
0.6853295314070281
0.39534952217426644
2.201604206677619
0.8397080670583071
0.802070076009078
2.2310509853891034
1.2893104910507232
0.4691837110612059
0.8800473425018146
0.6778738576481628
0.7686140839653186
0.96635582424042
0.7487027583573829
0.6553392573101088
0.7076965526836239
0.8271620700418975
0.35024117632573604
0.7300635739602197
0.6927852051658934
0.8698934034737432
0.7686140839653186
0.7263357370807871
0.8271620700418975
1.3700668600553627
2.0985404811874226
0.8146160730254877
1.4558831865859754
1.0925688763554502
0.8546624949316364
0.7300635739602197
0.8187980720309576
0.8952782510439213
0.8749703729877789
1.0249446073496022
0.8698934034737432
0.5392543184391524
0.8902012815298858
0.9460479461842777
0.7769780819762584
0.9308170376421706
0.8546624949316364
1.2340497107632489
0.7412470845985176
0.7644320849598487
1.7304557472938655
0.9815867327825268
2.319391321523557
0.8597394644456721
1.2547725033710517
0.6646286534809482
1.037239928987029
1.1171595196303037
0.7226079002013545
0.8355260680528372
0.8062520750145478
1.061830572261883
1.006971580352705
0.7337914108396524
1.061830572261883
1.2202345156913803
2.186880817321877
0.6553392573101088
0.8104340740200178
2.054370313120196
0.30714499022146746
0.5903134841142328
0.6584357227003886
0.9409709766702419
1.3031256861225917
1.3376636738022631
0.8749703729877789
0.8902012815298858
0.39534952217426644
1.438719921279853
0.5446058933675647
0.8104340740200178
0.7524305952368155
0.4625634014311875
0.6816016945275954
0.8648164339597076
0.652242791919829
0.7524305952368155
1.5361249090262457
0.8800473425018146
0.4802175604445698
0.6890573682864607
0.8445085559035651
0.951124915698313
0.6429533957489896
0.7039687158041912
1.172488466998725
0.7769780819762584
1.2754952959788546
0.7853420799871983
0.5660121930812142
1.310033283658526
1.3307560762663289
1.7010089685823808
1.310033283658526
1.804072694072577
0.7076965526836239
0.7978880770036081
0.7263357370807871
0.8902012815298858
1.037239928987029
0.6816016945275954
1.1663408061800113
0.8355260680528372
1.006971580352705
1.3958117580145468
0.6927852051658934
0.8229800710364275
0.6927852051658934
1.185696528011709
0.6646286534809482
0.8062520750145478
0.6890573682864607
0.7561584321162481
1.0679782330805963
0.8597394644456721
0.9358940071562064
0.6646286534809482
0.7853420799871983
0.7727960829707886
0.7602500859543788
0.3200967356013443
0.9612788547263843
1.665051795818698
0.7002408789247586
0.6778738576481628
0.7686140839653186
0.8800473425018146
1.6253819844979434
1.8924130302070308
0.8749703729877789
0.8146160730254877
1.0126492857121752
0.802070076009078
0.9105091595860281
0.7151522264424892
0.7487027583573829
1.0310922681683155
0.9917406718105981
0.8271620700418975
0.7853420799871983
0.7300635739602197
0.8445085559035651
0.6927852051658934
0.6741460207687302
0.9866637022965625
0.9358940071562064
1.1356025020864442
0.7337914108396524
0.6274710687975904
2.4077316576580112
0.6336639995781501
0.8698934034737432
0.6965130420453259
0.8445085559035651
0.7114243895630564
0.4625634014311875
0.8749703729877789
0.7561584321162481
0.3129013215014127
0.8146160730254877
1.4215566559737303
0.900355220557957
2.761093002195826
2.319391321523557
0.8445085559035651
0.7076965526836239
0.7076965526836239
0.6890573682864607
1.6452168901583206
1.006971580352705
0.8187980720309576
0.7727960829707886
0.8313440690473674
1.2616801009069862
0.6890573682864607
0.7853420799871983
1.0987165371741634
0.7937060779981381
0.8271620700418975
0.802070076009078
0.7524305952368155
1.006971580352705
0.8229800710364275
1.2754952959788546
0.9358940071562064
0.7188800633219219
0.7561584321162481
1.6352994373281322
0.4912514098279338
0.5392543184391524
0.7895240789926682
0.8952782510439213
