637.0
646.0
630.0
874.0
660.0
658.0
694.0
800.0
574.0
776.0
650.0
760.0
680.0
665.0
650.0
622.0
656.0
608.0
718.0
665.0
702.0
656.0
657.0
843.0
638.0
648.0
687.0
698.0
810.0
646.0
646.0
666.0
802.0
654.0
625.0
769.0
665.0
622.0
653.0
612.0
645.0
614.0
681.0
696.0
658.0
692.0
617.0
645.0
683.0
717.0
692.0
689.0
716.0
659.0
666.0
645.0
570.0
695.0
648.0
676.0
730.0
656.0
671.0
646.0
741.0
728.0
661.0
660.0
659.0
633.0
623.0
645.0
637.0
658.0
690.0
654.0
689.0
695.0
650.0
572.0
684.0
677.0
631.0
651.0
629.0
628.0
678.0
659.0
561.0
644.0
648.0
655.0
682.0
658.0
748.0
651.0
745.0
646.0
626.0
676.0
696.0
656.0
646.0
673.0
666.0
669.0
658.0
624.0
793.0
800.0
663.0
656.0
645.0
665.0
774.0
682.0
648.0
705.0
660.0
581.0
698.0
667.0
645.0
681.0
646.0
656.0
614.0
802.0
661.0
682.0
695.0
680.0
658.0
688.0
679.0
746.0
651.0
688.0
644.0
658.0
658.0
690.0
646.0
652.0
632.0
636.0
670.0
670.0
729.0
650.0
684.0
649.0
699.0
764.0
676.0
705.0
621.0
773.0
638.0
644.0
708.0
576.0
677.0
707.0
635.0
692.0
714.0
757.0
826.0
720.0
705.0
673.0
637.0
654.0
700.0
708.0
686.0
686.0
653.0
669.0
650.0
845.0
631.0
658.0
680.0
653.0
633.0
640.0
633.0
690.0
626.0
625.0
653.0
805.0
735.0
620.0
660.0
717.0
791.0
644.0
773.0
646.0
626.0
626.0
695.0
632.0
693.0
606.0
767.0
658.0
626.0
720.0
717.0
712.0
586.0
629.0
634.0
702.0
682.0
617.0
664.0
666.0
673.0
634.0
648.0
654.0
686.0
630.0
712.0
650.0
622.0
978.0
706.0
650.0
566.0
642.0
625.0
757.0
655.0
641.0
642.0
640.0
709.0
597.0
702.0
678.0
693.0
652.0
593.0
714.0
601.0
680.0
616.0
661.0
672.0
646.0
640.0
656.0
742.0
861.0
633.0
608.0
651.0
695.0
634.0
658.0
682.0
676.0
833.0
663.0
676.0
676.0
717.0
637.0
645.0
624.0
651.0
666.0
772.0
615.0
747.0
581.0
644.0
651.0
668.0
683.0
656.0
683.0
634.0
690.0
648.0
697.0
674.0
645.0
713.0
652.0
660.0
638.0
642.0
692.0
593.0
572.0
775.0
636.0
658.0
724.0
637.0
683.0
654.0
656.0
694.0
706.0
648.0
827.0
674.0
738.0
663.0
633.0
714.0
662.0
681.0
620.0
665.0
642.0
649.0
702.0
681.0
634.0
657.0
708.0
653.0
638.0
670.0
650.0
712.0
647.0
632.0
699.0
676.0
666.0
741.0
654.0
788.0
726.0
669.0
645.0
667.0
682.0
673.0
635.0
677.0
605.0
656.0
651.0
657.0
678.0
643.0
677.0
637.0
662.0
674.0
678.0
683.0
573.0
677.0
659.0
642.0
738.0
702.0
752.0
582.0
652.0
676.0
587.0
710.0
641.0
654.0
712.0
616.0
636.0
645.0
662.0
702.0
632.0
669.0
953.0
646.0
705.0
674.0
662.0
653.0
801.0
626.0
574.0
818.0
721.0
672.0
746.0
637.0
629.0
645.0
683.0
713.0
650.0
803.0
626.0
630.0
714.0
612.0
649.0
622.0
785.0
733.0
658.0
682.0
657.0
648.0
608.0
662.0
658.0
644.0
661.0
669.0
628.0
651.0
693.0
647.0
645.0
678.0
650.0
573.0
631.0
646.0
690.0
667.0
669.0
624.0
726.0
646.0
658.0
715.0
640.0
654.0
620.0
672.0
678.0
651.0
642.0
654.0
649.0
741.0
704.0
745.0
698.0
693.0
677.0
747.0
668.0
695.0
667.0
734.0
676.0
670.0
735.0
626.0
741.0
707.0
640.0
697.0
676.0
653.0
637.0
622.0
665.0
687.0
668.0
610.0
626.0
665.0
688.0
784.0
672.0
673.0
615.0
658.0
654.0
616.0
644.0
706.0
658.0
645.0
678.0
742.0
669.0
657.0
771.0
654.0
685.0
639.0
708.0
670.0
699.0
621.0
743.0
672.0
691.0
693.0
659.0
642.0
656.0
601.0
712.0
586.0
704.0
755.0
696.0
645.0
890.0
851.0
672.0
623.0
677.0
691.0
700.0
745.0
668.0
686.0
642.0
638.0
588.0
657.0
624.0
669.0
607.0
650.0
663.0
570.0
668.0
656.0
709.0
683.0
761.0
661.0
700.0
622.0
632.0
669.0
644.0
632.0
694.0
695.0
629.0
680.0
668.0
722.0
658.0
679.0
674.0
650.0
725.0
660.0
713.0
693.0
664.0
686.0
647.0
676.0
676.0
652.0
646.0
674.0
647.0
675.0
663.0
636.0
584.0
673.0
736.0
618.0
630.0
642.0
662.0
628.0
697.0
567.0
641.0
663.0
666.0
837.0
581.0
682.0
730.0
669.0
