804.0
801.0
814.0
994.0
837.0
810.0
769.0
679.0
822.0
730.0
741.0
772.0
886.0
650.0
786.0
804.0
843.0
772.0
749.0
725.0
923.0
739.0
741.0
716.0
779.0
797.0
714.0
790.0
745.0
744.0
762.0
755.0
773.0
710.0
994.0
734.0
727.0
760.0
847.0
747.0
863.0
730.0
758.0
712.0
724.0
714.0
751.0
751.0
765.0
757.0
767.0
837.0
767.0
733.0
741.0
875.0
805.0
858.0
650.0
824.0
690.0
739.0
772.0
681.0
754.0
770.0
734.0
856.0
801.0
733.0
921.0
720.0
744.0
820.0
766.0
738.0
709.0
811.0
640.0
772.0
703.0
710.0
737.0
749.0
746.0
605.0
770.0
757.0
720.0
837.0
745.0
819.0
813.0
731.0
786.0
797.0
720.0
772.0
709.0
834.0
613.0
701.0
772.0
782.0
726.0
828.0
823.0
754.0
755.0
772.0
816.0
752.0
762.0
733.0
757.0
727.0
763.0
683.0
750.0
697.0
733.0
744.0
756.0
722.0
997.0
753.0
738.0
762.0
757.0
746.0
777.0
762.0
766.0
860.0
582.0
773.0
675.0
717.0
718.0
749.0
734.0
746.0
725.0
784.0
750.0
757.0
818.0
741.0
744.0
882.0
708.0
725.0
740.0
750.0
730.0
801.0
750.0
802.0
808.0
746.0
785.0
727.0
747.0
757.0
765.0
751.0
962.0
779.0
600.0
752.0
919.0
781.0
752.0
827.0
739.0
714.0
812.0
808.0
712.0
738.0
700.0
753.0
748.0
829.0
738.0
865.0
798.0
772.0
746.0
736.0
740.0
758.0
786.0
734.0
722.0
768.0
742.0
777.0
621.0
735.0
760.0
778.0
749.0
794.0
761.0
778.0
723.0
781.0
737.0
796.0
825.0
762.0
724.0
1154.0
737.0
684.0
745.0
732.0
767.0
807.0
717.0
762.0
912.0
754.0
775.0
785.0
710.0
778.0
645.0
750.0
806.0
813.0
720.0
745.0
754.0
769.0
798.0
758.0
801.0
861.0
725.0
752.0
781.0
741.0
778.0
724.0
732.0
708.0
784.0
821.0
870.0
722.0
753.0
749.0
740.0
774.0
757.0
727.0
853.0
749.0
755.0
720.0
773.0
702.0
729.0
747.0
718.0
860.0
785.0
824.0
752.0
883.0
821.0
803.0
739.0
686.0
661.0
790.0
784.0
849.0
814.0
772.0
780.0
755.0
806.0
765.0
776.0
776.0
755.0
730.0
592.0
799.0
712.0
772.0
708.0
752.0
890.0
744.0
770.0
882.0
732.0
802.0
669.0
740.0
661.0
777.0
741.0
833.0
786.0
742.0
745.0
825.0
615.0
755.0
729.0
809.0
773.0
762.0
732.0
870.0
781.0
724.0
661.0
778.0
717.0
752.0
674.0
757.0
749.0
762.0
848.0
821.0
750.0
724.0
745.0
731.0
766.0
736.0
756.0
859.0
786.0
740.0
701.0
717.0
779.0
766.0
780.0
810.0
739.0
718.0
758.0
749.0
772.0
660.0
623.0
742.0
816.0
717.0
828.0
914.0
832.0
860.0
787.0
653.0
840.0
780.0
619.0
610.0
762.0
702.0
599.0
769.0
776.0
754.0
726.0
746.0
715.0
839.0
725.0
730.0
718.0
733.0
762.0
730.0
762.0
724.0
748.0
643.0
714.0
713.0
738.0
710.0
762.0
740.0
707.0
720.0
737.0
877.0
781.0
729.0
724.0
810.0
782.0
795.0
732.0
730.0
714.0
723.0
736.0
761.0
725.0
810.0
826.0
730.0
791.0
794.0
721.0
720.0
717.0
833.0
719.0
760.0
761.0
837.0
770.0
730.0
813.0
613.0
790.0
796.0
701.0
750.0
813.0
703.0
715.0
906.0
729.0
722.0
699.0
696.0
725.0
893.0
770.0
730.0
745.0
697.0
828.0
743.0
718.0
902.0
743.0
706.0
688.0
756.0
965.0
623.0
729.0
769.0
704.0
774.0
752.0
715.0
757.0
897.0
711.0
894.0
695.0
646.0
748.0
708.0
698.0
791.0
747.0
843.0
622.0
784.0
737.0
737.0
778.0
936.0
770.0
758.0
822.0
704.0
745.0
745.0
766.0
713.0
750.0
787.0
717.0
730.0
766.0
674.0
964.0
724.0
706.0
770.0
710.0
834.0
794.0
773.0
738.0
758.0
731.0
797.0
661.0
729.0
629.0
891.0
744.0
897.0
709.0
826.0
642.0
720.0
629.0
717.0
669.0
706.0
881.0
806.0
770.0
785.0
754.0
746.0
717.0
748.0
728.0
784.0
734.0
730.0
713.0
716.0
916.0
731.0
760.0
666.0
732.0
806.0
740.0
758.0
814.0
710.0
