0.8600414731143426
0.41783175821995544
0.6076373125460915
0.6161753836120815
0.874344194202778
0.6047912888574282
0.41783175821995544
0.7976456252311697
0.8981820626835035
0.641789596810051
0.7512363960226583
0.9458577996449546
0.7441393496091562
2.1637092487873084
0.6617117626306939
0.9172523574680839
0.6047912888574282
0.6304055020553977
0.6944600247146415
0.7370423031956542
1.019717591078949
0.6190214073007446
1.5304489680445283
0.3837555831794368
0.5962532177914384
0.6560197152533674
0.5073357279548456
0.6645577863193572
1.7419731256678206
0.5670363452387963
0.8019784433661518
0.9935335366064059
0.6802659318876373
1.0565362703930683
1.0565362703930683
0.8019784433661518
0.6047912888574282
0.6674038100080205
0.48335920735746574
0.7086541175416458
0.7015570711281437
0.8934144889873583
0.9267875048603743
1.221839445577284
0.912484783771939
0.7015570711281437
0.8886469152912134
0.7476878728159073
0.8648090468104879
0.6446356204987141
0.6645577863193572
0.9506253733410999
1.6471921607834494
0.9792308155179704
1.1179007359165998
0.9792308155179704
0.7405908264024053
1.1485829686783657
0.7086541175416458
0.8323081703110254
1.2006910801120705
0.8838793415950682
1.1865921698019282
0.4161279494679295
0.6944600247146415
0.8886469152912134
0.7015570711281437
0.546270913140031
0.874344194202778
0.9315550785565193
0.7086541175416458
0.5800147403005248
0.7051055943348947
0.9506253733410999
0.7192996871618988
0.5962532177914384
0.3513832168909441
0.6702498336966837
1.003068683998696
0.964928094429535
0.5878017773375618
0.72284821036865
0.7547849192294094
1.179542714646857
1.2923339971279968
0.7370423031956542
0.9839983892141156
0.641789596810051
0.8149768977710976
0.4705455963874302
0.7157511639551478
0.3581984518990478
0.726396733575401
0.7716487164212779
0.8193097159060795
0.7673158982862959
1.1179007359165998
0.6802659318876373
0.964928094429535
0.8648090468104879
0.8505063257220524
1.136310075573659
0.964928094429535
0.9506253733410999
0.6944600247146415
0.5800147403005248
0.494037216499162
0.9458577996449546
0.874344194202778
0.5748233822758334
0.6560197152533674
0.8236425340410616
0.641789596810051
0.3513832168909441
0.6674038100080205
0.7370423031956542
0.7476878728159073
0.6731688854741353
0.3394565556267626
1.6741328975693546
1.0810820566024808
0.8019784433661518
1.0810820566024808
0.6218674309894079
0.7405908264024053
0.8409738065809895
0.7192996871618988
0.6047912888574282
0.7803143526912417
0.6802659318876373
0.7370423031956542
0.6645577863193572
0.546270913140031
0.34116036437878855
0.6133293599234181
1.1179007359165998
0.8695766205066329
0.5878017773375618
1.665152651974053
0.6304055020553977
0.6674038100080205
0.4726811982157694
0.7334937799889031
0.6731688854741353
0.5878017773375618
0.874344194202778
0.9410902259488094
0.9172523574680839
0.9267875048603743
0.7889799889612058
0.6645577863193572
0.7933128070961877
0.641789596810051
0.5696320242511421
0.641789596810051
0.8648090468104879
0.5990992414801016
0.6304055020553977
0.7803143526912417
0.6446356204987141
0.9506253733410999
1.1117642893642465
0.72284821036865
0.4161279494679295
0.8236425340410616
0.7370423031956542
0.8106440796361156
0.729945256782152
0.6161753836120815
0.7334937799889031
0.3854593919314627
0.8193097159060795
0.6909115015078905
0.8106440796361156
0.5878017773375618
0.7051055943348947
0.6767174086808864
0.7716487164212779
0.8552738994181975
0.6104833362347547
0.5962532177914384
0.7803143526912417
0.5962532177914384
0.43637596713400206
0.6944600247146415
0.7673158982862959
0.7441393496091562
0.6446356204987141
0.5748233822758334
0.8323081703110254
0.6218674309894079
0.5962532177914384
0.7015570711281437
0.9267875048603743
0.42569795799230575
0.758650262016332
1.1731287548877782
0.6674038100080205
0.577419061288179
0.6133293599234181
0.5306968390659569
0.8106440796361156
0.7334937799889031
0.9553929470372449
0.7512363960226583
2.0328256243709153
0.7441393496091562
0.7441393496091562
0.7441393496091562
2.1637092487873084
1.1179007359165998
0.8193097159060795
0.874344194202778
0.8791117678989232
0.7192996871618988
0.546270913140031
0.5878017773375618
0.6133293599234181
0.7476878728159073
0.6389435731213876
0.6944600247146415
0.3428641731308145
0.7716487164212779
0.6617117626306939
0.7889799889612058
0.34797559938689226
0.4491895781040376
1.406409770348422
0.7122026407483969
0.6076373125460915
1.8001436254084395
0.7086541175416458
0.6190214073007446
0.6332515257440612
1.0078362576948412
0.7086541175416458
0.7476878728159073
0.7716487164212779
1.1547194152307187
0.6446356204987141
0.9410902259488094
0.44491837444735904
0.6645577863193572
0.7441393496091562
1.0994913962595403
1.0381269307360088
1.1424465221260125
1.124037182468953
0.8366409884460074
0.8149768977710976
0.7122026407483969
0.7086541175416458
0.7716487164212779
0.7512363960226583
0.5878017773375618
0.5004440219841799
1.3205318177482817
1.0994913962595403
0.7086541175416458
0.6909115015078905
0.577419061288179
1.0626727169454213
0.6247134546780713
0.9458577996449546
0.45986758724573384
0.36330987815512567
0.35479083439499604
0.5255054810412654
0.6304055020553977
0.5358881970906482
0.72284821036865
0.6560197152533674
0.6560197152533674
0.6218674309894079
0.6446356204987141
0.8063112615011336
0.561844987214105
0.5488665921523765
0.7405908264024053
0.8019784433661518
0.6389435731213876
0.7086541175416458
0.5125270859795371
0.5670363452387963
0.6161753836120815
0.5748233822758334
0.6617117626306939
0.8981820626835035
0.6588657389420307
0.8019784433661518
0.8505063257220524
0.7051055943348947
0.9935335366064059
1.1731287548877782
0.6389435731213876
1.124037182468953
0.9458577996449546
1.003068683998696
1.7419731256678206
0.6731688854741353
0.8838793415950682
0.9792308155179704
0.729945256782152
0.6304055020553977
0.6767174086808864
0.641789596810051
1.1117642893642465
0.577419061288179
0.46840999455909094
0.6731688854741353
0.6332515257440612
0.8505063257220524
1.3737337140103933
1.3982407562639148
0.6133293599234181
0.9267875048603743
0.6588657389420307
0.7846471708262238
2.018282999435761
0.7673158982862959
0.5696320242511421
0.5696320242511421
0.5990992414801016
1.1301736290213062
0.7334937799889031
0.9410902259488094
0.6446356204987141
0.9410902259488094
0.6838144550943884
0.6731688854741353
0.6767174086808864
1.0810820566024808
0.6909115015078905
0.7803143526912417
1.0994913962595403
0.6645577863193572
0.48335920735746574
1.1547194152307187
0.33196386287820007
0.6304055020553977
0.6944600247146415
0.7122026407483969
1.2359383558874266
0.6909115015078905
1.124037182468953
0.9172523574680839
0.7405908264024053
0.8063112615011336
0.9077172100757938
0.8236425340410616
0.7015570711281437
0.5514622711647222
0.7122026407483969
0.7051055943348947
0.7405908264024053
0.5151227649918827
0.6218674309894079
0.8457387520259073
0.8409738065809895
0.6389435731213876
0.8695766205066329
0.8323081703110254
0.45559638358905535
0.8886469152912134
1.756515750602975
0.5878017773375618
0.9887659629102608
1.5304489680445283
1.9455698747599872
0.5962532177914384
0.8019784433661518
0.6588657389420307
0.6802659318876373
0.6389435731213876
1.0258540376313023
0.7370423031956542
0.6446356204987141
0.7157511639551478
0.7629830801513139
0.7015570711281437
0.6560197152533674
0.8981820626835035
1.9891977495654511
0.5592493082017594
0.6332515257440612
0.6802659318876373
0.4513251799323769
0.5878017773375618
0.758650262016332
0.6275594783667344
0.6838144550943884
1.093354949707187
1.179542714646857
0.5878017773375618
0.6731688854741353
1.4554238548554643
1.0135811445265959
0.874344194202778
0.6047912888574282
0.5281011600536112
0.6531736915647041
0.8505063257220524
0.6838144550943884
1.2852845419729253
0.5934071941027751
0.4076089057077998
0.8149768977710976
0.6702498336966837
0.8886469152912134
0.6019452651687649
1.6202514239975447
0.5962532177914384
0.4876304110141443
0.7051055943348947
0.8366409884460074
8.848650983178832
0.641789596810051
0.6446356204987141
0.6674038100080205
0.6104833362347547
0.6474816441873774
0.577419061288179
0.9077172100757938
0.8236425340410616
0.7759815345562598
0.7673158982862959
0.7716487164212779
0.8648090468104879
0.6190214073007446
0.4726811982157694
1.8873993750193678
0.6838144550943884
1.0994913962595403
0.5696320242511421
0.8934144889873583
0.6531736915647041
0.9315550785565193
0.8019784433661518
0.8019784433661518
0.8552738994181975
0.3701251131632293
1.019717591078949
0.758650262016332
0.6190214073007446
0.3803479656753849
1.2500372661975692
0.44278277261901977
0.5962532177914384
0.6446356204987141
0.6767174086808864
0.7673158982862959
0.6909115015078905
0.8934144889873583
0.8600414731143426
0.5306968390659569
0.5748233822758334
0.9267875048603743
0.6944600247146415
0.9267875048603743
0.494037216499162
0.6674038100080205
0.41953556697198136
0.6944600247146415
0.6838144550943884
0.9220199311642291
0.5852060983252162
0.8886469152912134
0.758650262016332
0.8193097159060795
0.72284821036865
0.6909115015078905
0.3496794081389182
0.5962532177914384
0.9601605207333901
0.8149768977710976
0.6389435731213876
0.5566536291894136
0.8149768977710976
0.7803143526912417
0.964928094429535
1.299383452283068
0.7629830801513139
0.6531736915647041
1.003068683998696
2.38184862281463
0.874344194202778
0.6767174086808864
0.6076373125460915
0.5990992414801016
0.6838144550943884
0.6767174086808864
0.5281011600536112
0.6531736915647041
1.0319904841836556
0.6247134546780713
0.6218674309894079
0.6332515257440612
0.7192996871618988
0.7759815345562598
0.6190214073007446
0.6944600247146415
1.0442633772883616
0.6674038100080205
0.7192996871618988
0.9220199311642291
0.8236425340410616
0.6944600247146415
0.4076089057077998
0.7803143526912417
0.6332515257440612
0.7846471708262238
0.8791117678989232
0.5748233822758334
0.9029496363796488
0.6247134546780713
0.6304055020553977
0.6247134546780713
0.729945256782152
0.7512363960226583
0.6645577863193572
0.5540579501770679
0.5826104193128704
0.6047912888574282
0.6944600247146415
0.6389435731213876
0.9029496363796488
0.6360975494327243
2.0328256243709153
1.0626727169454213
0.45986758724573384
0.7803143526912417
1.179542714646857
0.33775274687473666
0.726396733575401
0.6531736915647041
0.6909115015078905
0.6560197152533674
0.8648090468104879
0.5592493082017594
0.5905611704141117
0.7015570711281437
1.3655646999258866
0.6332515257440612
0.7370423031956542
0.7051055943348947
0.5696320242511421
0.5826104193128704
0.9553929470372449
0.6161753836120815
1.4962689252779997
0.8648090468104879
1.2006910801120705
0.6446356204987141
0.8323081703110254
0.6588657389420307
0.6909115015078905
0.4513251799323769
0.5878017773375618
0.7803143526912417
0.5670363452387963
0.7629830801513139
0.8279753521760436
0.6560197152533674
0.4076089057077998
0.7673158982862959
0.3305801840364758
0.8149768977710976
0.8981820626835035
0.6731688854741353
0.6104833362347547
0.9792308155179704
0.8063112615011336
0.6446356204987141
