747.0
746.0
743.0
645.0
677.0
717.0
711.0
789.0
906.0
803.0
840.0
669.0
739.0
705.0
756.0
745.0
715.0
700.0
777.0
804.0
730.0
742.0
804.0
709.0
802.0
690.0
809.0
814.0
794.0
765.0
716.0
786.0
727.0
754.0
771.0
748.0
782.0
573.0
763.0
718.0
781.0
685.0
855.0
765.0
763.0
710.0
716.0
710.0
839.0
726.0
712.0
685.0
685.0
704.0
708.0
721.0
795.0
692.0
681.0
800.0
734.0
715.0
730.0
661.0
740.0
819.0
883.0
707.0
715.0
576.0
761.0
764.0
776.0
714.0
718.0
684.0
658.0
754.0
878.0
706.0
787.0
852.0
703.0
776.0
715.0
702.0
753.0
737.0
683.0
728.0
735.0
782.0
744.0
733.0
674.0
700.0
705.0
869.0
783.0
693.0
752.0
672.0
805.0
664.0
727.0
786.0
789.0
731.0
685.0
748.0
716.0
692.0
699.0
757.0
692.0
827.0
753.0
680.0
720.0
697.0
578.0
695.0
763.0
712.0
801.0
706.0
660.0
696.0
689.0
721.0
717.0
764.0
781.0
766.0
751.0
773.0
744.0
714.0
800.0
729.0
749.0
807.0
772.0
714.0
745.0
818.0
710.0
738.0
755.0
695.0
783.0
737.0
759.0
701.0
837.0
726.0
715.0
733.0
700.0
720.0
836.0
716.0
708.0
713.0
669.0
722.0
755.0
757.0
788.0
720.0
777.0
697.0
712.0
743.0
747.0
607.0
808.0
689.0
826.0
759.0
669.0
805.0
747.0
624.0
712.0
710.0
770.0
716.0
864.0
638.0
741.0
718.0
725.0
677.0
818.0
807.0
703.0
822.0
612.0
696.0
726.0
703.0
694.0
747.0
680.0
888.0
676.0
763.0
926.0
680.0
743.0
638.0
701.0
758.0
820.0
719.0
941.0
769.0
692.0
708.0
818.0
694.0
724.0
777.0
717.0
751.0
646.0
708.0
695.0
703.0
744.0
706.0
674.0
814.0
737.0
832.0
684.0
645.0
728.0
720.0
774.0
771.0
746.0
922.0
758.0
829.0
707.0
731.0
738.0
736.0
707.0
711.0
736.0
767.0
715.0
645.0
716.0
747.0
761.0
693.0
718.0
800.0
597.0
698.0
744.0
716.0
705.0
782.0
740.0
845.0
773.0
754.0
768.0
694.0
725.0
752.0
594.0
722.0
710.0
705.0
736.0
715.0
731.0
790.0
763.0
722.0
709.0
707.0
753.0
770.0
727.0
744.0
744.0
716.0
672.0
762.0
713.0
739.0
662.0
750.0
811.0
687.0
767.0
787.0
788.0
736.0
805.0
717.0
853.0
719.0
699.0
754.0
711.0
706.0
888.0
716.0
698.0
715.0
716.0
710.0
790.0
776.0
750.0
710.0
786.0
788.0
744.0
715.0
688.0
732.0
718.0
761.0
692.0
728.0
692.0
765.0
672.0
747.0
738.0
774.0
800.0
698.0
733.0
707.0
733.0
762.0
749.0
690.0
755.0
690.0
818.0
601.0
741.0
777.0
707.0
720.0
693.0
733.0
744.0
742.0
709.0
774.0
595.0
698.0
874.0
737.0
720.0
804.0
722.0
744.0
699.0
724.0
713.0
718.0
775.0
761.0
701.0
618.0
768.0
716.0
724.0
856.0
759.0
713.0
724.0
867.0
674.0
706.0
768.0
593.0
742.0
763.0
717.0
721.0
705.0
872.0
699.0
715.0
755.0
759.0
844.0
728.0
715.0
820.0
726.0
659.0
733.0
745.0
727.0
730.0
704.0
758.0
706.0
727.0
720.0
714.0
730.0
686.0
836.0
710.0
733.0
698.0
616.0
711.0
714.0
730.0
767.0
710.0
777.0
705.0
765.0
794.0
699.0
724.0
638.0
744.0
746.0
698.0
714.0
748.0
703.0
764.0
626.0
693.0
698.0
730.0
705.0
737.0
727.0
705.0
682.0
742.0
709.0
700.0
770.0
781.0
694.0
721.0
751.0
765.0
861.0
738.0
758.0
854.0
715.0
884.0
744.0
748.0
769.0
802.0
690.0
700.0
802.0
715.0
773.0
732.0
784.0
702.0
744.0
680.0
686.0
721.0
719.0
897.0
701.0
717.0
877.0
776.0
598.0
720.0
744.0
658.0
693.0
680.0
793.0
781.0
721.0
729.0
733.0
737.0
743.0
726.0
695.0
685.0
698.0
735.0
688.0
705.0
583.0
708.0
772.0
744.0
809.0
857.0
717.0
720.0
712.0
678.0
694.0
806.0
722.0
728.0
735.0
616.0
698.0
782.0
758.0
776.0
708.0
717.0
733.0
696.0
773.0
702.0
720.0
786.0
819.0
743.0
732.0
740.0
746.0
688.0
757.0
685.0
680.0
704.0
765.0
811.0
810.0
786.0
740.0
713.0
814.0
699.0
840.0
676.0
886.0
720.0
729.0
738.0
772.0
712.0
676.0
752.0
749.0
722.0
722.0
677.0
780.0
677.0
738.0
742.0
690.0
689.0
775.0
806.0
846.0
817.0
705.0
733.0
737.0
708.0
720.0
852.0
660.0
746.0
742.0
788.0
581.0
728.0
723.0
731.0
706.0
790.0
872.0
752.0
711.0
699.0
739.0
606.0
778.0
