785.0
820.0
790.0
746.0
902.0
769.0
757.0
893.0
750.0
797.0
897.0
863.0
613.0
854.0
770.0
760.0
918.0
814.0
769.0
754.0
733.0
771.0
923.0
819.0
735.0
725.0
752.0
872.0
804.0
780.0
768.0
861.0
769.0
794.0
802.0
843.0
780.0
749.0
786.0
902.0
787.0
905.0
626.0
788.0
776.0
758.0
793.0
683.0
852.0
781.0
790.0
793.0
805.0
819.0
790.0
830.0
785.0
845.0
771.0
765.0
814.0
790.0
777.0
787.0
778.0
896.0
919.0
773.0
777.0
612.0
789.0
774.0
637.0
761.0
821.0
747.0
740.0
783.0
831.0
760.0
841.0
902.0
777.0
775.0
846.0
848.0
881.0
820.0
842.0
746.0
620.0
794.0
864.0
830.0
732.0
797.0
776.0
762.0
794.0
746.0
752.0
769.0
818.0
755.0
870.0
740.0
740.0
780.0
801.0
751.0
812.0
817.0
593.0
760.0
771.0
796.0
776.0
841.0
815.0
788.0
710.0
757.0
765.0
742.0
747.0
809.0
767.0
927.0
865.0
780.0
722.0
778.0
792.0
791.0
764.0
765.0
798.0
793.0
773.0
759.0
704.0
780.0
765.0
749.0
808.0
798.0
829.0
785.0
789.0
790.0
768.0
789.0
789.0
794.0
746.0
794.0
789.0
782.0
766.0
697.0
781.0
849.0
781.0
751.0
794.0
790.0
717.0
949.0
786.0
739.0
592.0
782.0
757.0
810.0
794.0
882.0
755.0
770.0
812.0
686.0
814.0
816.0
794.0
765.0
814.0
766.0
783.0
803.0
733.0
846.0
788.0
785.0
782.0
758.0
751.0
770.0
778.0
634.0
822.0
914.0
804.0
791.0
912.0
860.0
859.0
762.0
766.0
840.0
774.0
626.0
794.0
744.0
740.0
737.0
779.0
745.0
788.0
720.0
763.0
650.0
776.0
752.0
641.0
733.0
791.0
754.0
744.0
910.0
818.0
765.0
787.0
790.0
832.0
739.0
765.0
749.0
795.0
821.0
800.0
805.0
784.0
738.0
794.0
778.0
825.0
826.0
763.0
743.0
801.0
773.0
905.0
848.0
745.0
826.0
800.0
789.0
665.0
788.0
756.0
794.0
825.0
765.0
766.0
726.0
646.0
784.0
872.0
892.0
779.0
781.0
781.0
784.0
793.0
763.0
786.0
812.0
742.0
765.0
740.0
832.0
748.0
818.0
701.0
749.0
763.0
831.0
756.0
757.0
760.0
758.0
783.0
774.0
886.0
733.0
734.0
806.0
789.0
814.0
747.0
770.0
845.0
610.0
806.0
801.0
801.0
748.0
791.0
774.0
791.0
809.0
882.0
616.0
912.0
805.0
774.0
767.0
766.0
794.0
737.0
687.0
846.0
784.0
859.0
682.0
889.0
895.0
745.0
734.0
810.0
804.0
845.0
776.0
780.0
767.0
763.0
776.0
891.0
752.0
764.0
898.0
824.0
763.0
795.0
779.0
761.0
818.0
741.0
762.0
758.0
764.0
816.0
762.0
825.0
609.0
946.0
812.0
806.0
874.0
780.0
821.0
753.0
688.0
736.0
776.0
751.0
786.0
773.0
874.0
756.0
784.0
881.0
820.0
808.0
754.0
834.0
811.0
695.0
777.0
824.0
833.0
790.0
753.0
697.0
887.0
801.0
770.0
784.0
789.0
749.0
726.0
752.0
788.0
790.0
836.0
786.0
748.0
784.0
1018.0
760.0
744.0
794.0
840.0
769.0
919.0
757.0
778.0
745.0
754.0
764.0
767.0
793.0
815.0
757.0
810.0
781.0
738.0
637.0
740.0
856.0
594.0
737.0
791.0
823.0
653.0
786.0
763.0
764.0
600.0
789.0
797.0
802.0
756.0
827.0
959.0
762.0
740.0
629.0
753.0
761.0
759.0
658.0
882.0
791.0
747.0
755.0
746.0
706.0
742.0
743.0
771.0
769.0
801.0
752.0
789.0
766.0
889.0
642.0
765.0
829.0
732.0
845.0
794.0
885.0
773.0
867.0
800.0
855.0
768.0
767.0
776.0
762.0
610.0
779.0
749.0
757.0
746.0
841.0
842.0
904.0
814.0
790.0
938.0
893.0
835.0
765.0
839.0
750.0
735.0
834.0
877.0
754.0
643.0
701.0
802.0
774.0
782.0
605.0
778.0
764.0
755.0
742.0
862.0
785.0
738.0
782.0
748.0
763.0
861.0
766.0
781.0
855.0
613.0
773.0
779.0
784.0
802.0
724.0
741.0
756.0
831.0
841.0
811.0
803.0
743.0
660.0
756.0
753.0
789.0
762.0
746.0
767.0
717.0
756.0
788.0
777.0
901.0
788.0
863.0
779.0
865.0
690.0
819.0
805.0
840.0
793.0
809.0
688.0
814.0
897.0
834.0
597.0
843.0
913.0
815.0
875.0
734.0
741.0
791.0
777.0
750.0
839.0
776.0
669.0
779.0
754.0
753.0
865.0
706.0
819.0
704.0
941.0
754.0
865.0
715.0
865.0
718.0
778.0
807.0
782.0
777.0
598.0
754.0
784.0
817.0
903.0
609.0
852.0
806.0
814.0
798.0
