754.0
811.0
750.0
711.0
663.0
727.0
780.0
770.0
749.0
722.0
741.0
741.0
734.0
831.0
763.0
714.0
797.0
787.0
736.0
709.0
690.0
742.0
735.0
710.0
766.0
748.0
708.0
622.0
714.0
752.0
904.0
775.0
698.0
742.0
730.0
707.0
757.0
709.0
812.0
717.0
871.0
724.0
747.0
737.0
794.0
782.0
749.0
749.0
708.0
739.0
666.0
815.0
785.0
907.0
802.0
709.0
778.0
737.0
651.0
682.0
716.0
749.0
746.0
754.0
809.0
712.0
750.0
718.0
791.0
658.0
757.0
749.0
811.0
832.0
761.0
695.0
705.0
872.0
714.0
618.0
693.0
794.0
758.0
740.0
716.0
724.0
744.0
701.0
713.0
757.0
766.0
794.0
710.0
724.0
726.0
720.0
713.0
726.0
649.0
781.0
789.0
721.0
759.0
772.0
876.0
785.0
801.0
880.0
733.0
697.0
754.0
809.0
731.0
777.0
788.0
847.0
819.0
798.0
757.0
800.0
875.0
710.0
728.0
709.0
714.0
680.0
663.0
741.0
740.0
686.0
614.0
730.0
909.0
692.0
804.0
765.0
889.0
709.0
715.0
786.0
722.0
775.0
722.0
738.0
697.0
1462.0
791.0
845.0
847.0
714.0
729.0
774.0
788.0
830.0
741.0
709.0
728.0
698.0
620.0
710.0
837.0
837.0
810.0
693.0
756.0
850.0
756.0
736.0
639.0
729.0
759.0
699.0
729.0
763.0
727.0
994.0
706.0
724.0
731.0
616.0
750.0
731.0
797.0
790.0
854.0
720.0
798.0
810.0
752.0
614.0
729.0
786.0
694.0
709.0
794.0
724.0
747.0
702.0
757.0
794.0
724.0
687.0
722.0
711.0
741.0
717.0
796.0
736.0
692.0
728.0
689.0
718.0
831.0
725.0
820.0
746.0
734.0
722.0
722.0
700.0
704.0
756.0
743.0
737.0
603.0
770.0
737.0
767.0
731.0
913.0
661.0
770.0
763.0
692.0
723.0
748.0
970.0
733.0
852.0
833.0
680.0
779.0
733.0
777.0
697.0
737.0
750.0
773.0
784.0
742.0
820.0
713.0
782.0
735.0
834.0
831.0
709.0
777.0
780.0
754.0
678.0
706.0
690.0
871.0
746.0
820.0
732.0
746.0
750.0
733.0
689.0
789.0
727.0
701.0
716.0
830.0
741.0
702.0
723.0
882.0
722.0
753.0
694.0
747.0
774.0
780.0
820.0
782.0
737.0
727.0
750.0
730.0
724.0
791.0
637.0
746.0
621.0
852.0
737.0
736.0
654.0
821.0
713.0
594.0
811.0
720.0
784.0
752.0
784.0
900.0
871.0
721.0
694.0
734.0
705.0
726.0
967.0
732.0
725.0
793.0
722.0
727.0
750.0
737.0
754.0
741.0
718.0
811.0
709.0
898.0
693.0
788.0
772.0
703.0
719.0
720.0
703.0
788.0
734.0
709.0
729.0
776.0
695.0
775.0
733.0
705.0
719.0
757.0
789.0
782.0
725.0
681.0
765.0
733.0
717.0
730.0
663.0
711.0
707.0
741.0
726.0
745.0
739.0
790.0
747.0
682.0
707.0
682.0
714.0
763.0
750.0
781.0
778.0
689.0
725.0
780.0
758.0
808.0
788.0
714.0
740.0
734.0
754.0
669.0
738.0
691.0
733.0
835.0
761.0
705.0
733.0
743.0
820.0
729.0
760.0
763.0
762.0
723.0
750.0
729.0
757.0
801.0
702.0
746.0
731.0
741.0
765.0
631.0
756.0
751.0
738.0
770.0
719.0
777.0
705.0
683.0
731.0
724.0
715.0
756.0
695.0
721.0
753.0
714.0
893.0
732.0
717.0
761.0
602.0
643.0
794.0
725.0
600.0
747.0
824.0
1028.0
718.0
770.0
811.0
708.0
731.0
704.0
713.0
667.0
707.0
708.0
753.0
665.0
632.0
736.0
725.0
746.0
737.0
732.0
761.0
603.0
828.0
849.0
688.0
795.0
721.0
757.0
957.0
960.0
750.0
734.0
734.0
716.0
729.0
714.0
761.0
795.0
717.0
754.0
809.0
702.0
850.0
769.0
710.0
734.0
734.0
718.0
713.0
726.0
715.0
782.0
688.0
745.0
717.0
715.0
757.0
708.0
736.0
717.0
706.0
692.0
798.0
720.0
731.0
720.0
824.0
701.0
775.0
701.0
753.0
783.0
810.0
732.0
714.0
725.0
701.0
784.0
1058.0
697.0
750.0
746.0
720.0
754.0
770.0
1077.0
811.0
757.0
725.0
693.0
709.0
749.0
656.0
818.0
747.0
734.0
720.0
720.0
882.0
689.0
864.0
702.0
772.0
738.0
767.0
742.0
759.0
779.0
791.0
755.0
677.0
808.0
746.0
762.0
786.0
703.0
725.0
787.0
844.0
886.0
732.0
819.0
765.0
717.0
758.0
752.0
733.0
766.0
763.0
749.0
787.0
717.0
693.0
735.0
758.0
717.0
754.0
725.0
702.0
696.0
795.0
739.0
780.0
751.0
690.0
802.0
608.0
789.0
682.0
745.0
719.0
767.0
691.0
718.0
917.0
849.0
738.0
697.0
870.0
687.0
824.0
772.0
733.0
801.0
702.0
713.0
697.0
761.0
710.0
714.0
796.0
691.0
768.0
640.0
741.0
866.0
837.0
746.0
738.0
699.0
733.0
744.0
731.0
720.0
853.0
626.0
761.0
803.0
