0.7391141357458518
0.6717610913091175
2.2459184029218053
0.6490401341497195
1.022984514654888
0.985222397791162
1.0006253281940924
0.985222397791162
0.7729551615224513
0.760883391187523
2.600770723596911
0.8876705052392695
1.2864112114675275
0.3673372912435355
0.7810030084124033
0.606844070853695
0.4852583493430348
0.8671332647020289
1.0939799420203469
0.7497641990637075
0.9030734356421998
0.7426641568518038
1.1058125132479233
0.8011226256372839
1.831924028800849
1.0289008002686761
0.4874097947254855
0.8373379366420685
0.7426641568518038
0.7000639035803814
0.8568646444334086
1.1353939413168643
0.7178140091101407
0.7970987021923077
0.8619989545677187
1.6219341880082487
0.877401884970649
0.7320140935339481
1.456614813478449
1.508209905502989
0.8414617140304781
1.0762310851789822
0.8252661663071403
1.7875674887164605
0.7036139246863331
1.2205651914588282
0.710713966898237
0.809170472527236
0.7462141779577556
0.7810030084124033
0.37800536735347207
0.985222397791162
0.6425484321041773
0.46159245013607647
0.7890508553023555
0.6100899218764659
2.8964809908261655
0.8252661663071403
0.8051465490822599
0.8876705052392695
0.8252661663071403
1.0111519434273115
0.7000639035803814
0.8414617140304781
0.5124079850653679
0.7649073146324992
1.1413102269306528
0.7970987021923077
0.7890508553023555
0.5003184670201901
2.2754894296447308
0.5003184670201901
0.8825361951049593
0.7533142201696594
0.9030734356421998
0.985222397791162
0.8172183194171881
0.67876377694467
1.123561370089288
1.227881415904239
0.8011226256372839
1.0939799420203469
1.7136399219091472
1.52561976843511
0.7249140513220445
0.9492822268509912
0.7036139246863331
1.1531427981582292
1.8023530020779233
0.7970987021923077
0.9492822268509912
0.944147916716681
0.760883391187523
0.7890508553023555
0.7391141357458518
1.0348170858824643
0.3868954307784192
1.2790949870221164
0.8252661663071403
1.1531427981582292
1.0998962276341349
1.1117287988617115
1.994564675776939
0.8131943959722121
0.877401884970649
0.990356707925472
0.985222397791162
0.7497641990637075
1.0057596383284026
1.0057596383284026
1.1839840692317727
0.6393025810814061
0.7036139246863331
0.7533142201696594
0.9338792964480606
0.710713966898237
1.370622993437549
0.4960155762552886
0.7649073146324992
0.8825361951049593
1.0006253281940924
2.6303417503198365
0.5409428400931287
0.8671332647020289
1.7136399219091472
0.3726713292985038
0.8465960241647883
0.9236106761794404
1.9649936490540139
1.2864112114675275
0.9698194673882317
0.7284640724279964
0.7970987021923077
1.3156761092491716
0.8517303342990986
1.3878213574457288
0.7213640302160925
1.0939799420203469
0.8465960241647883
1.499610723498899
0.985222397791162
0.8333140131970924
2.5711996968739856
0.8465960241647883
0.8131943959722121
0.760883391187523
0.6965138824744295
0.41712164642323957
0.5124079850653679
0.39934151957334524
1.198616518122595
0.7769790849674273
0.6555318361952619
0.8619989545677187
1.1176450844754997
0.8928048153735796
0.8212422428621643
0.6295650280130929
0.8876705052392695
0.8252661663071403
1.022984514654888
0.985222397791162
1.4222180854620887
0.8414617140304781
1.0006253281940924
0.8465960241647883
0.7930747787473317
0.8414617140304781
1.0289008002686761
0.7850269318573795
0.7930747787473317
1.147226512544441
1.0057596383284026
2.0389212158613272
0.8212422428621643
0.8928048153735796
0.6752137558387181
0.7320140935339481
0.7729551615224513
1.0998962276341349
1.456614813478449
1.0348170858824643
0.67876377694467
0.3797833800384615
0.8979391255078896
0.9287449863137506
0.7850269318573795
0.9390136065823707
0.7890508553023555
1.242513864795061
1.831924028800849
0.7689312380774752
0.760883391187523
1.1058125132479233
1.3878213574457288
0.8568646444334086
1.1708916549995938
0.8131943959722121
0.8414617140304781
0.990356707925472
0.9698194673882317
1.413618903457999
0.7497641990637075
0.7970987021923077
2.4677011033437464
0.8252661663071403
1.1531427981582292
0.5513191510123142
0.8979391255078896
0.9698194673882317
0.9698194673882317
0.7355641146399
2.37898802317497
2.0684922425842522
1.046649657110041
1.0584822283376174
0.7729551615224513
0.990356707925472
1.1058125132479233
0.7320140935339481
0.9236106761794404
0.7810030084124033
0.9698194673882317
0.9184763660451302
1.413618903457999
0.9698194673882317
1.7727819753549983
0.8568646444334086
0.7930747787473317
0.944147916716681
4.5216559778672964
0.7178140091101407
0.7320140935339481
1.4050197214539089
0.7462141779577556
0.7497641990637075
0.7320140935339481
1.0998962276341349
0.985222397791162
0.985222397791162
0.760883391187523
0.9492822268509912
1.2717787625767052
1.022984514654888
0.8928048153735796
0.8619989545677187
0.6652693892635753
1.147226512544441
1.0057596383284026
0.8172183194171881
0.8465960241647883
1.2937274359129385
0.9954910180597822
1.0525659427238292
0.39400748151837695
0.7810030084124033
0.9646851572539215
0.5024699124026408
0.7970987021923077
0.7649073146324992
1.0939799420203469
0.7036139246863331
0.990356707925472
0.7769790849674273
0.8568646444334086
1.3229923336945826
0.7426641568518038
1.0407333714962528
0.8212422428621643
1.1353939413168643
0.7970987021923077
0.8011226256372839
0.8011226256372839
1.482412359490719
0.707163945792285
1.0170682290410997
0.760883391187523
1.379222175441639
0.985222397791162
1.1531427981582292
0.7497641990637075
0.6823137980506221
1.379222175441639
0.7649073146324992
1.046649657110041
0.6717610913091175
0.67876377694467
1.817138515439386
0.8131943959722121
0.7320140935339481
0.8212422428621643
0.90820774577651
0.7689312380774752
0.877401884970649
0.8131943959722121
1.0289008002686761
0.6685152402863463
1.7284254352706099
1.5781549063840947
0.4852583493430348
0.7036139246863331
0.7533142201696594
0.7320140935339481
0.8465960241647883
0.8373379366420685
0.7769790849674273
1.0525659427238292
1.0703147995651938
0.7568642412756114
1.5606431937344332
2.452915589982284
1.0821473707927705
0.9287449863137506
1.6044224753585872
1.2498300892404721
1.456614813478449
0.9646851572539215
0.7930747787473317
0.9287449863137506
1.1649753693858056
0.6929638613684777
0.7649073146324992
0.9595508471196112
0.8414617140304781
0.38867344346340865
0.6894138402625257
0.8876705052392695
7.251937224538549
0.6752137558387181
0.985222397791162
2.4677011033437464
0.7533142201696594
0.9595508471196112
0.9184763660451302
0.3815613927234509
2.098063269307178
0.6360567300586351
0.7649073146324992
1.0998962276341349
0.8252661663071403
0.7810030084124033
0.6752137558387181
0.8465960241647883
0.7769790849674273
0.7689312380774752
0.8876705052392695
0.7810030084124033
0.9800880876568518
1.23519764034965
1.0057596383284026
0.90820774577651
0.7568642412756114
0.7930747787473317
0.944147916716681
1.413618903457999
1.1649753693858056
0.7320140935339481
1.4394164494702688
1.198616518122595
0.9390136065823707
0.7391141357458518
2.837338937380314
0.8292900897521164
0.760883391187523
1.046649657110041
0.7533142201696594
0.4874097947254855
0.7213640302160925
0.7497641990637075
1.23519764034965
0.8051465490822599
0.8292900897521164
1.2717787625767052
0.7320140935339481
1.191300293677184
0.8051465490822599
0.7890508553023555
0.7320140935339481
0.8011226256372839
0.9030734356421998
0.8051465490822599
0.6929638613684777
2.4085590498978955
0.7178140091101407
0.6295650280130929
1.5431314810847716
1.0525659427238292
0.7729551615224513
1.1058125132479233
0.8252661663071403
0.8619989545677187
0.6393025810814061
0.7213640302160925
0.944147916716681
0.9698194673882317
0.6717610913091175
2.2902749430061937
0.90820774577651
0.7213640302160925
0.48095545857813327
0.4508352232238227
3.0443361244407927
0.7689312380774752
0.8131943959722121
0.707163945792285
0.8373379366420685
2.098063269307178
0.985222397791162
1.1176450844754997
1.0111519434273115
0.9749537775225418
1.0348170858824643
1.022984514654888
0.7649073146324992
1.0584822283376174
0.7970987021923077
0.8051465490822599
0.8373379366420685
1.0939799420203469
0.985222397791162
0.809170472527236
1.448015631474359
0.8876705052392695
0.7462141779577556
1.0703147995651938
1.0289008002686761
0.7142639880041888
0.7036139246863331
0.9287449863137506
0.9030734356421998
0.8568646444334086
0.9544165369853012
0.7426641568518038
0.985222397791162
0.9698194673882317
0.6003523688081525
0.8619989545677187
0.9646851572539215
0.8825361951049593
1.1058125132479233
0.5971065177853815
0.6555318361952619
0.7769790849674273
0.8825361951049593
0.9698194673882317
1.0111519434273115
0.8876705052392695
0.9492822268509912
0.8619989545677187
0.7850269318573795
1.1590590837720174
0.7142639880041888
0.6620235382408041
0.5279724514441465
0.7533142201696594
1.994564675776939
0.7649073146324992
0.8414617140304781
1.046649657110041
0.8131943959722121
1.1649753693858056
0.990356707925472
0.8051465490822599
1.4394164494702688
0.7391141357458518
0.7391141357458518
0.7497641990637075
0.7930747787473317
0.6003523688081525
0.6858638191565739
1.3878213574457288
1.379222175441639
0.8825361951049593
0.9287449863137506
0.809170472527236
1.5168639121102792
0.9595508471196112
0.7391141357458518
0.90820774577651
1.7579964619935353
0.8619989545677187
0.7810030084124033
0.5616954619315001
1.0525659427238292
1.0643985139514056
0.872267574836339
0.38867344346340865
1.2864112114675275
0.67876377694467
0.8373379366420685
0.7850269318573795
1.1708916549995938
0.8465960241647883
1.0762310851789822
0.7568642412756114
0.944147916716681
0.6555318361952619
0.37800536735347207
0.9030734356421998
0.6752137558387181
1.2132489670134168
2.098063269307178
0.8252661663071403
0.7930747787473317
1.4652139954825392
1.1117287988617115
0.7213640302160925
0.7462141779577556
1.3878213574457288
0.7649073146324992
2.009350189138402
3.7886519104646226
0.8373379366420685
0.990356707925472
0.8825361951049593
1.0584822283376174
0.8671332647020289
1.482412359490719
0.5253783737143501
0.6230733259675505
1.0111519434273115
0.5971065177853815
0.6894138402625257
0.7213640302160925
1.022984514654888
1.0821473707927705
1.6657134696324027
1.508209905502989
0.431472214781766
1.1649753693858056
1.0584822283376174
1.3083598848037608
0.9184763660451302
0.8465960241647883
1.0006253281940924
0.6198274749447794
1.3229923336945826
1.123561370089288
0.7284640724279964
