662.0
698.0
744.0
736.0
792.0
660.0
692.0
753.0
684.0
723.0
673.0
763.0
671.0
689.0
673.0
710.0
798.0
725.0
775.0
708.0
724.0
692.0
664.0
681.0
674.0
684.0
688.0
765.0
742.0
659.0
699.0
840.0
705.0
708.0
654.0
718.0
697.0
658.0
690.0
666.0
667.0
714.0
722.0
680.0
700.0
697.0
703.0
647.0
600.0
690.0
826.0
657.0
869.0
725.0
722.0
932.0
732.0
707.0
706.0
689.0
589.0
773.0
791.0
710.0
720.0
784.0
694.0
637.0
758.0
709.0
656.0
683.0
694.0
677.0
692.0
715.0
766.0
687.0
676.0
616.0
658.0
765.0
803.0
665.0
675.0
670.0
712.0
792.0
725.0
738.0
837.0
729.0
682.0
718.0
684.0
819.0
742.0
653.0
684.0
644.0
669.0
688.0
662.0
688.0
673.0
762.0
679.0
731.0
777.0
702.0
704.0
917.0
698.0
693.0
725.0
651.0
733.0
720.0
698.0
685.0
672.0
669.0
741.0
695.0
676.0
716.0
680.0
621.0
688.0
740.0
665.0
695.0
684.0
663.0
662.0
734.0
668.0
703.0
688.0
808.0
773.0
810.0
868.0
723.0
765.0
697.0
649.0
809.0
646.0
688.0
778.0
675.0
712.0
843.0
697.0
690.0
731.0
702.0
725.0
653.0
705.0
713.0
720.0
680.0
654.0
666.0
650.0
707.0
712.0
720.0
791.0
741.0
620.0
652.0
624.0
698.0
719.0
701.0
720.0
646.0
689.0
740.0
711.0
680.0
860.0
594.0
643.0
713.0
718.0
696.0
685.0
674.0
669.0
673.0
697.0
717.0
721.0
727.0
668.0
740.0
731.0
715.0
707.0
715.0
665.0
711.0
738.0
702.0
718.0
659.0
733.0
722.0
709.0
685.0
728.0
833.0
610.0
672.0
788.0
700.0
674.0
715.0
700.0
725.0
723.0
709.0
665.0
653.0
681.0
692.0
692.0
705.0
697.0
835.0
701.0
648.0
827.0
745.0
772.0
686.0
731.0
698.0
661.0
690.0
693.0
685.0
875.0
688.0
653.0
761.0
790.0
602.0
676.0
616.0
673.0
677.0
771.0
849.0
682.0
582.0
696.0
679.0
708.0
674.0
598.0
735.0
676.0
613.0
672.0
724.0
678.0
734.0
823.0
689.0
746.0
703.0
767.0
714.0
691.0
682.0
821.0
690.0
673.0
672.0
729.0
673.0
737.0
665.0
714.0
689.0
707.0
678.0
709.0
691.0
682.0
589.0
790.0
686.0
732.0
709.0
699.0
677.0
693.0
717.0
752.0
701.0
932.0
737.0
777.0
749.0
621.0
664.0
817.0
659.0
692.0
773.0
701.0
665.0
688.0
686.0
727.0
767.0
696.0
699.0
730.0
826.0
672.0
634.0
658.0
714.0
693.0
609.0
783.0
773.0
705.0
666.0
735.0
702.0
734.0
685.0
713.0
651.0
710.0
668.0
693.0
701.0
776.0
709.0
751.0
720.0
714.0
608.0
675.0
698.0
641.0
687.0
744.0
644.0
698.0
659.0
668.0
793.0
660.0
625.0
708.0
809.0
592.0
760.0
701.0
627.0
679.0
791.0
714.0
727.0
685.0
666.0
703.0
763.0
669.0
702.0
721.0
705.0
742.0
845.0
695.0
728.0
674.0
693.0
713.0
797.0
715.0
684.0
681.0
765.0
701.0
635.0
684.0
697.0
676.0
704.0
660.0
726.0
729.0
725.0
692.0
674.0
749.0
716.0
696.0
722.0
686.0
582.0
739.0
672.0
744.0
749.0
862.0
682.0
718.0
701.0
665.0
720.0
657.0
646.0
681.0
676.0
736.0
682.0
706.0
714.0
776.0
863.0
709.0
692.0
672.0
664.0
711.0
705.0
721.0
693.0
759.0
683.0
740.0
663.0
873.0
644.0
642.0
709.0
757.0
678.0
696.0
656.0
690.0
832.0
651.0
882.0
688.0
701.0
759.0
845.0
603.0
679.0
806.0
720.0
695.0
707.0
811.0
678.0
720.0
708.0
679.0
755.0
679.0
692.0
669.0
677.0
663.0
663.0
689.0
733.0
678.0
692.0
741.0
754.0
770.0
693.0
654.0
906.0
713.0
794.0
683.0
730.0
658.0
688.0
669.0
670.0
666.0
669.0
654.0
690.0
721.0
702.0
807.0
697.0
673.0
689.0
745.0
667.0
706.0
772.0
712.0
724.0
822.0
603.0
666.0
837.0
708.0
755.0
729.0
880.0
730.0
722.0
689.0
734.0
720.0
661.0
675.0
760.0
769.0
697.0
669.0
706.0
698.0
703.0
783.0
715.0
681.0
661.0
689.0
699.0
667.0
770.0
777.0
702.0
779.0
656.0
676.0
683.0
680.0
