680.0
742.0
701.0
687.0
726.0
648.0
637.0
814.0
816.0
709.0
802.0
771.0
596.0
684.0
709.0
809.0
673.0
662.0
853.0
800.0
710.0
734.0
726.0
789.0
689.0
760.0
721.0
672.0
682.0
742.0
715.0
720.0
803.0
690.0
612.0
746.0
644.0
721.0
658.0
702.0
763.0
716.0
666.0
681.0
693.0
713.0
659.0
692.0
754.0
698.0
758.0
670.0
745.0
706.0
720.0
725.0
784.0
735.0
666.0
741.0
713.0
800.0
767.0
754.0
741.0
692.0
692.0
677.0
797.0
849.0
669.0
712.0
687.0
817.0
746.0
775.0
702.0
686.0
802.0
731.0
661.0
596.0
724.0
746.0
773.0
692.0
597.0
698.0
677.0
754.0
748.0
674.0
646.0
686.0
717.0
840.0
724.0
699.0
778.0
703.0
690.0
705.0
827.0
678.0
908.0
823.0
676.0
900.0
720.0
749.0
702.0
664.0
858.0
738.0
698.0
682.0
678.0
744.0
772.0
705.0
707.0
705.0
726.0
691.0
666.0
709.0
725.0
659.0
660.0
705.0
698.0
706.0
692.0
667.0
830.0
716.0
813.0
740.0
718.0
685.0
672.0
717.0
704.0
763.0
865.0
705.0
851.0
612.0
661.0
599.0
713.0
690.0
738.0
733.0
810.0
716.0
595.0
681.0
722.0
785.0
749.0
859.0
729.0
690.0
715.0
700.0
631.0
705.0
699.0
738.0
697.0
748.0
597.0
698.0
759.0
663.0
700.0
674.0
778.0
776.0
709.0
671.0
778.0
806.0
795.0
682.0
685.0
737.0
730.0
600.0
842.0
685.0
724.0
728.0
692.0
712.0
713.0
711.0
690.0
784.0
718.0
823.0
675.0
688.0
752.0
623.0
697.0
722.0
760.0
668.0
728.0
690.0
681.0
682.0
854.0
697.0
680.0
612.0
693.0
708.0
733.0
733.0
676.0
712.0
759.0
725.0
686.0
723.0
739.0
713.0
697.0
707.0
659.0
803.0
662.0
696.0
660.0
731.0
691.0
729.0
754.0
640.0
794.0
744.0
682.0
748.0
681.0
668.0
749.0
757.0
681.0
722.0
684.0
686.0
736.0
752.0
678.0
694.0
684.0
732.0
724.0
773.0
693.0
731.0
752.0
698.0
708.0
741.0
683.0
693.0
745.0
677.0
679.0
754.0
810.0
727.0
677.0
713.0
698.0
790.0
667.0
653.0
678.0
889.0
673.0
790.0
676.0
742.0
749.0
588.0
616.0
706.0
713.0
763.0
723.0
869.0
724.0
788.0
913.0
691.0
617.0
784.0
736.0
733.0
685.0
697.0
680.0
689.0
694.0
744.0
626.0
841.0
676.0
667.0
760.0
746.0
699.0
716.0
764.0
680.0
689.0
712.0
852.0
676.0
742.0
694.0
688.0
748.0
862.0
635.0
638.0
691.0
725.0
703.0
594.0
733.0
685.0
677.0
678.0
869.0
662.0
627.0
889.0
633.0
680.0
653.0
776.0
676.0
661.0
595.0
708.0
729.0
862.0
737.0
639.0
693.0
708.0
708.0
695.0
707.0
683.0
736.0
698.0
698.0
682.0
685.0
738.0
710.0
585.0
681.0
763.0
662.0
789.0
686.0
724.0
692.0
685.0
712.0
723.0
712.0
642.0
725.0
669.0
699.0
622.0
679.0
690.0
939.0
690.0
694.0
670.0
608.0
640.0
708.0
718.0
699.0
806.0
730.0
703.0
677.0
705.0
681.0
679.0
713.0
680.0
1013.0
686.0
680.0
856.0
672.0
683.0
761.0
708.0
640.0
686.0
718.0
706.0
740.0
694.0
626.0
683.0
697.0
754.0
672.0
681.0
708.0
713.0
677.0
614.0
694.0
665.0
582.0
677.0
712.0
698.0
694.0
718.0
673.0
791.0
691.0
682.0
804.0
709.0
701.0
814.0
746.0
744.0
658.0
717.0
655.0
692.0
676.0
740.0
713.0
707.0
716.0
680.0
690.0
677.0
706.0
692.0
684.0
805.0
670.0
651.0
718.0
587.0
687.0
742.0
797.0
676.0
714.0
759.0
636.0
736.0
661.0
685.0
829.0
674.0
705.0
772.0
759.0
824.0
677.0
652.0
745.0
716.0
710.0
664.0
666.0
792.0
742.0
737.0
696.0
682.0
724.0
658.0
712.0
695.0
699.0
688.0
737.0
774.0
720.0
718.0
626.0
744.0
674.0
653.0
747.0
716.0
683.0
708.0
706.0
834.0
658.0
678.0
710.0
677.0
844.0
725.0
578.0
789.0
769.0
764.0
766.0
760.0
603.0
727.0
697.0
757.0
783.0
