1.1557207862033698
0.816824782457129
0.4029473995213617
0.7309356313030131
0.5344826237182349
2.3558061311234573
0.968599741859011
0.6954503992355027
0.6477503789105225
0.839750725210423
0.6157731925987355
0.6012381079115596
2.73095110391318
0.4457787012251726
0.5269826237182348
0.8442197646121394
0.42957836411946587
0.7096444920625069
1.2008537794031762
0.7344841545097642
0.8777066815632203
0.5594826237182348
0.5844826237182348
0.968599741859011
0.6477503789105225
0.7977198301627175
1.2078070658851934
0.7309356313030131
0.5519826237182349
0.5369826237182348
1.2703866442233496
0.43362844839589254
0.8537874551695911
0.6710065144100039
0.30485341203173844
0.7595099255738942
0.6303082772859113
0.7633309160327765
0.32708133491731056
0.6989989224422537
0.6989989224422537
0.298315787653629
0.6777077832017474
0.6041451248489947
0.8015408206215998
0.7380326777165152
0.39293350787619397
0.7747938874094236
0.8777066815632203
0.7202900616827601
0.9207612890717528
0.5896100401618188
1.277339930705367
0.6680994974725687
0.8777066815632203
0.3862575801127489
0.8130037919982467
0.5983310909741243
0.7522267705435195
0.7131930152692579
0.6070521417864299
0.6812563064084985
0.5819826237182347
0.7344841545097642
1.7405683757483115
0.5896100401618188
0.6651924805351337
0.9542482060228334
0.8244667633748938
0.8968420626781236
0.5644826237182349
0.6448433619730873
0.7900778492449527
0.9733835871377369
1.0301983981436686
1.012266628420854
0.5694826237182349
0.6419363450356521
0.3762436884675812
0.8633551457270427
0.9159774437930268
1.7705799735714893
0.5983310909741243
0.7096444920625069
0.6777077832017474
0.6812563064084985
0.816824782457129
0.9542482060228334
0.5519826237182349
0.7522267705435195
1.5924676959486732
0.7522267705435195
0.6535644127853929
0.5819826237182347
0.9303289796292045
0.8015408206215998
0.8053618110804821
0.5844826237182348
0.8681389910057686
0.6741592599949964
0.6651924805351337
0.9207612890717528
0.9494643607441077
0.7060959688557558
0.6274012603484763
0.7747938874094236
0.6419363450356521
0.6535644127853929
0.6919018760287515
0.47412929116015934
0.6274012603484763
0.5619826237182348
0.858571300448317
1.1676752993519128
0.9590320513015593
1.0780164507378405
0.6390293280982169
1.119857246757741
0.6535644127853929
0.32708133491731056
0.6157731925987355
0.6883533528220006
0.6448433619730873
1.1736525559261843
0.7060959688557558
0.8681389910057686
0.5644826237182349
1.339919509043523
0.7633309160327765
0.6741592599949964
0.9207612890717528
0.6274012603484763
0.6448433619730873
0.6012381079115596
0.8321087442926585
0.9590320513015593
0.6332152942233467
0.6303082772859113
0.7344841545097642
0.882490526841946
0.6593784466602632
0.6070521417864299
0.9542482060228334
0.5925170570992541
1.513742096273543
0.9207612890717528
0.6741592599949964
0.7486782473367685
0.5844826237182348
1.0421529112922114
0.6777077832017474
0.7451297241300174
0.7633309160327765
0.7096444920625069
0.6332152942233467
0.8681389910057686
0.29570073790238516
0.6680994974725687
0.6215872264736059
0.7900778492449527
0.6215872264736059
0.48222945971301273
0.5719826237182348
0.5844826237182348
0.816824782457129
0.6535644127853929
1.339919509043523
0.33361895929541996
0.6741592599949964
0.39460248981705526
0.7344841545097642
0.6157731925987355
0.38458859817188756
0.5983310909741243
0.8206457729160114
0.7273871080962621
0.46805416474551936
0.6812563064084985
0.6361223111607818
0.6919018760287515
0.6989989224422537
0.5719826237182348
0.3244662851660668
0.5744826237182349
0.6680994974725687
0.5983310909741243
1.1616980427776413
0.7977198301627175
1.0301983981436686
0.9877351229739143
0.5719826237182348
0.5119826237182348
0.5444826237182347
0.8777066815632203
0.478179375436586
0.32969638466855433
3.226142467995614
0.6680994974725687
0.8537874551695911
0.7522267705435195
0.31792866078795734
0.35621590517724583
0.9542482060228334
0.33952608576863297
0.5494826237182348
1.4470952413948899
0.6777077832017474
0.5896100401618188
0.3662297968224135
0.34953997741380066
1.3329662225615058
0.6812563064084985
1.7105567779251338
0.8633551457270427
0.5954240740366893
1.0020866588100918
0.8968420626781236
1.488749525694048
0.6244942434110411
0.8633551457270427
0.7060959688557558
0.6186802095361706
0.6215872264736059
0.6070521417864299
0.6215872264736059
0.5144826237182347
1.1557207862033698
0.723838584889511
0.5269826237182348
0.6070521417864299
0.5619826237182348
1.2703866442233496
0.5744826237182349
0.5569826237182348
0.6215872264736059
0.5794826237182348
1.488749525694048
1.1079027336091978
0.5869826237182348
1.2842932171873842
0.7273871080962621
0.5594826237182348
0.5719826237182348
0.6244942434110411
0.7671519064916589
0.6303082772859113
0.7633309160327765
0.5744826237182349
1.1377890164805553
0.9159774437930268
0.6954503992355027
0.6012381079115596
0.5844826237182348
0.5744826237182349
0.6954503992355027
0.6041451248489947
0.7486782473367685
0.7380326777165152
0.5954240740366893
0.5119826237182348
0.5954240740366893
0.8244667633748938
0.478179375436586
1.3121063631154537
0.6777077832017474
0.5844826237182348
0.9925189682526402
0.6012381079115596
0.7786148778683059
0.6215872264736059
0.6448433619730873
0.8015408206215998
0.42957836411946587
0.9303289796292045
0.9733835871377369
0.6989989224422537
0.7486782473367685
0.6680994974725687
0.5744826237182349
0.6448433619730873
0.7522267705435195
1.0421529112922114
0.6390293280982169
1.2634333577413321
0.5024798810951461
0.7977198301627175
1.1079027336091978
0.5954240740366893
0.7202900616827601
0.7309356313030131
0.7451297241300174
0.6680994974725687
0.9064097532355752
0.3362340090466638
0.6215872264736059
0.6070521417864299
0.6186802095361706
0.6919018760287515
0.6777077832017474
0.7415812009232663
0.6680994974725687
0.6848048296152496
0.6812563064084985
0.5494826237182348
0.6390293280982169
0.9207612890717528
0.882490526841946
3.241148266907203
0.321851235414823
0.4012784175805004
1.2286669253312454
0.6361223111607818
0.7096444920625069
0.6622854635976984
0.6448433619730873
0.6070521417864299
0.6848048296152496
0.5869826237182348
0.8244667633748938
0.882490526841946
0.5819826237182347
0.7486782473367685
1.2286669253312454
0.6477503789105225
0.723838584889511
0.9303289796292045
0.6919018760287515
0.42552827984303915
0.8130037919982467
0.6012381079115596
0.7595099255738942
0.34453303159121684
0.6186802095361706
1.095948220460655
0.7486782473367685
0.31531361103671357
1.6712037989328743
0.5869826237182348
0.8015408206215998
2.235759739830746
0.6303082772859113
0.723838584889511
0.8091828015393644
1.1377890164805553
0.7273871080962621
0.5719826237182348
1.012266628420854
0.6041451248489947
0.5419826237182348
0.5719826237182348
0.9877351229739143
0.7131930152692579
0.7060959688557558
0.793898839703835
0.5925170570992541
0.5219826237182348
0.6041451248489947
0.5844826237182348
0.4376785326723192
0.7977198301627175
0.8359297347515408
0.7060959688557558
0.8537874551695911
0.5369826237182348
0.882490526841946
0.7415812009232663
0.3378571038277717
0.7060959688557558
0.656471429722828
0.5544826237182348
0.7202900616827601
1.641677760313799
0.4903296282658661
0.882490526841946
0.6332152942233467
0.5844826237182348
0.6989989224422537
1.179993919957124
2.1007075496264456
0.6361223111607818
0.6812563064084985
0.6274012603484763
0.8681389910057686
0.6332152942233467
0.8282877538337762
0.7522267705435195
0.7595099255738942
0.7595099255738942
0.9016259079568494
0.3628918329406909
0.5719826237182348
0.6215872264736059
0.4397035748105325
1.072039194163569
0.5644826237182349
0.723838584889511
0.5569826237182348
0.7415812009232663
0.5844826237182348
0.7824358683271881
0.5769826237182347
0.6741592599949964
0.5419826237182348
0.5954240740366893
0.6448433619730873
0.6012381079115596
0.6919018760287515
0.6390293280982169
0.4984297968187194
0.3349264841710419
0.5844826237182348
0.7671519064916589
0.6390293280982169
1.2981997901514188
0.7595099255738942
0.9446805154653818
0.5844826237182348
0.6303082772859113
0.5594826237182348
0.3912645259353327
0.6332152942233467
0.6012381079115596
0.5719826237182348
0.5319826237182348
0.5494826237182348
0.38291961623102627
0.6954503992355027
0.5444826237182347
0.5469826237182349
0.5444826237182347
0.7096444920625069
0.4316034062576792
0.6622854635976984
0.6215872264736059
0.7557752937502704
0.7824358683271881
0.7486782473367685
0.6812563064084985
0.839750725210423
0.7633309160327765
1.179993919957124
0.6244942434110411
0.939896670186656
0.5983310909741243
0.6361223111607818
0.6215872264736059
0.858571300448317
0.5444826237182347
0.6741592599949964
0.5419826237182348
0.6012381079115596
1.1079027336091978
0.6506573958479577
0.35621590517724583
0.5954240740366893
0.6848048296152496
0.5819826237182347
0.6012381079115596
0.7557752937502704
0.5644826237182349
0.6919018760287515
0.723838584889511
1.024221141569397
0.7273871080962621
0.8633551457270427
0.5719826237182348
0.7671519064916589
0.8442197646121394
0.7486782473367685
0.9590320513015593
0.6215872264736059
0.5896100401618188
1.048130167866483
0.5954240740366893
0.6128661756613003
0.793898839703835
0.5769826237182347
0.5925170570992541
0.7309356313030131
0.8442197646121394
0.7522267705435195
0.9159774437930268
0.8537874551695911
0.3192361856635792
1.4387643845350584
0.5769826237182347
0.6954503992355027
0.6593784466602632
0.8490036098908653
0.9016259079568494
0.6128661756613003
0.968599741859011
1.012266628420854
0.6070521417864299
0.5719826237182348
0.6361223111607818
0.8490036098908653
0.7415812009232663
0.5983310909741243
0.5869826237182348
0.6128661756613003
0.6777077832017474
0.6741592599949964
0.7671519064916589
0.5569826237182348
0.5619826237182348
0.7522267705435195
0.36122285099982965
0.4397035748105325
0.6157731925987355
0.7309356313030131
0.9207612890717528
0.4235032377048258
0.6419363450356521
1.1258345033320125
0.7747938874094236
0.6012381079115596
0.6680994974725687
1.2147603523672108
0.839750725210423
1.7405683757483115
0.723838584889511
0.5694826237182349
0.6448433619730873
0.6186802095361706
0.656471429722828
0.6244942434110411
0.4498287855015992
0.4096233272848069
0.7824358683271881
0.6954503992355027
1.024221141569397
0.3087759866586041
1.2147603523672108
0.816824782457129
0.8053618110804821
0.5925170570992541
0.6622854635976984
0.6883533528220006
0.8206457729160114
1.0541074244407544
0.5004548389569328
0.5619826237182348
1.0421529112922114
0.6099591587238651
0.7709728969505412
1.1258345033320125
0.34953997741380066
0.35120895935466195
0.6070521417864299
0.6622854635976984
0.3762436884675812
0.5719826237182348
0.39794045369877784
0.8130037919982467
0.9303289796292045
0.6157731925987355
0.6593784466602632
0.5169826237182348
0.5619826237182348
0.8321087442926585
0.5925170570992541
0.5069826237182349
0.7451297241300174
1.6318357474407739
0.5844826237182348
0.6390293280982169
0.6303082772859113
0.6680994974725687
0.5869826237182348
0.4275533219812525
0.5544826237182348
1.179993919957124
0.6919018760287515
0.6919018760287515
0.8015408206215998
0.839750725210423
0.7380326777165152
0.30616093690736035
0.6215872264736059
0.5469826237182349
1.0839937073121118
0.9877351229739143
0.5494826237182348
0.716741538476009
0.6506573958479577
0.6593784466602632
0.5925170570992541
1.0301983981436686
0.6041451248489947
0.6954503992355027
0.8537874551695911
1.2981997901514188
0.6954503992355027
0.6535644127853929
1.1318117599062838
0.5844826237182348
0.6157731925987355
0.6741592599949964
1.012266628420854
0.5794826237182348
0.7595099255738942
0.5669826237182348
0.5844826237182348
0.7451297241300174
0.9303289796292045
0.793898839703835
0.5744826237182349
1.4387643845350584
0.5669826237182348
0.5769826237182347
0.7096444920625069
0.6274012603484763
0.6012381079115596
0.5719826237182348
0.6741592599949964
2.8359916962943026
0.6989989224422537
0.7824358683271881
1.2147603523672108
0.9494643607441077
0.6954503992355027
0.8681389910057686
0.6680994974725687
0.5419826237182348
0.6012381079115596
0.8359297347515408
0.5794826237182348
0.4376785326723192
0.887274372120672
0.5219826237182348
0.38959554399447144
0.38291961623102627
1.1079027336091978
0.43362844839589254
0.7344841545097642
0.997302813531366
1.4554260982547214
0.9303289796292045
0.7486782473367685
1.1079027336091978
0.4903296282658661
0.8968420626781236
0.6680994974725687
1.9806611583337344
0.8359297347515408
0.6741592599949964
0.6215872264736059
0.656471429722828
