721.0
679.0
725.0
664.0
805.0
709.0
690.0
705.0
672.0
650.0
754.0
840.0
733.0
672.0
686.0
674.0
748.0
665.0
659.0
663.0
644.0
635.0
771.0
736.0
663.0
653.0
698.0
666.0
558.0
794.0
682.0
710.0
648.0
673.0
670.0
771.0
703.0
657.0
736.0
566.0
730.0
704.0
676.0
657.0
648.0
652.0
685.0
678.0
731.0
562.0
774.0
715.0
756.0
701.0
670.0
651.0
651.0
690.0
661.0
714.0
642.0
665.0
585.0
701.0
682.0
714.0
693.0
682.0
754.0
749.0
666.0
635.0
798.0
674.0
716.0
730.0
682.0
683.0
722.0
665.0
822.0
637.0
641.0
738.0
675.0
782.0
687.0
639.0
674.0
659.0
681.0
653.0
686.0
714.0
702.0
656.0
668.0
727.0
642.0
651.0
733.0
662.0
758.0
656.0
653.0
686.0
689.0
652.0
696.0
679.0
658.0
648.0
660.0
682.0
681.0
763.0
732.0
597.0
721.0
616.0
651.0
702.0
689.0
677.0
700.0
650.0
660.0
688.0
632.0
660.0
669.0
674.0
676.0
670.0
672.0
623.0
850.0
680.0
677.0
734.0
656.0
718.0
672.0
694.0
653.0
692.0
778.0
712.0
650.0
706.0
705.0
674.0
658.0
646.0
599.0
680.0
734.0
619.0
698.0
634.0
742.0
653.0
703.0
686.0
678.0
688.0
662.0
658.0
840.0
669.0
656.0
697.0
676.0
682.0
673.0
672.0
829.0
720.0
706.0
672.0
652.0
672.0
779.0
691.0
666.0
702.0
690.0
708.0
663.0
643.0
710.0
701.0
636.0
651.0
713.0
695.0
674.0
677.0
856.0
680.0
680.0
685.0
656.0
654.0
717.0
733.0
658.0
664.0
701.0
699.0
650.0
931.0
664.0
662.0
658.0
669.0
666.0
672.0
755.0
720.0
651.0
663.0
672.0
660.0
560.0
701.0
743.0
685.0
749.0
692.0
600.0
685.0
649.0
656.0
674.0
697.0
670.0
742.0
709.0
695.0
648.0
645.0
675.0
711.0
720.0
887.0
684.0
724.0
655.0
665.0
752.0
689.0
712.0
621.0
676.0
669.0
644.0
602.0
705.0
568.0
689.0
696.0
681.0
724.0
693.0
660.0
649.0
665.0
669.0
710.0
674.0
672.0
705.0
667.0
718.0
655.0
703.0
652.0
586.0
646.0
668.0
689.0
672.0
682.0
630.0
767.0
658.0
706.0
783.0
656.0
673.0
683.0
678.0
677.0
677.0
658.0
658.0
676.0
643.0
745.0
712.0
675.0
674.0
693.0
713.0
690.0
652.0
682.0
588.0
698.0
678.0
817.0
598.0
653.0
689.0
754.0
766.0
652.0
663.0
690.0
677.0
561.0
672.0
741.0
666.0
648.0
556.0
726.0
672.0
659.0
738.0
596.0
731.0
723.0
652.0
656.0
769.0
599.0
760.0
738.0
729.0
637.0
669.0
694.0
698.0
749.0
673.0
685.0
699.0
721.0
651.0
759.0
723.0
717.0
576.0
623.0
590.0
753.0
678.0
556.0
686.0
596.0
645.0
666.0
754.0
646.0
783.0
743.0
726.0
702.0
689.0
737.0
734.0
659.0
693.0
656.0
688.0
661.0
657.0
557.0
722.0
694.0
727.0
676.0
717.0
651.0
670.0
680.0
676.0
661.0
654.0
557.0
820.0
648.0
777.0
667.0
634.0
690.0
682.0
740.0
651.0
725.0
677.0
717.0
643.0
689.0
741.0
704.0
685.0
651.0
842.0
675.0
566.0
701.0
608.0
784.0
645.0
660.0
634.0
645.0
702.0
701.0
680.0
634.0
724.0
747.0
751.0
718.0
660.0
641.0
707.0
746.0
698.0
697.0
662.0
717.0
663.0
672.0
697.0
680.0
746.0
745.0
644.0
674.0
688.0
658.0
702.0
770.0
694.0
690.0
656.0
657.0
640.0
674.0
669.0
686.0
558.0
650.0
697.0
654.0
589.0
721.0
677.0
667.0
642.0
756.0
638.0
663.0
656.0
595.0
746.0
690.0
695.0
761.0
669.0
816.0
660.0
710.0
733.0
676.0
611.0
650.0
644.0
669.0
794.0
726.0
677.0
778.0
674.0
722.0
658.0
813.0
693.0
642.0
685.0
684.0
666.0
745.0
736.0
651.0
636.0
654.0
662.0
645.0
656.0
676.0
672.0
683.0
664.0
823.0
706.0
664.0
745.0
672.0
683.0
694.0
678.0
685.0
669.0
669.0
737.0
666.0
736.0
680.0
680.0
629.0
645.0
658.0
640.0
599.0
849.0
678.0
731.0
766.0
666.0
683.0
698.0
656.0
657.0
555.0
674.0
754.0
750.0
667.0
594.0
733.0
788.0
672.0
650.0
670.0
650.0
705.0
699.0
672.0
679.0
749.0
741.0
685.0
675.0
657.0
682.0
730.0
678.0
668.0
661.0
660.0
626.0
654.0
680.0
650.0
646.0
672.0
668.0
743.0
662.0
792.0
656.0
706.0
716.0
754.0
641.0
649.0
674.0
665.0
677.0
685.0
662.0
776.0
690.0
670.0
672.0
718.0
729.0
642.0
703.0
677.0
649.0
860.0
672.0
643.0
732.0
658.0
734.0
703.0
730.0
762.0
676.0
748.0
676.0
779.0
660.0
660.0
766.0
665.0
616.0
651.0
667.0
672.0
642.0
690.0
682.0
667.0
720.0
790.0
653.0
677.0
677.0
662.0
667.0
698.0
594.0
656.0
