0.8489354853603946
0.5646236543751084
0.9140977129633003
0.6687779958664158
0.7987518871484847
0.5489406706921248
0.6777593820486972
0.44286805442600036
0.8815165991618474
1.1780011929226037
0.946678826764753
0.6622987970990816
1.0490213946176925
0.8855892383870291
0.760189986356488
0.6833998917737141
0.6749391271861889
0.6039860081930722
0.8692986814863027
0.6622987970990816
0.5942672100420707
0.5842273839788381
0.6331424026460769
1.314996668035726
0.7847293777695769
0.6104652069604066
0.402487433498224
0.545019924771379
0.43677237914211536
0.6805796369112056
0.8197856512168467
0.6072256075767395
0.5803066380580921
1.0036957759172955
0.8197856512168467
0.6331424026460769
0.5469802977317518
0.7285239695738481
0.705961930673781
0.7398049890238816
0.4489637297098854
1.188149005893946
0.5822670110184651
0.6558195983317471
0.8652260422611212
0.6918606563612392
0.5842273839788381
1.4670750621135173
0.5975068094257379
0.6918606563612392
0.45302751323247537
0.5705047732562274
0.7087821855362895
0.5469802977317518
0.6493403995644127
0.6396216014134112
0.5803066380580921
0.6777593820486972
0.6525799989480798
0.636382002029744
0.5942672100420707
0.541099178850633
0.7003214209487644
0.6299028032624098
0.7228834598488314
0.7341644792988649
0.9426061875395715
0.6890404014987308
0.7003214209487644
0.5881481298995841
0.6266632038787425
0.8232912785615736
0.6461008001807456
0.672017595250083
0.6622987970990816
0.6137048063440739
0.6890404014987308
0.8978071560625739
0.9344609090892082
0.4327085956195253
0.5724651462166004
1.238888070750658
1.412991460827344
0.6890404014987308
0.5803066380580921
0.6862201466362224
0.636382002029744
0.7172429501238146
0.5254161951676494
0.6007464088094051
0.7257037147113398
1.1641322623975996
0.6622987970990816
0.697501166086256
0.7672012410459421
0.5214954492469034
0.5861877569392111
1.007768415142477
0.9914778582417508
0.6590591977154142
1.2287402577793156
0.6805796369112056
0.7200632049863229
0.697501166086256
0.6428612007970783
0.49366534845837534
0.7172429501238146
0.5548217895732437
0.5975068094257379
0.7116024403987978
0.6396216014134112
0.5312973140487681
0.672017595250083
0.5861877569392111
0.6234236044950753
0.760189986356488
0.8232912785615736
0.5587425354939897
0.6201840051114081
0.5975068094257379
1.025999221061711
0.5646236543751084
0.6493403995644127
0.5077728385242927
0.6622987970990816
0.3880651398219111
0.6622987970990816
0.5783462650977194
0.616944405727741
0.5803066380580921
1.1595278276864032
0.543059551811006
0.5975068094257379
0.5626632814147355
0.3520094056311287
0.6299028032624098
0.7952462598037577
0.543059551811006
0.545019924771379
0.5548217895732437
0.8408194152852084
0.9751873013410244
0.8162800238721196
0.8092687691826657
0.7567265181989319
0.6805796369112056
0.6749391271861889
0.5646236543751084
1.0766480028848702
0.6833998917737141
0.6862201466362224
0.5783462650977194
0.6137048063440739
0.7087821855362895
0.7539062633364235
0.6007464088094051
0.6525799989480798
0.6833998917737141
0.5528614166128707
0.6331424026460769
0.7341644792988649
0.6331424026460769
0.7847293777695769
0.5116935844450385
0.5763858921373464
1.0490213946176925
0.5803066380580921
0.8092687691826657
0.36462891259790253
0.6007464088094051
0.7987518871484847
1.5844742277107864
0.6833998917737141
0.34299547208343306
1.108879045863244
0.7539062633364235
0.545019924771379
0.6655383964827487
0.48350588965190033
0.5587425354939897
0.5724651462166004
0.5783462650977194
0.7567265181989319
0.6833998917737141
0.7672012410459421
0.5626632814147355
0.8232912785615736
0.5528614166128707
0.6299028032624098
0.946678826764753
0.6137048063440739
0.7228834598488314
0.5017929155035553
0.5822670110184651
0.6946809112237475
0.6590591977154142
0.5881481298995841
0.6833998917737141
0.386262353112372
0.6072256075767395
0.5763858921373464
0.7567265181989319
1.0121859169281222
0.5312973140487681
1.3994705605058004
0.5910276106584036
0.5646236543751084
0.6266632038787425
0.4611550802776554
0.6590591977154142
0.6590591977154142
0.6777593820486972
0.8692986814863027
0.74262524388639
0.6396216014134112
0.6299028032624098
0.5783462650977194
0.6590591977154142
0.7341644792988649
0.6331424026460769
0.6007464088094051
0.8652260422611212
0.5312973140487681
0.5489406706921248
1.1932229123796174
0.5975068094257379
0.7341644792988649
0.9792599405662059
0.5881481298995841
0.6201840051114081
0.7369847341613732
1.0720435681736737
0.6234236044950753
0.6461008001807456
0.6234236044950753
0.7847293777695769
0.6749391271861889
0.7200632049863229
0.7454454987488983
0.8530081245855762
0.8733713207114843
0.6266632038787425
0.7510860084739152
0.7257037147113398
0.7454454987488983
0.3880651398219111
0.7510860084739152
1.0444169599064963
0.7952462598037577
0.672017595250083
0.74262524388639
0.5744255191769734
0.8530081245855762
0.5332576870091411
0.5665840273354815
0.7672012410459421
0.6558195983317471
0.6104652069604066
0.5293369410883952
0.6777593820486972
0.7116024403987978
0.5803066380580921
0.5626632814147355
0.9711146621158427
0.6525799989480798
0.5942672100420707
0.7987518871484847
0.6266632038787425
0.5567821625336168
0.543059551811006
0.5724651462166004
0.39167071324098934
0.8162800238721196
0.543059551811006
0.7341644792988649
0.9833325797913877
0.8448628461352131
0.545019924771379
0.6266632038787425
0.6428612007970783
0.7257037147113398
0.8127743965273926
0.8057631418379386
0.6072256075767395
0.7707068683906692
0.5489406706921248
0.6558195983317471
0.5685444002958545
0.4509956214711803
0.6590591977154142
0.5077728385242927
0.5803066380580921
0.9874052190165692
0.8530081245855762
0.7003214209487644
0.5312973140487681
0.6201840051114081
0.9548241052151162
0.5567821625336168
0.8937345168373924
0.6493403995644127
1.1272967847080293
0.636382002029744
0.48960156493578527
0.49163345669708036
0.5763858921373464
0.7087821855362895
0.6299028032624098
0.8937345168373924
0.5646236543751084
0.7672012410459421
0.5744255191769734
0.8652260422611212
0.7917406324590308
0.7567265181989319
0.9100250737381186
0.7228834598488314
0.541099178850633
0.7482657536114068
0.7003214209487644
0.5646236543751084
0.9507514659899347
0.3359677118105381
0.5548217895732437
0.4875696731744904
0.7003214209487644
0.6946809112237475
0.7707068683906692
0.5942672100420707
0.6428612007970783
0.636382002029744
0.6918606563612392
0.5822670110184651
0.7341644792988649
0.5273765681280224
0.672017595250083
0.545019924771379
0.6890404014987308
1.0536258293288887
0.6590591977154142
0.6104652069604066
0.7200632049863229
0.3610233391788243
0.5842273839788381
0.9874052190165692
0.8338081605957545
0.616944405727741
0.5763858921373464
0.7341644792988649
0.946678826764753
0.7341644792988649
0.5469802977317518
0.7116024403987978
0.705961930673781
0.7031416758112726
0.5842273839788381
0.6396216014134112
0.6007464088094051
0.6234236044950753
1.35890785954117
0.541099178850633
0.7567265181989319
0.7031416758112726
0.3520094056311287
1.188149005893946
0.6266632038787425
0.6655383964827487
0.7539062633364235
0.7172429501238146
0.8408194152852084
0.5724651462166004
0.946678826764753
0.5646236543751084
0.6833998917737141
0.6331424026460769
0.9833325797913877
0.7087821855362895
0.6493403995644127
0.6007464088094051
1.1411100888416181
0.541099178850633
0.4956972402196703
0.6749391271861889
0.8232912785615736
0.5312973140487681
0.6201840051114081
0.6201840051114081
0.6201840051114081
0.5842273839788381
0.6622987970990816
0.5724651462166004
0.5665840273354815
0.8896618776122107
0.5942672100420707
0.616944405727741
0.5391388058902601
0.5214954492469034
1.213518538322302
0.7707068683906692
0.6039860081930722
0.6655383964827487
0.6890404014987308
0.9018797952877554
0.5548217895732437
0.8896618776122107
0.6833998917737141
0.7707068683906692
0.6201840051114081
0.49366534845837534
0.6137048063440739
0.5548217895732437
0.636382002029744
0.7285239695738481
0.6890404014987308
0.7539062633364235
0.6918606563612392
0.5881481298995841
0.7987518871484847
0.6493403995644127
0.7567265181989319
0.5861877569392111
0.6072256075767395
0.6201840051114081
0.6396216014134112
0.541099178850633
0.6137048063440739
0.6655383964827487
0.6428612007970783
0.7116024403987978
0.5489406706921248
0.6558195983317471
0.7172429501238146
0.8978071560625739
0.5626632814147355
0.5332576870091411
0.7952462598037577
0.5803066380580921
0.545019924771379
0.6007464088094051
0.5822670110184651
0.5763858921373464
0.8815165991618474
0.5646236543751084
0.6833998917737141
0.5803066380580921
0.5842273839788381
0.8692986814863027
19.0841128723252
0.5626632814147355
0.74262524388639
0.6007464088094051
0.8092687691826657
1.0858568723072626
0.6039860081930722
0.926315630638845
0.35741776575974604
0.8127743965273926
0.7454454987488983
0.5763858921373464
0.7847293777695769
0.5803066380580921
0.5861877569392111
0.5528614166128707
0.8733713207114843
0.5724651462166004
0.8232912785615736
0.636382002029744
0.5587425354939897
0.4733464308454253
0.3610233391788243
0.5724651462166004
0.6234236044950753
0.9018797952877554
1.0950657417296552
0.636382002029744
0.926315630638845
0.541099178850633
0.8127743965273926
0.9711146621158427
0.8489354853603946
0.7567265181989319
1.3927101103450286
0.6137048063440739
0.7847293777695769
0.5705047732562274
0.6749391271861889
0.5881481298995841
0.9711146621158427
0.7087821855362895
0.9181703521884819
0.7482657536114068
0.541099178850633
0.5803066380580921
0.7200632049863229
0.5626632814147355
1.0121859169281222
0.5626632814147355
0.5910276106584036
1.0398125251952999
0.5724651462166004
0.9833325797913877
0.3772484195646764
0.541099178850633
0.6104652069604066
0.5077728385242927
0.5156143303657844
0.6007464088094051
0.5528614166128707
0.697501166086256
0.5975068094257379
0.6918606563612392
0.6777593820486972
0.5763858921373464
0.5371784329298871
0.6234236044950753
0.5509010436524978
0.545019924771379
1.025999221061711
1.213518538322302
0.697501166086256
0.7482657536114068
0.9711146621158427
0.5763858921373464
0.9303882698640266
0.926315630638845
0.6007464088094051
0.6622987970990816
0.3772484195646764
0.5567821625336168
0.7313442244363565
0.5312973140487681
0.7454454987488983
0.5942672100420707
0.6749391271861889
1.1503189582640108
0.6266632038787425
0.4115013670459197
0.5293369410883952
0.5861877569392111
0.6749391271861889
1.2236663512936443
0.6234236044950753
1.1932229123796174
0.6862201466362224
0.7952462598037577
0.7200632049863229
0.6331424026460769
0.5626632814147355
0.7398049890238816
0.35381219234066774
0.6525799989480798
0.6007464088094051
0.5293369410883952
0.6331424026460769
0.6749391271861889
0.5803066380580921
0.43677237914211536
0.6655383964827487
0.5975068094257379
0.6525799989480798
0.7369847341613732
0.6007464088094051
0.6558195983317471
0.5705047732562274
2.7703493332515494
0.9385335483143898
0.6072256075767395
0.8408194152852084
0.5975068094257379
0.5254161951676494
0.6890404014987308
0.5371784329298871
0.7003214209487644
0.5548217895732437
