732.0
681.0
658.0
685.0
697.0
678.0
725.0
702.0
697.0
681.0
693.0
711.0
779.0
678.0
726.0
640.0
954.0
705.0
686.0
801.0
654.0
665.0
709.0
675.0
817.0
680.0
672.0
708.0
705.0
718.0
672.0
739.0
767.0
657.0
722.0
714.0
679.0
608.0
748.0
868.0
669.0
771.0
707.0
773.0
766.0
680.0
616.0
685.0
697.0
722.0
695.0
744.0
818.0
759.0
685.0
729.0
725.0
682.0
863.0
673.0
676.0
697.0
692.0
697.0
712.0
749.0
678.0
672.0
714.0
689.0
725.0
761.0
697.0
713.0
676.0
759.0
670.0
682.0
664.0
726.0
797.0
737.0
699.0
625.0
712.0
693.0
699.0
673.0
783.0
772.0
695.0
774.0
708.0
768.0
772.0
715.0
675.0
812.0
676.0
788.0
769.0
662.0
724.0
677.0
700.0
674.0
677.0
715.0
692.0
692.0
685.0
718.0
730.0
756.0
677.0
678.0
695.0
884.0
649.0
700.0
694.0
706.0
765.0
693.0
724.0
761.0
747.0
726.0
871.0
723.0
717.0
682.0
714.0
685.0
674.0
786.0
755.0
773.0
684.0
689.0
763.0
674.0
670.0
702.0
711.0
689.0
713.0
693.0
704.0
731.0
828.0
764.0
633.0
717.0
620.0
718.0
684.0
845.0
679.0
717.0
717.0
1003.0
619.0
673.0
746.0
728.0
683.0
702.0
657.0
729.0
672.0
750.0
769.0
849.0
791.0
782.0
649.0
692.0
668.0
708.0
690.0
714.0
693.0
676.0
656.0
782.0
680.0
682.0
690.0
686.0
653.0
683.0
728.0
792.0
672.0
772.0
665.0
873.0
771.0
703.0
698.0
668.0
690.0
605.0
664.0
728.0
723.0
718.0
712.0
741.0
659.0
717.0
673.0
680.0
891.0
767.0
730.0
790.0
886.0
678.0
844.0
685.0
637.0
694.0
801.0
672.0
878.0
720.0
835.0
813.0
833.0
734.0
717.0
743.0
758.0
773.0
846.0
873.0
681.0
692.0
758.0
772.0
695.0
777.0
714.0
701.0
685.0
734.0
799.0
763.0
762.0
658.0
713.0
714.0
739.0
705.0
610.0
757.0
805.0
710.0
670.0
706.0
846.0
686.0
779.0
773.0
677.0
691.0
677.0
745.0
720.0
672.0
766.0
677.0
721.0
666.0
683.0
676.0
772.0
693.0
814.0
677.0
689.0
652.0
692.0
685.0
708.0
769.0
702.0
702.0
715.0
697.0
649.0
675.0
700.0
653.0
589.0
710.0
816.0
670.0
737.0
771.0
681.0
672.0
705.0
595.0
685.0
737.0
746.0
754.0
794.0
706.0
704.0
798.0
726.0
746.0
667.0
730.0
730.0
715.0
706.0
589.0
666.0
782.0
853.0
598.0
700.0
720.0
693.0
688.0
608.0
679.0
740.0
676.0
703.0
672.0
727.0
590.0
666.0
705.0
742.0
693.0
788.0
681.0
650.0
796.0
695.0
758.0
747.0
882.0
758.0
734.0
586.0
817.0
714.0
736.0
1005.0
699.0
801.0
722.0
699.0
667.0
686.0
681.0
617.0
694.0
699.0
770.0
638.0
682.0
858.0
676.0
725.0
664.0
610.0
676.0
707.0
673.0
762.0
656.0
702.0
706.0
734.0
658.0
681.0
678.0
681.0
808.0
776.0
682.0
732.0
661.0
710.0
680.0
710.0
657.0
685.0
691.0
692.0
702.0
621.0
853.0
724.0
684.0
667.0
693.0
682.0
663.0
719.0
676.0
688.0
699.0
704.0
737.0
698.0
681.0
829.0
865.0
670.0
590.0
653.0
641.0
721.0
671.0
700.0
722.0
687.0
699.0
705.0
726.0
699.0
700.0
710.0
662.0
692.0
743.0
656.0
726.0
793.0
716.0
746.0
865.0
703.0
696.0
668.0
690.0
692.0
794.0
773.0
664.0
685.0
758.0
699.0
708.0
726.0
750.0
662.0
802.0
705.0
656.0
722.0
711.0
664.0
663.0
846.0
886.0
666.0
690.0
712.0
696.0
713.0
722.0
647.0
674.0
801.0
693.0
686.0
772.0
746.0
690.0
687.0
712.0
680.0
710.0
892.0
669.0
604.0
851.0
732.0
712.0
686.0
684.0
793.0
733.0
722.0
683.0
629.0
657.0
695.0
728.0
669.0
855.0
660.0
825.0
679.0
679.0
680.0
696.0
785.0
716.0
652.0
722.0
690.0
690.0
697.0
634.0
730.0
697.0
824.0
683.0
664.0
881.0
693.0
642.0
756.0
790.0
