0.7812607195730662
0.8793208427103921
0.7519495438947672
0.6513469364110265
0.633245343643054
0.6993459473349549
0.7587540291181152
0.7887629497247166
0.6927704977649783
0.5806541375311451
0.6894827729799902
1.4943895387955566
0.669448529178999
1.035436373801962
0.6368656621966485
0.57847707307347
0.6006624766607034
0.7322231951848376
0.556706428496716
0.5871853309041714
0.5218733971739099
0.9410194883085862
0.712496846474908
3.29347932761548
0.8037674100280172
1.0241135868615376
0.7453740943247906
0.8337763306346185
0.5131651393432084
0.640485980750243
0.9600036869541843
0.5131651393432084
0.9789878855997823
0.7925140648005418
0.7289354703998494
0.8337763306346185
0.6187640694286759
0.6368656621966485
0.7737584894214159
0.8000162949521921
1.1146958823849304
0.9315273889857869
0.8150207552554927
0.8337763306346185
0.7453740943247906
0.7223600208298727
0.7552372686797555
1.1090344889147183
0.6861950481950019
0.7355109199698259
0.8337763306346185
0.41511026342686497
1.3083810444978146
0.676331873840037
0.5349357839199622
0.6927704977649783
0.7850118346488915
0.7812607195730662
0.7625051441939404
0.57847707307347
0.6441062993038376
1.770579069978379
1.3083810444978146
0.640485980750243
0.4131892949481075
0.57847707307347
0.6187640694286759
0.49768028268459846
0.8037674100280172
1.1260186693253544
0.5305816550046114
0.6585875735182155
0.6993459473349549
0.7486618191097789
0.6658282106254045
0.7587540291181152
0.5719458797004437
0.6151437508750816
1.3334201215354031
0.6187640694286759
0.5850082664464961
0.6441062993038376
0.633245343643054
0.6585875735182155
2.1667807630221776
1.4163022593155192
0.604282795214298
0.6513469364110265
0.45479515117627867
0.725647745614861
0.9077971406787894
1.3460237077834856
0.9837339352611818
0.8037674100280172
1.3083810444978146
0.6513469364110265
0.7092091216899197
0.6006624766607034
0.8840668923717915
1.270822428941432
1.1486642432062026
0.6296250250894594
0.7223600208298727
0.5934218395535145
0.5898015209999199
0.597042158107109
1.1373414562657786
0.6296250250894594
0.6079031137678925
0.6960582225499666
0.6477266178574319
0.8555905944033944
0.5898015209999199
0.611523432321487
0.8888129420331911
0.8983050413559902
1.1316800627955665
0.712496846474908
0.7887629497247166
1.0410977672721737
0.604282795214298
0.7223600208298727
0.8262741004829681
1.1831856593098729
0.8555905944033944
0.5828312019888205
0.8460984950805953
0.7059213969049314
0.9362734386471866
1.4553458990555377
0.43222402932979465
0.7059213969049314
0.7519495438947672
0.738798644754814
0.669448529178999
0.6622078920718101
1.0467591607423858
0.6894827729799902
1.1769712105572627
0.6187640694286759
1.1090344889147183
0.7812607195730662
0.7289354703998494
0.7157845712598963
0.5545293640390406
0.7700073743455907
0.7850118346488915
0.8375274457104437
0.7587540291181152
0.5871853309041714
0.654967254964621
0.556706428496716
0.6223843879822705
1.0863889150338701
0.539289912835313
1.0410977672721737
0.5871853309041714
0.7289354703998494
0.6585875735182155
0.5828312019888205
0.676331873840037
0.6796195986250252
0.5898015209999199
0.7519495438947672
0.8000162949521921
0.6513469364110265
0.6861950481950019
0.5675917507850929
0.5806541375311451
0.6796195986250252
0.597042158107109
0.8698287433875929
0.7519495438947672
0.6730441490550488
0.8150207552554927
0.4074263895118353
0.6658282106254045
0.6894827729799902
0.676331873840037
0.7587540291181152
1.2395235826444466
0.7662562592697657
0.6796195986250252
0.5898015209999199
0.5588834929543914
0.5850082664464961
0.7962651798763669
1.3460237077834856
0.57847707307347
1.5021982667435603
0.8413524454191956
0.725647745614861
0.6477266178574319
0.7887629497247166
1.3271603522760058
0.5588834929543914
0.6513469364110265
0.8508445447419947
0.8150207552554927
0.6187640694286759
0.7289354703998494
0.5675917507850929
0.8300252155587933
0.669448529178999
0.8150207552554927
0.6187640694286759
1.0127907999211136
0.7587540291181152
0.7552372686797555
1.2270040441256524
0.8262741004829681
0.6079031137678925
0.5262275260892607
0.6622078920718101
1.4397284431595303
0.7887629497247166
0.7962651798763669
0.7190722960448844
0.8150207552554927
0.5871853309041714
0.611523432321487
0.6368656621966485
0.6079031137678925
0.6441062993038376
0.556706428496716
0.57847707307347
0.8300252155587933
0.5719458797004437
0.5654146863274176
0.49542317049995005
0.7322231951848376
0.6796195986250252
0.7223600208298727
0.44576670243768507
0.725647745614861
0.8112696401796676
0.5934218395535145
0.9410194883085862
0.6730441490550488
0.6368656621966485
0.7026336721199432
1.0863889150338701
0.7059213969049314
0.7453740943247906
0.7850118346488915
0.611523432321487
0.9362734386471866
0.57847707307347
1.4865808108475527
0.5898015209999199
0.611523432321487
0.9552576372927847
0.472852048653466
0.6993459473349549
1.6438420723621854
0.6477266178574319
1.1033730954445065
0.574122944158119
0.8508445447419947
0.528404590546936
0.5898015209999199
0.8745747930489925
0.7420863695398023
0.5719458797004437
0.8698287433875929
0.6861950481950019
0.8460984950805953
0.8000162949521921
0.738798644754814
0.725647745614861
1.2207442748662551
0.7223600208298727
0.6585875735182155
0.669448529178999
0.6006624766607034
0.57847707307347
0.6894827729799902
0.6187640694286759
1.0750661280934461
1.2583028904226379
0.8460984950805953
0.6622078920718101
0.5828312019888205
0.4480238146223335
0.654967254964621
0.6368656621966485
0.8413524454191956
0.6730441490550488
1.1599870301466266
0.7059213969049314
0.7453740943247906
0.6441062993038376
0.7700073743455907
0.6260047065358649
0.5371128483776375
0.6006624766607034
0.5436440417506637
0.6894827729799902
0.633245343643054
0.993226034583981
1.1033730954445065
0.6960582225499666
0.5828312019888205
0.57847707307347
0.777509604497241
0.6006624766607034
0.5934218395535145
0.7887629497247166
0.5806541375311451
0.669448529178999
1.6202184768565675
0.5898015209999199
0.738798644754814
0.7486618191097789
0.7322231951848376
1.3083810444978146
0.9505115876313851
1.0750661280934461
0.738798644754814
0.6296250250894594
1.869629493239329
0.6796195986250252
0.6658282106254045
0.6829073234100135
0.6513469364110265
0.38821670472426095
0.5806541375311451
0.7519495438947672
0.7453740943247906
0.5898015209999199
1.1033730954445065
0.8337763306346185
0.6441062993038376
0.39205864168177584
0.5719458797004437
0.8460984950805953
2.686795485142164
0.633245343643054
0.993226034583981
0.8337763306346185
0.5458211062083391
0.574122944158119
1.4865808108475527
0.8983050413559902
1.6674656678678035
0.5371128483776375
0.5588834929543914
0.57847707307347
0.8337763306346185
0.8187718703313178
0.9979720842453805
0.611523432321487
0.7026336721199432
0.7453740943247906
0.5262275260892607
0.5871853309041714
0.7026336721199432
0.676331873840037
0.8037674100280172
0.6585875735182155
1.1316800627955665
0.8650826937261934
0.6368656621966485
1.1146958823849304
1.8820107961469474
0.528404590546936
0.712496846474908
0.574122944158119
0.7059213969049314
0.676331873840037
0.574122944158119
0.5828312019888205
0.7700073743455907
0.6829073234100135
0.57847707307347
0.8460984950805953
0.5806541375311451
0.738798644754814
0.6296250250894594
0.9979720842453805
0.8187718703313178
0.7420863695398023
1.0580819476828098
0.7887629497247166
0.9742418359383829
2.129636854299322
0.6260047065358649
0.7812607195730662
0.6894827729799902
0.6585875735182155
0.8262741004829681
0.6441062993038376
1.4084935313675153
0.6296250250894594
0.640485980750243
0.5934218395535145
0.676331873840037
0.7925140648005418
0.6006624766607034
1.9067734019621851
0.6622078920718101
0.6223843879822705
0.7587540291181152
0.712496846474908
0.725647745614861
0.528404590546936
0.7552372686797555
0.7850118346488915
0.9457655379699855
0.6477266178574319
0.6260047065358649
0.5850082664464961
0.738798644754814
0.5719458797004437
0.6296250250894594
0.5719458797004437
0.7026336721199432
0.7026336721199432
0.5632376218697421
0.6441062993038376
0.5675917507850929
0.669448529178999
0.7157845712598963
0.6993459473349549
0.556706428496716
1.5178495629988897
0.6796195986250252
0.6151437508750816
1.4397284431595303
0.5828312019888205
0.4299669171451462
0.725647745614861
0.7026336721199432
0.6223843879822705
1.035436373801962
0.6622078920718101
0.633245343643054
0.6477266178574319
0.8555905944033944
0.9552576372927847
0.6585875735182155
1.2207442748662551
0.539289912835313
0.4909089461306532
1.0920503085040822
1.6280930086917735
0.8508445447419947
0.6927704977649783
0.6894827729799902
0.8262741004829681
0.738798644754814
0.7453740943247906
0.6960582225499666
0.5262275260892607
1.035436373801962
0.6079031137678925
0.6260047065358649
0.7157845712598963
0.7157845712598963
0.8508445447419947
0.8112696401796676
0.604282795214298
0.6960582225499666
0.7887629497247166
0.640485980750243
0.9600036869541843
0.7289354703998494
0.57847707307347
0.7420863695398023
2.327737700821221
0.539289912835313
0.640485980750243
0.6993459473349549
0.7289354703998494
1.6962912525326672
0.7962651798763669
0.6477266178574319
1.2207442748662551
1.2833419674602262
0.6296250250894594
0.8300252155587933
0.7453740943247906
0.6993459473349549
0.9884799849225815
1.3209005830166087
0.5806541375311451
0.6187640694286759
0.8075185251038424
1.0241135868615376
0.556706428496716
0.5632376218697421
0.6187640694286759
0.633245343643054
0.7157845712598963
0.993226034583981
1.0524205542125977
0.8337763306346185
0.9172892400015883
0.738798644754814
0.669448529178999
0.5654146863274176
0.8262741004829681
0.777509604497241
0.6622078920718101
0.7157845712598963
0.5850082664464961
0.8413524454191956
0.6730441490550488
0.597042158107109
0.5066339459701822
0.676331873840037
0.712496846474908
0.9457655379699855
0.7486618191097789
0.5632376218697421
0.611523432321487
0.5501752351236898
0.9172892400015883
0.6894827729799902
0.6151437508750816
0.7190722960448844
0.57847707307347
0.6006624766607034
0.6079031137678925
0.654967254964621
1.3772586195755006
0.6368656621966485
0.993226034583981
0.5806541375311451
0.57847707307347
0.633245343643054
0.57847707307347
0.7420863695398023
0.8375274457104437
0.8413524454191956
0.9410194883085862
0.9125431903401887
0.777509604497241
0.6368656621966485
0.5828312019888205
0.8888129420331911
0.44576670243768507
0.5697688152427682
0.9552576372927847
0.9742418359383829
0.640485980750243
0.7026336721199432
0.5697688152427682
0.6927704977649783
0.6960582225499666
0.7289354703998494
0.7157845712598963
0.640485980750243
0.7700073743455907
0.8300252155587933
0.3978215471180481
1.3271603522760058
0.7552372686797555
0.5806541375311451
0.6477266178574319
1.4943895387955566
0.7059213969049314
0.6441062993038376
0.7453740943247906
0.777509604497241
0.8150207552554927
