0.6872913201485672
0.8057557190760354
1.0314946627904955
0.7933393804933583
1.5191405430210108
0.8181720576587125
0.7183118119518459
1.6214180444029893
1.114410155748242
0.6976314840829936
0.9305470167986772
0.7320986971977476
0.8388659552965078
0.9402359568908432
7.4759826260345
0.945080426936926
0.6976314840829936
0.37653717410659515
1.037417198001763
0.7602291442728859
0.772645482855563
0.6391860870649774
1.1617904374383827
0.7424388611321738
0.8305883962413897
1.7915815131659187
1.0196495923679603
0.6578680567058511
0.7974781600209173
0.8140332781311536
0.694184762771518
1.2239227476423327
1.2166128823663656
0.7602291442728859
0.8140332781311536
0.8388659552965078
0.7286519758862722
0.4338258739996338
0.8057557190760354
0.9886806573516727
0.7562257463780754
0.8481910260152671
0.3782594759702036
0.7527790250666001
0.7045249267059442
1.2750918045741013
0.7114183693288951
0.776784262383122
0.6735044349026655
1.14402283180458
0.776784262383122
0.44617536004956043
0.9935251273977554
0.9644583071212578
1.0137270571566928
0.7602291442728859
0.6547543950990389
0.8223108371862715
1.5191405430210108
1.0433397332130308
1.3335707267818373
0.9208580767065113
0.8057557190760354
2.962890705366476
0.8433465559691842
1.1617904374383827
0.772645482855563
1.1873734212624978
0.9596138370751749
0.645413410278602
0.9063246665682625
1.348468451551977
0.8388659552965078
1.1321777613820447
0.8772578462917647
0.9353914868447603
0.9596138370751749
0.407538607651547
1.0611073388468335
0.7252052545747968
0.9789917172595067
1.4375059876443734
1.0032140674899215
0.8347271757689486
0.8347271757689486
1.1677129726496505
0.7562257463780754
0.41959472069680603
1.2312326129182996
0.7217585332633213
0.6578680567058511
0.9353914868447603
0.8481910260152671
0.862724436153516
0.7217585332633213
2.201539730436114
1.114410155748242
1.9087124323859748
0.7286519758862722
1.429411666181428
1.3565627730149217
0.772645482855563
0.9499248969830091
0.9693027771673408
0.9693027771673408
0.9547693670290919
0.7114183693288951
0.6672090415262879
0.7974781600209173
0.8869467863839307
0.5111829105276957
0.9596138370751749
1.2312326129182996
1.4617889520332088
0.9499248969830091
0.7850618214382402
0.8305883962413897
0.7602291442728859
0.5816859045396718
0.8098944986035944
0.7286519758862722
0.772645482855563
0.7183118119518459
1.1203326909595095
0.8675689061995988
1.1617904374383827
1.14402283180458
0.6907380414600426
0.6018221477832298
0.7114183693288951
1.421317344718483
0.7320986971977476
1.0907200149031715
1.3335707267818373
0.7643679238004449
0.8869467863839307
0.9353914868447603
1.0314946627904955
2.011201986703523
0.6049358093900421
1.084797479691904
0.8388659552965078
0.7602291442728859
0.9886806573516727
0.9935251273977554
0.6205041174241037
0.8098944986035944
1.0907200149031715
1.6214180444029893
1.3262608615058702
0.9160136066604284
1.2750918045741013
1.3727514159408123
0.7974781600209173
0.9208580767065113
1.1262552261707772
0.735545418509223
0.46675783679943805
1.9379951621909883
1.055184803635566
0.5893675013559807
0.7892006009657991
1.0788749444806363
0.7602291442728859
0.7320986971977476
0.8433465559691842
0.6640953799194758
0.6672090415262879
0.9693027771673408
0.6578680567058511
0.7458855824436492
0.7286519758862722
0.9160136066604284
1.0788749444806363
1.0729524092693687
0.8223108371862715
1.0196495923679603
0.9596138370751749
0.5791679404678156
0.44823360772454823
0.772645482855563
2.6847047722188435
3.6882534254286634
0.9693027771673408
0.8772578462917647
0.9305470167986772
0.9596138370751749
0.4178724188331976
1.3043312656779693
1.4536946305702636
0.9063246665682625
0.8530354960613501
0.945080426936926
0.7114183693288951
2.3772361092661978
0.8966357264760966
1.067029874058101
1.6400139537451672
0.7389921398206984
0.7933393804933583
1.2312326129182996
0.772645482855563
0.9838361873055895
0.7320986971977476
0.8264496167138307
0.9547693670290919
3.1093043543915457
0.862724436153516
0.8966357264760966
2.962890705366476
1.0255721275792278
0.7892006009657991
1.4617889520332088
1.762298783360905
1.0433397332130308
0.7643679238004449
0.9499248969830091
0.9111691366143454
0.9402359568908432
1.4051287017925926
0.7933393804933583
0.9014801965221795
1.7476574184583984
0.8772578462917647
0.945080426936926
0.735545418509223
0.772645482855563
0.7252052545747968
0.7643679238004449
0.8223108371862715
0.7045249267059442
0.623617779030916
0.8675689061995988
0.7809230419106812
0.6609817183126635
1.1025650853257067
0.9789917172595067
1.1084876205369742
0.623617779030916
1.3889400588667025
0.7010782053944689
1.7476574184583984
0.9789917172595067
1.1262552261707772
0.614276794210479
0.8966357264760966
0.6360724254581651
0.857879966107433
0.6360724254581651
1.3262608615058702
1.3565627730149217
0.7892006009657991
1.364657094477867
0.8264496167138307
1.429411666181428
0.945080426936926
1.1321777613820447
0.8821023163378479
0.7527790250666001
0.9063246665682625
0.8869467863839307
0.7286519758862722
0.6609817183126635
0.8223108371862715
1.1617904374383827
0.6049358093900421
0.8433465559691842
0.9741472472134236
0.6485270718854144
0.7892006009657991
1.0611073388468335
0.6609817183126635
0.7493323037551246
0.7933393804933583
0.7148650906403705
1.1617904374383827
3.1385870841965593
0.6872913201485672
0.7602291442728859
0.7602291442728859
0.8264496167138307
0.7602291442728859
1.1499453670158477
0.9160136066604284
1.0729524092693687
0.7183118119518459
0.3817040796974205
1.6586098630873454
2.084408811216058
0.8057557190760354
0.7527790250666001
0.9644583071212578
0.8264496167138307
0.7252052545747968
1.0137270571566928
1.2604720740221673
0.9789917172595067
0.7493323037551246
0.7010782053944689
0.8347271757689486
5.925702538837315
0.7424388611321738
1.6493119084162564
0.9402359568908432
0.7286519758862722
0.9838361873055895
0.8821023163378479
0.5413984793899712
0.6422997486717896
0.7892006009657991
2.3333120145586763
1.2970214004020024
0.7114183693288951
0.9838361873055895
1.0729524092693687
1.2093030170903987
1.2458523434702335
1.0788749444806363
0.8223108371862715
0.4564665984244992
1.2604720740221673
0.7320986971977476
0.6516407334922265
0.7974781600209173
1.0080585375360043
2.069767446313551
1.3808457374037573
1.0966425501144392
1.2239227476423327
0.7252052545747968
0.4420588646995849
0.5665781201085341
0.4873403135493157
0.5816859045396718
0.8264496167138307
1.3889400588667025
0.6735044349026655
0.8772578462917647
0.8481910260152671
0.6872913201485672
0.7389921398206984
0.7252052545747968
0.6907380414600426
0.776784262383122
0.8181720576587125
0.9160136066604284
0.7602291442728859
1.4132230232555378
0.9111691366143454
1.3116411309539364
0.9983695974438384
0.8724133762456819
0.6609817183126635
0.9111691366143454
1.1946832865384647
0.776784262383122
0.9014801965221795
0.4144278151059807
0.6838445988370918
0.7183118119518459
0.7527790250666001
0.7809230419106812
0.735545418509223
1.067029874058101
0.6872913201485672
0.46881608447442585
1.6772057724295233
1.2093030170903987
1.0433397332130308
0.857879966107433
0.768506703328004
1.0080585375360043
0.8433465559691842
1.3970343803296479
0.7892006009657991
1.4375059876443734
0.6703227031331003
2.3772361092661978
0.768506703328004
0.945080426936926
0.8772578462917647
1.7915815131659187
0.6329587638513527
1.0433397332130308
0.7974781600209173
0.4955733042492667
0.9596138370751749
0.6769511562141409
1.0032140674899215
0.8481910260152671
0.862724436153516
0.458524846099487
0.8481910260152671
1.1381002965933127
0.623617779030916
0.735545418509223
0.6049358093900421
1.2385424781942667
0.6391860870649774
1.806222878068426
1.5191405430210108
0.7045249267059442
0.6049358093900421
2.5382911231937744
1.8940710674834675
1.0137270571566928
0.735545418509223
1.0611073388468335
0.7010782053944689
0.772645482855563
1.6890919588483704
0.531326623102546
0.6976314840829936
0.8098944986035944
0.6907380414600426
0.531326623102546
0.9111691366143454
0.8057557190760354
1.180063555986531
0.9935251273977554
0.7974781600209173
0.48939856122430336
0.6018221477832298
0.8098944986035944
1.2750918045741013
1.5103548808108795
0.857879966107433
0.8098944986035944
1.1558679022271154
0.7252052545747968
0.6803978775256164
0.5791679404678156
1.4132230232555378
0.9208580767065113
1.1946832865384647
0.9547693670290919
1.1203326909595095
0.8388659552965078
1.5656303163764556
0.8675689061995988
0.6769511562141409
0.7643679238004449
0.9160136066604284
1.2458523434702335
0.8264496167138307
0.6360724254581651
0.9160136066604284
0.9160136066604284
0.7933393804933583
1.067029874058101
0.768506703328004
0.9983695974438384
1.037417198001763
0.857879966107433
1.0788749444806363
0.645413410278602
0.862724436153516
0.735545418509223
0.8264496167138307
2.421160203973719
2.069767446313551
1.7183746886533842
0.9693027771673408
0.8347271757689486
0.8347271757689486
0.4873403135493157
0.5867218326833844
2.494367028486253
1.1084876205369742
0.5539882997492527
0.9353914868447603
1.9819192568985098
1.3335707267818373
0.7389921398206984
0.6205041174241037
0.768506703328004
1.5191405430210108
0.8772578462917647
1.0788749444806363
1.1084876205369742
1.3970343803296479
0.6703227031331003
1.2677819392981347
0.8223108371862715
0.46675783679943805
0.9935251273977554
0.7933393804933583
