0.6664457305674844
0.3189005593204655
0.7148943372952898
0.9088702070451797
0.6523349923124508
1.019703565602097
0.6752712513117799
0.3824618648666978
1.0708454574939887
0.451252411124096
0.455033035983615
0.6752712513117799
1.5063797893034174
0.5667602476100203
0.9420738167462513
0.6184692205003702
0.2616134276752708
0.7115924134633307
0.951560562375129
0.5902477439903032
0.9183569526740571
0.7248001087911673
0.7380078041190039
0.6466906970104374
0.40553245740510296
0.4193748129281461
1.5063797893034174
0.5783666511430041
0.6884789466396164
0.2802940140813126
0.7872097854118865
0.7446116517829223
0.6752712513117799
1.1049400520885833
0.455033035983615
0.6636235829164776
0.880409970158547
0.6752712513117799
0.29399311077907647
0.8311453535442332
1.0992576196561508
0.7446116517829223
1.3981858259189544
0.29025699349786815
1.2937732668199788
0.904126834230741
1.2532919190462122
0.6851770228076572
0.6692678782184911
0.8946400886018633
0.5987141869433233
1.116304916953448
0.6354021064064106
0.856693106086353
0.8898967157874245
0.267840289810618
0.7725645960344375
0.6297578111043972
0.9468171895606902
0.641046401708424
0.8424629876430365
0.6636235829164776
0.7380078041190039
0.7248001087911673
0.9373304439318124
0.7545174232787998
0.47204584785145043
0.6551571399634575
0.880409970158547
0.6354021064064106
0.880409970158547
0.6851770228076572
0.6495128446614441
0.7615807040013509
0.6354021064064106
0.7115924134633307
0.8709232245296693
0.41783677342558584
0.8851533429729856
0.2989746004873543
0.6438685493594306
0.8519497332719141
0.7446116517829223
0.8201614615111466
0.6551571399634575
0.6752712513117799
0.3686195093436546
0.9325870711173737
0.5597964054902301
0.7049885657994123
0.8424629876430365
0.7872097854118865
0.7049885657994123
0.6438685493594306
1.2128105712724455
0.6636235829164776
0.27904864165424303
0.7314039564550856
0.7214981849592081
0.7413097279509631
0.6818750989756982
0.779887190723162
0.7835484880675243
0.8201614615111466
0.6438685493594306
0.698384718135494
0.9183569526740571
1.1447170791156105
0.9420738167462513
0.7214981849592081
0.7115924134633307
0.6297578111043972
0.7689032986900753
0.6720900258694977
0.6636235829164776
0.7615807040013509
0.6184692205003702
0.8614364789007917
1.16744680884534
2.0859850928669625
0.7148943372952898
0.880409970158547
0.875666597344108
0.267840289810618
0.621291368151377
2.2297089243631594
0.8348066508885954
0.28153938650838195
1.0935751872237183
1.1219873493858807
0.6608014352654709
0.7725645960344375
1.1503995115480428
0.612824925198357
1.2532919190462122
0.6608014352654709
0.513370791358295
0.9705340536328841
0.4132226549179048
0.7413097279509631
1.2735325929330954
0.6551571399634575
0.7615807040013509
0.7652420013457132
0.827484056199871
0.6466906970104374
0.6851770228076572
0.25663193796699296
0.6466906970104374
0.6466906970104374
0.779887190723162
0.6523349923124508
1.1790761147943067
0.6579792876144643
0.899383461416302
2.0572403265677233
0.7479135756148815
0.6720900258694977
0.7082904896313714
1.2465450277505843
0.6297578111043972
0.9847641720762005
0.641046401708424
0.9373304439318124
0.7479135756148815
0.6608014352654709
0.8424629876430365
1.031068430466962
0.7725645960344375
0.60153633459433
0.7148943372952898
0.46448459813241244
1.5399418770911035
0.7314039564550856
0.9420738167462513
0.6241135158023837
0.827484056199871
0.6438685493594306
0.7762258933787998
0.7615807040013509
0.6692678782184911
0.4147606944204651
0.779887190723162
0.9705340536328841
0.7281020326231264
0.7413097279509631
0.7446116517829223
1.0708454574939887
0.7049885657994123
0.6466906970104374
2.315943223260878
0.6043584822453368
0.7945323801006109
0.7545174232787998
0.9895075448906393
0.49094897214904537
0.951560562375129
0.6269356634533905
0.6551571399634575
0.2591226828211318
1.1503995115480428
0.6636235829164776
0.6950827943035348
0.38092382536413744
0.6438685493594306
0.4739361602812099
0.7115924134633307
1.5988118770911037
0.7615807040013509
0.6917808704715757
0.8055162721336976
0.6917808704715757
0.7908710827562487
0.7214981849592081
0.5902477439903032
2.5171565873555544
0.6325799587554038
0.718196261127249
0.7413097279509631
0.779887190723162
0.3609293118308529
0.827484056199871
0.9468171895606902
0.6851770228076572
1.1617643764129075
0.779887190723162
0.7314039564550856
0.7545174232787998
0.9895075448906393
0.7380078041190039
0.718196261127249
0.6950827943035348
0.7945323801006109
0.7512154994468406
0.4380202241157795
0.7725645960344375
1.4397988887591326
1.16744680884534
0.3052014626227016
0.8946400886018633
0.6851770228076572
0.856693106086353
1.3275077232981176
0.7512154994468406
0.7545174232787998
0.7835484880675243
0.4682652229919314
0.927843698302935
0.6438685493594306
0.9183569526740571
2.2440813075127792
0.7835484880675243
0.9800207992617617
0.641046401708424
3.0776795301907236
0.5644389669034237
0.7446116517829223
0.34554891680524935
0.6917808704715757
0.899383461416302
0.7446116517829223
0.7380078041190039
0.6184692205003702
0.612824925198357
0.9847641720762005
0.4399105365455391
0.2865208762166598
0.6523349923124508
0.9705340536328841
0.6071806298963435
0.8898967157874245
0.7082904896313714
0.26410417252940965
0.6752712513117799
0.641046401708424
0.6297578111043972
0.856693106086353
0.7214981849592081
0.7214981849592081
0.9563039351895677
0.4228977246777036
0.6608014352654709
1.139034646683178
0.7347058802870448
0.8384679482329576
0.40399441790254265
0.827484056199871
0.8519497332719141
1.087892754791286
0.7981936774449732
1.3005201581156063
0.7115924134633307
0.7214981849592081
0.6156470728493637
0.7248001087911673
0.6156470728493637
0.8348066508885954
0.9231003254884962
1.031068430466962
1.7123031309768495
1.3072670494112342
0.3609293118308529
0.7115924134633307
0.7652420013457132
0.779887190723162
0.6720900258694977
1.4481215013271682
0.7872097854118865
0.9847641720762005
0.7446116517829223
0.8348066508885954
0.9420738167462513
0.7016866419674531
0.7512154994468406
1.1333522142507455
0.7446116517829223
0.6354021064064106
0.7545174232787998
0.8055162721336976
0.7446116517829223
1.031068430466962
0.5004005342978429
0.8128388668224221
1.1276697818183132
0.7725645960344375
0.8519497332719141
0.612824925198357
1.4231536636230615
0.8472063604574753
1.0708454574939887
1.9566336445203845
0.6523349923124508
0.7248001087911673
1.1049400520885833
1.8703993456226664
0.7835484880675243
0.25663193796699296
0.6269356634533905
0.8384679482329576
0.27780326922717363
0.8165001641667842
0.49094897214904537
0.9183569526740571
0.8311453535442332
0.6884789466396164
0.8472063604574753
0.7347058802870448
0.7049885657994123
0.80917756947806
0.6720900258694977
0.6884789466396164
0.7689032986900753
0.7872097854118865
0.6354021064064106
0.6818750989756982
1.1219873493858807
0.6354021064064106
0.6720900258694977
0.7347058802870448
0.8614364789007917
0.6438685493594306
0.7248001087911673
0.8384679482329576
0.7082904896313714
0.7512154994468406
0.7615807040013509
1.19931678868119
1.4564441138952038
0.8238227588555087
0.7214981849592081
0.34554891680524935
0.6523349923124508
0.779887190723162
0.8348066508885954
0.6664457305674844
0.7248001087911673
0.6752712513117799
0.698384718135494
0.6752712513117799
0.27406715194596526
1.0537981601966915
0.7148943372952898
1.0935751872237183
0.6884789466396164
0.6156470728493637
0.880409970158547
0.7446116517829223
0.9183569526740571
0.8898967157874245
1.3342546145937453
0.8311453535442332
0.8424629876430365
0.8201614615111466
0.4266783495372225
0.9373304439318124
0.370157548846215
0.5156920720648919
0.8055162721336976
0.6466906970104374
0.9989942905195168
0.6752712513117799
0.641046401708424
0.5806879318496009
0.6325799587554038
0.41014657591278403
1.0084810361483945
0.951560562375129
0.678573175143739
0.6382242540574172
0.8055162721336976
0.6884789466396164
0.5830092125561975
1.0037376633339556
0.8519497332719141
0.9373304439318124
0.899383461416302
0.6752712513117799
0.6692678782184911
0.856693106086353
0.8709232245296693
0.6438685493594306
0.7413097279509631
0.899383461416302
0.698384718135494
0.6551571399634575
0.7281020326231264
0.8384679482329576
0.7413097279509631
1.1106224845210158
0.5621176861968269
0.6752712513117799
0.7689032986900753
0.28776624864372924
0.7908710827562487
1.0765278899264212
1.1790761147943067
0.6851770228076572
0.6752712513117799
0.7945323801006109
0.7835484880675243
0.7479135756148815
0.7652420013457132
0.6720900258694977
0.7347058802870448
2.0859850928669625
0.7446116517829223
1.1503995115480428
0.6551571399634575
0.2728217795188958
0.513370791358295
0.9895075448906393
0.7615807040013509
0.904126834230741
0.7652420013457132
0.7214981849592081
0.8661798517152305
0.5644389669034237
1.348250150510741
0.7512154994468406
0.698384718135494
0.6523349923124508
0.3363357732994378
0.698384718135494
1.1731292412777725
0.2728217795188958
0.6495128446614441
0.5551538440770365
1.4065084384869901
0.5902477439903032
0.8384679482329576
0.8055162721336976
0.827484056199871
0.80917756947806
0.678573175143739
0.8348066508885954
0.5180133527714886
1.116304916953448
0.6523349923124508
2.862093782946428
0.7314039564550856
0.6818750989756982
0.42478803710746305
0.7380078041190039
0.8851533429729856
0.6884789466396164
0.899383461416302
0.7652420013457132
7.58004375516269
1.632451877091104
0.34708695630780967
0.8946400886018633
0.7413097279509631
0.718196261127249
0.7762258933787998
0.8519497332719141
0.9847641720762005
0.6608014352654709
0.6692678782184911
0.7248001087911673
0.6664457305674844
0.9088702070451797
0.6043584822453368
0.678573175143739
0.3824618648666978
0.6851770228076572
0.7945323801006109
3.1782862122380617
0.9183569526740571
0.612824925198357
0.9088702070451797
1.3981858259189544
0.6579792876144643
0.7413097279509631
0.6438685493594306
0.8348066508885954
0.779887190723162
1.1106224845210158
0.904126834230741
1.341001505889373
1.0537981601966915
1.1617643764129075
0.6720900258694977
0.7652420013457132
0.3039560901956321
0.698384718135494
0.8201614615111466
0.43234928682650103
1.3981858259189544
1.4564441138952038
0.6608014352654709
0.8614364789007917
0.6495128446614441
1.048115727764259
2.4884118210563146
0.8165001641667842
0.6720900258694977
0.27904864165424303
0.5004005342978429
1.019703565602097
0.6241135158023837
0.9563039351895677
0.5958920392923167
0.7115924134633307
1.031068430466962
1.4564441138952038
1.6745018770911033
1.287026375524351
1.3342546145937453
0.6354021064064106
0.7314039564550856
1.059480592629124
0.6851770228076572
0.7615807040013509
1.4564441138952038
0.6297578111043972
0.7479135756148815
0.29150236592493756
1.048115727764259
0.5783666511430041
0.678573175143739
0.7347058802870448
1.3072670494112342
0.7689032986900753
0.7652420013457132
0.7082904896313714
0.7248001087911673
0.7872097854118865
0.5853304932627943
0.7652420013457132
1.031068430466962
0.2728217795188958
0.779887190723162
0.5830092125561975
0.6495128446614441
0.6636235829164776
2.7183699514502306
0.5621176861968269
0.7446116517829223
1.2937732668199788
0.7615807040013509
0.6636235829164776
