860.0
882.0
626.0
793.0
749.0
739.0
753.0
720.0
875.0
810.0
971.0
752.0
788.0
649.0
765.0
912.0
789.0
736.0
858.0
829.0
833.0
825.0
819.0
749.0
762.0
755.0
793.0
705.0
774.0
917.0
736.0
978.0
765.0
784.0
754.0
793.0
810.0
764.0
810.0
760.0
776.0
797.0
748.0
745.0
741.0
800.0
749.0
633.0
723.0
801.0
648.0
862.0
717.0
802.0
726.0
741.0
895.0
757.0
695.0
807.0
780.0
744.0
648.0
640.0
784.0
783.0
781.0
758.0
740.0
753.0
698.0
680.0
826.0
814.0
776.0
730.0
751.0
756.0
794.0
781.0
638.0
753.0
884.0
844.0
667.0
693.0
747.0
744.0
823.0
764.0
788.0
738.0
845.0
790.0
843.0
784.0
833.0
758.0
850.0
758.0
656.0
751.0
804.0
899.0
823.0
820.0
757.0
786.0
837.0
771.0
793.0
869.0
777.0
833.0
848.0
795.0
800.0
812.0
774.0
772.0
766.0
745.0
781.0
763.0
754.0
778.0
732.0
779.0
734.0
796.0
776.0
786.0
961.0
745.0
842.0
717.0
760.0
730.0
761.0
824.0
797.0
763.0
766.0
764.0
748.0
795.0
762.0
789.0
738.0
788.0
694.0
825.0
744.0
850.0
761.0
786.0
810.0
782.0
742.0
786.0
749.0
825.0
749.0
814.0
868.0
751.0
824.0
777.0
681.0
744.0
834.0
777.0
725.0
770.0
786.0
733.0
765.0
970.0
793.0
801.0
771.0
777.0
810.0
758.0
770.0
916.0
791.0
747.0
737.0
813.0
715.0
754.0
766.0
832.0
861.0
781.0
813.0
712.0
732.0
764.0
808.0
593.0
780.0
693.0
644.0
738.0
762.0
825.0
747.0
742.0
754.0
820.0
866.0
665.0
750.0
752.0
1041.0
887.0
837.0
778.0
845.0
759.0
855.0
815.0
758.0
784.0
769.0
813.0
694.0
805.0
776.0
819.0
662.0
758.0
626.0
778.0
814.0
736.0
656.0
770.0
772.0
889.0
773.0
681.0
784.0
749.0
765.0
673.0
765.0
766.0
763.0
773.0
766.0
788.0
782.0
741.0
808.0
742.0
765.0
688.0
633.0
866.0
861.0
744.0
843.0
770.0
803.0
757.0
763.0
757.0
738.0
779.0
769.0
724.0
869.0
641.0
824.0
597.0
709.0
749.0
758.0
762.0
762.0
805.0
875.0
760.0
853.0
787.0
759.0
764.0
798.0
766.0
769.0
791.0
755.0
765.0
750.0
775.0
757.0
762.0
782.0
720.0
765.0
800.0
777.0
715.0
706.0
608.0
788.0
661.0
794.0
814.0
752.0
780.0
797.0
797.0
786.0
779.0
821.0
935.0
666.0
778.0
770.0
765.0
778.0
779.0
765.0
762.0
722.0
783.0
784.0
749.0
864.0
765.0
818.0
792.0
752.0
849.0
714.0
794.0
758.0
901.0
842.0
751.0
776.0
760.0
745.0
817.0
770.0
784.0
744.0
800.0
738.0
800.0
797.0
800.0
764.0
833.0
798.0
813.0
745.0
854.0
861.0
836.0
798.0
858.0
785.0
841.0
782.0
791.0
611.0
848.0
951.0
788.0
817.0
741.0
720.0
754.0
769.0
779.0
877.0
757.0
929.0
762.0
758.0
665.0
619.0
833.0
813.0
748.0
832.0
680.0
749.0
806.0
784.0
784.0
823.0
804.0
653.0
1001.0
682.0
781.0
872.0
858.0
762.0
835.0
800.0
752.0
741.0
823.0
693.0
836.0
742.0
727.0
834.0
822.0
733.0
804.0
778.0
603.0
744.0
801.0
793.0
780.0
623.0
779.0
723.0
836.0
848.0
822.0
657.0
781.0
904.0
919.0
741.0
829.0
875.0
777.0
685.0
646.0
770.0
608.0
821.0
779.0
741.0
765.0
763.0
832.0
763.0
766.0
796.0
729.0
805.0
764.0
764.0
781.0
918.0
812.0
970.0
762.0
848.0
661.0
825.0
730.0
820.0
820.0
725.0
788.0
779.0
917.0
763.0
745.0
790.0
791.0
729.0
733.0
783.0
939.0
761.0
740.0
864.0
739.0
784.0
786.0
790.0
776.0
749.0
729.0
734.0
709.0
915.0
758.0
806.0
756.0
743.0
744.0
635.0
745.0
880.0
796.0
766.0
804.0
845.0
807.0
771.0
713.0
749.0
795.0
1094.0
725.0
920.0
822.0
802.0
773.0
667.0
786.0
824.0
780.0
754.0
901.0
772.0
820.0
742.0
687.0
659.0
773.0
812.0
867.0
773.0
780.0
648.0
861.0
858.0
833.0
747.0
791.0
761.0
852.0
764.0
781.0
757.0
946.0
774.0
743.0
788.0
789.0
714.0
757.0
731.0
874.0
763.0
867.0
794.0
768.0
753.0
789.0
793.0
811.0
765.0
848.0
749.0
774.0
883.0
845.0
797.0
749.0
799.0
785.0
833.0
756.0
757.0
649.0
930.0
789.0
761.0
792.0
827.0
762.0
775.0
669.0
739.0
861.0
892.0
734.0
790.0
780.0
764.0
784.0
798.0
762.0
739.0
836.0
860.0
814.0
