0.8301665761476844
0.9420264771235983
3.2338650850804855
1.0417577074032038
0.7517272059131672
0.7482332300095528
1.423103928739883
0.9667763299782186
0.9469764476945223
0.8628269479888131
1.1077184917169292
1.0477541423408152
0.34694846233429316
0.8134385801258047
1.0537505772784264
0.4179700895227587
0.7517272059131672
0.8479770362760408
0.759072593054696
0.7307633504914804
0.8727268891306613
0.5026298867411532
1.5341497080670992
0.7412452782023238
0.4282438305496861
0.7482332300095528
0.8826268302725093
0.9024267125562057
0.7967105841039251
0.6619025017602558
0.6923296155517212
0.6748597360336489
0.7342573263950949
0.7925285850984553
0.5048521496333211
0.9420264771235983
0.4676246838275216
0.7967105841039251
0.8826268302725093
0.47856380973803153
0.800892583109395
0.7552211818167818
4.178830236139732
1.3643221014807718
0.9024267125562057
0.8134385801258047
0.7967105841039251
0.42605600536758415
1.1736792760306545
0.6714883680216539
0.8176205791312746
0.5783351264335623
0.6818476878408778
1.0837327519664837
0.7447392541059382
0.7674365910656359
0.7552211818167818
0.7028115432625647
0.6923296155517212
0.759072593054696
0.5124538368885186
0.5200555241437159
1.6969231305073424
1.2528139824043134
0.6523166354988575
0.3763964540953642
1.4818857559989946
0.6993175673589502
1.0537505772784264
1.5526535584521377
0.8343485751531543
0.8092565811203349
0.759072593054696
0.8134385801258047
0.4982542363769492
0.7632545920601659
0.6139731704532648
1.3254705698773157
0.6888356396481068
0.7307633504914804
0.7132934709734081
1.3036735936354151
0.7482332300095528
0.7097994950697937
1.201954371173212
0.8301665761476844
0.665097790514055
0.720281422780637
0.9469764476945223
1.561905483644657
0.47856380973803153
1.0297648375279806
0.727269374587866
0.8479770362760408
0.7342573263950949
0.6958235914553358
0.9469764476945223
0.9964761534037629
0.7028115432625647
0.8134385801258047
0.7716185900711057
0.7237753986842516
1.3811169092690894
0.7758005890765757
1.8140234699033915
0.7307633504914804
0.7967105841039251
0.7925285850984553
0.6993175673589502
0.727269374587866
0.7552211818167818
0.727269374587866
0.6267543254684625
0.8628269479888131
0.7063055191661791
0.6888356396481068
1.1496935362802088
0.6491213467450582
0.8479770362760408
0.7307633504914804
0.6619025017602558
1.1436971013425974
1.2600796411516137
0.7799825880820455
0.6523166354988575
0.8677769185597372
0.8677769185597372
0.8050745821148649
0.8134385801258047
0.8218025781367446
1.3182049111300156
0.6011920154380674
0.6748597360336489
0.9420264771235983
0.6491213467450582
0.9024267125562057
0.7028115432625647
2.355612539610118
0.727269374587866
0.6043873041918667
0.8385305741586243
0.4216803550033802
0.6267543254684625
1.2746109586462142
0.8974767419852817
0.9816262416909908
0.6395354804836599
0.7342573263950949
1.0297648375279806
0.39198656738063714
2.1799620305160445
1.1874230536786115
0.8529270068469649
1.0417577074032038
0.7167874468770226
0.6107778816994657
0.8875768008434335
0.7925285850984553
0.7447392541059382
0.7412452782023238
0.6958235914553358
0.6587072130064564
0.8092565811203349
0.7237753986842516
0.6783537119372633
0.48293946010223543
0.9469764476945223
0.6203637479608638
0.6783537119372633
0.9667763299782186
0.9073766831271297
0.720281422780637
1.0417577074032038
0.8301665761476844
0.7028115432625647
0.9420264771235983
1.1801573949313113
0.8677769185597372
1.2891422761408147
0.8301665761476844
1.8579360971769099
1.5711574088371763
0.7925285850984553
0.665097790514055
0.927176565410826
0.7167874468770226
0.6395354804836599
0.9123266536980539
0.8134385801258047
0.7237753986842516
0.7237753986842516
0.6523166354988575
0.6853416637444922
0.7517272059131672
0.8875768008434335
0.8092565811203349
0.7028115432625647
0.8529270068469649
1.1257077965297633
0.6888356396481068
0.7925285850984553
0.7632545920601659
0.9469764476945223
1.1017220567793176
0.6235590367146631
0.8259845771422145
1.1077184917169292
0.8677769185597372
0.8092565811203349
0.991526182832839
0.6682930792678545
0.6853416637444922
0.6958235914553358
0.8925267714143575
0.38159315852378856
0.9420264771235983
0.759072593054696
0.7758005890765757
0.7307633504914804
0.7447392541059382
0.8875768008434335
0.6363401917298607
1.5434016332596183
0.9667763299782186
0.9123266536980539
0.7307633504914804
0.9816262416909908
0.6682930792678545
0.665097790514055
0.7307633504914804
0.6331449029760613
0.7632545920601659
0.6235590367146631
0.6043873041918667
1.589661259222215
0.7063055191661791
0.6395354804836599
0.7758005890765757
0.8343485751531543
0.7342573263950949
0.6853416637444922
0.6682930792678545
0.8677769185597372
0.8875768008434335
0.6748597360336489
1.0063760945456113
1.9750364365729587
0.6682930792678545
1.2600796411516137
0.9024267125562057
0.6555119242526569
0.7841645870875155
0.7482332300095528
1.1496935362802088
0.9766762711200667
0.9172766242689779
1.0117755327151468
0.7237753986842516
0.8479770362760408
1.1616864061554315
0.34694846233429316
1.1317042314673744
1.1077184917169292
0.7063055191661791
0.6619025017602558
0.9469764476945223
0.7925285850984553
0.7758005890765757
0.6853416637444922
0.42386818018548217
0.9073766831271297
0.720281422780637
0.7028115432625647
0.727269374587866
0.8176205791312746
0.665097790514055
0.5948014379304687
1.1197113615921517
0.9816262416909908
0.7841645870875155
0.7097994950697937
0.6395354804836599
0.7237753986842516
0.8925267714143575
0.9024267125562057
0.8479770362760408
0.597996726684268
0.8050745821148649
0.8343485751531543
0.9766762711200667
0.37466421928588944
0.6993175673589502
0.35041293195324263
1.077736317028872
1.3109392523827152
0.7028115432625647
0.9321265359817501
0.4197023243322334
0.7342573263950949
0.6682930792678545
0.9717263005491426
0.6619025017602558
0.7925285850984553
3.2192275426559793
0.6427307692374594
1.5711574088371763
0.6993175673589502
0.6011920154380674
0.9568763888363704
0.8529270068469649
0.8176205791312746
0.36773528004799033
0.6363401917298607
0.8343485751531543
0.7967105841039251
2.1945995729405503
0.6853416637444922
0.7799825880820455
0.6619025017602558
0.6682930792678545
0.6923296155517212
0.7799825880820455
0.8875768008434335
0.8343485751531543
2.2238746577895627
1.1257077965297633
0.6587072130064564
1.347527293692454
0.8134385801258047
1.4734883521048359
0.6619025017602558
0.7167874468770226
0.7447392541059382
0.8092565811203349
0.48293946010223543
2.297062369912094
0.6853416637444922
0.6203637479608638
0.759072593054696
0.800892583109395
0.9024267125562057
0.9321265359817501
1.1317042314673744
0.6993175673589502
0.9667763299782186
0.4197023243322334
0.7841645870875155
0.6714883680216539
0.759072593054696
1.2964079348881148
0.7883465860929852
0.6748597360336489
0.4523099075528078
0.6587072130064564
1.3109392523827152
1.3727195053749306
1.3327362286246158
1.1801573949313113
0.7132934709734081
1.843298554752404
1.1137149266545405
0.6682930792678545
0.7447392541059382
0.8875768008434335
0.6267543254684625
0.7967105841039251
0.6107778816994657
0.991526182832839
1.2746109586462142
1.0417577074032038
0.3660030452385156
0.7237753986842516
0.9865762122619147
1.2891422761408147
0.6714883680216539
0.37119974966693986
0.6714883680216539
0.7674365910656359
0.857876977417889
0.7632545920601659
0.6958235914553358
0.7552211818167818
0.7925285850984553
0.6783537119372633
1.3036735936354151
1.1017220567793176
0.9519264182654464
0.6587072130064564
0.8430270657051168
0.7967105841039251
0.7799825880820455
3.7010571925379714
0.7167874468770226
0.7412452782023238
0.6682930792678545
1.0537505772784264
0.5504622731645052
0.6587072130064564
0.9816262416909908
0.6011920154380674
0.8826268302725093
0.6395354804836599
1.423103928739883
0.7307633504914804
0.8176205791312746
0.7967105841039251
0.9123266536980539
0.7028115432625647
1.1736792760306545
1.071739882091261
1.2891422761408147
0.6235590367146631
0.7132934709734081
0.7307633504914804
0.6523166354988575
0.5758012306818299
0.8385305741586243
0.6235590367146631
1.8872111820259223
1.4398987365282008
0.9618263594072943
0.8628269479888131
0.7758005890765757
0.6235590367146631
0.7552211818167818
0.7967105841039251
0.7342573263950949
0.40584444585643525
0.665097790514055
1.1257077965297633
0.47856380973803153
0.6267543254684625
0.7028115432625647
1.2818766173935143
0.7447392541059382
0.727269374587866
0.6491213467450582
0.8301665761476844
1.4063091209515657
0.7517272059131672
0.8050745821148649
0.6491213467450582
0.9420264771235983
0.8677769185597372
1.3400018873719162
0.7925285850984553
0.7342573263950949
0.7028115432625647
1.209220029920512
0.7632545920601659
0.6491213467450582
0.6267543254684625
0.9618263594072943
0.7883465860929852
0.9123266536980539
0.720281422780637
0.7167874468770226
1.0417577074032038
0.6203637479608638
0.5631317519231676
1.2746109586462142
0.6459260579912588
0.4523099075528078
0.927176565410826
2.1506869456670326
0.6682930792678545
0.6853416637444922
0.7063055191661791
0.8301665761476844
0.6107778816994657
0.927176565410826
0.7063055191661791
1.1801573949313113
0.6171684592070643
0.6923296155517212
0.6923296155517212
1.137700666404986
0.7482332300095528
1.077736317028872
0.6783537119372633
0.6395354804836599
0.7841645870875155
0.7632545920601659
2.018949063846477
0.9321265359817501
0.6993175673589502
0.6923296155517212
0.9123266536980539
0.6993175673589502
1.1496935362802088
0.7412452782023238
0.8875768008434335
0.9321265359817501
1.0837327519664837
0.6682930792678545
0.6993175673589502
0.8050745821148649
0.7758005890765757
0.9717263005491426
0.6853416637444922
0.8875768008434335
0.9469764476945223
0.6682930792678545
1.2964079348881148
0.9123266536980539
0.7237753986842516
1.4398987365282008
1.2455483236570133
0.7482332300095528
0.7482332300095528
0.665097790514055
0.8974767419852817
0.8050745821148649
0.8176205791312746
0.8343485751531543
0.8776768597015853
0.8385305741586243
1.3182049111300156
1.0897291869040948
0.7517272059131672
1.3254705698773157
0.8430270657051168
0.6267543254684625
0.6923296155517212
0.6682930792678545
1.077736317028872
0.8218025781367446
1.0537505772784264
0.8875768008434335
0.6748597360336489
0.6427307692374594
0.6783537119372633
0.727269374587866
1.3727195053749306
2.8679265244678325
0.5948014379304687
1.0417577074032038
0.8218025781367446
0.6235590367146631
0.7097994950697937
1.5711574088371763
1.1137149266545405
1.0357612724655925
1.0237684025903695
0.7028115432625647
1.0957256218417062
