0.7019944397146258
0.6733646524805833
0.6876795460976046
0.618753933604833
0.6617791723497172
0.6474374261014225
0.6646475215993761
0.6359640291027866
1.4564819485135587
0.6244906321041509
0.9110496579752472
0.7163093333316471
0.8247739987060906
0.618753933604833
0.6841008226933492
0.8003263242874858
1.1615943688163144
2.1059915910658673
0.7234667801401578
0.9110496579752472
0.5825067542567505
0.8410829358454637
0.6044121873565383
0.6244906321041509
0.7198880567359025
0.6273589813538097
1.2925540162295301
0.6703842200986939
0.5775958053516409
1.097014962184552
0.6417007276021045
0.5628629586363124
0.615885584355174
0.7055731631188811
0.7636548126595788
0.6617791723497172
0.8125501614967882
1.6300478868216135
0.6646475215993761
0.7091518865231364
1.0617898312944993
0.6841008226933492
0.6769433758848385
1.0559189761461574
1.271370137136331
0.618753933604833
0.6015438381068793
0.6015438381068793
0.967023035679074
0.8597407284134059
0.8783985209813482
0.6216222828544921
1.0090030689569442
0.7342029503529237
1.4318191919153183
0.9483652431111317
1.1498526585196305
0.5958071396075615
0.9530296912531173
0.8084755490936875
0.8970563135492904
0.615885584355174
0.6474374261014225
0.6503057753510814
0.7449391205656897
0.6617791723497172
0.779953262271982
0.8247739987060906
1.4729237862457192
0.6733646524805833
0.8970563135492904
0.48543103080859645
0.7921770994812843
0.6101488858558561
1.6211248098985365
0.7306242269486684
1.423598273049238
0.8206993863029898
1.8734905111522606
0.8125501614967882
0.6531741246007403
0.9530296912531173
4.77276615060026
1.2501862580431322
0.9110496579752472
2.4838058459254784
0.6876795460976046
0.6841008226933492
0.7718040374657804
0.8410829358454637
0.6130172351055152
0.667515870849035
0.7342029503529237
0.6589108231000582
0.6948369929061152
1.221941085918867
2.0478663210874655
0.7636548126595788
1.2572475510741985
1.2501862580431322
0.5929387903579024
0.8084755490936875
0.5958071396075615
0.9063852098332615
0.7881024870781835
0.7342029503529237
1.1936959137946017
0.6302273306034688
0.7306242269486684
1.1381109482229463
0.7198880567359025
0.7413603971614344
0.7163093333316471
1.3066766022916627
0.7520965673742003
0.9856808282470164
0.7636548126595788
0.6330956798531278
1.0676606864428415
0.8410829358454637
0.6876795460976046
0.6531741246007403
0.7377816737571791
0.6876795460976046
0.6912582695018599
1.5854325022062288
0.8597407284134059
0.6876795460976046
0.6617791723497172
0.9110496579752472
0.779953262271982
0.7306242269486684
0.7019944397146258
0.7556752907784556
0.7636548126595788
0.748517843969945
0.6948369929061152
1.032435555552789
0.6733646524805833
0.6733646524805833
0.6769433758848385
0.7677294250626796
0.6646475215993761
0.6417007276021045
0.6733646524805833
0.9763519319630453
0.9716874838210596
0.8288486111091913
0.6273589813538097
1.032435555552789
0.4523533513592356
3.8324278478479656
1.3496100032545162
0.5874177031618599
0.7520965673742003
0.5800512798041957
0.7758786498688812
0.779953262271982
1.6568171175908442
0.6302273306034688
0.49163309570535163
0.6769433758848385
1.4811447051117994
0.8206993863029898
0.8247739987060906
0.6130172351055152
0.6359640291027866
0.6044121873565383
0.7342029503529237
0.667515870849035
0.6359640291027866
0.6912582695018599
0.7198880567359025
0.4606227712215758
1.032435555552789
0.748517843969945
0.6216222828544921
0.7556752907784556
1.097014962184552
0.5604074841837577
0.6503057753510814
0.7306242269486684
0.7840278746750828
0.6984157163103706
1.3066766022916627
0.7595802002564781
0.6216222828544921
0.618753933604833
0.6841008226933492
0.4895657407397665
0.7758786498688812
0.6359640291027866
0.5929387903579024
0.892391865407305
0.7556752907784556
0.7840278746750828
0.6912582695018599
0.4895657407397665
0.7198880567359025
0.6733646524805833
0.8003263242874858
0.7127306099273918
0.8206993863029898
0.6417007276021045
0.5751403308990861
0.7921770994812843
0.6503057753510814
0.6474374261014225
0.6101488858558561
0.6015438381068793
0.816624773899889
0.7413603971614344
0.6733646524805833
0.6560424738503993
1.9897410511090639
0.667515870849035
0.6474374261014225
0.4750942559806712
0.6876795460976046
1.1381109482229463
0.6388323783524457
0.7677294250626796
0.901720761691276
0.6646475215993761
0.6589108231000582
0.6216222828544921
0.7449391205656897
1.2360636719809994
0.6589108231000582
0.6302273306034688
0.7198880567359025
1.221941085918867
0.925043002401204
0.8690696246973771
0.6589108231000582
0.6948369929061152
0.5530410608260935
0.8084755490936875
0.9530296912531173
0.8550762802714202
0.7163093333316471
0.6445690768517635
0.6560424738503993
0.7636548126595788
0.7055731631188811
0.8125501614967882
0.8125501614967882
1.6122017329754597
0.9950097245309875
0.7091518865231364
0.6912582695018599
0.8329232235122921
0.6388323783524457
0.6984157163103706
1.0383064107011313
0.8247739987060906
0.7091518865231364
0.7840278746750828
0.8044009366905867
0.7413603971614344
0.5986754888572204
0.7718040374657804
0.4999025155676919
0.8457473839874492
0.7342029503529237
0.6101488858558561
0.7636548126595788
0.6388323783524457
0.6531741246007403
0.6503057753510814
0.6503057753510814
0.7881024870781835
0.6703842200986939
0.6560424738503993
0.5900704411082436
0.8644051765553914
0.7198880567359025
0.667515870849035
0.7306242269486684
0.6841008226933492
0.6216222828544921
1.221941085918867
0.5775958053516409
2.556462433398481
0.6617791723497172
0.779953262271982
0.6769433758848385
0.5260308418479913
0.7413603971614344
0.8206993863029898
1.0676606864428415
1.4318191919153183
0.6805220992890939
0.618753933604833
0.6503057753510814
0.7556752907784556
0.6531741246007403
0.7198880567359025
0.6733646524805833
0.7163093333316471
0.6015438381068793
0.6101488858558561
0.6531741246007403
0.6302273306034688
0.6445690768517635
0.8410829358454637
0.779953262271982
0.6101488858558561
0.8550762802714202
0.6703842200986939
1.221941085918867
0.6359640291027866
0.6072805366061973
0.5604074841837577
0.6273589813538097
0.8457473839874492
1.1674652239646566
1.3989355164509976
0.957694139395103
0.7636548126595788
0.6244906321041509
0.6646475215993761
0.7342029503529237
0.6130172351055152
0.6503057753510814
0.8504118321294347
1.0383064107011313
0.901720761691276
0.6359640291027866
0.748517843969945
0.7342029503529237
0.7019944397146258
0.6130172351055152
0.6044121873565383
0.6503057753510814
1.2078184998567345
0.6733646524805833
1.1674652239646566
0.8369978359153929
0.5333972652056556
0.5604074841837577
0.7840278746750828
0.9903452763890018
0.615885584355174
0.6589108231000582
0.6445690768517635
0.6733646524805833
0.4606227712215758
0.6445690768517635
1.3907145975849173
0.5929387903579024
0.5726848564465314
1.1322400930746044
0.567773907541422
0.7881024870781835
0.8247739987060906
0.6984157163103706
0.8003263242874858
0.5900704411082436
0.6474374261014225
0.6912582695018599
1.0911441070362098
0.6244906321041509
0.6531741246007403
1.0043386208149587
0.6503057753510814
0.618753933604833
0.47302690101508615
0.8830629691233338
0.7198880567359025
0.7636548126595788
0.667515870849035
0.4626901261871609
0.6531741246007403
1.4811447051117994
0.9716874838210596
0.901720761691276
0.6876795460976046
1.1263692379262622
0.6589108231000582
0.748517843969945
0.6216222828544921
0.7306242269486684
0.8830629691233338
0.9716874838210596
0.5849622287093053
0.779953262271982
0.9157141061172328
0.7595802002564781
2.4547432109362775
0.7234667801401578
0.5775958053516409
0.9483652431111317
0.7520965673742003
0.8125501614967882
0.6072805366061973
1.0090030689569442
0.6703842200986939
0.8003263242874858
0.925043002401204
1.8008339236792583
0.538308214110765
0.6216222828544921
0.6733646524805833
0.9343718986851751
0.5958071396075615
0.6417007276021045
0.7921770994812843
0.6273589813538097
0.6560424738503993
0.6417007276021045
0.7881024870781835
0.667515870849035
0.7055731631188811
0.5751403308990861
0.6359640291027866
0.615885584355174
0.7306242269486684
0.7342029503529237
0.6216222828544921
0.6912582695018599
0.4874983857741815
0.9716874838210596
0.6646475215993761
0.6044121873565383
1.0617898312944993
0.8970563135492904
0.7270455035444131
0.6072805366061973
0.8830629691233338
0.7556752907784556
0.6703842200986939
1.1439818033712883
1.2925540162295301
0.8410829358454637
0.8737340728393628
0.5530410608260935
0.9110496579752472
0.6646475215993761
0.615885584355174
1.423598273049238
0.779953262271982
0.6841008226933492
0.7055731631188811
0.967023035679074
0.8644051765553914
0.5825067542567505
0.6273589813538097
1.5318940406677672
0.7306242269486684
0.6984157163103706
0.7019944397146258
0.6417007276021045
0.6703842200986939
0.7019944397146258
0.6302273306034688
0.6101488858558561
0.6302273306034688
0.6876795460976046
0.9110496579752472
1.3824936787188369
0.8084755490936875
0.4999025155676919
1.5408171175908445
0.6130172351055152
0.4895657407397665
0.6769433758848385
0.7413603971614344
0.6733646524805833
0.6948369929061152
0.6130172351055152
0.6044121873565383
0.748517843969945
0.7556752907784556
0.45648806129040576
0.6912582695018599
0.6646475215993761
0.6841008226933492
0.7595802002564781
0.8125501614967882
0.779953262271982
0.9716874838210596
0.9297074505431895
0.6912582695018599
0.8369978359153929
0.7758786498688812
0.8369978359153929
0.796251711884385
0.6733646524805833
0.6646475215993761
0.6646475215993761
1.5058074617100399
1.1322400930746044
0.6646475215993761
0.7270455035444131
0.7091518865231364
0.901720761691276
0.6244906321041509
0.6244906321041509
1.2290023789499331
0.6216222828544921
0.5702293819939767
0.6560424738503993
0.7595802002564781
0.925043002401204
0.6302273306034688
0.9390363468271608
0.6359640291027866
1.1498526585196305
0.7055731631188811
0.7758786498688812
1.2360636719809994
0.5958071396075615
0.6302273306034688
0.49783516060210675
0.6417007276021045
1.960678416119863
0.7595802002564781
0.6130172351055152
0.6948369929061152
0.6417007276021045
1.1322400930746044
0.7556752907784556
0.6531741246007403
0.6044121873565383
0.7127306099273918
1.6122017329754597
0.7019944397146258
0.6216222828544921
0.6912582695018599
0.6841008226933492
0.779953262271982
0.7342029503529237
0.7377816737571791
0.796251711884385
0.7306242269486684
0.6984157163103706
0.5186644184903271
0.7413603971614344
0.5628629586363124
0.7091518865231364
1.3496100032545162
0.6474374261014225
0.7377816737571791
0.7234667801401578
