1.8649713621151076
0.8214495032254236
0.6027030046356344
0.5520288008757521
0.8056263611746239
0.5688921638090092
0.7409997888965525
0.7376039434122328
0.5809374230470499
0.6290809329996228
0.7937590046365243
1.072543917920319
0.583346474894658
0.6671823850809393
0.9290635405809071
0.6027030046356344
0.6349426948582868
0.7898032191238245
0.7308122524435935
0.7511873253495112
0.8174937177127237
0.6730828792101601
0.8643712328885993
0.6642515041516073
0.6232191711409587
0.8016705756619241
0.9290635405809071
0.9290635405809071
0.7700242915603249
0.7376039434122328
0.3707641307117421
0.5968412427769704
0.3945974955332044
0.9752723317896982
0.6554588613636112
1.4476381904160356
0.8095821466873239
0.4883465575115672
1.3921881685333646
0.8874756284929948
0.6642515041516073
1.0903743066128981
0.6173574092822947
1.0428266034326863
0.8056263611746239
0.9013382658556324
0.640804456716951
0.8095821466873239
1.0487700663302129
0.7308122524435935
0.9937558482732148
0.6583897422929432
0.5881645785898741
0.5909794809183062
0.8505085955259619
0.7937590046365243
0.583346474894658
0.7308122524435935
0.6261500520702907
0.8643712328885993
0.6173574092822947
0.6437353376462829
0.7376039434122328
0.38665304059271693
0.6320118139289549
1.0190527518425803
0.6320118139289549
0.6202882902116267
1.0487700663302129
0.744395634380872
0.717228870506315
0.7138330250219954
0.6290809329996228
0.6085647664942984
0.9521679361853027
0.6525279804342792
0.7308122524435935
0.8458877164050828
0.5737102675042254
1.167639324280743
0.40730862343798424
0.5568469045709685
0.690062106631758
0.924442661460028
0.9567888153061819
0.6114956474236305
0.5544378527233603
0.585755526742266
0.5640740601137928
0.5616650082661847
0.5881645785898741
0.4492393731358406
0.7036454885690366
0.6202882902116267
0.9152009032182695
0.6730828792101601
0.8174937177127237
0.9198217823391487
0.6290809329996228
0.7977147901492242
0.5713012156566173
0.7274164069592739
0.585755526742266
0.6261500520702907
0.690062106631758
0.3723530216998396
0.7308122524435935
0.5616650082661847
0.8372726452762232
0.6583897422929432
1.072543917920319
0.6085647664942984
0.5640740601137928
0.6232191711409587
0.8056263611746239
0.717228870506315
0.5448016453329277
0.5592559564185766
0.6173574092822947
1.8793021110287993
0.8016705756619241
0.5640740601137928
0.700249643084717
0.6495970995049472
0.6671823850809393
0.49616799438671255
0.6114956474236305
0.6320118139289549
0.8736129911303576
0.6525279804342792
1.3525810100457427
0.7581569350222251
0.6378735757876188
0.717228870506315
0.7342080979279132
0.5881645785898741
0.7104371795376758
0.9937558482732148
0.9752723317896982
0.5909794809183062
0.6144265283529626
0.8736129911303576
1.0190527518425803
1.1557523984856901
0.6349426948582868
0.7308122524435935
0.6866662611474385
0.8372726452762232
0.8967173867347532
0.6202882902116267
0.717228870506315
0.5881645785898741
0.6798745701787994
0.7104371795376758
0.6437353376462829
0.6056338855649664
0.7898032191238245
0.7104371795376758
1.599750787984376
0.7581569350222251
0.8056263611746239
0.3723530216998396
0.9752723317896982
0.583346474894658
0.6290809329996228
2.2375708338710925
0.8874756284929948
0.9429261779435443
1.3172965466052142
0.5737102675042254
0.4218643440728321
0.6232191711409587
0.6202882902116267
0.9105800240973906
0.9475470570644234
0.6232191711409587
0.8689921120094785
0.6437353376462829
0.8874756284929948
1.1141481582030044
1.0309396776376332
0.5544378527233603
1.0368831405351595
2.079932595820484
0.585755526742266
0.5713012156566173
1.0903743066128981
0.646666218575615
0.6934579521160777
0.5785283711994417
0.6085647664942984
0.583346474894658
0.8505085955259619
1.8219791153740326
0.744395634380872
0.7138330250219954
0.5544378527233603
0.6613206232222753
0.717228870506315
0.6114956474236305
0.8643712328885993
0.6320118139289549
0.892096507613874
0.6866662611474385
0.6085647664942984
0.7240205614749543
0.717228870506315
0.7818916480984246
0.690062106631758
1.1260350839980575
1.0428266034326863
0.9660305735479401
0.7240205614749543
0.8056263611746239
0.6495970995049472
0.6701132660102713
0.6642515041516073
0.744395634380872
0.7545831708338309
0.5809374230470499
0.5997721237063023
0.6290809329996228
0.7545831708338309
1.303552731685089
0.6437353376462829
0.6173574092822947
0.5809374230470499
0.6437353376462829
0.7104371795376758
0.6056338855649664
0.6583897422929432
0.8505085955259619
1.1022612324079515
0.7376039434122328
0.6349426948582868
0.6202882902116267
1.693002375150807
0.6144265283529626
0.6764787246944797
0.6232191711409587
1.4872453489036577
0.7858474336111245
0.9429261779435443
0.6701132660102713
1.1200916211005307
0.9013382658556324
0.7545831708338309
0.7739800770730249
0.6027030046356344
0.5909794809183062
0.8782338702512367
0.6173574092822947
0.6613206232222753
0.7070413340533562
0.6261500520702907
0.6495970995049472
0.7409997888965525
0.6613206232222753
0.7477914798651916
0.8828547493721158
0.40095305948559434
0.7937590046365243
0.7274164069592739
0.7274164069592739
1.1141481582030044
0.7409997888965525
0.7036454885690366
0.8214495032254236
0.6261500520702907
0.3787085856522295
0.6232191711409587
1.0547135292277392
0.5761193193518335
1.0131092889450537
0.7858474336111245
0.6525279804342792
0.7308122524435935
0.6261500520702907
0.5939103618476382
0.7898032191238245
0.8458877164050828
0.583346474894658
0.6583897422929432
0.717228870506315
0.6764787246944797
0.744395634380872
0.7621127205349251
0.6671823850809393
0.6056338855649664
0.7240205614749543
0.5616650082661847
0.6583897422929432
0.8736129911303576
0.8505085955259619
0.7700242915603249
0.513483971314022
0.5809374230470499
0.5020340720430716
0.7739800770730249
0.6934579521160777
0.6730828792101601
1.7073331240644987
0.5939103618476382
0.9937558482732148
0.6866662611474385
0.690062106631758
0.7240205614749543
0.7036454885690366
2.595839556713386
0.43359649938554995
0.7138330250219954
0.9845140900314565
0.7545831708338309
1.1022612324079515
1.303552731685089
0.8505085955259619
0.6261500520702907
0.8016705756619241
0.6934579521160777
0.5616650082661847
0.6968537976003973
0.5375744897901032
0.5039894312618579
0.7545831708338309
0.5939103618476382
0.5423925934853198
1.4634810538110847
0.6525279804342792
0.6495970995049472
1.1022612324079515
0.766068506047625
1.066600455022792
0.6261500520702907
0.6290809329996228
0.8174937177127237
0.6232191711409587
0.6642515041516073
0.7308122524435935
0.8505085955259619
0.7477914798651916
0.6701132660102713
0.6232191711409587
0.6642515041516073
1.4793239172061332
0.5303473342472789
0.7036454885690366
0.6832704156631189
1.072543917920319
0.7858474336111245
0.6613206232222753
0.445328654698268
0.9475470570644234
0.6730828792101601
0.6613206232222753
1.2004741197841495
0.6495970995049472
1.1616958613832165
0.8254052887381236
0.6085647664942984
0.7581569350222251
0.9752723317896982
0.6290809329996228
1.131978546895584
0.9937558482732148
0.640804456716951
0.9013382658556324
0.8689921120094785
0.6232191711409587
0.7581569350222251
0.6378735757876188
0.6349426948582868
0.646666218575615
0.6613206232222753
0.8095821466873239
0.6671823850809393
0.6798745701787994
0.7581569350222251
0.7342080979279132
0.6144265283529626
0.6495970995049472
0.5544378527233603
1.0190527518425803
0.8254052887381236
0.6349426948582868
0.7621127205349251
0.7700242915603249
0.5997721237063023
0.5568469045709685
0.6261500520702907
0.9567888153061819
0.5688921638090092
1.376345305138316
0.7700242915603249
0.6866662611474385
0.6232191711409587
0.5997721237063023
0.3707641307117421
0.7898032191238245
0.7581569350222251
1.4476381904160356
1.1379220097931104
0.8095821466873239
0.700249643084717
0.640804456716951
0.6764787246944797
0.6027030046356344
0.5997721237063023
0.6027030046356344
0.6934579521160777
0.7240205614749543
0.6832704156631189
0.8333168597635233
1.207346027244212
0.6173574092822947
0.5592559564185766
0.6495970995049472
0.4668376061049176
0.6027030046356344
1.002997606514973
0.9152009032182695
0.5881645785898741
0.6701132660102713
0.8874756284929948
0.39936416849749684
0.7036454885690366
0.9198217823391487
0.6642515041516073
0.8333168597635233
0.700249643084717
0.5520288008757521
0.6798745701787994
0.6968537976003973
0.9059591449765114
1.0428266034326863
0.8174937177127237
0.924442661460028
1.1498089355881633
0.7937590046365243
1.4317953270209869
1.1735827871782694
0.7581569350222251
0.8505085955259619
0.6613206232222753
0.6173574092822947
0.7036454885690366
0.5086658676188057
0.7581569350222251
0.6525279804342792
1.1141481582030044
0.6798745701787994
0.5616650082661847
0.6202882902116267
0.7308122524435935
0.7070413340533562
0.5423925934853198
0.8874756284929948
0.6798745701787994
1.0844308437153718
1.2004741197841495
1.671021974425054
1.2279617496244
0.5062568157711976
0.4104864054141793
0.6583897422929432
1.5373884998487828
0.6437353376462829
0.7308122524435935
0.6730828792101601
0.8016705756619241
0.7274164069592739
0.7409997888965525
0.5592559564185766
0.970651452668819
0.7376039434122328
0.5997721237063023
0.6173574092822947
0.5881645785898741
0.6968537976003973
0.5110749194664138
0.6173574092822947
2.638831803454461
1.1022612324079515
1.599750787984376
0.744395634380872
0.7581569350222251
1.0249962147401068
0.9336844197017862
0.690062106631758
0.6613206232222753
0.6764787246944797
0.6232191711409587
0.6232191711409587
0.6832704156631189
0.6832704156631189
0.5423925934853198
0.6437353376462829
0.6554588613636112
1.072543917920319
0.6866662611474385
0.6730828792101601
0.5472106971805359
0.6798745701787994
1.2760651018448383
0.5351654379424952
0.646666218575615
0.700249643084717
0.700249643084717
0.8293610742508234
0.7818916480984246
0.9336844197017862
1.4001096002308893
0.5640740601137928
0.4218643440728321
0.6701132660102713
0.7274164069592739
1.0428266034326863
0.5881645785898741
0.6320118139289549
0.7409997888965525
0.6525279804342792
0.700249643084717
0.5785283711994417
0.6495970995049472
0.40730862343798424
0.7240205614749543
1.950955855597258
0.5640740601137928
0.6525279804342792
1.066600455022792
0.7898032191238245
5.4595973394123885
0.9983767273940938
0.6085647664942984
0.6968537976003973
0.3961863865213019
0.7545831708338309
0.6495970995049472
2.3378860762669347
0.7818916480984246
0.6583897422929432
0.5785283711994417
0.700249643084717
1.0784873808178455
1.6175685845945456
0.6027030046356344
0.6085647664942984
0.5909794809183062
0.640804456716951
0.5568469045709685
0.5881645785898741
0.6798745701787994
0.7138330250219954
0.7104371795376758
0.6027030046356344
1.1735827871782694
0.700249643084717
0.5761193193518335
0.6934579521160777
0.8174937177127237
0.6173574092822947
0.585755526742266
0.717228870506315
0.6798745701787994
0.5881645785898741
0.8135379322000238
1.072543917920319
0.7274164069592739
0.7240205614749543
0.6437353376462829
0.8505085955259619
0.6144265283529626
0.717228870506315
0.6349426948582868
1.1022612324079515
1.2898089167649636
0.7858474336111245
0.6173574092822947
0.6173574092822947
0.6144265283529626
0.6173574092822947
0.8597503537677201
1.066600455022792
0.766068506047625
0.46292688766734497
0.8056263611746239
0.5909794809183062
0.9937558482732148
0.5110749194664138
0.8135379322000238
0.6056338855649664
0.5688921638090092
0.5640740601137928
0.646666218575615
0.6173574092822947
0.6764787246944797
1.2623212869247131
0.6968537976003973
0.6349426948582868
0.9013382658556324
0.5997721237063023
0.6261500520702907
0.9937558482732148
0.7779358625857248
0.6320118139289549
0.5997721237063023
0.7409997888965525
0.6349426948582868
1.0428266034326863
2.3235553273532434
0.6349426948582868
0.6114956474236305
0.7104371795376758
0.7206247159906347
0.7818916480984246
0.6232191711409587
1.5552062964589521
0.4727036837612766
1.5552062964589521
0.700249643084717
0.7937590046365243
0.6583897422929432
1.007618485635852
0.40571973244988674
1.0547135292277392
0.8967173867347532
