751.0
795.0
790.0
656.0
763.0
712.0
692.0
705.0
757.0
752.0
803.0
722.0
718.0
692.0
704.0
726.0
672.0
693.0
758.0
606.0
697.0
721.0
731.0
668.0
832.0
765.0
762.0
806.0
707.0
706.0
714.0
710.0
722.0
716.0
762.0
760.0
677.0
812.0
805.0
719.0
841.0
770.0
754.0
786.0
688.0
699.0
813.0
704.0
754.0
720.0
727.0
587.0
796.0
725.0
728.0
696.0
714.0
782.0
706.0
639.0
719.0
695.0
707.0
747.0
750.0
736.0
762.0
686.0
766.0
708.0
731.0
901.0
724.0
743.0
798.0
693.0
595.0
713.0
684.0
759.0
744.0
685.0
782.0
737.0
767.0
726.0
716.0
769.0
692.0
730.0
712.0
741.0
725.0
935.0
783.0
762.0
699.0
728.0
747.0
757.0
599.0
702.0
722.0
698.0
777.0
837.0
720.0
814.0
755.0
758.0
693.0
737.0
788.0
744.0
730.0
826.0
893.0
698.0
705.0
754.0
693.0
718.0
665.0
695.0
707.0
818.0
806.0
750.0
705.0
725.0
816.0
746.0
790.0
736.0
704.0
712.0
731.0
772.0
740.0
653.0
688.0
708.0
633.0
720.0
740.0
813.0
706.0
794.0
701.0
738.0
734.0
720.0
724.0
686.0
818.0
725.0
706.0
806.0
959.0
711.0
790.0
759.0
742.0
756.0
650.0
709.0
658.0
725.0
739.0
715.0
729.0
793.0
708.0
705.0
726.0
708.0
731.0
689.0
735.0
745.0
729.0
680.0
848.0
596.0
698.0
609.0
731.0
624.0
745.0
676.0
699.0
705.0
729.0
768.0
864.0
736.0
716.0
634.0
800.0
750.0
810.0
714.0
735.0
653.0
706.0
693.0
730.0
722.0
902.0
729.0
775.0
783.0
770.0
889.0
669.0
750.0
699.0
714.0
709.0
746.0
752.0
706.0
718.0
767.0
800.0
713.0
733.0
742.0
722.0
682.0
894.0
720.0
802.0
673.0
720.0
718.0
730.0
706.0
736.0
690.0
745.0
645.0
749.0
839.0
754.0
833.0
827.0
834.0
711.0
710.0
702.0
692.0
753.0
698.0
686.0
849.0
646.0
747.0
714.0
709.0
955.0
734.0
766.0
715.0
823.0
749.0
683.0
725.0
821.0
752.0
709.0
715.0
697.0
699.0
709.0
724.0
710.0
714.0
717.0
796.0
731.0
589.0
662.0
714.0
840.0
770.0
589.0
717.0
767.0
853.0
734.0
739.0
709.0
744.0
754.0
757.0
737.0
681.0
700.0
723.0
698.0
733.0
716.0
752.0
699.0
817.0
746.0
658.0
801.0
585.0
717.0
749.0
669.0
722.0
741.0
696.0
717.0
797.0
669.0
721.0
715.0
673.0
710.0
720.0
702.0
793.0
804.0
709.0
685.0
740.0
737.0
657.0
709.0
804.0
743.0
704.0
752.0
703.0
727.0
738.0
715.0
650.0
752.0
804.0
754.0
707.0
764.0
750.0
698.0
701.0
788.0
658.0
781.0
704.0
710.0
696.0
797.0
698.0
747.0
961.0
756.0
584.0
748.0
717.0
684.0
737.0
706.0
698.0
729.0
584.0
710.0
741.0
717.0
848.0
752.0
709.0
817.0
604.0
686.0
611.0
653.0
702.0
758.0
745.0
658.0
706.0
604.0
676.0
689.0
729.0
696.0
778.0
682.0
694.0
705.0
722.0
663.0
762.0
705.0
785.0
702.0
729.0
716.0
876.0
765.0
640.0
776.0
717.0
761.0
741.0
679.0
686.0
700.0
718.0
715.0
715.0
726.0
725.0
695.0
729.0
694.0
718.0
668.0
701.0
795.0
811.0
1005.0
711.0
781.0
724.0
708.0
728.0
750.0
745.0
673.0
720.0
703.0
788.0
774.0
770.0
627.0
716.0
797.0
788.0
682.0
714.0
700.0
742.0
727.0
833.0
749.0
828.0
718.0
876.0
700.0
701.0
772.0
594.0
713.0
802.0
730.0
714.0
765.0
746.0
907.0
776.0
717.0
781.0
683.0
731.0
727.0
718.0
726.0
778.0
697.0
705.0
710.0
722.0
732.0
774.0
722.0
714.0
709.0
678.0
733.0
714.0
618.0
720.0
764.0
702.0
757.0
724.0
717.0
766.0
811.0
686.0
835.0
682.0
733.0
690.0
690.0
694.0
746.0
663.0
712.0
696.0
902.0
808.0
733.0
742.0
693.0
810.0
741.0
597.0
789.0
638.0
738.0
737.0
756.0
732.0
692.0
720.0
710.0
731.0
594.0
708.0
777.0
720.0
702.0
700.0
756.0
772.0
759.0
720.0
740.0
765.0
715.0
742.0
644.0
784.0
721.0
698.0
731.0
789.0
747.0
704.0
730.0
843.0
730.0
657.0
766.0
761.0
872.0
702.0
709.0
742.0
713.0
792.0
663.0
821.0
806.0
