0.8629084377813564
0.6982136462331818
1.3323229068345115
0.9431708893172942
0.9782857118642669
0.8478592281183679
0.8428428248973717
0.8383686923543243
0.7518488503148142
0.8879904538863368
0.35838850780322
0.9231052764333095
0.8175724510091216
0.8829740506653406
1.044812764555998
0.8092539544710404
1.3793803807119651
0.8879904538863368
0.7339704489542702
0.4010247562189361
0.8428428248973717
0.6910622856889642
1.274046596743563
1.1180227754373908
0.8428428248973717
0.6332987740681056
1.2012012091298776
1.7604148283513315
1.2157702866526148
0.7593429752425533
1.1607286151182037
0.893006857107333
0.8300501958162432
0.7160920475937259
0.8829740506653406
0.9130724699913173
2.1548732666384853
2.008777548754354
1.517324259789499
0.9732693086432708
1.0033677279692472
0.8258909475472027
1.1866321316071402
0.8428428248973717
0.7518488503148142
2.9583997150012054
1.0033677279692472
1.5640205396340299
0.8428428248973717
0.9231052764333095
0.784298464856797
0.9431708893172942
0.8629084377813564
1.0753169357565784
0.7518488503148142
0.4808942087491218
0.639941744052308
1.0814177699966945
1.5453420276962175
0.7125163673216172
0.7053650067773994
0.9080560667703212
0.9632365022012784
1.6574130993230916
1.0631152672763462
1.33960744559588
0.7593429752425533
0.6839109251447466
0.7967762096639186
1.1729302835984357
0.9833021150852629
0.7017893265052907
0.6000839241470945
2.03799669233118
0.7053650067773994
1.7750244001397442
0.39036569411500704
0.6332987740681056
0.8383686923543243
0.9732693086432708
0.7967762096639186
0.9281216796543057
0.9030396635493251
0.821731699278162
0.784298464856797
0.9130724699913173
2.6223795638677037
0.7884577131258375
0.8679248410023523
0.7884577131258375
0.4317521104755494
0.7125163673216172
0.9030396635493251
1.1363252781577393
1.7458052565629185
0.8342094440852837
0.7160920475937259
0.7446974897705967
0.7446974897705967
0.8478592281183679
0.8779576474443445
0.8009354579329592
0.9682529054222746
0.6767595646005289
0.821731699278162
1.208485747891246
1.687366969409266
0.7446974897705967
0.784298464856797
0.8300501958162432
0.7593429752425533
0.48759540396824536
0.6803352448726376
0.7125163673216172
0.8980232603283291
0.39391871481631674
1.1180227754373908
0.9782857118642669
0.8829740506653406
0.8092539544710404
1.33960744559588
1.6107168194785606
0.8428428248973717
0.755424530586923
0.5792989036109021
1.2012012091298776
0.8383686923543243
0.3548354871019104
0.5967624391549935
0.9130724699913173
0.4170133493748296
0.7160920475937259
0.7268190884100525
0.821731699278162
1.193916670368509
1.8042435437165707
0.47866047700941394
0.8829740506653406
0.8729412442233485
0.8779576474443445
0.6946379659610731
0.8009354579329592
0.8175724510091216
0.9532036957592861
0.9331380828753019
0.821731699278162
0.8578920345603601
1.3793803807119651
0.3885891837643523
1.2157702866526148
1.0570144330362303
0.6874866054168554
0.8829740506653406
0.5398276895933803
0.8342094440852837
0.8829740506653406
0.5345648610577108
1.8919009744470492
0.8342094440852837
0.7718207200496752
0.8879904538863368
1.3104692905504058
1.1729302835984357
0.9231052764333095
0.7089406870495083
0.7303947686821612
0.6839109251447466
0.9682529054222746
0.8383686923543243
0.9130724699913173
0.94818729253829
1.3104692905504058
0.8578920345603601
0.7411218094984878
0.792616961394878
0.7053650067773994
1.0814177699966945
0.737546129226379
1.208485747891246
0.7759799683187159
0.8779576474443445
0.4228171835167181
0.9180888732123134
0.6982136462331818
0.9331380828753019
1.0083841311902435
1.2157702866526148
0.5967624391549935
1.1729302835984357
0.7593429752425533
0.7446974897705967
0.639941744052308
0.6946379659610731
0.7160920475937259
0.7482731700427054
0.9582200989802823
0.9180888732123134
0.7801392165877563
0.7446974897705967
0.737546129226379
0.7718207200496752
1.0570144330362303
4.35402625161417
1.0033677279692472
0.7160920475937259
2.739256138175009
0.8383686923543243
1.411726534558119
0.9231052764333095
0.639941744052308
0.8383686923543243
3.192152863615815
0.7053650067773994
1.5640205396340299
0.6598706540049146
0.784298464856797
1.0033677279692472
0.7518488503148142
0.8980232603283291
0.7718207200496752
0.7446974897705967
0.7089406870495083
0.9180888732123134
0.7160920475937259
1.84807225908181
0.9632365022012784
0.8779576474443445
0.9532036957592861
0.7593429752425533
1.4602457653273495
0.792616961394878
0.7482731700427054
0.7232434081379436
0.7759799683187159
1.274046596743563
1.193916670368509
1.716586112986092
1.0814177699966945
0.7718207200496752
2.5639412767140515
0.9431708893172942
0.67318388432842
0.48759540396824536
0.7759799683187159
0.643263229044409
0.9632365022012784
0.9130724699913173
0.8092539544710404
0.7801392165877563
0.7801392165877563
0.67318388432842
0.6565491690128136
0.6946379659610731
0.7017893265052907
0.821731699278162
0.7676614717806347
0.7268190884100525
0.8383686923543243
1.3551207653273494
0.5503533466647196
1.0204094275955338
1.4036399960965802
1.3874669191735034
0.7303947686821612
1.468332303788888
1.0033677279692472
0.8779576474443445
0.938154486096298
0.9582200989802823
1.244908441698089
0.9030396635493251
0.4898291357079531
0.8980232603283291
0.8729412442233485
0.938154486096298
0.8478592281183679
0.8009354579329592
0.7160920475937259
0.8092539544710404
0.8050947062019997
0.784298464856797
0.7196677278658348
0.9030396635493251
0.6166913491076002
0.6631921389970157
0.639941744052308
1.3712938422504264
0.7196677278658348
0.6598706540049146
0.7411218094984878
1.2521929804594574
0.893006857107333
0.8050947062019997
0.7718207200496752
1.2667620579821943
0.669835108981218
0.9983513247482512
0.6665136239891168
0.4010247562189361
0.9231052764333095
1.0326110960757657
0.7801392165877563
0.7303947686821612
0.8134132027400809
1.1302244439176232
0.8092539544710404
0.7676614717806347
0.8478592281183679
0.9431708893172942
0.9180888732123134
0.5871931464144066
0.7759799683187159
0.9030396635493251
0.9833021150852629
1.5087649960965805
0.94818729253829
1.0753169357565784
0.6839109251447466
0.558247589468224
2.476283845983573
0.8478592281183679
0.8629084377813564
0.8383686923543243
0.7718207200496752
0.7268190884100525
0.7482731700427054
0.8383686923543243
0.8679248410023523
1.573359795602936
0.8258909475472027
0.7160920475937259
0.8879904538863368
0.8009354579329592
0.8779576474443445
0.7676614717806347
0.6598706540049146
0.7759799683187159
0.8779576474443445
0.8578920345603601
1.8626818308702227
1.050913598796114
0.784298464856797
0.9833021150852629
0.821731699278162
0.7268190884100525
1.1607286151182037
0.6332987740681056
1.4036399960965802
1.193916670368509
0.821731699278162
0.5161449611828671
1.2667620579821943
1.4925919191735035
0.6631921389970157
1.3031847517890374
0.8879904538863368
0.9331380828753019
0.7196677278658348
0.7446974897705967
0.6839109251447466
1.2886156742663002
2.169482838426898
0.737546129226379
0.8528756313393641
0.6332987740681056
1.1363252781577393
0.7884577131258375
0.7232434081379436
0.7446974897705967
0.402801266569591
1.193916670368509
2.973009286789618
0.8009354579329592
0.7446974897705967
1.0875186042368108
0.6532276840207124
0.821731699278162
1.1363252781577393
1.3712938422504264
0.8175724510091216
0.6665136239891168
0.7759799683187159
0.7801392165877563
0.9732693086432708
0.8578920345603601
0.8478592281183679
0.8258909475472027
0.9782857118642669
0.9331380828753019
0.9632365022012784
0.9431708893172942
0.9833021150852629
0.9632365022012784
1.1180227754373908
1.526663515758405
0.7160920475937259
0.7593429752425533
0.6874866054168554
3.65779445030101
0.821731699278162
0.7759799683187159
0.7518488503148142
0.7759799683187159
1.1180227754373908
1.0570144330362303
1.050913598796114
0.755424530586923
0.8092539544710404
0.7232434081379436
1.5640205396340299
0.8300501958162432
0.6910622856889642
0.7518488503148142
1.0387119303158818
1.0570144330362303
1.0326110960757657
1.0083841311902435
0.7884577131258375
0.993334921527255
1.4198130730196572
0.8383686923543243
1.9065105462354623
0.8528756313393641
0.6910622856889642
0.7759799683187159
0.7053650067773994
1.7458052565629185
1.0753169357565784
0.7053650067773994
0.9732693086432708
0.8528756313393641
0.8428428248973717
0.8829740506653406
1.2303393641753517
0.9130724699913173
1.1241236096775071
1.0692161015164625
0.8478592281183679
1.0875186042368108
0.8050947062019997
0.6631921389970157
0.9532036957592861
1.0997202727170428
0.7518488503148142
0.8879904538863368
1.0083841311902435
0.737546129226379
0.9782857118642669
0.9833021150852629
1.1180227754373908
0.5240392039863716
0.9130724699913173
1.5826990515718422
0.5345648610577108
2.0818254076964195
0.8528756313393641
1.2886156742663002
0.94818729253829
0.8092539544710404
0.7232434081379436
0.8829740506653406
1.0265102618356499
0.9281216796543057
0.4987640626667845
0.9130724699913173
0.6767595646005289
0.893006857107333
1.4764188422504265
1.1180227754373908
0.8578920345603601
0.7411218094984878
0.9331380828753019
0.792616961394878
1.2521929804594574
1.3104692905504058
1.500678457635042
1.3632073037888879
1.8772914026586363
0.7303947686821612
1.0997202727170428
1.0814177699966945
0.893006857107333
0.784298464856797
0.755424530586923
1.0143085933554177
0.8050947062019997
0.7759799683187159
0.643263229044409
0.8779576474443445
0.7967762096639186
0.9281216796543057
0.7160920475937259
0.938154486096298
0.6946379659610731
0.5608790037360587
0.7518488503148142
0.7089406870495083
1.1241236096775071
0.893006857107333
0.7411218094984878
0.6874866054168554
0.7089406870495083
0.508250718379363
0.8342094440852837
1.2012012091298776
1.4278996114811957
0.9231052764333095
1.2813311355049315
2.0526062641195932
0.9231052764333095
0.8175724510091216
1.1668294493583196
0.6803352448726376
1.0387119303158818
0.8679248410023523
2.3155785563110287
1.1668294493583196
0.36016501815387486
0.8829740506653406
0.7303947686821612
0.9682529054222746
1.1180227754373908
1.0387119303158818
0.893006857107333
