1.6117493721109393
0.6320662587867837
0.7587501622187979
0.7284470240741259
0.35769385675546317
0.9783115924643451
0.7384509891811837
0.718443058967068
0.9078170409136325
0.527718241497788
0.96891231892425
0.8141572210423272
0.6519884246074268
0.6406043298527735
1.0116828692782773
0.9313152247638701
0.626374211409457
1.040722924526896
0.718443058967068
0.6951004737172662
0.6984351287529522
0.7084390938600101
0.6320662587867837
0.8984177673735376
0.6750925435031505
1.2221483296708724
0.718443058967068
1.0523389466263435
0.6121440929661408
0.6690645667394064
0.4890116860761982
0.603606021900151
0.6984351287529522
0.8608206732131576
0.6292202350981204
0.7864536916305626
1.1510751344716472
0.865520309983205
0.6850965086102084
0.7451202992525557
0.6434503535414368
0.959513045384155
0.8141572210423272
0.6917658186815803
0.6292202350981204
1.1278430902727523
0.7117737488956961
1.0018097763145826
1.4915192496081657
0.8062419269246802
1.194472476112666
0.7745807504540919
0.6377583061641102
1.0697629797755148
0.6750925435031505
0.5523448886427368
1.2567431466186305
0.6320662587867837
0.603606021900151
0.7284470240741259
0.5572702180717265
0.603606021900151
1.1278430902727523
0.7284470240741259
0.8141572210423272
0.499250303071572
0.6007599982114876
0.5178675826398085
0.666218543050743
0.6548344482960899
0.6984351287529522
1.0639549687257912
0.9407144983039651
0.72511236903844
1.1875535127231145
0.6605264956734166
0.5449568944992521
0.5950679508341611
1.1394591123721998
0.7017697837886382
0.715108403931382
0.6178361403434672
1.4915192496081657
0.586822194645665
0.72511236903844
0.959513045384155
0.5646582122152112
0.7706231033952684
0.6519884246074268
0.9078170409136325
0.7551242643596136
0.9266155879938225
0.8843188570633952
0.4951548562734224
0.8937181306034901
0.6951004737172662
1.040722924526896
0.7864536916305626
0.3968025566198305
0.7864536916305626
0.718443058967068
0.8379031033952684
0.6917658186815803
0.634912282475447
0.7384509891811837
0.6519884246074268
0.8843188570633952
0.38865491081475395
0.8890184938334426
0.6292202350981204
1.7098923615717738
0.9454141350740127
1.3468656423458631
1.1806345493335626
0.626374211409457
1.1046110460738574
0.6178361403434672
0.5597328827862215
0.8260301622187979
0.9219159512237751
0.718443058967068
0.6690645667394064
0.6121440929661408
1.1220350792230285
0.4767253456817496
0.6462963772301
0.6292202350981204
0.3788777358486622
0.8220725151599743
0.666218543050743
0.96891231892425
0.865520309983205
0.5326435709267778
0.6377583061641102
0.6605264956734166
0.6235281877207939
0.7627078092776213
0.8299878092776213
0.5646582122152112
0.91251667768368
2.6981246504001124
0.6491424009187634
0.5979139745228244
0.9548134086141077
0.6092980692774774
1.1046110460738574
0.959513045384155
0.527718241497788
0.5449568944992521
0.6884311636458943
0.7051044388243242
0.4705821754845254
0.5843595299311702
2.1252363670213654
0.5548075533572316
0.9642126821542026
0.8022842798658567
1.7528589828251797
0.9031174041435851
1.017490880328001
0.6605264956734166
0.6633725193620797
0.6784271985388365
0.6917658186815803
0.567120876929706
0.6548344482960899
0.865520309983205
0.6092980692774774
0.7904113386893861
0.7551242643596136
0.5843595299311702
0.4828685158789739
0.5572702180717265
0.5745088710731907
0.7864536916305626
0.9031174041435851
0.634912282475447
1.695570154487305
1.387047199918725
0.7484549542882416
0.7666654563364449
0.40657973158592237
0.6817618535745225
0.6984351287529522
0.6491424009187634
0.8339454563364449
0.7417856442168698
0.6519884246074268
0.5979139745228244
0.4951548562734224
0.5922219271454978
0.9219159512237751
0.567120876929706
1.0065094130846302
0.5950679508341611
0.7451202992525557
0.4910594094752729
0.6605264956734166
0.6784271985388365
0.6292202350981204
0.7384509891811837
0.6750925435031505
0.5843595299311702
0.7627078092776213
0.7217777140027539
0.7017697837886382
0.7051044388243242
0.7284470240741259
0.6690645667394064
0.5893759034568345
0.7587501622187979
0.586822194645665
0.586822194645665
0.9642126821542026
0.7351163341454977
1.0697629797755148
0.5893759034568345
0.6206821640321306
0.6206821640321306
1.7671811899096486
0.6206821640321306
0.8220725151599743
0.33380832318847803
0.6491424009187634
0.7904113386893861
0.6576804719847532
0.6064520455888143
0.7864536916305626
0.5129422532108187
1.5681290401607315
0.5695835416442009
0.6576804719847532
0.5326435709267778
1.1568831455213713
0.8022842798658567
0.6719105904280696
0.4890116860761982
0.7117737488956961
0.6092980692774774
0.4828685158789739
0.44191404789747885
0.7117737488956961
0.8141572210423272
0.7417856442168698
0.6007599982114876
0.865520309983205
0.7551242643596136
0.372359619204601
0.5621955475007163
0.6377583061641102
0.6576804719847532
0.6850965086102084
0.5646582122152112
1.04653093557662
0.4705821754845254
1.1046110460738574
0.634912282475447
0.7517896093239276
1.7385367757407109
0.3397690359842948
0.7284470240741259
0.439866324498404
0.7117737488956961
0.5745088710731907
0.6576804719847532
0.3805072650096775
0.6951004737172662
0.7451202992525557
0.7587501622187979
0.7666654563364449
1.0291069024274486
0.8181148681011509
1.5157846418204826
0.8937181306034901
0.7484549542882416
0.7484549542882416
0.9078170409136325
0.567120876929706
0.38865491081475395
0.7351163341454977
0.8299878092776213
0.7943689857482097
0.6917658186815803
0.8749195835232999
0.8420221261329676
0.3853958524927234
1.04653093557662
0.7451202992525557
0.49310713287434765
0.634912282475447
0.8299878092776213
0.6434503535414368
0.865520309983205
0.8062419269246802
0.7517896093239276
0.626374211409457
0.7317816791098117
0.6884311636458943
0.6292202350981204
0.715108403931382
0.7284470240741259
0.7351163341454977
0.7451202992525557
0.7587501622187979
0.7943689857482097
0.7627078092776213
0.6491424009187634
0.6984351287529522
0.6434503535414368
0.6235281877207939
0.5572702180717265
0.8702199467532525
0.7666654563364449
0.6491424009187634
1.3328517439036986
0.5950679508341611
0.7217777140027539
1.1806345493335626
0.6121440929661408
0.7551242643596136
0.8101995739835037
0.666218543050743
1.3468656423458631
0.9407144983039651
0.8141572210423272
0.7417856442168698
0.6178361403434672
0.499250303071572
0.6719105904280696
0.6064520455888143
0.7217777140027539
0.43372315430117986
0.6750925435031505
0.499250303071572
1.1394591123721998
0.7284470240741259
0.666218543050743
0.6519884246074268
0.6320662587867837
0.626374211409457
0.8299878092776213
1.0581469576760676
0.6951004737172662
0.5523448886427368
0.7084390938600101
0.6984351287529522
0.7117737488956961
0.7517896093239276
0.6092980692774774
0.4685344520854506
0.8141572210423272
0.7117737488956961
0.8141572210423272
0.6377583061641102
0.6206821640321306
0.9454141350740127
0.6719105904280696
0.8299878092776213
0.5548075533572316
0.5695835416442009
0.3853958524927234
0.567120876929706
0.5449568944992521
0.5449568944992521
0.6064520455888143
0.530180906212283
0.6377583061641102
0.6884311636458943
0.5572702180717265
0.7217777140027539
0.5950679508341611
2.869991135413736
0.4869639626771234
0.7551242643596136
0.8299878092776213
1.1684991676208185
0.6784271985388365
0.35769385675546317
0.7051044388243242
0.7904113386893861
0.6206821640321306
0.5720462063586959
0.6576804719847532
0.6434503535414368
0.6917658186815803
1.2844190001768372
0.5621955475007163
0.5950679508341611
0.8608206732131576
0.5154049179253136
0.666218543050743
0.9736119556942977
1.6117493721109393
0.6633725193620797
0.8890184938334426
0.626374211409457
0.5843595299311702
0.6292202350981204
1.1743071786705426
1.0639549687257912
0.8141572210423272
0.6406043298527735
0.38376632333170807
0.5843595299311702
0.6817618535745225
0.6092980692774774
0.666218543050743
0.49720257967249715
0.6178361403434672
0.5950679508341611
0.718443058967068
0.6178361403434672
0.7451202992525557
0.5449568944992521
0.6406043298527735
0.41961596487404484
0.6178361403434672
0.98771086600444
0.7627078092776213
0.5252555767832932
0.8514213996730625
0.85612103644311
0.6292202350981204
0.6064520455888143
0.8220725151599743
0.7217777140027539
0.6719105904280696
0.6434503535414368
0.4357708777002546
0.8937181306034901
0.4316754309021051
0.8181148681011509
0.6406043298527735
0.9830112292343927
1.1394591123721998
0.5375689003557674
0.4705821754845254
0.6121440929661408
0.6850965086102084
1.040722924526896
0.5843595299311702
1.3328517439036986
0.8890184938334426
0.6784271985388365
0.6784271985388365
0.6519884246074268
0.718443058967068
2.8986355495826737
0.439866324498404
0.5950679508341611
0.6206821640321306
0.8514213996730625
0.6491424009187634
0.7785383975129154
0.72511236903844
0.865520309983205
0.5950679508341611
1.2498241832290788
0.9501137718440601
0.9266155879938225
0.5621955475007163
1.1684991676208185
0.6178361403434672
0.7284470240741259
0.8141572210423272
0.715108403931382
0.8702199467532525
0.5720462063586959
1.1452671234219236
0.8022842798658567
0.9313152247638701
1.0581469576760676
0.8062419269246802
0.5597328827862215
0.8062419269246802
0.5794342005021804
0.8022842798658567
0.5950679508341611
0.7517896093239276
0.7864536916305626
1.1452671234219236
0.6178361403434672
0.7051044388243242
0.5950679508341611
0.6784271985388365
0.6434503535414368
0.8843188570633952
