696.0
709.0
674.0
677.0
699.0
733.0
702.0
678.0
628.0
770.0
753.0
976.0
651.0
672.0
763.0
679.0
622.0
670.0
710.0
720.0
714.0
711.0
676.0
714.0
759.0
793.0
894.0
701.0
653.0
658.0
661.0
652.0
698.0
663.0
667.0
710.0
670.0
725.0
778.0
707.0
635.0
838.0
745.0
695.0
664.0
1104.0
682.0
605.0
738.0
806.0
626.0
659.0
709.0
683.0
721.0
718.0
734.0
732.0
660.0
588.0
699.0
681.0
675.0
670.0
652.0
746.0
712.0
923.0
727.0
658.0
668.0
761.0
690.0
672.0
736.0
811.0
672.0
712.0
634.0
640.0
703.0
739.0
679.0
755.0
594.0
631.0
781.0
722.0
701.0
729.0
770.0
664.0
761.0
703.0
683.0
673.0
720.0
661.0
773.0
674.0
764.0
700.0
679.0
844.0
748.0
730.0
811.0
674.0
705.0
774.0
681.0
722.0
792.0
660.0
818.0
662.0
769.0
813.0
703.0
763.0
729.0
773.0
681.0
668.0
610.0
650.0
709.0
649.0
721.0
815.0
669.0
666.0
645.0
878.0
708.0
685.0
696.0
839.0
657.0
677.0
688.0
717.0
689.0
681.0
680.0
664.0
716.0
689.0
783.0
765.0
680.0
745.0
689.0
715.0
757.0
789.0
763.0
662.0
699.0
637.0
632.0
850.0
747.0
684.0
649.0
643.0
697.0
654.0
713.0
674.0
654.0
656.0
651.0
804.0
700.0
690.0
620.0
639.0
628.0
697.0
668.0
654.0
791.0
658.0
863.0
743.0
805.0
688.0
711.0
717.0
643.0
689.0
683.0
982.0
659.0
692.0
723.0
693.0
717.0
670.0
643.0
669.0
654.0
672.0
758.0
735.0
713.0
646.0
741.0
761.0
683.0
662.0
816.0
658.0
869.0
686.0
664.0
695.0
785.0
843.0
714.0
706.0
698.0
720.0
697.0
663.0
661.0
678.0
693.0
813.0
778.0
699.0
674.0
794.0
653.0
670.0
921.0
653.0
676.0
597.0
657.0
684.0
629.0
651.0
807.0
629.0
644.0
646.0
852.0
666.0
672.0
632.0
660.0
661.0
658.0
713.0
669.0
629.0
731.0
723.0
674.0
666.0
650.0
749.0
637.0
669.0
648.0
756.0
685.0
688.0
770.0
672.0
635.0
670.0
689.0
661.0
644.0
659.0
698.0
605.0
832.0
649.0
700.0
656.0
684.0
682.0
681.0
640.0
686.0
679.0
670.0
825.0
633.0
705.0
759.0
692.0
658.0
698.0
753.0
742.0
736.0
672.0
645.0
661.0
960.0
713.0
708.0
758.0
734.0
660.0
590.0
712.0
750.0
662.0
693.0
645.0
694.0
677.0
646.0
712.0
658.0
653.0
689.0
708.0
667.0
674.0
670.0
727.0
775.0
651.0
668.0
700.0
784.0
650.0
718.0
634.0
692.0
718.0
699.0
729.0
682.0
681.0
791.0
641.0
685.0
808.0
659.0
695.0
845.0
703.0
752.0
845.0
697.0
760.0
715.0
717.0
776.0
637.0
659.0
683.0
665.0
676.0
758.0
673.0
667.0
649.0
700.0
660.0
644.0
664.0
837.0
627.0
688.0
734.0
642.0
710.0
714.0
786.0
745.0
626.0
738.0
689.0
706.0
661.0
705.0
653.0
774.0
856.0
742.0
672.0
669.0
650.0
692.0
642.0
734.0
642.0
763.0
797.0
668.0
699.0
719.0
776.0
730.0
630.0
714.0
657.0
600.0
666.0
675.0
709.0
662.0
684.0
690.0
725.0
694.0
653.0
836.0
674.0
683.0
623.0
857.0
692.0
654.0
693.0
672.0
729.0
672.0
780.0
633.0
663.0
813.0
678.0
636.0
786.0
645.0
666.0
722.0
687.0
623.0
663.0
645.0
682.0
661.0
650.0
781.0
670.0
742.0
844.0
596.0
634.0
759.0
706.0
661.0
730.0
733.0
694.0
674.0
649.0
653.0
720.0
674.0
761.0
751.0
697.0
668.0
730.0
672.0
672.0
669.0
661.0
677.0
825.0
590.0
700.0
733.0
641.0
708.0
681.0
677.0
