0.681000441498238
0.7828611655380547
0.8398781146905968
0.6944188698987167
0.6441506263230242
0.6977734769988364
0.6977734769988364
0.7380287622002725
0.6531452787294413
1.1079466810068135
0.7584253301869652
0.9372680512764888
0.8072970008891442
0.8235875577898705
0.47971498022731407
0.9140424229970078
0.402007958060271
0.9233326743088003
1.0900085366769166
0.7747158870876916
1.6023586587463603
0.8398781146905968
0.9419131769323847
0.7279649408999135
1.0900085366769166
1.3322140681217787
0.7910064439884179
1.3391301865428313
0.7828611655380547
1.0541322480171227
1.8897070867244126
1.0720703923470196
0.8722362920939422
0.8815265434057348
0.8113696401143258
1.235388410227042
0.5754937840376735
0.7910064439884179
1.0361941036872258
0.7179011195995545
1.2492206470691471
0.7413833693003923
1.0959879181202157
0.8235875577898705
0.9326229256205926
0.6501470612606356
0.5227213938494246
0.701128084098956
0.7447379764005118
0.7145465124994347
0.7584253301869652
1.0660910109037207
0.6877096556984774
1.9760446690667857
1.0601116294604216
0.681000441498238
0.7179011195995545
0.3971354204009431
0.8113696401143258
0.7212557266996742
0.7869338047632363
1.346103906068786
1.6302525227596272
0.7346741551001528
0.42372829454020045
0.8443655381585653
2.522849357235149
0.4497221128949318
1.7170319220396661
0.7413833693003923
0.9093972973411117
1.1318642067800095
0.491712127160267
1.2423045286480945
0.8398781146905968
0.7910064439884179
0.8722362920939422
0.9697839308677618
0.8032243616639627
0.6843550485983577
1.8033695043820392
0.57069629402056
0.7313195480000332
1.3322140681217787
0.8722362920939422
1.6581463867728943
0.8490106638144616
0.7179011195995545
1.4788522811848495
0.6977734769988364
1.3695300899127973
0.4557206863614082
0.4697173577831867
0.7747158870876916
0.7413833693003923
0.8861716690616307
1.4007650017048126
1.1869755812796736
0.6501470612606356
0.9140424229970078
1.5651668400620045
0.7447379764005118
0.9279777999646963
0.8032243616639627
0.7548017977008709
0.7910064439884179
1.4476173693928347
0.7279649408999135
0.9883644334913466
1.2838012391744102
0.8113696401143258
1.1139260624501124
0.8908167947175271
0.8032243616639627
0.9651388052118658
0.6411524088542185
0.8398781146905968
1.0541322480171227
1.4319999134968273
0.7869338047632363
0.7279649408999135
1.1438229696666071
0.7447379764005118
0.7548017977008709
1.4241911855488234
0.8032243616639627
0.7706432478625099
1.0900085366769166
1.0481528665738238
0.7279649408999135
1.0840291552336174
0.6776458343981184
0.681000441498238
1.214640054963884
0.9604936795559696
0.691064262798597
0.9651388052118658
1.0481528665738238
0.7950790832135994
1.0481528665738238
0.665138148604664
0.9093972973411117
0.7910064439884179
0.5347151188922085
1.1557817325532054
1.235388410227042
0.9093972973411117
0.8358054754654153
0.711191905399315
0.9140424229970078
0.5850887640719006
0.6141684516349672
0.7313195480000332
1.200807818121779
1.3114657128586207
0.6776458343981184
0.9883644334913466
0.9233326743088003
0.6977734769988364
1.214640054963884
0.5515063339521058
0.8276601970150522
0.8398781146905968
0.7246103337997938
0.9651388052118658
0.4377249659619789
0.9279777999646963
0.8358054754654153
1.0660910109037207
1.702642324982604
1.5022784650288605
1.346103906068786
1.5022784650288605
0.7584253301869652
0.9372680512764888
0.3873903450822872
0.7179011195995545
0.9140424229970078
2.191888624922719
0.7413833693003923
0.9279777999646963
1.4007650017048126
0.8722362920939422
2.292615804322154
1.4241911855488234
1.4163824576008197
0.7991517224387811
1.0069449361149314
0.8768814177498385
1.3695300899127973
0.7313195480000332
2.1774990278656565
0.8398781146905968
0.665138148604664
0.8908167947175271
0.5227213938494246
1.5651668400620045
0.7279649408999135
0.8768814177498385
0.8195149185646889
0.7869338047632363
0.9233326743088003
0.8358054754654153
0.8398781146905968
1.5186770667065594
1.4866610091328532
0.48771307818261594
1.0720703923470196
0.6742912272979987
0.8398781146905968
3.833358957270369
0.7584253301869652
0.8443655381585653
0.47971498022731407
0.8072970008891442
0.7624979694121468
1.01227657791403
0.6681363660734698
0.9001070460293192
0.6621399311358585
1.439808641444831
0.7212557266996742
0.9233326743088003
0.7179011195995545
0.8154422793395073
3.1703812248029477
0.7706432478625099
0.9140424229970078
1.1677404954398032
0.7665706086373284
0.8398781146905968
1.2768851207533578
0.8235875577898705
0.8358054754654153
0.6501470612606356
0.7145465124994347
0.9372680512764888
1.0481528665738238
0.8072970008891442
1.0601116294604216
0.5778925290462302
0.7747158870876916
0.8768814177498385
0.48971260267144145
0.9651388052118658
1.4866610091328532
0.3743969113240794
0.8815265434057348
0.9372680512764888
0.400383778840495
0.7548017977008709
1.1258848253367104
1.463234825288842
1.6882527279255417
0.9419131769323847
0.7380287622002725
1.0481528665738238
0.7044826911990757
0.7413833693003923
0.701128084098956
0.8235875577898705
0.5778925290462302
1.5372729760487376
0.6621399311358585
0.6877096556984774
0.9651388052118658
1.0481528665738238
0.9419131769323847
0.6742912272979987
0.7584253301869652
0.9047521716852156
0.9883644334913466
0.7044826911990757
1.0541322480171227
0.8490106638144616
0.9326229256205926
0.6742912272979987
1.0780497737903185
0.7279649408999135
0.8072970008891442
0.665138148604664
1.9328758778955988
0.47771545573848856
0.5323163738836517
0.9419131769323847
1.0660910109037207
0.7246103337997938
1.1737198768831019
0.6776458343981184
0.7950790832135994
0.6291595389789957
0.9140424229970078
0.8398781146905968
1.0959879181202157
0.8490106638144616
0.8722362920939422
0.7665706086373284
1.2284722918059892
0.8583009151262538
0.6321577564478015
1.1079466810068135
0.8583009151262538
0.6501470612606356
1.439808641444831
0.7179011195995545
0.520322648840868
0.7514471906007512
1.1938916997007263
0.8583009151262538
0.8398781146905968
0.9093972973411117
0.6843550485983577
0.4166255710382548
0.40363213728004693
0.9326229256205926
3.0264852542323255
0.8235875577898705
0.7447379764005118
1.6302525227596272
0.8195149185646889
0.8276601970150522
0.7910064439884179
1.9616550720097234
0.701128084098956
0.7828611655380547
0.7078372982991955
0.8722362920939422
0.9651388052118658
0.711191905399315
1.3929562737568084
1.0069449361149314
0.9883644334913466
0.9976546848031388
1.0720703923470196
1.4163824576008197
0.8536557894703577
0.9976546848031388
0.8443655381585653
0.8675911664380462
0.9326229256205926
0.8195149185646889
1.0361941036872258
0.8113696401143258
0.7747158870876916
1.0421734851305249
2.0048238631809103
0.8276601970150522
2.522849357235149
0.549107588943549
1.8753174896673503
1.4944697370808568
1.235388410227042
0.8536557894703577
1.4241911855488234
0.9697839308677618
0.7950790832135994
0.9001070460293192
1.1438229696666071
0.7413833693003923
1.3851475458088047
0.6944188698987167
1.9472654749526612
0.7548017977008709
0.6441506263230242
0.9140424229970078
0.4397244904508044
0.8722362920939422
0.6381541913854127
1.346103906068786
1.018255959357329
0.9651388052118658
0.7447379764005118
0.7346741551001528
0.9697839308677618
0.7179011195995545
0.8490106638144616
1.2838012391744102
0.5155251588237544
0.6111702341661616
0.9465583025882811
0.9140424229970078
0.7514471906007512
2.494070163121025
0.7747158870876916
0.9790741821795543
0.8490106638144616
1.1498023511099063
0.7548017977008709
0.8908167947175271
0.7380287622002725
0.7380287622002725
0.6944188698987167
0.9790741821795543
0.9047521716852156
1.6767422961150722
0.8032243616639627
0.9744290565236581
1.5186770667065594
1.9040966837814746
0.6877096556984774
1.2838012391744102
1.214640054963884
1.6116566134174493
0.7665706086373284
1.5930607040752713
0.9326229256205926
0.701128084098956
0.7548017977008709
0.7624979694121468
0.7413833693003923
0.9512034282441773
0.7212557266996742
0.8536557894703577
0.6411524088542185
0.8235875577898705
1.2215561733849367
0.7747158870876916
0.7869338047632363
1.2976334760165156
1.01227657791403
1.3695300899127973
0.8195149185646889
0.7706432478625099
0.691064262798597
1.2630528839112523
1.7170319220396661
0.7991517224387811
0.6944188698987167
0.9279777999646963
0.86294604078215
0.8195149185646889
0.4817145047161395
1.269969002332305
0.8536557894703577
0.7179011195995545
0.9047521716852156
1.0900085366769166
0.49771070062674344
0.9093972973411117
0.7787885263128731
0.701128084098956
0.9651388052118658
1.1617611139965043
0.8490106638144616
0.6877096556984774
0.7246103337997938
1.0481528665738238
0.6944188698987167
16.361653867495235
0.8536557894703577
0.7869338047632363
0.6411524088542185
2.3933429837215896
0.9744290565236581
0.701128084098956
0.41824975025803074
0.7145465124994347
1.0302147222439269
0.7212557266996742
0.7869338047632363
0.701128084098956
1.408573729652816
0.6321577564478015
0.7380287622002725
0.8536557894703577
0.7346741551001528
0.7447379764005118
0.6021755817597444
0.8583009151262538
0.9140424229970078
0.9093972973411117
2.1199406396374076
1.1318642067800095
0.7145465124994347
0.9047521716852156
3.2998875983165075
0.691064262798597
1.1139260624501124
1.0302147222439269
0.7624979694121468
0.8154422793395073
0.7991517224387811
1.5100871929768647
0.7828611655380547
1.1869755812796736
2.9257580748328906
0.8861716690616307
0.9419131769323847
1.0780497737903185
0.8722362920939422
1.9040966837814746
0.8195149185646889
1.3183818312796733
