0.8292303085547035
0.531773928696346
0.7393798990629188
0.5655729830698685
0.6369915456982577
1.2416512140256943
0.8766480055881324
1.2143282770536346
0.6695044322961959
0.7764557679899342
0.7182795406399797
0.65505426047489
0.5437030067105304
0.5755138814150221
0.6442166316089107
0.6008661161449931
0.7001935191346036
1.301761675364226
0.6514417175195636
0.6406040886535842
0.6658918893408694
1.2689741509977543
0.6514417175195636
0.6442166316089107
0.5735257017459915
0.3861638980376164
0.715265203722417
0.6622793463855429
0.4415370969507664
0.3637914675660324
0.5635848034008377
0.4599952588163357
0.3963331846156091
0.5834666000911451
0.7333512252277934
0.5576202643937456
0.5834666000911451
0.8179214784336815
0.7182795406399797
1.023454847189699
0.6369915456982577
0.7001935191346036
0.7182795406399797
0.6514417175195636
0.7544515836507324
0.9581007900917642
1.318155437547462
0.757607717788231
0.8367695286353849
0.6911505083819153
0.7212938775575425
0.7393798990629188
0.7454085728980442
0.9671510994810568
0.5556320847247148
0.6406040886535842
0.7182795406399797
0.7333512252277934
0.6658918893408694
0.6658918893408694
0.5834666000911451
0.5596084440627762
0.8405391386757256
0.6760788237941018
0.48306796114829725
0.6658918893408694
0.7839949880706156
1.17086016800347
0.6911505083819153
0.8675976961988399
0.5536439050556841
0.68512183454679
0.7212938775575425
1.1498022650300743
0.6881361714643526
0.6760788237941018
0.8367695286353849
0.608091202055646
0.647829174564237
0.56954934240793
0.56954934240793
0.6406040886535842
1.4568254466980521
0.4044686138780033
0.7333512252277934
0.6695044322961959
0.5576202643937456
0.5198448506821616
0.7122508668048544
0.7363655621453561
3.1513312274622782
1.1445377892867252
0.7454085728980442
0.7393798990629188
1.4568254466980521
0.8405391386757256
0.7001935191346036
0.994302027648934
1.044512750163095
0.6333790027429312
0.8216910884740222
0.6971791822170408
0.5936410302343402
0.5814784204221144
0.4187056150871932
0.6622793463855429
0.8992737790613634
0.5874429594292065
1.1655956922601212
0.6760788237941018
0.6730644868765391
0.8103822583530004
0.6333790027429312
0.6333790027429312
0.7764557679899342
1.1182154105699806
1.2689741509977543
0.5900284872790136
0.608091202055646
0.5936410302343402
0.7651469378689123
0.7182795406399797
0.6730644868765391
0.6008661161449931
0.3820961834064194
0.5218330303511923
0.7393798990629188
0.5038333932470627
0.6941648452994781
0.7062221929697289
0.757607717788231
0.3759946114596237
0.5118921320060386
0.5576202643937456
0.6586668034302166
0.9852517182596416
0.6730644868765391
1.192469927475987
0.3556560383036382
0.7726861579495936
0.6008661161449931
0.8585473868095473
0.7613773278285716
0.36582532488163094
0.8947486243667172
0.780225378030275
0.5377384677034381
0.5635848034008377
0.68512183454679
0.4484589076503549
1.187005340081575
0.6189288309216254
0.5675611627388992
1.908391343300105
0.5437030067105304
0.6189288309216254
0.8216910884740222
0.6586668034302166
0.7454085728980442
0.8141518683933409
0.9852517182596416
0.8103822583530004
0.6911505083819153
0.7764557679899342
0.727322551392668
0.994302027648934
0.5735257017459915
0.5596084440627762
0.8992737790613634
0.5655729830698685
0.757607717788231
0.872122850893486
0.6369915456982577
0.5476793660485919
0.7764557679899342
0.7032078560521662
0.757607717788231
0.5496675457176226
0.7915342081512968
0.8811731602827786
0.7651469378689123
0.5874429594292065
0.6881361714643526
0.6730644868765391
0.7243082144751052
0.8066126483126596
0.6117037450109724
0.7393798990629188
0.5814784204221144
1.0033523370382265
0.5635848034008377
0.802843038272319
0.8292303085547035
0.6442166316089107
0.4461516374171588
0.7303368883102306
0.5735257017459915
0.7393798990629188
0.6658918893408694
1.0866285561098867
0.8630725415041935
0.7092365298872917
1.3677128639165952
0.5735257017459915
0.6790931607116645
0.7613773278285716
0.8292303085547035
1.0813640803665376
0.5834666000911451
0.7454085728980442
0.9218995525345944
0.7764557679899342
0.56954934240793
0.8103822583530004
0.608091202055646
0.5972535731896665
0.7651469378689123
0.5972535731896665
0.5675611627388992
0.6008661161449931
0.4024347565624048
0.7613773278285716
0.6514417175195636
0.7651469378689123
0.46460979928272805
0.6117037450109724
0.8947486243667172
0.715265203722417
0.7544515836507324
0.8066126483126596
0.5814784204221144
0.4738388802155126
0.7333512252277934
0.7333512252277934
0.727322551392668
0.8254606985143629
0.6971791822170408
0.6971791822170408
0.6760788237941018
0.5874429594292065
0.9264247072292408
3.4433808723164008
0.8216910884740222
0.34955446635684256
1.4048431067422023
0.6333790027429312
0.5794902407530836
0.8856983149774246
0.727322551392668
0.5794902407530836
0.7243082144751052
0.715265203722417
0.6261539168322783
0.7243082144751052
0.6261539168322783
0.6442166316089107
0.715265203722417
0.5675611627388992
0.6261539168322783
0.6881361714643526
0.7333512252277934
0.7726861579495936
0.6514417175195636
0.6658918893408694
0.5854547797601758
0.6586668034302166
0.5576202643937456
0.6760788237941018
0.6790931607116645
0.6225413738769519
0.68512183454679
0.6730644868765391
0.6586668034302166
0.802843038272319
0.6586668034302166
0.715265203722417
0.41667175777159465
0.561596623731807
0.8766480055881324
0.8675976961988399
0.9173743978399483
0.8329999185950442
0.6406040886535842
0.6658918893408694
0.6153162879662989
1.7068335242467798
0.6911505083819153
0.7333512252277934
1.2471158014201065
0.5038333932470627
1.033983798676397
0.4126040431403975
0.9852517182596416
0.5874429594292065
1.318155437547462
0.6189288309216254
0.6008661161449931
0.7484229098156069
0.7182795406399797
0.8405391386757256
0.802843038272319
0.68512183454679
0.890223469672071
0.6225413738769519
0.6760788237941018
1.1182154105699806
0.5377384677034381
0.7651469378689123
1.2143282770536346
0.872122850893486
0.6369915456982577
0.6406040886535842
0.930949861923887
0.7243082144751052
0.6153162879662989
1.2580449762089303
0.8216910884740222
0.5834666000911451
0.6586668034302166
0.6261539168322783
0.727322551392668
0.8367695286353849
0.6586668034302166
0.6730644868765391
2.311506981406755
1.1655956922601212
0.8179214784336815
0.6369915456982577
0.7393798990629188
0.6941648452994781
0.8992737790613634
0.7484229098156069
1.1024219833399336
0.6189288309216254
0.7212938775575425
0.5834666000911451
0.5834666000911451
0.6442166316089107
0.4024347565624048
0.7915342081512968
0.8540222321149011
0.5972535731896665
0.6044786591003195
0.5936410302343402
0.6941648452994781
0.6658918893408694
0.65505426047489
0.6189288309216254
0.5576202643937456
0.7393798990629188
0.5675611627388992
0.9490504807024718
1.1182154105699806
1.1498022650300743
0.8585473868095473
0.6189288309216254
0.6369915456982577
1.0760996046231888
0.7613773278285716
0.6333790027429312
0.715265203722417
0.6333790027429312
0.5516557253866533
0.5874429594292065
0.6760788237941018
0.5675611627388992
0.6881361714643526
0.5437030067105304
0.8405391386757256
0.6911505083819153
0.6442166316089107
0.6658918893408694
0.6514417175195636
0.8254606985143629
0.7032078560521662
0.5936410302343402
0.9354750166185332
0.6369915456982577
0.6117037450109724
1.0918930318532354
0.7062221929697289
0.6586668034302166
0.7243082144751052
0.5675611627388992
0.6225413738769519
0.7764557679899342
0.715265203722417
0.8947486243667172
0.6790931607116645
0.5556320847247148
0.6911505083819153
0.65505426047489
0.7726861579495936
1.318155437547462
0.6911505083819153
0.7122508668048544
0.780225378030275
0.9988271823435804
0.5655729830698685
0.6586668034302166
1.023454847189699
0.7726861579495936
0.6881361714643526
0.5900284872790136
0.6297664597876048
0.5655729830698685
0.5576202643937456
1.885996030071958
0.6911505083819153
0.5755138814150221
1.17086016800347
0.6297664597876048
0.7484229098156069
0.7062221929697289
0.6406040886535842
0.5715375220769607
1.0181903714463498
0.8103822583530004
0.5834666000911451
0.6790931607116645
0.6658918893408694
0.6044786591003195
0.6695044322961959
0.6153162879662989
0.6622793463855429
0.6117037450109724
0.6261539168322783
0.7514372467331696
1.0971575075965845
0.5814784204221144
0.5936410302343402
0.7182795406399797
0.68512183454679
0.8179214784336815
0.6261539168322783
0.6261539168322783
0.7726861579495936
0.3963331846156091
0.647829174564237
1.1234798863133295
0.5972535731896665
0.647829174564237
0.6730644868765391
0.6189288309216254
0.7122508668048544
0.6333790027429312
0.4530734481167472
0.8066126483126596
0.608091202055646
0.7484229098156069
0.6333790027429312
0.9988271823435804
0.780225378030275
0.7953038181916376
0.5755138814150221
0.7651469378689123
0.9445253260078256
0.6658918893408694
0.6189288309216254
0.5834666000911451
0.4323080160179818
0.608091202055646
0.68512183454679
1.0603061773931417
0.3861638980376164
1.0603061773931417
0.7990734282319782
1.044512750163095
0.5900284872790136
0.7839949880706156
0.6658918893408694
0.65505426047489
0.6658918893408694
0.5834666000911451
0.5596084440627762
0.5079157726679772
0.890223469672071
0.6695044322961959
1.0971575075965845
0.5675611627388992
0.6008661161449931
0.5476793660485919
0.36785918219722946
0.6189288309216254
0.8292303085547035
0.5675611627388992
0.6911505083819153
0.6008661161449931
0.6369915456982577
0.647829174564237
0.6189288309216254
0.6911505083819153
0.647829174564237
0.68512183454679
0.5972535731896665
0.6658918893408694
0.6760788237941018
0.68512183454679
0.5337621083653766
0.6225413738769519
0.7092365298872917
0.65505426047489
0.6369915456982577
0.5775020610840529
0.7651469378689123
0.7122508668048544
0.5556320847247148
0.5834666000911451
0.5099039523370079
0.5655729830698685
0.8766480055881324
1.0760996046231888
0.9671510994810568
0.6586668034302166
0.5576202643937456
0.6261539168322783
0.5834666000911451
1.044512750163095
0.8675976961988399
0.7122508668048544
1.2799033257865782
0.5735257017459915
0.4187056150871932
0.6695044322961959
0.5834666000911451
0.7484229098156069
0.6044786591003195
0.7243082144751052
0.68512183454679
0.9626259447864106
0.6514417175195636
0.68512183454679
0.5834666000911451
0.9852517182596416
0.7613773278285716
0.6760788237941018
0.6442166316089107
0.7032078560521662
0.608091202055646
0.4992188527806703
0.6881361714643526
0.6153162879662989
0.647829174564237
0.5814784204221144
1.3454783745195216
0.5794902407530836
0.6117037450109724
0.7613773278285716
0.5834666000911451
0.7363655621453561
0.6514417175195636
0.6189288309216254
0.6760788237941018
0.4126040431403975
0.6658918893408694
0.5814784204221144
0.8329999185950442
0.6881361714643526
0.7032078560521662
0.7514372467331696
0.8540222321149011
0.9400001713131794
0.6695044322961959
0.5437030067105304
1.023454847189699
0.7182795406399797
0.6821074976292273
1.1129509348266315
0.6117037450109724
0.5417148270414996
0.6044786591003195
0.6658918893408694
0.8141518683933409
0.9807265635649954
0.3434528944100469
0.6189288309216254
0.5496675457176226
0.7651469378689123
0.8254606985143629
0.6333790027429312
0.5357502880344074
0.6261539168322783
0.8216910884740222
0.6008661161449931
0.7062221929697289
0.5437030067105304
0.6881361714643526
0.8947486243667172
0.7454085728980442
