756.0
708.0
735.0
709.0
698.0
701.0
690.0
707.0
645.0
698.0
715.0
776.0
746.0
707.0
761.0
736.0
685.0
672.0
688.0
677.0
759.0
690.0
776.0
659.0
686.0
703.0
721.0
700.0
758.0
678.0
693.0
682.0
761.0
702.0
698.0
771.0
764.0
788.0
677.0
705.0
691.0
703.0
672.0
695.0
693.0
625.0
817.0
754.0
680.0
723.0
664.0
706.0
764.0
720.0
755.0
750.0
730.0
777.0
729.0
740.0
760.0
827.0
704.0
823.0
693.0
708.0
684.0
706.0
730.0
682.0
741.0
705.0
721.0
742.0
720.0
669.0
694.0
677.0
789.0
985.0
709.0
863.0
674.0
741.0
679.0
701.0
648.0
718.0
685.0
738.0
731.0
746.0
718.0
750.0
690.0
717.0
794.0
882.0
669.0
697.0
710.0
710.0
759.0
667.0
592.0
706.0
766.0
766.0
690.0
726.0
689.0
720.0
699.0
769.0
656.0
737.0
700.0
741.0
720.0
692.0
873.0
688.0
737.0
683.0
692.0
735.0
803.0
736.0
714.0
682.0
808.0
730.0
761.0
666.0
847.0
590.0
642.0
731.0
718.0
869.0
725.0
757.0
710.0
730.0
677.0
698.0
715.0
713.0
737.0
740.0
755.0
690.0
841.0
693.0
709.0
707.0
718.0
952.0
690.0
730.0
702.0
744.0
913.0
721.0
717.0
882.0
787.0
740.0
712.0
814.0
748.0
758.0
740.0
755.0
685.0
757.0
640.0
756.0
766.0
728.0
696.0
774.0
849.0
764.0
686.0
742.0
627.0
677.0
796.0
697.0
744.0
749.0
914.0
676.0
715.0
751.0
786.0
693.0
852.0
680.0
759.0
786.0
713.0
788.0
721.0
694.0
717.0
787.0
650.0
691.0
677.0
834.0
725.0
695.0
705.0
725.0
724.0
693.0
682.0
805.0
748.0
706.0
681.0
742.0
766.0
680.0
737.0
692.0
673.0
682.0
1032.0
876.0
784.0
680.0
673.0
596.0
714.0
681.0
757.0
709.0
768.0
762.0
749.0
738.0
769.0
861.0
686.0
668.0
778.0
769.0
611.0
618.0
703.0
687.0
632.0
793.0
627.0
638.0
683.0
752.0
791.0
696.0
727.0
747.0
733.0
809.0
683.0
748.0
710.0
769.0
684.0
772.0
734.0
706.0
808.0
743.0
796.0
712.0
864.0
699.0
714.0
680.0
704.0
661.0
712.0
833.0
749.0
629.0
702.0
784.0
723.0
846.0
696.0
677.0
762.0
680.0
805.0
688.0
743.0
742.0
721.0
749.0
694.0
724.0
685.0
726.0
673.0
725.0
722.0
757.0
747.0
677.0
740.0
682.0
750.0
843.0
621.0
709.0
695.0
727.0
731.0
798.0
849.0
865.0
722.0
834.0
695.0
689.0
676.0
738.0
681.0
809.0
730.0
717.0
664.0
750.0
725.0
714.0
689.0
800.0
920.0
741.0
894.0
715.0
682.0
701.0
793.0
765.0
689.0
744.0
829.0
684.0
706.0
717.0
772.0
802.0
759.0
754.0
698.0
700.0
702.0
601.0
709.0
710.0
681.0
690.0
676.0
827.0
710.0
649.0
742.0
745.0
744.0
669.0
764.0
778.0
749.0
666.0
683.0
741.0
702.0
762.0
730.0
762.0
705.0
683.0
699.0
709.0
729.0
670.0
727.0
670.0
736.0
710.0
675.0
783.0
666.0
697.0
689.0
733.0
733.0
684.0
786.0
697.0
695.0
746.0
690.0
705.0
717.0
809.0
681.0
675.0
711.0
721.0
708.0
777.0
665.0
698.0
781.0
689.0
734.0
664.0
687.0
618.0
718.0
721.0
784.0
734.0
744.0
778.0
738.0
661.0
718.0
935.0
669.0
666.0
725.0
741.0
734.0
763.0
715.0
705.0
766.0
626.0
689.0
759.0
783.0
648.0
675.0
674.0
696.0
702.0
703.0
768.0
730.0
727.0
716.0
695.0
689.0
636.0
750.0
685.0
703.0
685.0
660.0
787.0
614.0
708.0
676.0
706.0
781.0
851.0
675.0
732.0
868.0
733.0
790.0
776.0
751.0
725.0
685.0
737.0
693.0
608.0
736.0
678.0
726.0
749.0
777.0
682.0
668.0
677.0
786.0
706.0
692.0
677.0
974.0
678.0
702.0
734.0
693.0
666.0
718.0
738.0
728.0
840.0
674.0
729.0
796.0
698.0
772.0
737.0
692.0
638.0
749.0
679.0
722.0
690.0
693.0
802.0
861.0
628.0
645.0
734.0
746.0
741.0
716.0
720.0
776.0
728.0
706.0
724.0
829.0
694.0
749.0
794.0
