0.7117422595677712
0.6549045359454259
0.6549045359454259
1.4627763507441658
0.7155084933340049
0.6422579194040725
0.6138030321860273
1.428811800598328
0.8714986628455013
0.7042097920353036
1.3441563169938529
0.532293651469692
0.6929110907366024
0.7864502584535502
0.6816123894379011
0.8513670051554951
0.7381058959314074
0.7569414865237257
0.7494045972301089
0.49213223300545655
2.3012059068854964
0.9922886089855373
0.8328211857718458
0.7822347196064324
0.9268607214930178
0.9318936359155193
0.6485812276747492
0.73057342839894
0.9318936359155193
0.6485812276747492
0.6612278442161027
0.73057342839894
0.6169646863213657
0.8413011763104922
0.6327729569980575
0.620126340456704
0.6011564156446739
0.6816123894379011
0.6707128066221176
0.610641378050689
0.9318936359155193
0.828605646924728
1.012973538299322
0.7948813361477858
0.8714986628455013
0.7230409608664725
0.8117434915362569
0.7494045972301089
0.664389498351441
0.6707128066221176
0.8916303205355073
0.4701049936131046
0.6853786232041349
0.7864502584535502
0.6517428818100877
0.7343396621651738
0.6853786232041349
0.745638363463875
0.7822347196064324
0.7531708309963425
0.6232879945920423
0.5751471546544052
0.9067290638030119
5.328226732937671
1.951123520275489
0.5885388743996282
1.4203206630618683
1.0601544639655207
0.610641378050689
0.7738036419121969
1.0023544378305402
1.101437773923445
0.6485812276747492
0.745638363463875
0.7155084933340049
0.6422579194040725
0.6929110907366024
0.7117422595677712
0.5724688107053606
0.6891448569703686
0.5858605304505836
0.6485812276747492
0.620126340456704
1.257604001384934
0.7004435582690699
0.7192747271002387
0.8513670051554951
0.6675511524867794
0.9318936359155193
0.6675511524867794
0.7004435582690699
0.8370367246189636
0.6966773245028361
0.73057342839894
0.6580661900807644
0.7738036419121969
0.828605646924728
0.6138030321860273
2.0532308830367416
0.7381058959314074
1.0424616168406962
0.9268607214930178
0.620126340456704
0.7117422595677712
0.8714986628455013
0.6454195735394108
0.664389498351441
1.066052079673796
0.6675511524867794
0.7864502584535502
0.9117619782255132
0.7653725642179613
0.5724688107053606
0.6327729569980575
0.6853786232041349
0.6816123894379011
0.5948331073739972
0.7042097920353036
0.6138030321860273
0.73057342839894
1.6885617303179834
1.428811800598328
0.564433778858227
0.7948813361477858
0.9318936359155193
0.7117422595677712
0.73057342839894
0.7864502584535502
0.7948813361477858
0.6074797239153507
0.6966773245028361
0.7569414865237257
0.7042097920353036
0.7822347196064324
0.5108668998773354
1.6671356800574522
1.3080928521568032
0.6485812276747492
0.6074797239153507
0.6454195735394108
0.6778461556716674
0.8664657484229997
1.0778473110903457
1.5052320384264632
1.1999024576456543
1.0601544639655207
0.5724688107053606
0.6138030321860273
0.6549045359454259
0.7822347196064324
0.9117619782255132
0.8916303205355073
0.6891448569703686
0.8075279526891391
0.73057342839894
0.6454195735394108
0.6966773245028361
0.6853786232041349
0.7268071946327063
0.5916714532386589
0.8243901080776103
0.7531708309963425
0.7494045972301089
0.7343396621651738
0.6580661900807644
1.257604001384934
0.620126340456704
0.9369265503380206
0.8664657484229997
0.5885388743996282
0.8328211857718458
0.9218278070705164
0.8159590303833747
0.6138030321860273
0.828605646924728
0.6929110907366024
0.745638363463875
0.6485812276747492
0.6675511524867794
0.6816123894379011
0.6390962652687342
0.6891448569703686
0.6454195735394108
0.5979947615093356
1.0955401582151703
0.6485812276747492
0.8815644916905041
0.8865974061130057
0.6816123894379011
0.7611570253708435
1.9657102863842397
0.6549045359454259
0.9822227801405341
0.8865974061130057
1.717735262535484
0.8463340907329937
0.6138030321860273
0.6580661900807644
0.9419594647605222
0.7569414865237257
1.11913062104827
0.6707128066221176
1.0306663854241465
1.0365640011324215
0.7569414865237257
0.6675511524867794
0.6043180697800122
0.9973215234080387
0.5296153075206474
1.3441563169938529
0.7611570253708435
0.8765315772680028
0.7268071946327063
0.7343396621651738
0.6675511524867794
0.8159590303833747
0.6485812276747492
0.6454195735394108
0.7494045972301089
0.6707128066221176
0.6422579194040725
2.00947058471049
0.7192747271002387
1.0306663854241465
0.6359346111333959
0.7268071946327063
0.8243901080776103
0.6580661900807644
0.6485812276747492
0.6966773245028361
1.0955401582151703
0.5617554349091824
0.6853786232041349
0.9469923791830238
0.9922886089855373
0.7948813361477858
0.8513670051554951
0.6549045359454259
1.2287532295152939
1.1309258524648196
0.7494045972301089
0.6232879945920423
0.6891448569703686
0.5563987470110932
0.9167948926480147
0.9872556945630357
2.272032374667996
0.6612278442161027
0.9872556945630357
0.9318936359155193
0.7653725642179613
0.6422579194040725
0.7343396621651738
0.5831821865015391
1.3225182380916232
1.172209162422744
0.5858605304505836
0.5510420591130041
1.6096022664893264
0.5858605304505836
0.6580661900807644
0.7042097920353036
0.7738036419121969
1.101437773923445
0.9922886089855373
0.5724688107053606
0.5617554349091824
1.3608827003066517
0.6327729569980575
0.6390962652687342
0.7155084933340049
0.6454195735394108
0.6359346111333959
0.6740799219054336
0.610641378050689
0.828605646924728
1.012973538299322
0.6853786232041349
0.8328211857718458
0.8159590303833747
1.1073353896317204
0.745638363463875
0.6390962652687342
0.6011564156446739
0.6740799219054336
0.8513670051554951
0.5948331073739972
0.7192747271002387
0.9671240368730297
0.7531708309963425
0.7004435582690699
0.7494045972301089
2.4179000357554994
0.745638363463875
0.7531708309963425
0.7822347196064324
0.5948331073739972
0.6853786232041349
0.6675511524867794
0.7822347196064324
0.7042097920353036
0.6612278442161027
0.8159590303833747
0.9016961493805102
0.9016961493805102
0.7611570253708435
0.6707128066221176
1.0073873522530419
0.7948813361477858
0.7004435582690699
0.6816123894379011
0.9167948926480147
0.6853786232041349
0.9067290638030119
0.8075279526891391
0.6612278442161027
1.1999024576456543
0.6853786232041349
0.6485812276747492
0.6390962652687342
0.7192747271002387
0.629611302862719
0.8714986628455013
1.5052320384264632
0.9318936359155193
0.6675511524867794
0.6816123894379011
0.6675511524867794
0.7192747271002387
0.5724688107053606
0.6891448569703686
0.46349682179539886
0.745638363463875
1.048359232548971
0.7268071946327063
0.7155084933340049
0.7343396621651738
0.7004435582690699
0.9671240368730297
1.1782643787434244
0.6929110907366024
0.610641378050689
1.1854770717108345
0.7042097920353036
0.9067290638030119
0.7494045972301089
1.1368234681730947
0.7004435582690699
0.7155084933340049
0.5590770909601379
0.6740799219054336
2.8700897851267593
0.620126340456704
0.7531708309963425
0.7569414865237257
1.0073873522530419
0.664389498351441
0.620126340456704
2.3303794391029973
0.7117422595677712
1.1309258524648196
0.828605646924728
0.564433778858227
0.7822347196064324
1.0719496953820709
0.828605646924728
0.5510420591130041
0.7611570253708435
0.664389498351441
0.6454195735394108
0.7948813361477858
0.7738036419121969
0.7042097920353036
0.7653725642179613
0.5697904667563162
0.6891448569703686
0.9016961493805102
0.620126340456704
0.6422579194040725
0.620126340456704
1.3225182380916232
0.620126340456704
0.9016961493805102
1.0306663854241465
0.8714986628455013
0.610641378050689
0.6675511524867794
1.1854770717108345
1.4118295255254087
1.1073353896317204
0.7230409608664725
0.7418721296976413
0.8117434915362569
0.9721569512955313
0.6074797239153507
0.9117619782255132
1.11913062104827
0.7268071946327063
0.8463340907329937
0.664389498351441
0.7494045972301089
0.6422579194040725
0.4745104414915749
0.9620911224505284
0.7990968749949036
0.6966773245028361
0.7418721296976413
1.214327843580474
0.8243901080776103
0.73057342839894
0.6966773245028361
0.6043180697800122
2.1845117780154943
0.4745104414915749
0.6580661900807644
0.5430070272658704
0.5430070272658704
0.6853786232041349
0.8865974061130057
0.8463340907329937
1.3008801591893935
0.6966773245028361
0.9469923791830238
1.0023544378305402
0.7611570253708435
0.8159590303833747
0.5858605304505836
0.6580661900807644
0.6816123894379011
0.629611302862719
1.7906690930792357
1.0955401582151703
1.3863561129160302
0.6454195735394108
1.1854770717108345
1.11913062104827
0.7738036419121969
0.7418721296976413
0.4811186133092805
0.6390962652687342
0.6612278442161027
0.629611302862719
0.6853786232041349
0.790665797300668
0.5617554349091824
0.5162235877754245
0.6891448569703686
0.7418721296976413
0.6966773245028361
0.8916303205355073
0.8413011763104922
0.8463340907329937
0.4811186133092805
1.0837449267986206
0.5858605304505836
0.9117619782255132
0.7230409608664725
0.6816123894379011
0.9973215234080387
0.9369265503380206
0.6327729569980575
2.9430236156705107
0.7780191807593146
0.6138030321860273
0.7611570253708435
0.7822347196064324
0.7230409608664725
0.6853786232041349
1.0719496953820709
0.610641378050689
0.5671121228072716
0.7155084933340049
0.6549045359454259
0.6891448569703686
0.8664657484229997
0.620126340456704
0.6612278442161027
0.7611570253708435
0.6853786232041349
0.8966632349580087
0.7695881030650791
0.7990968749949036
0.6612278442161027
0.8117434915362569
0.629611302862719
0.828605646924728
1.0365640011324215
0.9822227801405341
0.629611302862719
0.620126340456704
0.6011564156446739
0.620126340456704
0.610641378050689
0.9872556945630357
1.329730931059033
0.8243901080776103
0.7343396621651738
0.7948813361477858
0.8159590303833747
0.4811186133092805
0.7004435582690699
0.7042097920353036
0.7653725642179613
0.790665797300668
0.6074797239153507
1.012973538299322
0.7268071946327063
0.6707128066221176
0.9872556945630357
0.6612278442161027
0.7155084933340049
0.7230409608664725
0.7864502584535502
0.7418721296976413
0.6264496487273808
0.6966773245028361
0.7494045972301089
1.2215405365478842
0.7531708309963425
1.3948472504524898
1.257604001384934
0.6549045359454259
0.6517428818100877
0.664389498351441
0.6485812276747492
0.7079760258015375
0.7494045972301089
0.7531708309963425
0.6549045359454259
0.8513670051554951
0.7569414865237257
0.7948813361477858
0.6043180697800122
0.8370367246189636
0.6740799219054336
6.30907699629358
0.828605646924728
0.7117422595677712
0.6422579194040725
0.9721569512955313
0.6169646863213657
0.9872556945630357
0.7079760258015375
0.664389498351441
0.73057342839894
0.7418721296976413
0.6853786232041349
0.9973215234080387
0.7268071946327063
0.6454195735394108
0.6169646863213657
0.5751471546544052
0.73057342839894
0.7004435582690699
0.6740799219054336
0.8370367246189636
0.6169646863213657
0.5858605304505836
0.8916303205355073
0.7569414865237257
0.7653725642179613
0.5948331073739972
0.6707128066221176
0.6549045359454259
0.9067290638030119
0.6169646863213657
2.1115779474717424
1.0247687697158716
1.9802970524929895
