811.0
787.0
695.0
800.0
836.0
770.0
793.0
782.0
900.0
839.0
926.0
894.0
680.0
869.0
892.0
861.0
827.0
982.0
772.0
795.0
794.0
763.0
816.0
862.0
761.0
809.0
791.0
785.0
800.0
827.0
840.0
758.0
755.0
761.0
629.0
618.0
802.0
845.0
779.0
829.0
840.0
646.0
674.0
775.0
825.0
825.0
794.0
872.0
781.0
815.0
938.0
701.0
810.0
774.0
907.0
813.0
836.0
794.0
905.0
1246.0
711.0
774.0
810.0
842.0
793.0
839.0
782.0
834.0
766.0
922.0
792.0
1132.0
890.0
767.0
859.0
764.0
810.0
762.0
840.0
838.0
860.0
773.0
935.0
839.0
794.0
788.0
797.0
774.0
813.0
869.0
962.0
818.0
824.0
593.0
857.0
683.0
853.0
799.0
908.0
882.0
1025.0
653.0
640.0
776.0
865.0
822.0
871.0
783.0
772.0
808.0
753.0
837.0
772.0
800.0
786.0
834.0
818.0
773.0
755.0
777.0
758.0
945.0
1070.0
798.0
814.0
840.0
849.0
725.0
880.0
755.0
748.0
773.0
784.0
890.0
812.0
754.0
836.0
791.0
749.0
918.0
691.0
907.0
791.0
904.0
781.0
844.0
750.0
821.0
781.0
786.0
784.0
804.0
756.0
765.0
755.0
681.0
734.0
804.0
834.0
660.0
906.0
777.0
919.0
812.0
686.0
784.0
753.0
887.0
933.0
885.0
809.0
760.0
813.0
784.0
785.0
804.0
913.0
950.0
869.0
594.0
702.0
710.0
782.0
603.0
789.0
829.0
788.0
787.0
797.0
794.0
842.0
745.0
697.0
800.0
843.0
772.0
750.0
797.0
989.0
859.0
670.0
736.0
808.0
800.0
730.0
922.0
823.0
878.0
804.0
840.0
837.0
726.0
786.0
817.0
829.0
760.0
785.0
885.0
817.0
786.0
738.0
832.0
826.0
813.0
804.0
829.0
933.0
757.0
848.0
818.0
921.0
817.0
849.0
848.0
784.0
849.0
811.0
843.0
834.0
767.0
617.0
756.0
791.0
762.0
794.0
854.0
783.0
822.0
867.0
705.0
774.0
788.0
789.0
789.0
593.0
788.0
803.0
833.0
868.0
657.0
865.0
770.0
809.0
896.0
622.0
629.0
825.0
866.0
734.0
788.0
626.0
784.0
819.0
915.0
773.0
850.0
809.0
793.0
814.0
790.0
776.0
800.0
782.0
841.0
769.0
805.0
781.0
806.0
821.0
794.0
707.0
789.0
769.0
813.0
888.0
828.0
764.0
997.0
850.0
817.0
936.0
897.0
617.0
776.0
704.0
842.0
758.0
784.0
795.0
872.0
801.0
812.0
757.0
801.0
767.0
797.0
660.0
820.0
792.0
818.0
751.0
836.0
795.0
672.0
884.0
855.0
848.0
749.0
833.0
1053.0
804.0
702.0
624.0
884.0
785.0
1021.0
829.0
754.0
800.0
790.0
840.0
604.0
975.0
829.0
762.0
763.0
782.0
665.0
829.0
782.0
628.0
837.0
788.0
792.0
773.0
825.0
791.0
906.0
815.0
776.0
896.0
790.0
788.0
858.0
841.0
874.0
782.0
798.0
804.0
770.0
868.0
698.0
746.0
840.0
842.0
808.0
842.0
806.0
769.0
841.0
790.0
848.0
852.0
925.0
838.0
781.0
612.0
869.0
818.0
767.0
800.0
893.0
794.0
827.0
872.0
794.0
593.0
765.0
830.0
699.0
783.0
775.0
823.0
894.0
774.0
791.0
778.0
843.0
806.0
771.0
776.0
862.0
685.0
795.0
773.0
870.0
793.0
936.0
797.0
780.0
969.0
746.0
793.0
846.0
791.0
741.0
758.0
863.0
844.0
660.0
788.0
797.0
830.0
765.0
768.0
817.0
869.0
844.0
798.0
886.0
602.0
925.0
892.0
769.0
782.0
773.0
806.0
821.0
756.0
956.0
846.0
797.0
760.0
589.0
835.0
748.0
765.0
779.0
772.0
773.0
734.0
900.0
795.0
809.0
679.0
810.0
878.0
780.0
667.0
792.0
803.0
889.0
848.0
832.0
760.0
786.0
832.0
910.0
824.0
938.0
806.0
832.0
763.0
699.0
792.0
791.0
971.0
630.0
763.0
747.0
859.0
683.0
827.0
775.0
737.0
830.0
771.0
784.0
899.0
855.0
863.0
848.0
774.0
762.0
790.0
651.0
766.0
717.0
677.0
769.0
804.0
776.0
825.0
778.0
803.0
817.0
800.0
810.0
796.0
797.0
782.0
764.0
764.0
