650.0
697.0
731.0
709.0
718.0
694.0
681.0
787.0
760.0
722.0
709.0
675.0
682.0
721.0
756.0
662.0
745.0
685.0
875.0
673.0
644.0
636.0
666.0
776.0
600.0
606.0
654.0
764.0
725.0
708.0
725.0
628.0
718.0
712.0
648.0
771.0
703.0
670.0
680.0
712.0
724.0
613.0
684.0
737.0
817.0
642.0
827.0
659.0
670.0
713.0
740.0
864.0
742.0
720.0
662.0
731.0
777.0
654.0
696.0
750.0
733.0
695.0
669.0
717.0
808.0
744.0
699.0
830.0
715.0
802.0
642.0
749.0
662.0
796.0
699.0
690.0
770.0
751.0
722.0
658.0
676.0
688.0
730.0
680.0
678.0
689.0
727.0
777.0
649.0
754.0
737.0
881.0
700.0
681.0
629.0
713.0
671.0
710.0
763.0
694.0
631.0
717.0
765.0
656.0
652.0
735.0
690.0
664.0
610.0
721.0
792.0
1791.0
711.0
660.0
706.0
730.0
893.0
704.0
758.0
735.0
760.0
693.0
701.0
658.0
789.0
711.0
655.0
714.0
732.0
712.0
677.0
675.0
719.0
746.0
669.0
699.0
696.0
738.0
794.0
770.0
685.0
706.0
738.0
813.0
670.0
715.0
713.0
735.0
763.0
697.0
702.0
717.0
641.0
680.0
701.0
741.0
679.0
660.0
776.0
727.0
697.0
709.0
720.0
698.0
665.0
764.0
796.0
679.0
654.0
654.0
699.0
688.0
728.0
710.0
665.0
694.0
694.0
665.0
902.0
740.0
725.0
676.0
673.0
667.0
722.0
870.0
763.0
663.0
663.0
694.0
646.0
714.0
677.0
670.0
586.0
689.0
690.0
688.0
721.0
656.0
661.0
696.0
704.0
625.0
673.0
660.0
644.0
763.0
704.0
855.0
735.0
672.0
784.0
680.0
720.0
842.0
707.0
772.0
716.0
802.0
733.0
695.0
765.0
690.0
690.0
808.0
736.0
705.0
695.0
683.0
731.0
706.0
588.0
793.0
730.0
681.0
744.0
604.0
676.0
772.0
837.0
737.0
660.0
667.0
858.0
830.0
772.0
770.0
734.0
614.0
690.0
656.0
707.0
718.0
696.0
845.0
679.0
681.0
646.0
695.0
757.0
688.0
711.0
649.0
674.0
796.0
642.0
765.0
817.0
653.0
772.0
746.0
688.0
662.0
680.0
687.0
688.0
722.0
685.0
715.0
721.0
720.0
694.0
674.0
661.0
697.0
736.0
731.0
720.0
716.0
613.0
682.0
709.0
712.0
720.0
763.0
690.0
632.0
730.0
666.0
774.0
732.0
710.0
671.0
736.0
802.0
689.0
658.0
821.0
641.0
720.0
728.0
760.0
673.0
727.0
646.0
818.0
747.0
761.0
783.0
722.0
730.0
828.0
682.0
713.0
723.0
701.0
742.0
694.0
800.0
693.0
661.0
714.0
737.0
685.0
614.0
720.0
719.0
681.0
779.0
685.0
738.0
673.0
925.0
739.0
645.0
699.0
726.0
653.0
682.0
642.0
684.0
734.0
690.0
756.0
712.0
765.0
646.0
658.0
700.0
703.0
730.0
739.0
786.0
668.0
744.0
668.0
700.0
674.0
646.0
674.0
734.0
714.0
730.0
740.0
743.0
648.0
731.0
725.0
673.0
682.0
802.0
697.0
832.0
737.0
788.0
856.0
703.0
777.0
670.0
653.0
693.0
667.0
674.0
728.0
645.0
674.0
674.0
728.0
702.0
666.0
675.0
848.0
718.0
668.0
823.0
877.0
751.0
677.0
764.0
763.0
735.0
674.0
755.0
672.0
667.0
747.0
626.0
826.0
712.0
669.0
698.0
637.0
682.0
700.0
669.0
779.0
664.0
612.0
691.0
697.0
750.0
650.0
743.0
724.0
675.0
687.0
740.0
855.0
709.0
757.0
697.0
701.0
688.0
762.0
816.0
845.0
685.0
674.0
742.0
664.0
670.0
767.0
654.0
720.0
667.0
799.0
675.0
715.0
741.0
686.0
874.0
687.0
689.0
701.0
710.0
672.0
697.0
720.0
763.0
673.0
785.0
681.0
724.0
797.0
820.0
798.0
685.0
726.0
657.0
700.0
712.0
712.0
635.0
675.0
651.0
673.0
661.0
686.0
621.0
781.0
768.0
704.0
724.0
714.0
695.0
689.0
666.0
976.0
588.0
663.0
778.0
669.0
740.0
835.0
683.0
723.0
694.0
698.0
678.0
724.0
695.0
722.0
695.0
704.0
830.0
789.0
858.0
710.0
718.0
757.0
713.0
801.0
782.0
801.0
648.0
788.0
661.0
690.0
677.0
666.0
870.0
720.0
682.0
698.0
664.0
721.0
732.0
680.0
579.0
668.0
735.0
798.0
701.0
676.0
697.0
673.0
652.0
782.0
713.0
784.0
718.0
649.0
751.0
738.0
699.0
767.0
697.0
666.0
650.0
637.0
746.0
746.0
656.0
688.0
715.0
738.0
710.0
701.0
653.0
640.0
714.0
727.0
637.0
738.0
695.0
721.0
732.0
676.0
695.0
725.0
729.0
658.0
666.0
747.0
794.0
746.0
709.0
672.0
737.0
658.0
694.0
727.0
824.0
766.0
746.0
724.0
741.0
677.0
699.0
