758.0
801.0
739.0
734.0
762.0
859.0
905.0
795.0
924.0
778.0
805.0
697.0
824.0
705.0
769.0
720.0
729.0
759.0
770.0
742.0
806.0
725.0
801.0
760.0
761.0
802.0
802.0
734.0
745.0
780.0
692.0
721.0
750.0
722.0
711.0
729.0
714.0
718.0
701.0
790.0
717.0
713.0
777.0
806.0
641.0
707.0
683.0
646.0
777.0
721.0
745.0
721.0
682.0
736.0
765.0
783.0
866.0
643.0
834.0
729.0
774.0
724.0
698.0
715.0
793.0
713.0
795.0
784.0
682.0
738.0
852.0
706.0
845.0
736.0
720.0
779.0
714.0
699.0
757.0
784.0
736.0
713.0
825.0
850.0
776.0
722.0
710.0
754.0
779.0
748.0
721.0
708.0
755.0
726.0
773.0
736.0
752.0
819.0
766.0
752.0
719.0
692.0
784.0
712.0
753.0
693.0
789.0
693.0
771.0
775.0
775.0
789.0
723.0
699.0
728.0
750.0
715.0
732.0
713.0
852.0
658.0
594.0
703.0
772.0
712.0
708.0
746.0
840.0
699.0
800.0
626.0
808.0
717.0
760.0
772.0
791.0
720.0
830.0
716.0
584.0
734.0
798.0
823.0
752.0
891.0
753.0
818.0
770.0
804.0
706.0
744.0
867.0
692.0
705.0
582.0
796.0
722.0
749.0
773.0
693.0
727.0
669.0
608.0
730.0
855.0
740.0
770.0
847.0
897.0
873.0
862.0
674.0
690.0
910.0
757.0
826.0
830.0
742.0
593.0
720.0
861.0
794.0
943.0
761.0
801.0
770.0
731.0
841.0
695.0
743.0
759.0
810.0
723.0
825.0
585.0
701.0
796.0
810.0
743.0
696.0
741.0
753.0
765.0
772.0
707.0
705.0
777.0
650.0
633.0
975.0
658.0
709.0
631.0
818.0
681.0
777.0
742.0
709.0
832.0
715.0
755.0
709.0
724.0
724.0
798.0
690.0
727.0
737.0
842.0
761.0
676.0
730.0
724.0
747.0
583.0
682.0
771.0
748.0
740.0
740.0
907.0
772.0
718.0
733.0
741.0
762.0
727.0
752.0
770.0
709.0
727.0
737.0
720.0
697.0
718.0
726.0
833.0
720.0
752.0
731.0
738.0
758.0
738.0
713.0
751.0
869.0
712.0
917.0
766.0
724.0
746.0
752.0
706.0
784.0
711.0
724.0
690.0
709.0
713.0
824.0
723.0
705.0
736.0
708.0
814.0
751.0
593.0
711.0
716.0
729.0
859.0
749.0
894.0
802.0
740.0
602.0
741.0
678.0
692.0
765.0
751.0
769.0
719.0
784.0
698.0
756.0
766.0
616.0
725.0
742.0
765.0
762.0
754.0
813.0
717.0
759.0
784.0
818.0
789.0
922.0
707.0
614.0
696.0
743.0
781.0
812.0
855.0
716.0
729.0
839.0
601.0
628.0
783.0
753.0
751.0
851.0
742.0
685.0
751.0
705.0
735.0
639.0
864.0
812.0
777.0
596.0
760.0
696.0
858.0
632.0
843.0
713.0
764.0
759.0
713.0
720.0
786.0
870.0
725.0
682.0
704.0
813.0
720.0
710.0
708.0
740.0
757.0
757.0
663.0
744.0
782.0
765.0
1010.0
698.0
794.0
818.0
757.0
726.0
828.0
712.0
742.0
725.0
730.0
762.0
697.0
830.0
626.0
715.0
699.0
612.0
708.0
709.0
714.0
750.0
829.0
853.0
756.0
873.0
709.0
725.0
712.0
790.0
720.0
701.0
686.0
821.0
766.0
777.0
733.0
692.0
721.0
759.0
733.0
744.0
708.0
761.0
772.0
745.0
813.0
739.0
699.0
737.0
722.0
716.0
864.0
864.0
724.0
715.0
701.0
792.0
701.0
816.0
698.0
747.0
842.0
730.0
778.0
674.0
754.0
784.0
818.0
854.0
842.0
696.0
706.0
696.0
785.0
795.0
836.0
746.0
730.0
686.0
717.0
762.0
695.0
738.0
688.0
782.0
700.0
835.0
731.0
716.0
742.0
735.0
694.0
696.0
748.0
725.0
708.0
765.0
683.0
795.0
837.0
601.0
822.0
797.0
741.0
733.0
1010.0
729.0
932.0
781.0
755.0
769.0
649.0
740.0
829.0
703.0
685.0
621.0
781.0
666.0
757.0
726.0
746.0
836.0
715.0
692.0
790.0
708.0
730.0
859.0
746.0
756.0
781.0
733.0
775.0
752.0
791.0
760.0
861.0
793.0
734.0
674.0
732.0
790.0
725.0
718.0
707.0
696.0
699.0
822.0
754.0
717.0
861.0
725.0
794.0
756.0
676.0
