653.0
637.0
662.0
746.0
713.0
656.0
651.0
749.0
688.0
741.0
676.0
660.0
891.0
703.0
750.0
677.0
705.0
710.0
621.0
624.0
743.0
802.0
656.0
659.0
679.0
618.0
648.0
658.0
627.0
730.0
698.0
645.0
741.0
664.0
692.0
763.0
613.0
650.0
664.0
669.0
646.0
649.0
638.0
650.0
597.0
616.0
674.0
631.0
657.0
685.0
763.0
816.0
619.0
661.0
868.0
686.0
765.0
631.0
627.0
657.0
690.0
709.0
703.0
714.0
648.0
689.0
681.0
719.0
708.0
722.0
730.0
735.0
753.0
648.0
666.0
642.0
649.0
862.0
648.0
646.0
685.0
645.0
687.0
697.0
681.0
732.0
681.0
663.0
653.0
697.0
618.0
805.0
644.0
846.0
645.0
666.0
684.0
645.0
895.0
662.0
704.0
722.0
726.0
690.0
661.0
756.0
815.0
767.0
645.0
665.0
794.0
665.0
600.0
646.0
663.0
694.0
657.0
625.0
841.0
628.0
692.0
685.0
722.0
698.0
663.0
662.0
635.0
669.0
651.0
637.0
920.0
669.0
761.0
696.0
636.0
748.0
635.0
677.0
705.0
753.0
663.0
645.0
605.0
712.0
687.0
647.0
694.0
667.0
642.0
637.0
650.0
679.0
763.0
795.0
656.0
656.0
666.0
730.0
762.0
605.0
645.0
692.0
680.0
655.0
682.0
683.0
675.0
657.0
619.0
654.0
642.0
679.0
648.0
813.0
736.0
637.0
740.0
667.0
626.0
654.0
775.0
711.0
658.0
712.0
661.0
773.0
752.0
602.0
655.0
688.0
667.0
668.0
631.0
765.0
695.0
758.0
693.0
677.0
698.0
626.0
717.0
626.0
724.0
714.0
699.0
641.0
655.0
681.0
653.0
741.0
656.0
630.0
730.0
725.0
704.0
658.0
637.0
637.0
704.0
757.0
661.0
628.0
703.0
739.0
712.0
725.0
653.0
699.0
692.0
704.0
670.0
633.0
715.0
691.0
750.0
724.0
617.0
653.0
706.0
642.0
672.0
712.0
665.0
633.0
632.0
810.0
640.0
644.0
651.0
677.0
647.0
692.0
672.0
684.0
622.0
650.0
638.0
645.0
660.0
651.0
682.0
627.0
629.0
638.0
645.0
640.0
701.0
646.0
674.0
680.0
766.0
701.0
666.0
629.0
686.0
616.0
731.0
638.0
636.0
667.0
646.0
656.0
684.0
661.0
628.0
666.0
690.0
682.0
679.0
701.0
714.0
678.0
702.0
660.0
621.0
681.0
666.0
676.0
648.0
869.0
646.0
686.0
630.0
644.0
606.0
644.0
628.0
632.0
610.0
642.0
700.0
697.0
694.0
637.0
683.0
669.0
639.0
643.0
690.0
802.0
626.0
693.0
674.0
680.0
660.0
638.0
702.0
841.0
639.0
667.0
660.0
652.0
704.0
659.0
698.0
618.0
660.0
633.0
634.0
631.0
821.0
623.0
652.0
663.0
652.0
693.0
644.0
736.0
632.0
647.0
681.0
684.0
718.0
697.0
682.0
701.0
844.0
618.0
682.0
675.0
642.0
653.0
763.0
733.0
698.0
647.0
672.0
637.0
637.0
670.0
625.0
614.0
692.0
675.0
654.0
642.0
779.0
672.0
602.0
646.0
687.0
653.0
715.0
674.0
646.0
653.0
688.0
652.0
661.0
675.0
629.0
645.0
661.0
663.0
703.0
666.0
680.0
667.0
617.0
658.0
837.0
648.0
669.0
683.0
645.0
718.0
757.0
681.0
738.0
672.0
649.0
680.0
651.0
651.0
672.0
765.0
685.0
674.0
714.0
731.0
654.0
652.0
665.0
837.0
654.0
641.0
804.0
652.0
674.0
677.0
637.0
678.0
650.0
685.0
738.0
714.0
771.0
747.0
664.0
1162.0
687.0
682.0
707.0
660.0
663.0
692.0
740.0
653.0
659.0
645.0
626.0
650.0
643.0
658.0
642.0
722.0
699.0
738.0
656.0
621.0
670.0
646.0
638.0
845.0
617.0
642.0
643.0
612.0
702.0
644.0
630.0
641.0
752.0
765.0
641.0
661.0
654.0
676.0
667.0
670.0
747.0
640.0
670.0
661.0
693.0
734.0
809.0
656.0
697.0
656.0
646.0
622.0
718.0
648.0
729.0
697.0
637.0
667.0
666.0
665.0
595.0
630.0
642.0
651.0
723.0
621.0
663.0
669.0
663.0
630.0
717.0
645.0
666.0
635.0
615.0
645.0
657.0
693.0
666.0
642.0
722.0
660.0
618.0
775.0
712.0
658.0
632.0
720.0
659.0
734.0
724.0
658.0
738.0
643.0
699.0
