0.6671093151923648
0.699154711397021
0.9468788392163847
0.6790096178806608
0.6618169642759177
0.7159422893273213
0.614185806027894
0.6274166833190117
0.6790096178806608
0.6644631397341414
1.1197333114344432
0.749517445187922
0.3910586192908699
0.3718340720779282
0.5832554162085754
0.9967763580944858
0.6088934551114468
0.6538784379012471
0.6062472796532232
0.8198109385161074
1.276368491072158
0.7025122269830811
0.6406475606101294
0.6538784379012471
0.8310442421670424
0.4500022602806142
0.3407790342724068
0.6459399115265765
0.6221243324025646
0.5280928034728551
0.6591707888176942
0.8879090441786286
0.6274166833190117
0.5930164023621055
0.7935998966639256
0.6115396305696704
0.5097052658942819
0.7428024140158018
0.7598999857111205
0.7058697425691411
0.7058697425691411
0.6644631397341414
0.6327090342354588
0.7528749607739819
0.8652283537794915
0.6538784379012471
0.7528749607739819
0.614185806027894
0.7898554621136139
0.5930164023621055
1.3500403589338312
0.7025122269830811
0.7598999857111205
1.9161001407950695
1.2697490499072621
0.9423427011365573
0.7636444202614322
0.692439680224901
0.5763600896166102
1.4567037735679773
0.7748777239123672
0.4088043551797393
0.692439680224901
0.564867878630002
0.9468788392163847
0.7092272581552012
0.6353552096936823
1.148426590178899
0.5809569740112537
0.6538784379012471
0.42433406756206177
0.7159422893273213
0.3777493173742179
1.6494529414554178
0.619478156944341
0.8833729060988009
0.7327298672576217
0.44083504859541695
0.6957971958109611
0.6406475606101294
0.7673888548117439
0.7748777239123672
0.6591707888176942
0.8198109385161074
0.7025122269830811
0.5372865722621419
0.7293723516715616
0.6697554906505884
0.9332704249769025
0.689082164638841
0.619478156944341
0.6823671334667208
0.6512322624430236
0.6512322624430236
0.9241981488172477
1.4074745052752944
0.578658531813932
3.0729482345371104
0.928734286897075
0.5809569740112537
0.6168319814861175
0.7260148360855015
0.7125847737412613
0.8833729060988009
0.8652283537794915
0.47200356832508766
0.5625694364326803
0.6618169642759177
1.230032402917888
0.6697554906505884
0.6380013851519059
1.1599039016766812
0.6115396305696704
0.7125847737412613
0.7058697425691411
1.0795627211922054
0.457336029628772
0.8048332003148607
0.8652283537794915
0.361482392809421
0.928734286897075
0.7861110275633023
1.0853013769410964
0.7461599296018618
0.5983087532785527
0.49767176104364014
0.756232476360042
0.6221243324025646
0.6618169642759177
0.8606922156996641
0.6644631397341414
0.8123220694154839
0.4628363566398904
0.6823671334667208
0.9559511153760394
0.8385331112676657
1.366450115031392
0.6353552096936823
0.9241981488172477
0.6790096178806608
0.5671663208273237
0.6538784379012471
0.928734286897075
0.6644631397341414
0.49767176104364014
0.9015174584181108
0.6406475606101294
0.6353552096936823
1.0106988522055114
0.8010887657645489
0.7748777239123672
1.142687934430008
0.699154711397021
0.501338645717719
0.624770507860788
0.7159422893273213
0.7394448984297417
1.2697490499072621
0.6062472796532232
0.7125847737412613
0.8085776348651724
0.672401666108812
0.672401666108812
0.7673888548117439
0.7058697425691411
0.6644631397341414
0.692439680224901
0.6327090342354588
0.8697644918593188
0.5878523006032186
0.9060535964979382
0.44633537560653525
0.6512322624430236
1.3094656968966365
0.6697554906505884
0.6565246133594707
0.6644631397341414
0.6790096178806608
0.7327298672576217
0.834788676717354
0.672401666108812
0.8310442421670424
1.7589973132498544
0.6274166833190117
0.672401666108812
0.7192998049133813
0.9196620107374204
1.4074745052752944
0.6115396305696704
1.2432712852476793
0.7673888548117439
0.699154711397021
0.6644631397341414
0.6823671334667208
0.6380013851519059
0.590370226903882
0.6221243324025646
0.9650233915356943
0.7159422893273213
1.0164375079544024
0.6459399115265765
0.36000358148534856
1.3500403589338312
0.7598999857111205
0.6756521022946007
0.8310442421670424
1.944664291257836
0.7461599296018618
0.6380013851519059
1.183696314763618
0.6957971958109611
0.5878523006032186
0.672401666108812
0.8198109385161074
0.7394448984297417
0.7058697425691411
0.7598999857111205
1.0795627211922054
0.6115396305696704
0.7528749607739819
0.6756521022946007
4.603321061681922
0.9378065630567298
0.6432937360683529
1.4238842613728555
0.692439680224901
0.8606922156996641
0.7360873828436817
0.43166783691021954
1.399269627226514
0.689082164638841
1.4813184077143187
0.9967763580944858
0.49767176104364014
0.9378065630567298
0.578658531813932
0.34965190221684145
0.37922812869829037
0.6088934551114468
0.5671663208273237
3.7150253151789245
0.7394448984297417
0.6790096178806608
0.4390016062583775
1.276368491072158
1.276368491072158
0.928734286897075
0.9241981488172477
0.8010887657645489
0.6565246133594707
0.9423427011365573
0.928734286897075
0.7861110275633023
0.6512322624430236
0.9105897345777655
0.5930164023621055
0.7898554621136139
0.3895798079667975
0.6618169642759177
0.6327090342354588
0.9967763580944858
0.8010887657645489
0.7226573204994415
0.585553858405897
0.7226573204994415
0.5303912456701769
0.578658531813932
0.5832554162085754
0.9151258726575929
0.49767176104364014
1.87325391510092
0.834788676717354
0.43716816392133795
0.47933733767324554
0.6857246490527809
0.6300628587772352
0.6565246133594707
0.692439680224901
0.6790096178806608
0.6538784379012471
0.7092272581552012
0.6512322624430236
0.388100996642725
1.1254719671833344
0.5930164023621055
0.417677223124174
0.6432937360683529
1.2962268145668452
0.9786318057751764
0.9241981488172477
2.2445878711168836
1.0013124961743134
0.8561560776198368
0.5625694364326803
0.6485860869848
0.5372865722621419
0.7125847737412613
0.672401666108812
0.3466942795686966
0.3777493173742179
0.6671093151923648
0.7636444202614322
0.6823671334667208
0.624770507860788
0.6380013851519059
0.7025122269830811
0.9378065630567298
0.619478156944341
0.578658531813932
0.5602709942353585
0.7159422893273213
0.9468788392163847
0.5740616474192887
1.108255999936661
0.47200356832508766
1.2697490499072621
0.9151258726575929
0.7293723516715616
1.382859871128953
0.7528749607739819
0.847083801460182
0.689082164638841
0.7125847737412613
1.1541652459277902
0.39993148723530464
1.8875359903323032
0.6618169642759177
0.5166005924862469
1.3359434615562196
0.9241981488172477
0.8652283537794915
0.6857246490527809
0.8561560776198368
0.7394448984297417
0.9468788392163847
0.624770507860788
0.5809569740112537
0.672401666108812
0.6432937360683529
0.672401666108812
0.756232476360042
1.1969351970934095
0.6353552096936823
0.6538784379012471
1.0623467539455318
0.6009549287367763
0.6618169642759177
0.834788676717354
0.834788676717354
0.6432937360683529
0.5694647630246453
0.6756521022946007
0.5533756676433936
0.6406475606101294
1.0013124961743134
0.37479169472607304
1.3359434615562196
0.8788367680189737
0.5878523006032186
0.8123220694154839
0.699154711397021
0.6591707888176942
0.5120037080916034
0.7394448984297417
0.43533472158429853
0.7360873828436817
1.0058486342541408
0.5983087532785527
0.6485860869848
0.7192998049133813
0.6036011041949997
0.6115396305696704
0.6644631397341414
0.5983087532785527
1.1599039016766812
0.6790096178806608
0.7327298672576217
0.8385331112676657
0.7861110275633023
0.5280928034728551
0.3659188267816384
0.43350127924725906
0.689082164638841
0.7125847737412613
0.689082164638841
1.2234129617529923
0.590370226903882
0.6036011041949997
0.7428024140158018
0.5809569740112537
1.1197333114344432
0.7159422893273213
0.6353552096936823
0.7461599296018618
0.6485860869848
0.6618169642759177
0.8969813203382834
0.6823671334667208
0.40141029855937704
0.6790096178806608
1.2234129617529923
0.7394448984297417
0.7461599296018618
0.9922402200146586
0.847083801460182
0.624770507860788
0.8310442421670424
0.6009549287367763
0.7092272581552012
0.6088934551114468
1.1312106229322256
0.3452154682446241
0.5188990346835685
0.8833729060988009
0.8010887657645489
0.6857246490527809
0.4191560344482464
0.43533472158429853
0.7058697425691411
0.6168319814861175
0.756232476360042
0.6221243324025646
0.5878523006032186
0.5809569740112537
0.6823671334667208
2.358844472967949
0.6591707888176942
0.7598999857111205
0.6697554906505884
1.0013124961743134
0.6512322624430236
0.8272998076167307
1.2697490499072621
0.7360873828436817
0.5602709942353585
0.672401666108812
0.8833729060988009
0.6327090342354588
0.8310442421670424
0.6697554906505884
0.4225006252250223
0.45183570261765366
1.027914819452185
0.7748777239123672
0.6790096178806608
0.6485860869848
0.749517445187922
1.1713812131744636
0.4830042223473244
0.689082164638841
1.0221761637032936
0.5809569740112537
0.8010887657645489
0.823555373066419
0.6857246490527809
0.672401666108812
0.578658531813932
0.6823671334667208
0.8198109385161074
0.6353552096936823
0.7636444202614322
1.0967786884388786
0.4390016062583775
0.7598999857111205
0.8272998076167307
0.7025122269830811
0.5809569740112537
0.7025122269830811
0.6790096178806608
0.6300628587772352
0.7711332893620556
0.7823665930129906
0.8969813203382834
0.8010887657645489
0.7673888548117439
0.7711332893620556
0.6538784379012471
0.823555373066419
0.38514337399458015
0.6221243324025646
0.7528749607739819
0.7598999857111205
0.6380013851519059
0.6957971958109611
0.9967763580944858
0.6857246490527809
0.7394448984297417
0.6432937360683529
0.8385331112676657
0.6380013851519059
0.9604872534558668
2.6730501280583807
0.590370226903882
1.108255999936661
0.6591707888176942
0.5556741098407152
0.5740616474192887
0.8425476633803546
1.5412277403830315
1.2498907264125751
0.7898554621136139
0.834788676717354
1.1599039016766812
0.7598999857111205
0.7192998049133813
0.7125847737412613
0.6115396305696704
0.6957971958109611
0.6062472796532232
3.859073274071303
0.6353552096936823
0.7711332893620556
1.399269627226514
0.9015174584181108
0.9015174584181108
0.9015174584181108
0.5487787832487503
0.5740616474192887
0.8310442421670424
0.8272998076167307
0.7598999857111205
0.6327090342354588
0.7673888548117439
0.8697644918593188
0.5983087532785527
0.9378065630567298
0.6697554906505884
0.6565246133594707
0.689082164638841
0.6036011041949997
1.3582452369826115
0.6790096178806608
0.6756521022946007
1.4402940174704162
0.6697554906505884
0.6380013851519059
0.6857246490527809
0.6353552096936823
0.756232476360042
0.5763600896166102
0.7293723516715616
0.47200356832508766
0.6512322624430236
0.5809569740112537
0.6353552096936823
0.8272998076167307
0.5878523006032186
0.6300628587772352
0.8198109385161074
0.6644631397341414
0.7711332893620556
0.619478156944341
0.6644631397341414
0.6221243324025646
0.8969813203382834
0.6857246490527809
0.7598999857111205
2.18745957019135
0.7192998049133813
0.7748777239123672
0.6790096178806608
0.624770507860788
0.417677223124174
1.958946366489219
0.7092272581552012
0.8160665039657957
0.6168319814861175
0.5878523006032186
0.6221243324025646
0.5372865722621419
0.7327298672576217
0.36739763810571074
0.8788367680189737
0.7711332893620556
0.619478156944341
1.068085409694423
0.5740616474192887
0.7673888548117439
0.699154711397021
0.6618169642759177
0.37922812869829037
0.7226573204994415
1.1254719671833344
1.113994655685552
2.4016906986620983
0.4191560344482464
0.5441818988541068
0.6565246133594707
0.6512322624430236
0.5464803410514286
0.7293723516715616
0.6432937360683529
0.6644631397341414
0.8969813203382834
0.6857246490527809
0.7192998049133813
0.672401666108812
0.3718340720779282
0.595662577820329
0.7861110275633023
0.578658531813932
