684.0
731.0
721.0
610.0
729.0
747.0
726.0
740.0
704.0
742.0
677.0
698.0
829.0
712.0
696.0
587.0
787.0
770.0
792.0
786.0
725.0
721.0
681.0
731.0
733.0
731.0
711.0
722.0
816.0
590.0
736.0
730.0
733.0
719.0
865.0
712.0
726.0
720.0
706.0
594.0
718.0
792.0
713.0
712.0
740.0
764.0
728.0
730.0
720.0
718.0
706.0
713.0
720.0
797.0
772.0
750.0
722.0
771.0
726.0
709.0
749.0
724.0
775.0
715.0
754.0
704.0
800.0
687.0
806.0
724.0
723.0
706.0
799.0
773.0
737.0
746.0
751.0
726.0
614.0
707.0
813.0
760.0
650.0
740.0
708.0
786.0
749.0
742.0
740.0
709.0
810.0
785.0
792.0
721.0
718.0
770.0
818.0
692.0
788.0
744.0
702.0
773.0
736.0
690.0
681.0
762.0
694.0
773.0
781.0
698.0
747.0
712.0
778.0
786.0
809.0
787.0
809.0
717.0
717.0
749.0
724.0
882.0
730.0
762.0
700.0
758.0
739.0
687.0
672.0
750.0
747.0
808.0
705.0
823.0
761.0
729.0
763.0
864.0
749.0
710.0
795.0
703.0
755.0
787.0
725.0
757.0
746.0
705.0
711.0
678.0
717.0
821.0
717.0
715.0
781.0
748.0
712.0
729.0
723.0
710.0
665.0
746.0
681.0
722.0
685.0
736.0
613.0
707.0
818.0
730.0
789.0
693.0
735.0
897.0
753.0
766.0
770.0
746.0
819.0
856.0
722.0
726.0
826.0
738.0
797.0
777.0
727.0
693.0
706.0
780.0
756.0
697.0
775.0
713.0
813.0
701.0
720.0
711.0
695.0
808.0
690.0
725.0
878.0
832.0
761.0
789.0
690.0
755.0
724.0
725.0
713.0
711.0
726.0
773.0
629.0
754.0
746.0
917.0
649.0
733.0
773.0
703.0
856.0
751.0
773.0
706.0
644.0
726.0
817.0
702.0
908.0
866.0
722.0
713.0
762.0
732.0
784.0
803.0
881.0
710.0
734.0
750.0
807.0
772.0
746.0
742.0
732.0
597.0
736.0
702.0
763.0
770.0
725.0
737.0
738.0
737.0
731.0
720.0
726.0
781.0
620.0
725.0
698.0
690.0
706.0
595.0
746.0
763.0
751.0
916.0
726.0
662.0
741.0
705.0
751.0
784.0
741.0
713.0
734.0
727.0
592.0
761.0
724.0
744.0
709.0
712.0
726.0
705.0
726.0
732.0
747.0
720.0
866.0
705.0
717.0
717.0
719.0
733.0
695.0
731.0
690.0
722.0
757.0
706.0
713.0
802.0
701.0
659.0
709.0
712.0
736.0
761.0
724.0
776.0
733.0
729.0
773.0
785.0
777.0
858.0
594.0
788.0
770.0
732.0
708.0
730.0
879.0
737.0
808.0
709.0
789.0
773.0
825.0
736.0
718.0
696.0
686.0
720.0
708.0
825.0
761.0
727.0
730.0
700.0
696.0
725.0
875.0
734.0
758.0
746.0
707.0
753.0
710.0
715.0
753.0
698.0
690.0
734.0
727.0
696.0
746.0
714.0
855.0
715.0
692.0
673.0
750.0
741.0
720.0
737.0
706.0
709.0
743.0
732.0
617.0
687.0
681.0
752.0
685.0
829.0
727.0
680.0
791.0
742.0
762.0
728.0
749.0
800.0
728.0
698.0
774.0
774.0
687.0
781.0
715.0
761.0
710.0
711.0
852.0
716.0
814.0
756.0
598.0
712.0
726.0
645.0
789.0
725.0
695.0
806.0
734.0
795.0
727.0
722.0
727.0
714.0
714.0
779.0
697.0
688.0
730.0
913.0
691.0
770.0
964.0
613.0
593.0
724.0
685.0
762.0
706.0
707.0
767.0
616.0
695.0
736.0
746.0
815.0
807.0
858.0
765.0
931.0
852.0
752.0
684.0
731.0
709.0
915.0
754.0
793.0
665.0
757.0
777.0
696.0
774.0
864.0
721.0
841.0
733.0
620.0
777.0
707.0
657.0
805.0
874.0
700.0
682.0
727.0
718.0
595.0
673.0
734.0
745.0
778.0
692.0
766.0
732.0
840.0
690.0
714.0
685.0
692.0
755.0
697.0
738.0
690.0
709.0
698.0
687.0
718.0
874.0
712.0
730.0
791.0
706.0
723.0
741.0
741.0
745.0
728.0
738.0
841.0
762.0
733.0
852.0
721.0
703.0
805.0
745.0
704.0
713.0
715.0
682.0
730.0
731.0
814.0
724.0
797.0
711.0
705.0
741.0
736.0
778.0
712.0
701.0
694.0
676.0
794.0
702.0
706.0
815.0
747.0
801.0
730.0
727.0
715.0
705.0
754.0
753.0
791.0
677.0
882.0
709.0
865.0
724.0
721.0
693.0
720.0
698.0
690.0
692.0
730.0
696.0
594.0
726.0
754.0
770.0
822.0
757.0
691.0
892.0
713.0
721.0
703.0
702.0
741.0
752.0
680.0
794.0
692.0
714.0
837.0
777.0
