1.6297699995418935
0.6046208759921565
0.7423449071894439
1.0027533729783888
0.7163766672247329
0.799019087772599
0.9634887100078607
0.49329776752886667
0.5496359286471507
1.1453072422376642
0.8324584515896966
0.6866986786936348
0.5813020723559678
0.5786632270468998
0.4978796253332797
0.6444496555914281
0.7460546557558313
0.9045917155520686
0.8240986106354222
0.7460546557558313
0.6567046646988962
0.9094997984233845
1.8945354246501211
0.7613998034783644
0.6107483805458905
0.6199396373764917
0.6720234260832314
0.5681078458106273
0.7237961643575076
1.1139266452227388
0.7163766672247329
0.8366383720668338
0.7163766672247329
0.8366383720668338
0.7015376729591839
0.7497644043222185
0.6505771601451621
0.557552464574355
0.41285648904636746
0.6567046646988962
0.4428973316803241
0.6978279243927965
0.6720234260832314
0.5707466911196954
0.7423449071894439
0.6199396373764917
0.8240986106354222
0.7613998034783644
0.6352583987608268
0.7864793263411876
0.819918690158285
0.5893021146078213
0.5522747739562188
0.8653270525815404
0.8996836326807525
0.7697596444326389
0.5338028567927422
0.8408182925439709
0.8366383720668338
0.36580247570442653
0.4887159097244538
0.6291308942070929
0.6689596738063643
0.30210528834308503
0.659768416975763
0.6866986786936348
0.8282785311125593
0.7163766672247329
0.8996836326807525
0.7386351586230567
0.6352583987608268
0.7822994058640504
0.6352583987608268
0.6107483805458905
0.9487644613939127
0.583940917665036
1.1013744064167683
0.6567046646988962
0.6230033896533587
0.641385903314561
0.7312156614902822
0.7275059129238948
0.7237961643575076
1.0386132123869176
0.5681078458106273
0.7052474215255712
0.641385903314561
0.6291308942070929
0.6658959215294973
0.6107483805458905
0.6475134078682949
0.7460546557558313
0.6792791815608601
0.6260671419302257
0.799019087772599
0.4955886964310732
1.329417052876218
0.36942201519226814
0.7572198830012273
1.3439735219372304
0.8115588492040107
0.5100532490111295
0.6107483805458905
0.310767949287291
0.9144078812947007
0.6689596738063643
1.3075823492846992
0.8996836326807525
0.6755694329944729
0.6866986786936348
0.5813020723559678
0.6904084272600219
0.5100532490111295
0.8456947210962763
0.6941181758264093
0.6829889301272474
0.7864793263411876
0.5522747739562188
0.6168758850996247
1.1704117198496045
0.8031990082497363
0.7126669186583457
0.5813020723559678
0.6978279243927965
1.733927785761232
0.5786632270468998
0.6904084272600219
0.6505771601451621
0.6138121328227576
0.6829889301272474
1.1515833616406492
0.63219464648396
0.7349254100566694
0.39837833109500104
0.6291308942070929
0.6352583987608268
0.6230033896533587
0.7613998034783644
0.6658959215294973
0.6866986786936348
1.1264788840287088
0.799019087772599
0.49329776752886667
0.6230033896533587
0.7460546557558313
0.9683967928791768
0.6168758850996247
0.9585806271365448
0.6199396373764917
0.641385903314561
1.2348000039796363
1.198408831327105
0.8282785311125593
0.6720234260832314
0.6107483805458905
0.7089571700919585
0.7275059129238948
0.7386351586230567
0.9242240470373327
0.5232474755564698
0.6720234260832314
0.6076846282690235
0.7497644043222185
0.7275059129238948
0.9929372072357568
0.5285251661746061
0.7163766672247329
0.5786632270468998
0.4726794074090083
0.6536409124220292
0.6352583987608268
0.7015376729591839
0.7349254100566694
0.5074144037020613
0.7572198830012273
0.6829889301272474
0.5893021146078213
0.6792791815608601
0.6230033896533587
1.0574415705958728
0.8240986106354222
0.7275059129238948
0.6199396373764917
0.5865797629741041
0.6352583987608268
0.9733048757504927
0.6291308942070929
0.7460546557558313
0.46351569180018243
0.6567046646988962
0.6941181758264093
0.7275059129238948
2.230351396872343
0.6107483805458905
0.6199396373764917
0.9536725442652286
0.5893021146078213
0.8751432183241725
0.6076846282690235
0.7126669186583457
0.7613998034783644
1.3519128125649782
0.35313408749698083
0.7906592468183248
0.7349254100566694
0.63219464648396
0.5984933714384224
0.6941181758264093
0.6536409124220292
1.2056870658576113
0.6755694329944729
0.6138121328227576
0.32376194070360004
0.5733855364287636
0.8282785311125593
0.6383221510376939
0.8073789287268734
0.6866986786936348
0.8157387696811478
0.5206086302474018
0.6978279243927965
0.6505771601451621
0.3440852387773768
0.8031990082497363
0.7906592468183248
1.329417052876218
0.7237961643575076
0.6199396373764917
0.5364417021018103
0.7697596444326389
0.659768416975763
0.6505771601451621
0.8073789287268734
0.7864793263411876
0.5681078458106273
10.126435842355662
0.7089571700919585
0.641385903314561
0.5923658668846883
0.5954296191615553
0.3266494943516687
0.5469970833380827
2.3325562579834545
0.6829889301272474
0.9094997984233845
0.6046208759921565
0.6444496555914281
0.7015376729591839
0.7822994058640504
0.7423449071894439
0.6107483805458905
0.7497644043222185
0.7781194853869132
1.3366952874067242
0.34770477826521845
0.6755694329944729
0.5232474755564698
0.6536409124220292
1.0825460482078133
0.5232474755564698
0.5338028567927422
0.7697596444326389
1.2348000039796363
0.9929372072357568
0.641385903314561
0.7126669186583457
0.6199396373764917
0.6199396373764917
0.9340402127799646
0.8996836326807525
0.6168758850996247
0.7497644043222185
0.9880291243644409
0.7312156614902822
0.3495145480091392
0.6904084272600219
0.293442627398879
0.3458950085212976
0.583940917665036
0.9929372072357568
0.7163766672247329
0.7460546557558313
0.6829889301272474
0.6720234260832314
1.0135087347749772
0.7572198830012273
0.773939564909776
0.4291517582670852
0.5522747739562188
0.5786632270468998
0.39475879160715943
0.819918690158285
0.8702351354528562
0.6076846282690235
0.9683967928791768
0.7200864157911203
0.7948391672954618
0.3266494943516687
0.4887159097244538
0.5628301551924912
0.3049928419911537
0.5923658668846883
0.5865797629741041
0.63219464648396
0.5707466911196954
0.8073789287268734
0.641385903314561
0.5954296191615553
0.5786632270468998
0.5443582380290146
0.5707466911196954
1.329417052876218
0.6755694329944729
0.9487644613939127
0.6291308942070929
0.4795521941156277
0.6829889301272474
0.8653270525815404
0.7423449071894439
0.3223181638795657
0.6505771601451621
0.525886320865538
0.6689596738063643
0.6941181758264093
0.799019087772599
0.8456947210962763
0.6978279243927965
0.9487644613939127
0.7126669186583457
0.5760243817378317
0.525886320865538
1.2857476456931802
0.7613998034783644
0.3266494943516687
0.6720234260832314
0.5469970833380827
0.5923658668846883
1.0197848541779624
0.5654690005015592
0.6904084272600219
1.0260609735809474
0.9045917155520686
0.7613998034783644
0.5522747739562188
1.4169490619608212
0.7423449071894439
0.6291308942070929
0.8996836326807525
0.6444496555914281
0.6866986786936348
0.7237961643575076
0.7781194853869132
0.7613998034783644
0.6230033896533587
0.8604189697102242
0.447479189484737
0.6352583987608268
1.069993809401843
0.5707466911196954
0.6076846282690235
0.773939564909776
0.8849593840668045
0.7460546557558313
0.3748513244240305
1.220243534918624
0.4589338339957694
0.7460546557558313
0.7781194853869132
0.799019087772599
0.8157387696811478
0.5390805474108784
0.7423449071894439
0.7423449071894439
0.7163766672247329
0.8996836326807525
0.7460546557558313
0.8751432183241725
0.6230033896533587
0.5893021146078213
0.7163766672247329
0.6015571237152895
0.6978279243927965
0.5522747739562188
0.7237961643575076
0.6076846282690235
0.6383221510376939
1.0027533729783888
0.7906592468183248
0.9389482956512807
0.41828579827812995
0.6689596738063643
0.41285648904636746
1.3075823492846992
0.6076846282690235
0.6567046646988962
0.8366383720668338
0.6755694329944729
0.293442627398879
1.2711911766321677
0.6628321692526302
0.7312156614902822
0.6755694329944729
0.6015571237152895
0.7781194853869132
0.9340402127799646
0.6941181758264093
0.8240986106354222
0.6567046646988962
0.6168758850996247
0.6941181758264093
0.8157387696811478
1.2420782385101428
0.35494385724090166
0.3404656992895352
0.5760243817378317
0.7275059129238948
0.9929372072357568
0.8555108868389084
0.6352583987608268
0.7460546557558313
0.525886320865538
0.41466625879028834
0.819918690158285
0.4314426871692916
0.6230033896533587
0.6689596738063643
0.8366383720668338
0.8115588492040107
0.9291321299086486
0.297773957870982
0.5707466911196954
0.9193159641660166
0.9144078812947007
0.7052474215255712
1.9383375079834546
1.0027533729783888
0.4056174100706843
0.5047755583929933
0.40923694955852585
1.1264788840287088
0.6168758850996247
0.5984933714384224
0.5522747739562188
6.73362054548903
0.6720234260832314
0.6352583987608268
0.641385903314561
0.7697596444326389
0.6383221510376939
0.5443582380290146
0.7906592468183248
0.6352583987608268
0.6904084272600219
0.5760243817378317
0.6107483805458905
0.5311640114836741
0.8996836326807525
1.0825460482078133
0.6199396373764917
0.5443582380290146
0.9831210414931248
0.4978796253332797
0.6046208759921565
1.2348000039796363
0.5786632270468998
0.6107483805458905
0.8282785311125593
0.7200864157911203
0.9242240470373327
0.819918690158285
0.5893021146078213
1.5063739048801057
0.6567046646988962
0.6015571237152895
0.7015376729591839
0.6352583987608268
0.7948391672954618
0.799019087772599
0.6567046646988962
0.5786632270468998
0.5285251661746061
0.6046208759921565
0.7163766672247329
0.63219464648396
0.6352583987608268
0.7386351586230567
0.5813020723559678
0.6658959215294973
0.5954296191615553
0.5681078458106273
0.7163766672247329
0.7613998034783644
0.554913619265287
0.7349254100566694
0.6941181758264093
0.33865592954561435
0.5469970833380827
0.7460546557558313
0.8366383720668338
1.069993809401843
0.3404656992895352
0.659768416975763
0.5311640114836741
0.8240986106354222
0.7497644043222185
0.6689596738063643
0.6076846282690235
0.5707466911196954
0.6046208759921565
0.7423449071894439
1.0511654511928878
0.6138121328227576
0.5923658668846883
0.30932417246325666
0.7275059129238948
