0.6791458009917271
0.7958379121655748
0.7388160847980707
0.6966958844641811
1.1633073536443777
0.9541147970200671
0.4939410982991372
0.7388160847980707
0.9781022471056345
0.8195614664674084
0.7388160847980707
0.8629624866949103
0.7602525807128244
1.3567082206527952
0.9972922071740886
1.381431395567053
0.8353771693352975
1.0438828394440787
0.6660937574304029
0.8821524467633642
0.4020199838867977
0.8917474267975913
1.131879849907457
1.3731903372623004
0.9061398968489318
1.062739341686231
0.7681604321467689
2.1733367817765337
0.4771439610692556
1.1193088484126885
0.7879300607316303
0.9972922071740886
0.7493461348815432
0.6861658343807086
0.8195614664674084
0.7212660013256167
1.1255943491600726
1.0564538409388469
0.7002059011586719
0.7721143578637413
1.1758783551391458
0.8195614664674084
0.7247760180201075
0.7212660013256167
0.8037457635995193
0.6966958844641811
0.9541147970200671
0.8725574667291373
0.7247760180201075
0.8353771693352975
1.0068871872083156
2.467392725832478
1.0564538409388469
0.8773549567462507
1.1067378469179203
2.2909591593989114
0.7642065064297967
0.6507972859862414
0.7918839864486025
1.3342160910906822
0.7247760180201075
0.6569158745639061
0.6756357842972363
0.9205323669002723
0.7493461348815432
1.0564538409388469
0.7002059011586719
1.1758783551391458
0.963709777054294
1.5495644051578592
2.320364753804506
0.574438656200165
7.659826836622397
1.2170755749087894
0.7353060681035799
1.1570218528969936
0.799791837882547
0.8581649966777967
1.505047270138342
0.9972922071740886
0.8235153921843806
0.4070498881930178
0.783976135014658
1.7469556628954144
0.6691530517192352
2.232147970587722
1.1570218528969936
1.0438828394440787
0.7037159178531627
0.752856151576034
0.7282860347145984
0.6722123460080676
0.8156075407504361
0.7879300607316303
0.7721143578637413
0.7958379121655748
0.7958379121655748
0.7212660013256167
0.9493173070029534
0.415433062036718
0.6826558176862177
0.9685072670714076
1.1193088484126885
0.7602525807128244
0.39028354050561753
1.094166845423152
1.2584192865023986
1.2446380493045288
0.9828997371227481
0.8965449168147049
0.7212660013256167
0.9157348768831588
0.7423261014925615
0.3802237318931773
0.7681604321467689
0.8629624866949103
0.7107359512421442
1.9822004181401698
0.9061398968489318
0.8076996893164916
0.7423261014925615
1.3066536166949427
1.0124553357071577
2.0263088097485618
0.3886069057368775
0.8235153921843806
1.100452346170536
0.8869499367804777
0.9205323669002723
1.2653099051013332
0.8533675066606833
0.8965449168147049
0.7879300607316303
0.7760682835807134
0.8965449168147049
0.6599751688527384
1.505047270138342
0.584442951874751
0.8314232436183252
0.8581649966777967
0.8235153921843806
0.8629624866949103
0.6599751688527384
0.8581649966777967
0.9685072670714076
0.8965449168147049
0.9061398968489318
0.6966958844641811
1.0438828394440787
1.1444508514022251
0.9445198169858399
0.8533675066606833
0.8195614664674084
0.9445198169858399
0.8353771693352975
0.8677599767120237
0.6385601088309122
0.7493461348815432
0.8533675066606833
0.7681604321467689
1.7616584600982117
4.280396214319797
0.9205323669002723
1.2446380493045288
1.1758783551391458
1.6767134332356122
1.341106709689617
0.783976135014658
0.8314232436183252
0.6324415202532475
0.8116536150334639
1.5132883284430945
0.8156075407504361
0.925329856917386
1.9969032153429669
0.7282860347145984
0.7317960514090892
1.4308777453955686
1.9086864321261836
0.7388160847980707
0.8677599767120237
1.2653099051013332
0.8274693179013529
0.6791458009917271
0.8485700166435697
0.8677599767120237
0.8917474267975913
0.42255326507214064
3.2613437747835277
0.6791458009917271
1.5768106254602348
0.9301273469344993
0.7458361181870524
1.6040568457626105
0.9493173070029534
0.6861658343807086
0.7002059011586719
1.3567082206527952
1.138165350654841
0.8965449168147049
0.925329856917386
0.447748970916963
1.0753103431809994
0.8274693179013529
1.5495644051578592
4.834795755735674
0.7563661682705249
1.0375973386966943
1.0815958439283837
1.5132883284430945
0.6660937574304029
3.2907493691891223
1.5858926988943602
0.8195614664674084
1.4308777453955686
1.1758783551391458
0.9301273469344993
0.6232636373867505
0.7721143578637413
1.002089697191202
0.37016392328073716
0.8917474267975913
0.8725574667291373
0.8821524467633642
0.7212660013256167
0.9493173070029534
0.9493173070029534
0.6691530517192352
0.8235153921843806
0.6756357842972363
0.7721143578637413
0.7760682835807134
0.5244171778272344
1.0124553357071577
2.3350675510073033
1.5314002582896087
0.7423261014925615
0.8076996893164916
0.8965449168147049
1.094166845423152
2.188039578979331
0.6324415202532475
0.8037457635995193
0.8116536150334639
0.7353060681035799
0.8235153921843806
0.7282860347145984
3.129018599958353
0.4582471816856389
0.9685072670714076
0.8725574667291373
0.8917474267975913
0.7317960514090892
0.8629624866949103
0.8965449168147049
0.7353060681035799
0.7681604321467689
0.8156075407504361
0.8195614664674084
0.7388160847980707
0.963709777054294
1.5768106254602348
0.8195614664674084
1.0375973386966943
1.0068871872083156
0.8076996893164916
0.8314232436183252
0.9541147970200671
0.6861658343807086
0.8235153921843806
0.9685072670714076
0.9061398968489318
0.8195614664674084
1.1895131005130497
0.9205323669002723
1.131879849907457
1.0564538409388469
0.7423261014925615
1.0438828394440787
0.8353771693352975
1.0815958439283837
1.6040568457626105
0.9301273469344993
0.9157348768831588
1.100452346170536
0.7458361181870524
1.2032943377109195
1.4308777453955686
0.6630344631415707
0.6416194031197444
0.6416194031197444
0.7721143578637413
1.0068871872083156
0.7800222092976856
0.7072259345476536
0.9733047570885209
0.8869499367804777
1.0313118379493103
1.2859817608981379
0.8076996893164916
0.39866671434931766
0.783976135014658
1.1758783551391458
0.7423261014925615
0.8195614664674084
0.8917474267975913
0.6722123460080676
0.6931858677696902
0.7353060681035799
0.7958379121655748
0.8629624866949103
0.7247760180201075
0.7602525807128244
0.6599751688527384
0.7458361181870524
1.5314002582896087
0.9397223269687265
0.7879300607316303
0.7879300607316303
0.6691530517192352
0.9205323669002723
0.963709777054294
0.9061398968489318
0.7282860347145984
0.8533675066606833
1.1964037191119847
1.0068871872083156
1.2377474307055938
1.0878813446757676
0.6049078716537566
0.598789283076092
1.4638419786145789
0.7212660013256167
0.6507972859862414
0.6507972859862414
0.8393310950522697
0.7107359512421442
1.2308568121066592
0.7037159178531627
0.752856151576034
0.8533675066606833
0.752856151576034
1.002089697191202
0.7721143578637413
1.062739341686231
1.100452346170536
0.9157348768831588
1.0501683401914628
0.9876972271398614
0.9061398968489318
0.5869440257933976
0.9828997371227481
1.2859817608981379
0.9349248369516129
1.131879849907457
0.7423261014925615
1.062739341686231
1.364949278957548
0.8581649966777967
0.8393310950522697
1.292872379497073
3.0849102083499615
0.481343245376726
0.783976135014658
2.4526899286296806
1.169592854391762
0.8965449168147049
0.799791837882547
2.4379871314268833
0.8485700166435697
0.7037159178531627
1.1758783551391458
0.8314232436183252
1.3896724538718055
1.381431395567053
0.714245967936635
1.6881444740842255
1.9527948237345754
0.752856151576034
0.6446786974085766
0.7760682835807134
0.7800222092976856
0.925329856917386
0.752856151576034
0.752856151576034
0.8314232436183252
1.967497620937373
0.7423261014925615
0.43515111799455175
0.752856151576034
0.6826558176862177
1.0375973386966943
0.6896758510751994
0.7282860347145984
1.2377474307055938
0.7317960514090892
1.2653099051013332
0.8274693179013529
0.7282860347145984
1.002089697191202
0.8353771693352975
1.406154570481311
0.3684872885119971
0.8116536150334639
1.5223181848554836
1.169592854391762
2.3350675510073033
0.42255326507214064
1.2032943377109195
1.3484671623480426
1.0124553357071577
0.8156075407504361
1.381431395567053
0.9781022471056345
0.5819418779561045
0.7072259345476536
1.2101849563098543
1.505047270138342
1.1570218528969936
1.0313118379493103
0.8314232436183252
0.8353771693352975
0.9109373868660454
0.7037159178531627
0.8037457635995193
0.714245967936635
1.7469556628954144
0.7958379121655748
0.7721143578637413
1.018740836454542
1.480324095224084
0.9493173070029534
2.7614486698884226
0.8581649966777967
1.0068871872083156
1.094166845423152
0.9445198169858399
0.7002059011586719
0.7072259345476536
0.9397223269687265
1.1193088484126885
1.3066536166949427
0.4120797924992379
0.7177559846311259
0.7958379121655748
0.6722123460080676
0.6966958844641811
1.7028472712870228
0.8725574667291373
1.5132883284430945
0.8533675066606833
0.5069096603967087
0.7918839864486025
0.7602525807128244
1.0753103431809994
0.6355008145420799
1.5858926988943602
1.169592854391762
0.7388160847980707
0.531920399583174
0.8037457635995193
0.7107359512421442
1.131879849907457
0.9205323669002723
0.8235153921843806
0.6232636373867505
0.6756357842972363
0.9205323669002723
0.7760682835807134
0.8677599767120237
0.8274693179013529
0.7681604321467689
0.8353771693352975
1.3066536166949427
0.783976135014658
1.7910640545038061
1.138165350654841
0.7800222092976856
1.1255943491600726
1.364949278957548
0.7107359512421442
0.5344214735018206
0.9493173070029534
0.7002059011586719
0.7423261014925615
0.7107359512421442
0.9061398968489318
0.6324415202532475
0.7563661682705249
0.7879300607316303
0.7212660013256167
1.025026337201926
1.1067378469179203
0.7800222092976856
0.9493173070029534
0.7353060681035799
0.647737991697409
2.1733367817765337
0.7423261014925615
1.9527948237345754
0.6049078716537566
1.6585492863673619
1.0068871872083156
0.6826558176862177
0.3936368100430976
2.5556095090492614
0.8725574667291373
1.1633073536443777
1.0313118379493103
1.71755006848982
0.7958379121655748
2.08511999855975
0.9445198169858399
0.6324415202532475
0.8116536150334639
0.963709777054294
1.1633073536443777
1.3567082206527952
1.138165350654841
0.8393310950522697
0.9157348768831588
0.6293822259644152
0.7958379121655748
0.783976135014658
1.2584192865023986
0.8037457635995193
1.1067378469179203
0.4020199838867977
1.062739341686231
