0.7559036360217188
0.6030555023152001
0.5544331028489193
0.6518562760095907
0.6084778105034656
0.6274558891623955
0.9389175963100685
2.502448017711524
0.6274558891623955
0.714786674758086
0.7179495179322116
0.5034627238746152
0.5241393926798975
0.7432522633252164
0.7495779496734676
0.6894839293650812
0.9875558718095426
0.36381644895400317
0.7369265769769652
0.8593276909472927
0.6030555023152001
0.7712874968346103
0.7179495179322116
0.6464339678213251
0.9963991946276287
0.7595744049126046
0.6437228137271924
0.7021353020615835
0.7242752042804628
0.6768325566685786
0.619322426879997
1.230314846691716
0.7432522633252164
0.6894839293650812
1.061773201635256
0.8770143365834652
0.7021353020615835
0.4498369543055739
1.2170446297291913
0.6681232005743878
1.4991009452935846
1.2634903890980276
0.7751918608086121
0.6545674301037236
0.8681710137653789
0.673669713494453
0.8902793208105945
1.372578821399779
0.7495779496734676
1.4321186444086287
0.5544331028489193
1.0559990856036732
0.6654120464802549
0.6831582430168298
0.5949220400328016
0.589499731844536
0.6894839293650812
0.9875558718095426
0.5311302488727486
0.34003419374014676
0.8181398645226325
1.0502249695720907
0.6247447350682626
0.5054971094989609
0.7274380474545884
0.7673831328606083
1.27012549757929
0.6708343546685205
0.4535352832413698
0.6518562760095907
0.6274558891623955
0.5034627238746152
0.6572785841978565
0.8103311365746289
0.83375732041864
0.8259485924706363
0.6220335809741298
0.7712874968346103
0.8593276909472927
0.7495779496734676
0.714786674758086
0.6166112727858641
0.6464339678213251
0.6958096157133323
0.921230950673896
0.6894839293650812
0.6572785841978565
1.154159058140577
0.9433392577191118
0.7712874968346103
0.6831582430168298
0.5847268130179414
0.5124879656918122
0.6799953998427043
0.8681710137653789
0.632878197350661
0.8549060295382497
0.7052981452357092
0.83375732041864
0.5870570984155584
0.8298529564446382
0.6383005055389267
0.589499731844536
0.5949220400328016
0.7986180446526233
0.6863210861909554
1.136836710045829
0.7432522633252164
0.6003443482210673
0.714786674758086
1.1838690873228797
0.6863210861909554
1.4767735116652658
0.6139001186917313
0.7242752042804628
0.6437228137271924
0.7274380474545884
0.5823965276203243
0.5800662422227073
0.6410116596330596
0.542781675860834
1.165707290203742
0.6708343546685205
0.6220335809741298
0.8504843681292065
0.8770143365834652
1.0052425174457151
0.5800662422227073
0.38462592226612763
0.6410116596330596
0.7274380474545884
0.714786674758086
1.0675473176668384
0.5241393926798975
0.5148182510894291
0.9742908875824133
0.698972458887458
0.5241393926798975
0.837661684392642
0.7495779496734676
0.916809289264853
0.7021353020615835
0.6894839293650812
0.5637542444393877
0.37422118561006545
0.7595744049126046
0.7242752042804628
0.6545674301037236
0.9035443050377236
0.403949004627386
0.83375732041864
0.8770143365834652
0.7830005887566159
0.7495779496734676
0.7274380474545884
0.4239486517550022
0.6274558891623955
0.6003443482210673
0.5949220400328016
0.5870570984155584
0.6030555023152001
0.7751918608086121
0.921230950673896
0.7495779496734676
0.5949220400328016
0.6545674301037236
0.7559036360217188
0.5218091072822804
1.0155802733825954
1.1195143619510814
0.5054971094989609
0.5614239590417707
0.9831342104004994
0.5218091072822804
0.6410116596330596
0.9300742734919825
0.6410116596330596
0.7712874968346103
0.46278110558085966
0.4313453096265941
0.5754056714274731
1.154159058140577
1.1483849421089942
0.7274380474545884
0.619322426879997
0.6437228137271924
0.7179495179322116
0.7830005887566159
1.044450853540508
0.9521825805371978
0.9389175963100685
0.5847268130179414
0.5567633882465366
0.5922108859386688
0.5922108859386688
0.6220335809741298
1.6562577995284675
0.6355893514447938
0.9698692261733701
0.7908093167046195
0.6003443482210673
0.7116238315839603
0.9875558718095426
0.5521028174513024
0.921230950673896
0.6654120464802549
0.619322426879997
0.7179495179322116
0.921230950673896
0.3623300580031372
0.6084778105034656
0.9831342104004994
0.7559036360217188
0.6437228137271924
0.6863210861909554
0.6894839293650812
0.6627008923861221
0.6437228137271924
0.698972458887458
0.7432522633252164
0.6464339678213251
0.5870570984155584
1.3232063654293884
0.4775744213240435
1.2634903890980276
0.5660845298370047
0.7084609884098347
0.5949220400328016
0.6799953998427043
0.7052981452357092
0.6274558891623955
0.5684148152346219
0.6926467725392066
0.8460627067201633
0.5922108859386688
0.5949220400328016
1.0559990856036732
0.7908093167046195
0.7712874968346103
0.619322426879997
0.6708343546685205
0.7337637338028397
0.7634787688866065
0.6799953998427043
0.6654120464802549
1.2502201721355028
0.6958096157133323
0.8142355005486307
0.48312191472773747
0.6491451219154579
0.6437228137271924
0.6274558891623955
0.7432522633252164
0.6355893514447938
2.0942297567691863
0.589499731844536
0.6003443482210673
0.6464339678213251
0.9035443050377236
0.7673831328606083
0.8902793208105945
0.632878197350661
0.7021353020615835
0.6831582430168298
0.8593276909472927
0.6247447350682626
0.6926467725392066
0.7337637338028397
0.41881291413604627
0.9079659664467667
0.7830005887566159
0.7116238315839603
0.6799953998427043
0.4331944740944921
0.83375732041864
0.5823965276203243
0.6654120464802549
0.6274558891623955
2.6995189023043773
0.6708343546685205
0.6681232005743878
0.6831582430168298
0.6863210861909554
0.7116238315839603
0.8858576594015514
0.6708343546685205
0.6410116596330596
1.5614438198215905
0.7116238315839603
0.6863210861909554
0.6410116596330596
0.9389175963100685
0.9389175963100685
0.5847268130179414
0.8142355005486307
0.7274380474545884
0.7986180446526233
0.6437228137271924
0.573075386029856
0.619322426879997
0.6274558891623955
0.8814359979925082
0.7400894201510908
1.0559990856036732
0.37570757656093146
0.5474422466560683
0.9079659664467667
0.5264696780775145
1.0790955497300032
0.6139001186917313
0.921230950673896
0.3994898317747879
0.7274380474545884
0.6926467725392066
0.7084609884098347
1.1599331741721595
0.8025224086266252
0.6274558891623955
0.40543539557825203
0.45908277664506375
0.7084609884098347
0.632878197350661
0.6355893514447938
0.7527407928475932
0.7021353020615835
0.6545674301037236
1.113740245919499
0.5451119612584512
0.6831582430168298
0.6084778105034656
0.7242752042804628
0.6572785841978565
1.0052425174457151
0.6518562760095907
0.5800662422227073
0.4960660660030233
1.380021299275885
0.4239486517550022
0.6030555023152001
0.6768325566685786
0.589499731844536
0.6863210861909554
0.619322426879997
0.6247447350682626
0.7432522633252164
0.632878197350661
0.6003443482210673
0.9389175963100685
0.7211123611063371
0.6111889645975985
0.6545674301037236
0.4173265231851802
0.6958096157133323
0.6220335809741298
1.1971393042854044
0.4220994872871042
0.8103311365746289
1.7000879875834807
0.5823965276203243
0.6139001186917313
0.6220335809741298
0.8103311365746289
0.6410116596330596
0.3294921585364114
0.6958096157133323
0.6057666564093329
0.6464339678213251
0.956604241946241
0.6057666564093329
0.7116238315839603
0.351925321347075
0.5684148152346219
0.6383005055389267
0.7116238315839603
0.6681232005743878
0.6437228137271924
0.6599897382919893
0.956604241946241
0.4572336121771658
0.673669713494453
0.8103311365746289
0.9035443050377236
0.8259485924706363
0.6464339678213251
1.8267764133931716
0.714786674758086
0.8460627067201633
0.34449336659274477
0.8504843681292065
0.916809289264853
0.7052981452357092
0.7595744049126046
1.0271285054457606
0.7830005887566159
0.5800662422227073
0.7527407928475932
0.7830005887566159
0.9389175963100685
0.6003443482210673
0.5637542444393877
0.5922108859386688
0.9389175963100685
0.7179495179322116
1.230314846691716
0.5949220400328016
0.5497725320536853
0.6030555023152001
0.730600890628714
1.0559990856036732
0.7634787688866065
0.5497725320536853
0.7052981452357092
0.5800662422227073
0.6894839293650812
1.165707290203742
0.7673831328606083
1.4842159895413722
0.7116238315839603
0.6708343546685205
0.8460627067201633
0.8103311365746289
0.6545674301037236
0.5949220400328016
0.6464339678213251
0.673669713494453
0.9742908875824133
0.6247447350682626
0.8858576594015514
0.7986180446526233
1.1021920138563337
0.6084778105034656
0.9079659664467667
0.3980034408239219
0.41881291413604627
0.83375732041864
0.8725926751744221
0.6572785841978565
0.5707451006322389
0.7021353020615835
0.6599897382919893
0.6003443482210673
0.7337637338028397
0.6410116596330596
0.6355893514447938
0.9521825805371978
0.48312191472773747
0.7830005887566159
0.7337637338028397
0.921230950673896
0.8220442284966345
0.619322426879997
0.6247447350682626
0.6274558891623955
0.6654120464802549
0.9389175963100685
0.6681232005743878
0.6383005055389267
0.673669713494453
0.7751918608086121
0.3294921585364114
1.8267764133931716
0.5823965276203243
0.5101576802941951
0.7559036360217188
0.5637542444393877
0.714786674758086
0.6410116596330596
0.5976331941269344
0.7464151064993421
0.6491451219154579
0.6654120464802549
0.6247447350682626
0.6247447350682626
0.589499731844536
3.220349097299772
1.0559990856036732
0.6627008923861221
0.5334605342703658
0.5521028174513024
0.6410116596330596
0.5976331941269344
0.6926467725392066
0.6799953998427043
1.4321186444086287
0.7211123611063371
0.6464339678213251
0.7084609884098347
0.6274558891623955
0.9477609191281547
0.3294921585364114
0.7673831328606083
0.6491451219154579
0.6464339678213251
0.5922108859386688
0.7400894201510908
0.7179495179322116
0.5287999634751316
0.6863210861909554
0.6518562760095907
0.730600890628714
0.8637493523563359
1.0271285054457606
0.6681232005743878
0.7634787688866065
0.5357908196679829
0.7830005887566159
0.6111889645975985
0.8902793208105945
0.6111889645975985
0.8460627067201633
0.7052981452357092
0.8725926751744221
0.5287999634751316
0.8103311365746289
0.7432522633252164
1.4246761665325225
1.2966659315043392
0.5684148152346219
1.2900308230230768
0.8259485924706363
0.7673831328606083
0.7464151064993421
0.43874196749818595
0.6030555023152001
0.3459797575436108
0.7751918608086121
0.540451390463217
0.6464339678213251
0.6437228137271924
0.7021353020615835
0.6355893514447938
0.7986180446526233
0.6681232005743878
0.7021353020615835
0.6464339678213251
0.5823965276203243
0.5707451006322389
0.6654120464802549
0.673669713494453
0.4905185725993293
0.7211123611063371
0.34449336659274477
0.6410116596330596
0.6111889645975985
0.8681710137653789
0.44798778983767595
0.589499731844536
0.8504843681292065
0.573075386029856
0.6274558891623955
0.6681232005743878
0.589499731844536
0.9477609191281547
0.6627008923861221
0.7869049527306177
1.084869665761586
0.7179495179322116
0.6111889645975985
1.5235182279388395
0.6003443482210673
0.6220335809741298
0.6799953998427043
0.7052981452357092
0.6926467725392066
0.46278110558085966
0.8259485924706363
0.8593276909472927
0.6355893514447938
0.7559036360217188
1.0098061573510129
0.5684148152346219
0.4960660660030233
0.6518562760095907
0.6708343546685205
1.7000879875834807
0.837661684392642
0.632878197350661
0.4313453096265941
0.6084778105034656
1.9816178227161279
1.165707290203742
0.5823965276203243
0.7495779496734676
0.6768325566685786
0.6627008923861221
1.7704704463666425
0.6084778105034656
0.6926467725392066
0.5334605342703658
0.5451119612584512
0.8460627067201633
0.9079659664467667
0.632878197350661
0.6491451219154579
0.6003443482210673
0.698972458887458
0.6894839293650812
0.9300742734919825
0.7179495179322116
0.5637542444393877
0.6599897382919893
0.6410116596330596
0.6681232005743878
0.6166112727858641
0.714786674758086
0.6030555023152001
0.6518562760095907
0.6355893514447938
1.1310625940142465
0.6491451219154579
0.8814359979925082
0.6545674301037236
0.6410116596330596
0.619322426879997
0.5218091072822804
0.6926467725392066
0.9654475647643271
0.8103311365746289
0.6437228137271924
0.589499731844536
0.5171485364870463
0.956604241946241
0.6166112727858641
0.6545674301037236
0.5922108859386688
1.0098061573510129
0.6627008923861221
0.6247447350682626
0.6627008923861221
1.3364765823919131
0.6220335809741298
0.589499731844536
1.113740245919499
0.6383005055389267
0.7400894201510908
0.6681232005743878
