0.6799447800332196
0.6061211005980314
0.7898738555516164
0.6061211005980314
0.749358333465018
1.2267923854813827
0.6061211005980314
0.6166248474756334
0.988165989178828
0.5765474212356834
0.5956173537204293
0.6201260964348341
0.7018648495379981
0.6909048147856087
0.7815635788717745
0.6586398349860415
0.6621410839452422
0.6586398349860415
0.7055181944554612
0.7607878871721698
0.7690981638520118
0.6131235985164327
0.6621410839452422
0.7530116783824813
0.7815635788717745
0.6691435818636434
1.1667185744742539
0.7201315741253135
0.8444476627203723
0.6691435818636434
0.5571974068554706
0.5862224284257899
0.7732533021919327
0.7815635788717745
0.998077597900101
0.7940289938915375
0.5741286694381569
0.6166248474756334
0.5741286694381569
0.7649430255120908
0.8444476627203723
0.8064944089113002
0.8314252389508259
0.6026198516388308
1.0079892066213738
0.6762914351157565
0.6799447800332196
0.6026198516388308
0.6621410839452422
1.0136489209915793
2.4542133095287797
0.7690981638520118
1.0371980984504523
1.3675499121926684
0.7091715393729242
1.119620219556508
0.6481360881084394
0.6621410839452422
0.6872514698681458
0.8940057063267364
0.8148046855911422
0.6306298433124361
0.7055181944554612
0.9088731194086455
0.7774084405318535
0.6762914351157565
0.6306298433124361
1.5662741506988602
0.8890499019660999
0.6481360881084394
0.6691435818636434
0.6621410839452422
0.6446348391492387
0.6481360881084394
0.7981841322314585
0.7898738555516164
0.6909048147856087
0.742051643630092
1.143169397015381
0.7274382639602397
0.6411335901900381
0.8791382932448272
1.2199186625553506
0.5088223709049385
0.7774084405318535
0.8741824888841908
0.609622349557232
0.6835981249506827
0.5717099176406303
1.0784091590034803
0.6306298433124361
0.49155340526615626
0.7649430255120908
0.6835981249506827
0.6762914351157565
0.7274382639602397
0.7091715393729242
0.6446348391492387
0.5523599032604175
0.8840940976054635
0.6341310922716368
0.8064944089113002
0.5305911370826779
0.8397355156306678
0.963386967375646
0.6762914351157565
0.6726448308228441
0.5765474212356834
1.2061712167032872
0.6726448308228441
0.6586398349860415
0.9485195542937369
0.4841043352927285
0.8890499019660999
0.5547786550579441
0.6376323412308375
0.6201260964348341
0.5956173537204293
2.4009348806405946
0.7981841322314585
0.6201260964348341
0.7566650232999442
0.7774084405318535
0.963386967375646
1.4241284801888239
1.2886558918156694
0.5886411802233165
1.048972687179889
0.6586398349860415
1.2199186625553506
0.988165989178828
0.6481360881084394
0.6726448308228441
0.7310916088777027
1.2474135542594784
0.5886411802233165
1.4160458276179444
0.7898738555516164
0.745704988547555
0.6061211005980314
0.738398298712629
0.9683427717362825
0.7128248842903874
0.7981841322314585
0.7091715393729242
0.8444476627203723
0.7091715393729242
0.7607878871721698
0.8064944089113002
0.7898738555516164
0.6762914351157565
0.5838036766282633
0.738398298712629
0.5921161047612287
0.57896617303321
0.8272701006109049
0.7055181944554612
0.6586398349860415
0.5991186026796301
0.5692911658431036
0.6586398349860415
0.7815635788717745
0.7815635788717745
0.6166248474756334
0.6446348391492387
0.6799447800332196
0.5233348816900982
0.8692266845235541
0.65163733706764
0.6691435818636434
0.5765474212356834
0.6306298433124361
0.5862224284257899
0.7530116783824813
0.9088731194086455
0.6551385860268407
0.823114962270984
1.0030334022607375
0.6656423329044429
0.5765474212356834
0.6201260964348341
0.698211504620535
0.698211504620535
0.738398298712629
0.6271285943532354
0.6726448308228441
0.6481360881084394
0.823114962270984
0.823114962270984
0.7164782292078504
0.698211504620535
0.5921161047612287
0.8023392705713793
0.7310916088777027
0.5862224284257899
0.6131235985164327
0.6341310922716368
0.6446348391492387
0.7237849190427765
0.6762914351157565
0.6691435818636434
0.6411335901900381
0.5620349104505239
0.57896617303321
0.5886411802233165
0.6691435818636434
0.6762914351157565
0.6341310922716368
0.7690981638520118
0.503968521888536
0.6835981249506827
0.57896617303321
0.7981841322314585
0.9039173150480091
1.0030334022607375
0.5717099176406303
0.9485195542937369
0.6586398349860415
0.6621410839452422
1.268034723037574
1.4807070481849793
0.7055181944554612
0.7055181944554612
1.1137329251917896
0.742051643630092
0.738398298712629
0.6621410839452422
0.6446348391492387
0.566872414045577
0.8940057063267364
0.7566650232999442
0.5596161586529972
0.745704988547555
1.3998805224761857
0.6131235985164327
0.698211504620535
0.5862224284257899
0.6061211005980314
0.5741286694381569
0.7201315741253135
0.7055181944554612
0.8692266845235541
1.0666345702740436
0.7274382639602397
0.6271285943532354
0.5064036191074119
0.7898738555516164
0.8148046855911422
0.938607945572464
0.6691435818636434
1.4726243956141003
0.6762914351157565
0.5596161586529972
0.6872514698681458
0.8791382932448272
0.6026198516388308
0.5862224284257899
1.0607472759093255
0.6799447800332196
0.6271285943532354
0.6131235985164327
0.5886411802233165
1.019536215356298
0.7774084405318535
0.7347449537951658
0.6621410839452422
0.9584311630150096
0.6872514698681458
0.7607878871721698
0.7128248842903874
0.6061211005980314
1.0784091590034803
0.7164782292078504
0.9138289237692819
0.7347449537951658
0.5991186026796301
0.5862224284257899
0.6726448308228441
1.0548599815446071
0.6656423329044429
0.7310916088777027
0.7128248842903874
1.2749084459636058
0.6481360881084394
0.6446348391492387
0.6872514698681458
0.4816213119682525
0.6621410839452422
0.609622349557232
0.7091715393729242
0.7981841322314585
0.6026198516388308
0.6762914351157565
0.938607945572464
0.7164782292078504
0.7164782292078504
0.57896617303321
0.8148046855911422
0.928696336851191
0.6835981249506827
0.5233348816900982
0.7055181944554612
0.694558159703072
0.8272701006109049
0.5717099176406303
0.5991186026796301
0.6201260964348341
0.8940057063267364
0.609622349557232
0.8148046855911422
1.4887897007558588
0.5921161047612287
0.8940057063267364
0.5475223996653642
0.7898738555516164
0.7091715393729242
0.6872514698681458
0.6446348391492387
1.0725218646387618
0.9435637499331004
1.2199186625553506
0.8989615106873727
0.5402661442727843
0.7091715393729242
0.6446348391492387
0.6762914351157565
1.2336661084074143
0.7774084405318535
1.0430853928151707
0.6872514698681458
0.7274382639602397
0.5838036766282633
0.5451036478678376
0.5921161047612287
0.6872514698681458
0.7898738555516164
0.9237405324905547
0.742051643630092
0.8148046855911422
0.7815635788717745
0.6376323412308375
0.8397355156306678
0.8692266845235541
1.019536215356298
0.6691435818636434
0.5692911658431036
0.6621410839452422
0.8314252389508259
1.3298982293718606
0.8314252389508259
2.0279858784232996
0.6481360881084394
0.5956173537204293
0.7274382639602397
0.6131235985164327
0.7607878871721698
0.6376323412308375
0.6762914351157565
0.6726448308228441
0.928696336851191
0.9782543804575553
0.7055181944554612
0.7898738555516164
1.101958336462353
0.7940289938915375
0.6835981249506827
0.8791382932448272
0.7055181944554612
0.9832101848181916
0.65163733706764
0.8023392705713793
0.5991186026796301
0.5451036478678376
1.5049550058976173
1.2405398313334464
0.4865873586172044
1.0548599815446071
0.6909048147856087
0.8272701006109049
0.7018648495379981
0.7164782292078504
0.6061211005980314
0.7347449537951658
0.6799447800332196
0.5692911658431036
1.3092770605937651
1.1726058688389722
0.6586398349860415
0.6131235985164327
0.7310916088777027
0.8106495472512212
0.5717099176406303
0.5281723852851513
0.65163733706764
0.745704988547555
0.5620349104505239
0.6621410839452422
0.7815635788717745
1.3092770605937651
1.0313108040857342
0.6909048147856087
0.8444476627203723
0.7091715393729242
0.5620349104505239
0.7732533021919327
0.6166248474756334
0.5765474212356834
0.8444476627203723
0.8064944089113002
0.9088731194086455
1.2749084459636058
0.8593150758022814
0.6306298433124361
1.2199186625553506
0.6201260964348341
0.7018648495379981
0.6551385860268407
0.6131235985164327
0.5765474212356834
0.6726448308228441
0.6061211005980314
0.6656423329044429
0.7018648495379981
1.1549439857448174
0.694558159703072
0.6691435818636434
1.5573887835567575
0.5921161047612287
0.6621410839452422
1.3367719522978925
0.6621410839452422
0.7201315741253135
0.5991186026796301
0.749358333465018
1.2474135542594784
0.6762914351157565
0.8355803772907469
0.7732533021919327
0.6341310922716368
0.6762914351157565
0.8444476627203723
1.0548599815446071
0.6835981249506827
0.745704988547555
1.3837152173344271
0.609622349557232
0.7690981638520118
1.0030334022607375
0.694558159703072
0.5921161047612287
0.8840940976054635
0.6131235985164327
0.8272701006109049
0.5838036766282633
0.8642708801629179
0.6411335901900381
0.5991186026796301
0.6586398349860415
0.823114962270984
0.6201260964348341
0.6306298433124361
0.7732533021919327
0.823114962270984
0.5305911370826779
0.5596161586529972
2.6673270250815193
0.6691435818636434
0.9088731194086455
0.7201315741253135
2.107903521755577
0.5571974068554706
2.147862343421716
0.742051643630092
0.6872514698681458
0.8314252389508259
0.7732533021919327
0.8593150758022814
0.9138289237692819
0.7566650232999442
0.5921161047612287
0.9138289237692819
0.698211504620535
0.9039173150480091
0.6909048147856087
0.6061211005980314
0.6236273453940347
0.7201315741253135
0.988165989178828
0.8494034670810086
0.6201260964348341
0.65163733706764
0.6621410839452422
0.7981841322314585
0.6872514698681458
0.823114962270984
0.6726448308228441
0.7091715393729242
0.823114962270984
1.2474135542594784
0.6026198516388308
0.6271285943532354
0.8148046855911422
0.6481360881084394
0.8642708801629179
0.5991186026796301
0.8840940976054635
0.5112411227024651
0.6376323412308375
0.5991186026796301
0.5475223996653642
0.8890499019660999
0.5596161586529972
0.65163733706764
1.1137329251917896
0.7164782292078504
0.6271285943532354
0.7055181944554612
0.5921161047612287
0.9039173150480091
0.6691435818636434
0.6621410839452422
0.7164782292078504
1.1137329251917896
0.7649430255120908
0.65163733706764
0.5862224284257899
0.5692911658431036
0.7201315741253135
0.7055181944554612
0.6762914351157565
0.6026198516388308
0.8642708801629179
0.6411335901900381
0.6446348391492387
0.6341310922716368
0.6376323412308375
1.1924237708512233
0.7347449537951658
0.6166248474756334
0.7091715393729242
0.988165989178828
0.6306298433124361
0.6835981249506827
0.818959823931063
0.5717099176406303
0.738398298712629
0.6872514698681458
0.6061211005980314
0.6835981249506827
0.6341310922716368
0.6621410839452422
0.738398298712629
0.8593150758022814
0.6551385860268407
1.3367719522978925
0.7981841322314585
0.7274382639602397
0.6201260964348341
0.8444476627203723
1.019536215356298
0.6411335901900381
0.7201315741253135
0.9088731194086455
0.65163733706764
0.7201315741253135
0.7732533021919327
0.5305911370826779
0.9435637499331004
0.6872514698681458
0.5402661442727843
0.7164782292078504
0.9732985760969188
0.5765474212356834
0.6131235985164327
1.4483764379014619
0.8064944089113002
0.7055181944554612
0.694558159703072
2.321017237308317
0.7732533021919327
0.6691435818636434
0.9237405324905547
0.566872414045577
0.7690981638520118
1.6949956978721434
1.2130449396293188
