690.0
714.0
750.0
788.0
692.0
715.0
690.0
715.0
586.0
782.0
707.0
701.0
676.0
601.0
645.0
696.0
711.0
713.0
715.0
757.0
716.0
729.0
629.0
753.0
684.0
733.0
757.0
599.0
656.0
763.0
694.0
697.0
682.0
699.0
778.0
695.0
685.0
672.0
690.0
672.0
713.0
687.0
774.0
696.0
832.0
673.0
693.0
680.0
725.0
684.0
705.0
759.0
590.0
696.0
701.0
616.0
692.0
698.0
685.0
762.0
696.0
754.0
692.0
787.0
702.0
674.0
656.0
813.0
669.0
678.0
736.0
697.0
795.0
691.0
712.0
750.0
810.0
676.0
685.0
743.0
682.0
742.0
709.0
711.0
682.0
696.0
718.0
686.0
651.0
713.0
687.0
843.0
749.0
770.0
667.0
698.0
772.0
675.0
677.0
703.0
682.0
796.0
690.0
758.0
696.0
676.0
720.0
718.0
680.0
702.0
842.0
669.0
729.0
669.0
840.0
694.0
677.0
813.0
694.0
758.0
714.0
661.0
705.0
698.0
669.0
683.0
693.0
706.0
703.0
714.0
670.0
773.0
805.0
693.0
750.0
680.0
685.0
684.0
694.0
682.0
682.0
710.0
741.0
692.0
666.0
681.0
704.0
703.0
696.0
682.0
685.0
686.0
695.0
696.0
682.0
717.0
727.0
679.0
733.0
869.0
717.0
712.0
794.0
717.0
696.0
673.0
716.0
907.0
832.0
725.0
706.0
730.0
811.0
880.0
689.0
718.0
738.0
695.0
706.0
789.0
728.0
740.0
692.0
715.0
657.0
700.0
663.0
657.0
811.0
779.0
732.0
738.0
735.0
696.0
680.0
712.0
691.0
704.0
685.0
692.0
653.0
698.0
722.0
679.0
640.0
724.0
670.0
698.0
706.0
734.0
683.0
709.0
698.0
666.0
718.0
681.0
695.0
736.0
702.0
696.0
677.0
698.0
764.0
709.0
809.0
720.0
701.0
737.0
673.0
800.0
696.0
713.0
726.0
698.0
833.0
763.0
712.0
682.0
705.0
681.0
597.0
727.0
720.0
832.0
677.0
689.0
737.0
708.0
874.0
749.0
786.0
673.0
777.0
713.0
847.0
660.0
708.0
954.0
714.0
686.0
760.0
701.0
634.0
762.0
744.0
785.0
739.0
581.0
826.0
669.0
700.0
789.0
783.0
762.0
717.0
750.0
718.0
718.0
736.0
730.0
672.0
678.0
752.0
732.0
708.0
647.0
738.0
693.0
1088.0
804.0
791.0
791.0
746.0
679.0
773.0
685.0
764.0
698.0
613.0
738.0
801.0
728.0
694.0
706.0
683.0
795.0
685.0
1025.0
726.0
720.0
691.0
673.0
699.0
706.0
727.0
689.0
725.0
692.0
713.0
849.0
710.0
698.0
678.0
710.0
862.0
676.0
726.0
705.0
763.0
737.0
729.0
707.0
676.0
701.0
698.0
650.0
735.0
712.0
649.0
689.0
659.0
672.0
712.0
702.0
688.0
678.0
706.0
702.0
672.0
669.0
700.0
902.0
681.0
758.0
712.0
706.0
675.0
672.0
682.0
725.0
700.0
739.0
706.0
772.0
766.0
693.0
672.0
672.0
651.0
686.0
713.0
682.0
709.0
712.0
660.0
852.0
671.0
682.0
694.0
774.0
673.0
811.0
630.0
837.0
682.0
592.0
691.0
794.0
682.0
730.0
701.0
738.0
722.0
695.0
697.0
685.0
718.0
664.0
705.0
700.0
677.0
685.0
794.0
716.0
695.0
681.0
708.0
812.0
823.0
643.0
697.0
666.0
760.0
726.0
746.0
674.0
820.0
809.0
678.0
734.0
752.0
623.0
777.0
677.0
666.0
718.0
737.0
728.0
676.0
685.0
724.0
751.0
708.0
727.0
796.0
800.0
738.0
713.0
602.0
673.0
735.0
721.0
708.0
672.0
716.0
669.0
685.0
708.0
875.0
701.0
675.0
647.0
704.0
732.0
688.0
698.0
756.0
626.0
692.0
741.0
692.0
756.0
730.0
692.0
685.0
823.0
656.0
718.0
720.0
600.0
695.0
762.0
726.0
722.0
763.0
722.0
701.0
626.0
764.0
661.0
730.0
719.0
709.0
738.0
731.0
688.0
666.0
670.0
690.0
673.0
687.0
668.0
701.0
725.0
708.0
846.0
708.0
683.0
686.0
680.0
696.0
714.0
697.0
702.0
694.0
714.0
761.0
707.0
742.0
696.0
758.0
706.0
685.0
680.0
758.0
762.0
720.0
712.0
756.0
654.0
731.0
676.0
757.0
718.0
678.0
719.0
800.0
678.0
697.0
785.0
660.0
682.0
729.0
678.0
711.0
643.0
675.0
685.0
682.0
595.0
681.0
829.0
677.0
756.0
714.0
710.0
672.0
656.0
705.0
694.0
734.0
581.0
708.0
690.0
706.0
678.0
723.0
689.0
722.0
730.0
694.0
700.0
701.0
728.0
681.0
670.0
681.0
722.0
738.0
743.0
711.0
730.0
702.0
672.0
691.0
829.0
693.0
865.0
706.0
737.0
650.0
628.0
692.0
673.0
686.0
717.0
754.0
696.0
705.0
696.0
833.0
741.0
817.0
789.0
629.0
1001.0
663.0
848.0
725.0
685.0
779.0
891.0
764.0
662.0
781.0
754.0
849.0
