763.0
778.0
708.0
697.0
759.0
728.0
744.0
722.0
769.0
699.0
748.0
680.0
914.0
657.0
723.0
727.0
728.0
681.0
713.0
738.0
797.0
774.0
676.0
698.0
744.0
733.0
724.0
778.0
686.0
729.0
686.0
881.0
692.0
690.0
690.0
877.0
672.0
763.0
710.0
712.0
673.0
725.0
781.0
807.0
693.0
728.0
842.0
730.0
699.0
696.0
658.0
688.0
714.0
730.0
713.0
720.0
690.0
882.0
732.0
770.0
616.0
690.0
729.0
604.0
714.0
689.0
706.0
642.0
763.0
694.0
727.0
720.0
689.0
769.0
821.0
746.0
716.0
765.0
767.0
764.0
775.0
853.0
707.0
839.0
672.0
739.0
770.0
781.0
674.0
677.0
703.0
733.0
721.0
688.0
737.0
820.0
712.0
794.0
689.0
743.0
665.0
747.0
691.0
762.0
694.0
701.0
697.0
762.0
694.0
706.0
666.0
720.0
731.0
666.0
679.0
722.0
737.0
688.0
706.0
730.0
750.0
713.0
684.0
717.0
705.0
696.0
738.0
730.0
733.0
720.0
699.0
769.0
752.0
714.0
750.0
724.0
698.0
797.0
701.0
672.0
736.0
724.0
714.0
687.0
672.0
757.0
772.0
787.0
709.0
772.0
692.0
666.0
723.0
725.0
682.0
779.0
805.0
689.0
763.0
907.0
745.0
651.0
696.0
778.0
755.0
715.0
714.0
720.0
778.0
929.0
694.0
693.0
727.0
674.0
722.0
776.0
737.0
802.0
721.0
845.0
698.0
746.0
685.0
706.0
737.0
690.0
723.0
777.0
689.0
709.0
700.0
712.0
800.0
827.0
777.0
722.0
694.0
676.0
702.0
748.0
767.0
746.0
684.0
708.0
703.0
645.0
705.0
707.0
752.0
774.0
832.0
705.0
742.0
822.0
687.0
714.0
718.0
677.0
706.0
629.0
774.0
686.0
632.0
748.0
717.0
721.0
715.0
704.0
602.0
746.0
843.0
719.0
702.0
733.0
690.0
758.0
674.0
684.0
689.0
708.0
856.0
737.0
727.0
718.0
738.0
766.0
800.0
922.0
707.0
778.0
721.0
616.0
730.0
706.0
779.0
763.0
721.0
610.0
768.0
723.0
713.0
718.0
724.0
765.0
724.0
669.0
762.0
790.0
747.0
708.0
675.0
763.0
770.0
806.0
745.0
715.0
726.0
689.0
709.0
685.0
711.0
704.0
674.0
712.0
756.0
708.0
728.0
734.0
625.0
701.0
631.0
699.0
717.0
784.0
705.0
722.0
669.0
721.0
738.0
681.0
687.0
621.0
727.0
795.0
740.0
698.0
734.0
780.0
731.0
722.0
739.0
697.0
686.0
748.0
740.0
858.0
695.0
731.0
692.0
672.0
667.0
705.0
792.0
806.0
777.0
818.0
709.0
777.0
694.0
652.0
722.0
682.0
740.0
634.0
581.0
724.0
681.0
674.0
739.0
785.0
693.0
678.0
689.0
667.0
858.0
695.0
670.0
650.0
765.0
758.0
741.0
683.0
787.0
714.0
747.0
716.0
710.0
594.0
725.0
721.0
694.0
730.0
713.0
685.0
721.0
729.0
892.0
686.0
724.0
866.0
684.0
692.0
752.0
807.0
718.0
748.0
716.0
696.0
673.0
729.0
779.0
722.0
698.0
685.0
750.0
668.0
692.0
849.0
704.0
712.0
637.0
680.0
699.0
706.0
631.0
706.0
732.0
710.0
682.0
749.0
677.0
683.0
700.0
693.0
892.0
788.0
779.0
689.0
677.0
814.0
762.0
598.0
858.0
694.0
703.0
771.0
741.0
819.0
748.0
694.0
784.0
724.0
934.0
625.0
709.0
680.0
742.0
769.0
692.0
728.0
785.0
698.0
816.0
877.0
675.0
667.0
741.0
749.0
672.0
680.0
774.0
712.0
685.0
891.0
726.0
714.0
697.0
728.0
745.0
725.0
682.0
714.0
748.0
782.0
673.0
757.0
700.0
691.0
685.0
589.0
668.0
640.0
688.0
709.0
743.0
742.0
738.0
735.0
682.0
725.0
721.0
716.0
692.0
764.0
838.0
728.0
734.0
712.0
706.0
719.0
677.0
723.0
725.0
744.0
663.0
721.0
738.0
900.0
728.0
676.0
709.0
749.0
692.0
744.0
820.0
666.0
770.0
754.0
714.0
683.0
728.0
678.0
823.0
797.0
710.0
656.0
681.0
698.0
710.0
679.0
857.0
750.0
618.0
736.0
631.0
697.0
713.0
586.0
706.0
725.0
676.0
714.0
741.0
676.0
793.0
676.0
724.0
722.0
702.0
748.0
687.0
683.0
718.0
692.0
684.0
732.0
624.0
697.0
720.0
798.0
758.0
717.0
672.0
905.0
689.0
693.0
695.0
586.0
649.0
744.0
758.0
659.0
790.0
787.0
682.0
715.0
685.0
700.0
719.0
684.0
763.0
827.0
688.0
665.0
652.0
869.0
873.0
743.0
754.0
677.0
678.0
811.0
708.0
720.0
602.0
725.0
690.0
758.0
608.0
728.0
593.0
850.0
700.0
720.0
682.0
722.0
