0.5053569992528836
0.685013288292883
0.7879910031888906
0.6821595387170433
0.9502174759305805
0.6310080987320269
0.6584220791738958
0.895566138764872
0.8338701471251057
0.7535032781130391
0.8338701471251057
0.6492840856932728
0.6614680770007701
0.7278195319304805
0.6310080987320269
0.8493226996246571
0.895566138764872
0.819753487452424
0.7449420293855195
0.6735982899895236
0.5533930273723915
0.5884962786904936
0.5755635018890874
0.6793057891412032
0.8303409822069352
0.6066401161170325
1.039878558264055
0.5552405669154495
0.7249657823546406
1.000664864083542
0.7135507840512814
0.5072045387959416
0.763286848761698
1.1632149468983357
0.6706060704813931
0.791520168107061
0.3485484395831615
0.5164422365112317
0.7363807806580001
0.6157781095976553
0.5975021226364094
0.7164045336271213
0.6462380878663985
0.5792585809752036
1.454538155054416
0.621870105251404
0.7597576838435275
0.5718684228029715
0.6614680770007701
0.5127471574251156
0.7420882798096797
0.5533930273723915
0.503447157593852
0.8021076628615721
0.6675600726545188
0.5644782646307396
0.5718684228029715
0.6462380878663985
0.38325952448882183
0.7335270310821602
0.702135785747922
0.5700208832599135
0.8409284769614463
0.5792585809752036
0.8409284769614463
0.6935745370204025
0.7306732815063204
0.9123819348158592
0.7164045336271213
0.8021076628615721
0.7738743435162091
0.6821595387170433
0.7477957789613594
0.6431920900395242
0.7809326733525498
0.5108996178820576
0.9502174759305805
0.6492840856932728
0.5774110414321456
1.6627305268457553
0.5644782646307396
0.7506495285371992
0.621870105251404
0.49172862531331313
0.6340540965589013
0.6735982899895236
0.6462380878663985
0.6005481204632838
0.4409483187643116
3.077838497059639
0.7135507840512814
0.6401460922126498
1.380277669403202
0.7164045336271213
0.8162243225342537
0.8787503427138847
0.7221120327788009
0.7809326733525498
0.3700362540485703
0.7392345302338399
1.1897232977423138
1.1221028173535756
0.6553760813470214
0.6035941182901581
0.7335270310821602
0.5914101269826608
0.6401460922126498
0.6935745370204025
0.9838490680325549
0.6249161030782783
0.32969020906511237
0.5644782646307396
0.409706065369325
0.763286848761698
0.621870105251404
0.7950493330252314
0.7135507840512814
0.6157781095976553
0.8661384956756443
1.1375198659328607
0.6188241074245296
0.6992820361720822
0.4585261171851199
0.7703451785980387
1.060434623036435
0.6614680770007701
0.6157781095976553
0.702135785747922
0.6878670378687228
0.7597576838435275
0.5792585809752036
0.6878670378687228
0.5256799342265216
0.621870105251404
0.6096861139439067
0.5848011996043775
0.6935745370204025
0.6310080987320269
0.7363807806580001
0.9334016798795933
0.5533930273723915
0.5570881064585076
0.6935745370204025
0.8021076628615721
0.6553760813470214
0.6462380878663985
0.8056368277797424
0.5014940688804288
0.5829536600613195
0.7278195319304805
0.6005481204632838
0.9291977308668463
0.7135507840512814
0.6431920900395242
0.7078432848996017
0.7703451785980387
1.7441952981532827
0.9207898328413527
0.5975021226364094
0.5108996178820576
0.8268118172887648
0.4956348027401593
0.7221120327788009
0.5478504087432176
0.9670332719815676
0.6005481204632838
0.719258283202961
0.9123819348158592
1.228238181615392
0.6735982899895236
0.7449420293855195
0.32850269141473115
0.7809326733525498
0.958625373956074
0.6340540965589013
0.34028389555800426
1.200727550277479
0.7278195319304805
0.5944561248095351
0.6492840856932728
0.6764520395653635
0.6462380878663985
0.763286848761698
0.8268118172887648
0.6645140748276445
0.9964609150707953
0.6584220791738958
0.4721977381790818
0.5460028692001596
0.6821595387170433
0.8056368277797424
0.8126951576160832
0.9207898328413527
0.7809326733525498
1.1683539630914308
0.7420882798096797
0.7335270310821602
0.837399312043276
0.8829542917266318
0.6035941182901581
0.7809326733525498
0.685013288292883
1.1375198659328607
0.6188241074245296
0.7078432848996017
0.7335270310821602
1.3382807069670437
0.5700208832599135
0.6645140748276445
0.4179706093944823
0.6492840856932728
0.5533930273723915
0.6431920900395242
1.228238181615392
0.9796451190198079
0.5975021226364094
0.6735982899895236
0.5108996178820576
0.7449420293855195
0.8338701471251057
0.763286848761698
0.8703424446883911
0.5884962786904936
1.1375198659328607
0.5884962786904936
0.6310080987320269
0.7363807806580001
0.7221120327788009
0.5848011996043775
0.43704214133746533
0.6066401161170325
0.6584220791738958
0.7738743435162091
0.7420882798096797
0.6675600726545188
0.6157781095976553
0.702135785747922
0.7703451785980387
0.5848011996043775
0.6340540965589013
0.8913621897521252
1.778686070538792
0.6964282865962425
0.5644782646307396
0.6553760813470214
0.5829536600613195
0.7879910031888906
1.1118247849673855
0.8619345466628976
0.6584220791738958
0.5914101269826608
1.1221028173535756
0.9838490680325549
0.819753487452424
0.874546393701138
0.7506495285371992
0.48977553659989
0.7221120327788009
0.621870105251404
0.5866487391474355
0.5330700923987536
0.7135507840512814
0.7703451785980387
0.7335270310821602
0.7164045336271213
0.5219848551404057
0.5848011996043775
0.8913621897521252
0.6310080987320269
0.7597576838435275
0.7221120327788009
0.7985784979434017
0.6066401161170325
0.7049895353237619
0.6401460922126498
0.5848011996043775
1.4248339607939307
0.6964282865962425
0.3667304364385074
0.9964609150707953
0.7249657823546406
0.5570881064585076
0.5755635018890874
0.7477957789613594
1.3327785806994612
0.8021076628615721
0.7738743435162091
0.37168916285360176
0.5496979482862755
0.6878670378687228
1.02446150968477
0.6401460922126498
0.476103915605928
1.039878558264055
0.6793057891412032
0.5866487391474355
0.6992820361720822
0.6614680770007701
0.6096861139439067
0.7335270310821602
0.6821595387170433
0.5848011996043775
0.8303409822069352
0.7392345302338399
0.719258283202961
0.9460135269178337
0.5182897760542895
1.039878558264055
0.8493226996246571
2.7099369249475407
0.37168916285360176
0.6035941182901581
0.6645140748276445
1.1632149468983357
0.9544214249433273
0.7221120327788009
0.39978861253913633
0.8451187506119104
0.9249937818540995
0.6523300835201471
0.6675600726545188
0.7477957789613594
1.02446150968477
0.6096861139439067
0.6310080987320269
0.9418095779050868
0.6096861139439067
0.47415082689250493
0.6035941182901581
0.7106970344754415
0.8021076628615721
0.7363807806580001
0.6462380878663985
1.000664864083542
0.7363807806580001
0.6035941182901581
0.7506495285371992
0.6793057891412032
1.211731802812644
0.6793057891412032
0.4272766977703497
0.916585883828606
0.6005481204632838
1.1323808497397656
0.5914101269826608
0.8126951576160832
0.7392345302338399
0.5914101269826608
0.685013288292883
0.6614680770007701
0.7135507840512814
0.6462380878663985
0.6821595387170433
0.5848011996043775
0.6584220791738958
0.6553760813470214
0.6157781095976553
0.7950493330252314
0.9838490680325549
1.1221028173535756
0.7164045336271213
0.7363807806580001
1.1952254240098963
0.7049895353237619
0.7774035084343794
0.8493226996246571
0.8997700877776189
0.6553760813470214
0.7306732815063204
0.6706060704813931
0.7506495285371992
0.9754411700070611
0.791520168107061
0.7477957789613594
0.6310080987320269
0.9880530170453017
0.7106970344754415
0.6431920900395242
0.874546393701138
0.5053569992528836
0.5072045387959416
0.6964282865962425
0.874546393701138
0.46829156075223544
0.6188241074245296
0.8535266486374039
0.621870105251404
0.9796451190198079
1.1952254240098963
0.6964282865962425
0.6553760813470214
0.4014415213441678
0.6096861139439067
0.49954098016700565
0.6764520395653635
0.7703451785980387
0.7597576838435275
0.6523300835201471
1.3877037179683234
0.6793057891412032
0.6553760813470214
0.5792585809752036
0.4487606736180042
0.4047473389542307
0.5944561248095351
0.3898711597089477
0.6706060704813931
0.6096861139439067
0.7221120327788009
0.43313596391061915
0.7477957789613594
1.1580759307052408
0.6066401161170325
0.6675600726545188
0.7477957789613594
1.1477978983190504
0.9838490680325549
0.6279621009051526
0.6935745370204025
0.8913621897521252
0.5515454878293335
0.6492840856932728
0.5478504087432176
0.6706060704813931
0.6492840856932728
0.6431920900395242
0.6523300835201471
1.0912687201950055
0.895566138764872
0.6764520395653635
0.5127471574251156
0.5496979482862755
0.8021076628615721
1.06557363922953
0.6706060704813931
0.6553760813470214
0.7392345302338399
0.7985784979434017
1.1477978983190504
0.7392345302338399
0.6066401161170325
0.6614680770007701
0.6462380878663985
0.7420882798096797
0.6462380878663985
0.7420882798096797
0.702135785747922
0.6431920900395242
1.02446150968477
0.9754411700070611
0.6992820361720822
0.6188241074245296
0.7249657823546406
0.7078432848996017
1.019322493491675
0.7278195319304805
1.3951297665334448
1.1787190452071485
0.7703451785980387
1.790182994667295
0.9964609150707953
0.6279621009051526
0.895566138764872
0.6935745370204025
0.6157781095976553
0.5829536600613195
0.5644782646307396
0.5607831855446235
0.5792585809752036
0.895566138764872
0.7106970344754415
0.5626307250876815
0.6964282865962425
0.6340540965589013
0.6907207874445627
0.6878670378687228
0.7879910031888906
1.1375198659328607
0.6645140748276445
0.6401460922126498
0.8021076628615721
1.0809906878088151
0.7449420293855195
0.9207898328413527
0.6005481204632838
0.6821595387170433
0.6462380878663985
0.8493226996246571
1.1477978983190504
0.5644782646307396
0.6675600726545188
0.7078432848996017
0.6793057891412032
0.6821595387170433
0.8056368277797424
0.8021076628615721
0.5496979482862755
0.5533930273723915
0.6066401161170325
0.6964282865962425
0.6066401161170325
0.5755635018890874
0.6706060704813931
0.5570881064585076
0.7249657823546406
0.5644782646307396
0.6584220791738958
1.200727550277479
0.7774035084343794
0.6706060704813931
0.5496979482862755
0.7164045336271213
0.6492840856932728
1.0707126554226252
0.6584220791738958
0.4047473389542307
1.4619642036195375
0.38491243329385333
0.9291977308668463
0.763286848761698
0.6614680770007701
0.621870105251404
0.7249657823546406
0.6157781095976553
0.6553760813470214
1.8131768429243011
0.5866487391474355
0.6735982899895236
0.819753487452424
0.5460028692001596
0.6964282865962425
0.7774035084343794
0.9460135269178337
0.5944561248095351
0.6492840856932728
0.6492840856932728
0.6157781095976553
0.5533930273723915
0.6066401161170325
0.7597576838435275
0.6821595387170433
0.7477957789613594
1.2172339290802268
0.791520168107061
0.7221120327788009
0.719258283202961
0.7844618382707201
0.5975021226364094
0.6401460922126498
0.6793057891412032
0.8787503427138847
0.7879910031888906
0.7879910031888906
0.7335270310821602
0.5367651714848696
0.7249657823546406
1.1426588821259556
0.6401460922126498
0.8268118172887648
0.6523300835201471
0.5570881064585076
0.7535032781130391
0.7506495285371992
1.2612509392208875
0.7950493330252314
0.6935745370204025
0.6584220791738958
0.6614680770007701
2.606464607791013
1.632973782042571
0.5866487391474355
0.5811061205182615
0.6907207874445627
0.6706060704813931
0.7879910031888906
0.503447157593852
0.9123819348158592
0.763286848761698
0.7420882798096797
0.9670332719815676
0.6821595387170433
0.9123819348158592
0.7106970344754415
0.702135785747922
0.6675600726545188
0.685013288292883
1.019322493491675
1.04501757445715
0.5755635018890874
0.7249657823546406
0.6584220791738958
0.5792585809752036
0.6066401161170325
0.685013288292883
1.039878558264055
0.6279621009051526
0.7506495285371992
0.5848011996043775
0.9502174759305805
0.7563570276888789
0.7392345302338399
0.9460135269178337
0.8409284769614463
