0.5579689207412958
0.7372011099786848
1.396768992290842
0.8985445873706881
0.8035541859479389
0.5412824128047877
1.2064250907135676
0.7186523671467484
0.7904612954445659
0.6328215555929592
0.8632719690363563
0.5663121747095498
0.7557498528106211
0.7223621157131357
1.0043624423736839
0.8632719690363563
0.5917045943293261
0.68897437861565
0.6517986146377129
0.7260718642795229
0.6741353843501009
0.9438950966576861
1.1460446779783524
0.563531090053465
0.7260718642795229
0.642310085115336
0.8531940780836899
0.6486357714635873
0.5718743440217189
0.7642755144378195
1.0963732124929333
0.7557498528106211
0.6815548814828756
0.7112328700139737
0.6233330260705824
0.68897437861565
0.6391472419412105
0.6170073397223311
0.7409108585450721
0.9237393147523537
0.5746554286778037
0.5301580741804491
0.4940682677223843
0.6391472419412105
0.5690932593656344
0.8733498599890224
1.158462544349707
0.9640508785630187
0.7860969986101082
0.642310085115336
0.5774365133338883
0.4480880542363131
1.346106341688432
0.6106816533740799
0.5440634974608725
0.6043559670258287
0.5468445821169571
0.8079184827823968
0.8079184827823968
0.49187873374685714
0.5162526509000258
0.7112328700139737
1.543092419657991
0.6201701828964568
0.4699833939915851
0.6043559670258287
0.5746554286778037
0.5917045943293261
0.6043559670258287
0.6391472419412105
0.4896891997713299
0.714942618580361
0.7075231214475866
0.6963938757484246
0.6138444965482055
0.5690932593656344
1.5897369010778466
0.5190337355561105
1.0156570810791277
0.9287782602286869
1.4221003175920466
1.0043624423736839
0.5885608519582268
0.5440634974608725
0.6296587124188336
0.6581243009859642
0.6391472419412105
0.601193123851703
0.5802175979899729
0.7483303556778467
0.6264958692447079
0.5829986826460576
0.642310085115336
1.1212089452356429
0.6264958692447079
0.7372011099786848
0.6815548814828756
1.413656542491645
0.5802175979899729
0.7334913614122974
0.7297816128459103
0.642310085115336
1.1025821456786107
0.7773684049411927
0.6233330260705824
0.68897437861565
1.1460446779783524
0.6454729282894617
0.7904612954445659
0.7038133728811993
0.7860969986101082
0.5579689207412958
0.5857797673021423
0.8683109145126893
0.6644499873342153
0.5802175979899729
0.6517986146377129
0.5162526509000258
0.38670565982128824
0.5980302806775774
0.6106816533740799
0.5663121747095498
0.68897437861565
0.6138444965482055
0.6644499873342153
0.4032354698234721
0.6296587124188336
0.5802175979899729
0.6233330260705824
0.5774365133338883
0.6644499873342153
0.5218148202121952
0.6296587124188336
0.45903572411394905
1.8751245687890676
0.7112328700139737
0.6815548814828756
0.5948674375034517
0.642310085115336
1.543092419657991
0.6328215555929592
0.7186523671467484
0.6359843987670848
0.9187003692760206
0.7599112176033618
0.6778451329164883
0.6138444965482055
1.3629938918892353
0.6926841271820374
0.6778451329164883
0.8253756701202275
0.68897437861565
0.7334913614122974
0.5301580741804491
0.6549614578118386
0.7483303556778467
0.8431161871310235
0.8733498599890224
0.6644499873342153
0.6741353843501009
0.7112328700139737
0.5746554286778037
0.8253756701202275
0.6549614578118386
0.6549614578118386
0.6517986146377129
1.5710791085099043
0.8431161871310235
0.5980302806775774
1.2358178386384258
0.5273769895243645
0.714942618580361
0.45903572411394905
0.5690932593656344
0.5607500053973803
0.6778451329164883
0.9590119330866858
0.7730041081067349
0.6138444965482055
0.8210113732857698
0.6264958692447079
1.1770893439067391
0.42838224845656836
0.6359843987670848
0.6170073397223311
0.7223621157131357
0.7948255922790235
0.601193123851703
0.6549614578118386
0.68897437861565
0.6359843987670848
0.8122827796168545
0.6852646300492627
0.6778451329164883
0.7112328700139737
1.2652105865632837
0.5440634974608725
0.7112328700139737
0.6815548814828756
0.7260718642795229
1.2284696516572111
1.2725587735444983
0.5885608519582268
0.9187003692760206
0.6644499873342153
0.6517986146377129
0.752040104244234
0.8297399669546852
0.642310085115336
0.7483303556778467
0.7860969986101082
0.6778451329164883
0.9086224783233544
0.7223621157131357
0.5948674375034517
1.0653285465645466
0.752040104244234
1.3386924563754288
0.8341042637891429
0.6549614578118386
1.3798814420900385
0.7773684049411927
0.6233330260705824
0.6517986146377129
0.6138444965482055
0.7860969986101082
0.6296587124188336
0.68897437861565
0.5301580741804491
0.9640508785630187
0.5718743440217189
0.752040104244234
0.7075231214475866
0.6391472419412105
0.6106816533740799
0.7297816128459103
1.158462544349707
0.7773684049411927
0.9489340421340194
0.9842066604683513
0.5412824128047877
0.6549614578118386
0.7860969986101082
0.9741287695156851
0.7730041081067349
0.6707756736824667
0.9438950966576861
0.6815548814828756
0.9842066604683513
0.6926841271820374
1.0715374797502237
0.6233330260705824
0.93381720570502
0.6517986146377129
0.9086224783233544
0.6926841271820374
0.555187836085211
0.5440634974608725
0.8431161871310235
1.0591196133788692
0.714942618580361
0.6138444965482055
0.6741353843501009
0.5440634974608725
0.9388561511813532
0.6517986146377129
1.38832521719044
0.7372011099786848
0.7860969986101082
0.6106816533740799
0.5802175979899729
0.7112328700139737
0.7075231214475866
0.5857797673021423
0.5245959048682798
0.5006368696489659
0.6963938757484246
0.6170073397223311
0.6233330260705824
0.6359843987670848
0.8341042637891429
0.6170073397223311
0.6359843987670848
0.6296587124188336
0.8297399669546852
0.9287782602286869
0.6644499873342153
0.40874540649086677
1.3714376669896369
0.6517986146377129
0.8079184827823968
0.601193123851703
0.5774365133338883
0.7372011099786848
0.5690932593656344
0.6815548814828756
0.555187836085211
1.6457102787816738
0.5980302806775774
0.752040104244234
0.555187836085211
0.6707756736824667
0.5663121747095498
1.1025821456786107
0.5496256667730418
0.6815548814828756
0.714942618580361
0.5468445821169571
0.5663121747095498
0.7372011099786848
0.9741287695156851
0.714942618580361
0.6517986146377129
0.40874540649086677
0.6963938757484246
0.7223621157131357
0.5468445821169571
0.6359843987670848
0.6454729282894617
0.8035541859479389
0.5774365133338883
0.5857797673021423
0.7409108585450721
0.38486901426549003
0.6233330260705824
0.6138444965482055
0.6963938757484246
0.5468445821169571
0.5746554286778037
0.5885608519582268
0.5746554286778037
0.7730041081067349
1.0653285465645466
0.5885608519582268
0.5885608519582268
1.2652105865632837
0.563531090053465
0.4160919887140596
0.6359843987670848
1.1646714775353844
1.0591196133788692
0.5774365133338883
0.8834277509416888
0.6296587124188336
0.6391472419412105
0.5329391588365338
1.0094481478934503
1.2505142126008546
0.6486357714635873
0.6963938757484246
0.601193123851703
0.5718743440217189
0.7112328700139737
0.6517986146377129
0.8935056418943549
0.5412824128047877
0.5329391588365338
0.8985445873706881
1.2725587735444983
0.5885608519582268
0.5917045943293261
0.5774365133338883
0.7904612954445659
1.0715374797502237
0.5106904815878566
0.6741353843501009
0.6043559670258287
0.5663121747095498
0.9791677149920182
0.6170073397223311
0.5607500053973803
1.158462544349707
0.5412824128047877
0.9690898240393521
0.6106816533740799
0.601193123851703
0.8884666964180218
0.8384685606236005
0.9640508785630187
0.7186523671467484
0.7730041081067349
0.6138444965482055
0.3940522420444811
0.6581243009859642
0.7991898891134812
0.6359843987670848
0.6612871441600897
0.9035835328470212
0.8079184827823968
0.7260718642795229
0.6612871441600897
0.4765519959181667
0.5829986826460576
1.3714376669896369
0.5273769895243645
1.0839553461215787
0.68897437861565
0.5524067514291263
0.6359843987670848
0.563531090053465
0.5440634974608725
2.0077047054154473
0.6581243009859642
0.7112328700139737
0.7446206071114593
0.6391472419412105
0.5857797673021423
0.8431161871310235
0.9590119330866858
0.5718743440217189
0.8210113732857698
0.6926841271820374
1.5990657973618179
0.9136614237996874
1.4643191930940547
0.6815548814828756
0.7112328700139737
0.8834277509416888
0.9438950966576861
0.6549614578118386
0.68897437861565
0.6517986146377129
1.2505142126008546
0.6106816533740799
0.8431161871310235
0.8035541859479389
0.5607500053973803
1.1025821456786107
0.6741353843501009
0.8122827796168545
0.8166470764513121
0.5885608519582268
1.0043624423736839
0.5218148202121952
0.7409108585450721
0.6170073397223311
0.8935056418943549
0.5524067514291263
0.9187003692760206
0.5917045943293261
0.5746554286778037
1.2064250907135676
0.7599112176033618
0.6075188101999541
0.7446206071114593
0.6778451329164883
0.5440634974608725
0.9035835328470212
0.7409108585450721
0.9489340421340194
0.6486357714635873
0.5774365133338883
1.664368071349616
0.752040104244234
0.43932991833420426
0.5802175979899729
0.6328215555929592
0.6043559670258287
0.5412824128047877
0.6391472419412105
0.8431161871310235
0.6778451329164883
0.7223621157131357
1.1646714775353844
0.4050721153792703
0.7446206071114593
0.40874540649086677
0.5218148202121952
0.5917045943293261
0.6707756736824667
0.5663121747095498
1.9193179476645272
0.6296587124188336
0.6170073397223311
0.6391472419412105
0.6778451329164883
1.0529106801931918
0.9287782602286869
0.5357202434926185
1.1398357447926748
1.0404928138218372
0.6517986146377129
2.4791007467536845
0.6549614578118386
0.5663121747095498
1.0715374797502237
0.6612871441600897
0.43057178243209554
0.6963938757484246
0.6778451329164883
1.0653285465645466
0.6581243009859642
0.7483303556778467
1.0963732124929333
0.5663121747095498
0.6549614578118386
0.6963938757484246
0.7730041081067349
0.6391472419412105
0.5663121747095498
0.5218148202121952
0.4634147920650036
0.6391472419412105
0.6778451329164883
0.7075231214475866
0.9388561511813532
0.563531090053465
0.42181364652998665
0.5917045943293261
0.9136614237996874
0.7372011099786848
0.5857797673021423
0.8431161871310235
1.0653285465645466
0.5412824128047877
1.8014689373299682
0.7642755144378195
0.9035835328470212
0.8884666964180218
0.752040104244234
0.6454729282894617
0.8166470764513121
0.5885608519582268
0.68897437861565
1.3019515214693562
0.5829986826460576
0.68897437861565
0.4142553431582614
0.6359843987670848
0.6106816533740799
0.6170073397223311
0.7334913614122974
0.8210113732857698
1.1522536111640298
0.714942618580361
0.7038133728811993
0.8210113732857698
0.5802175979899729
0.6391472419412105
0.6391472419412105
1.481206743294858
0.9438950966576861
1.1150000120499655
0.6138444965482055
0.5774365133338883
0.7409108585450721
1.3798814420900385
1.0591196133788692
0.8985445873706881
1.3092997084505706
1.8898556950808876
0.7075231214475866
0.6328215555929592
0.5245959048682798
0.7991898891134812
0.6815548814828756
0.6043559670258287
0.6486357714635873
0.5440634974608725
0.8531940780836899
0.7904612954445659
0.7409108585450721
0.6296587124188336
0.7372011099786848
0.7186523671467484
0.8834277509416888
0.5980302806775774
0.48531013182027555
1.3545501167888339
1.0342838806361596
0.6296587124188336
0.6549614578118386
0.8384685606236005
0.68897437861565
0.6926841271820374
0.6233330260705824
0.6075188101999541
0.6612871441600897
0.5006368696489659
0.6741353843501009
0.6201701828964568
0.9035835328470212
0.6549614578118386
1.2505142126008546
0.7557498528106211
0.6233330260705824
0.8733498599890224
0.8253756701202275
0.7038133728811993
1.1212089452356429
0.555187836085211
0.6549614578118386
0.6815548814828756
0.6138444965482055
1.0715374797502237
0.6075188101999541
0.68897437861565
0.8481551326073568
0.5917045943293261
0.642310085115336
0.6815548814828756
0.9590119330866858
0.5440634974608725
0.601193123851703
0.6644499873342153
0.8431161871310235
0.7186523671467484
0.7904612954445659
0.6581243009859642
0.6138444965482055
0.5690932593656344
0.6138444965482055
0.6106816533740799
0.6926841271820374
0.7075231214475866
0.5357202434926185
0.5440634974608725
0.8166470764513121
0.5412824128047877
0.7730041081067349
0.642310085115336
0.68897437861565
0.5357202434926185
0.5357202434926185
0.9791677149920182
0.6926841271820374
0.48312059784474837
0.6644499873342153
0.6170073397223311
0.6454729282894617
0.68897437861565
0.7773684049411927
0.6391472419412105
0.9438950966576861
0.5690932593656344
0.6106816533740799
