642.0
701.0
818.0
789.0
698.0
592.0
699.0
688.0
706.0
677.0
714.0
733.0
710.0
714.0
720.0
661.0
700.0
680.0
730.0
689.0
694.0
630.0
590.0
685.0
654.0
676.0
649.0
673.0
681.0
644.0
692.0
766.0
719.0
762.0
694.0
705.0
681.0
631.0
792.0
695.0
794.0
709.0
789.0
708.0
669.0
719.0
793.0
689.0
672.0
842.0
791.0
692.0
709.0
672.0
679.0
616.0
682.0
685.0
668.0
798.0
702.0
708.0
711.0
722.0
804.0
761.0
684.0
855.0
708.0
702.0
813.0
664.0
751.0
684.0
683.0
722.0
630.0
837.0
739.0
625.0
682.0
692.0
670.0
687.0
761.0
725.0
763.0
666.0
698.0
690.0
675.0
741.0
716.0
689.0
664.0
791.0
731.0
682.0
691.0
690.0
676.0
705.0
1021.0
742.0
676.0
771.0
769.0
659.0
888.0
708.0
742.0
766.0
672.0
681.0
770.0
692.0
721.0
712.0
808.0
779.0
724.0
652.0
712.0
736.0
717.0
692.0
753.0
715.0
693.0
690.0
701.0
754.0
691.0
749.0
702.0
717.0
954.0
743.0
893.0
712.0
699.0
674.0
799.0
669.0
796.0
657.0
704.0
662.0
724.0
794.0
594.0
691.0
676.0
731.0
690.0
721.0
673.0
707.0
673.0
682.0
720.0
685.0
693.0
740.0
786.0
744.0
673.0
853.0
727.0
661.0
747.0
780.0
723.0
741.0
746.0
809.0
650.0
759.0
700.0
702.0
678.0
764.0
700.0
730.0
712.0
677.0
725.0
752.0
683.0
681.0
669.0
616.0
709.0
709.0
680.0
732.0
699.0
669.0
691.0
688.0
770.0
662.0
618.0
694.0
729.0
669.0
720.0
595.0
720.0
751.0
688.0
678.0
736.0
652.0
696.0
775.0
700.0
670.0
744.0
786.0
838.0
631.0
736.0
728.0
651.0
669.0
678.0
687.0
758.0
930.0
663.0
699.0
598.0
676.0
677.0
717.0
709.0
839.0
727.0
703.0
733.0
754.0
722.0
690.0
716.0
798.0
703.0
705.0
689.0
683.0
686.0
675.0
688.0
698.0
775.0
890.0
700.0
672.0
708.0
731.0
706.0
790.0
710.0
716.0
723.0
821.0
728.0
674.0
666.0
690.0
682.0
629.0
716.0
689.0
748.0
724.0
696.0
710.0
720.0
802.0
633.0
776.0
696.0
745.0
771.0
705.0
712.0
726.0
751.0
690.0
697.0
681.0
797.0
777.0
794.0
665.0
730.0
688.0
740.0
678.0
672.0
788.0
701.0
740.0
666.0
1012.0
717.0
691.0
727.0
709.0
741.0
644.0
709.0
686.0
694.0
714.0
686.0
665.0
743.0
667.0
771.0
684.0
733.0
648.0
694.0
683.0
721.0
658.0
691.0
666.0
688.0
659.0
663.0
818.0
670.0
692.0
685.0
638.0
721.0
678.0
766.0
672.0
692.0
699.0
591.0
772.0
669.0
716.0
715.0
743.0
658.0
774.0
712.0
783.0
667.0
983.0
706.0
624.0
693.0
673.0
725.0
742.0
668.0
626.0
726.0
669.0
683.0
679.0
733.0
784.0
738.0
703.0
805.0
770.0
693.0
775.0
702.0
680.0
817.0
720.0
749.0
862.0
706.0
681.0
599.0
586.0
673.0
667.0
679.0
692.0
684.0
713.0
711.0
698.0
662.0
681.0
720.0
721.0
810.0
861.0
709.0
665.0
682.0
693.0
664.0
824.0
697.0
669.0
689.0
690.0
772.0
948.0
739.0
819.0
681.0
781.0
652.0
685.0
842.0
704.0
921.0
761.0
674.0
679.0
684.0
681.0
658.0
729.0
729.0
868.0
724.0
708.0
682.0
721.0
727.0
787.0
683.0
856.0
744.0
762.0
651.0
655.0
980.0
693.0
724.0
705.0
744.0
708.0
673.0
698.0
754.0
684.0
680.0
616.0
837.0
696.0
685.0
783.0
640.0
695.0
666.0
698.0
714.0
780.0
754.0
708.0
633.0
685.0
678.0
674.0
683.0
708.0
741.0
714.0
695.0
670.0
796.0
734.0
688.0
632.0
729.0
770.0
684.0
800.0
761.0
628.0
669.0
704.0
778.0
