763.0
644.0
783.0
827.0
682.0
730.0
713.0
772.0
761.0
706.0
788.0
729.0
741.0
724.0
764.0
854.0
570.0
733.0
766.0
745.0
848.0
785.0
746.0
704.0
652.0
612.0
714.0
700.0
638.0
720.0
733.0
756.0
764.0
737.0
872.0
738.0
721.0
722.0
741.0
798.0
762.0
766.0
783.0
941.0
906.0
737.0
711.0
879.0
833.0
708.0
761.0
800.0
670.0
785.0
788.0
735.0
808.0
773.0
726.0
577.0
724.0
730.0
765.0
764.0
761.0
816.0
782.0
786.0
806.0
727.0
833.0
870.0
789.0
764.0
743.0
706.0
756.0
713.0
746.0
754.0
805.0
712.0
698.0
730.0
670.0
597.0
794.0
797.0
577.0
692.0
769.0
848.0
725.0
762.0
726.0
854.0
751.0
627.0
745.0
618.0
757.0
786.0
741.0
729.0
714.0
731.0
608.0
611.0
727.0
747.0
757.0
814.0
825.0
730.0
722.0
781.0
728.0
790.0
732.0
746.0
943.0
819.0
753.0
758.0
763.0
726.0
737.0
738.0
812.0
945.0
656.0
598.0
764.0
741.0
749.0
738.0
766.0
815.0
751.0
740.0
710.0
757.0
785.0
712.0
731.0
740.0
716.0
815.0
791.0
753.0
733.0
797.0
845.0
725.0
822.0
753.0
718.0
748.0
795.0
725.0
790.0
692.0
883.0
800.0
810.0
791.0
720.0
821.0
822.0
786.0
776.0
783.0
746.0
757.0
715.0
759.0
1025.0
741.0
753.0
767.0
753.0
785.0
752.0
773.0
725.0
800.0
756.0
710.0
875.0
766.0
750.0
745.0
741.0
758.0
735.0
808.0
762.0
760.0
696.0
798.0
757.0
737.0
807.0
746.0
758.0
665.0
895.0
738.0
706.0
782.0
627.0
852.0
738.0
766.0
733.0
779.0
744.0
837.0
690.0
787.0
755.0
760.0
629.0
723.0
761.0
804.0
809.0
610.0
762.0
788.0
724.0
724.0
748.0
724.0
733.0
714.0
702.0
755.0
797.0
708.0
753.0
780.0
826.0
730.0
885.0
730.0
750.0
794.0
768.0
753.0
943.0
716.0
785.0
726.0
899.0
780.0
770.0
728.0
605.0
747.0
739.0
744.0
840.0
756.0
734.0
855.0
746.0
882.0
741.0
756.0
873.0
740.0
727.0
814.0
722.0
719.0
756.0
718.0
751.0
756.0
733.0
764.0
595.0
717.0
701.0
689.0
763.0
962.0
770.0
904.0
754.0
738.0
747.0
771.0
617.0
774.0
763.0
726.0
770.0
594.0
753.0
719.0
808.0
756.0
694.0
714.0
989.0
738.0
746.0
778.0
730.0
744.0
839.0
608.0
716.0
762.0
725.0
767.0
727.0
773.0
755.0
751.0
718.0
649.0
587.0
736.0
743.0
681.0
730.0
733.0
797.0
730.0
761.0
725.0
757.0
751.0
580.0
720.0
775.0
755.0
884.0
766.0
597.0
723.0
686.0
767.0
734.0
790.0
758.0
743.0
745.0
748.0
792.0
718.0
759.0
741.0
773.0
763.0
811.0
702.0
726.0
751.0
840.0
850.0
808.0
574.0
663.0
745.0
779.0
794.0
764.0
734.0
754.0
749.0
730.0
739.0
709.0
690.0
789.0
719.0
814.0
743.0
841.0
705.0
774.0
734.0
725.0
749.0
701.0
809.0
772.0
804.0
725.0
606.0
713.0
875.0
736.0
818.0
663.0
785.0
752.0
730.0
767.0
745.0
766.0
769.0
824.0
765.0
842.0
766.0
720.0
797.0
725.0
714.0
758.0
600.0
726.0
708.0
718.0
700.0
918.0
744.0
629.0
819.0
714.0
875.0
806.0
580.0
738.0
717.0
769.0
723.0
778.0
806.0
782.0
755.0
737.0
720.0
769.0
766.0
836.0
746.0
765.0
737.0
806.0
810.0
738.0
848.0
936.0
769.0
726.0
744.0
781.0
734.0
726.0
778.0
728.0
714.0
904.0
820.0
804.0
717.0
796.0
700.0
938.0
765.0
756.0
747.0
691.0
779.0
789.0
711.0
742.0
751.0
738.0
725.0
717.0
612.0
740.0
729.0
841.0
796.0
749.0
814.0
785.0
742.0
757.0
766.0
729.0
720.0
817.0
736.0
708.0
594.0
833.0
685.0
775.0
712.0
724.0
773.0
754.0
747.0
733.0
717.0
722.0
712.0
706.0
875.0
793.0
734.0
744.0
720.0
801.0
865.0
822.0
716.0
736.0
725.0
880.0
780.0
680.0
749.0
900.0
689.0
741.0
692.0
696.0
