837.0
708.0
780.0
724.0
893.0
702.0
693.0
703.0
654.0
708.0
715.0
718.0
745.0
753.0
826.0
961.0
700.0
837.0
748.0
727.0
764.0
727.0
814.0
853.0
740.0
826.0
776.0
767.0
686.0
654.0
724.0
708.0
659.0
817.0
838.0
795.0
618.0
724.0
747.0
830.0
788.0
678.0
729.0
666.0
701.0
721.0
789.0
701.0
765.0
737.0
788.0
674.0
729.0
725.0
770.0
658.0
669.0
714.0
654.0
834.0
699.0
676.0
692.0
714.0
823.0
769.0
755.0
737.0
708.0
692.0
703.0
727.0
829.0
703.0
748.0
704.0
788.0
668.0
846.0
718.0
663.0
692.0
685.0
722.0
715.0
680.0
713.0
714.0
674.0
773.0
959.0
704.0
740.0
729.0
685.0
697.0
815.0
712.0
726.0
695.0
740.0
738.0
710.0
720.0
703.0
660.0
709.0
711.0
692.0
699.0
779.0
740.0
766.0
697.0
733.0
690.0
730.0
870.0
711.0
784.0
741.0
717.0
710.0
729.0
710.0
742.0
802.0
770.0
712.0
684.0
680.0
758.0
714.0
687.0
886.0
682.0
813.0
708.0
712.0
826.0
700.0
725.0
728.0
722.0
741.0
760.0
708.0
730.0
666.0
733.0
768.0
726.0
690.0
827.0
734.0
713.0
699.0
703.0
722.0
710.0
702.0
750.0
677.0
732.0
703.0
689.0
904.0
682.0
730.0
634.0
677.0
679.0
733.0
686.0
684.0
696.0
725.0
677.0
693.0
730.0
723.0
681.0
701.0
741.0
725.0
709.0
731.0
713.0
746.0
657.0
727.0
750.0
686.0
706.0
873.0
734.0
711.0
676.0
733.0
824.0
690.0
674.0
699.0
729.0
721.0
1029.0
672.0
704.0
714.0
729.0
725.0
684.0
715.0
673.0
699.0
672.0
692.0
666.0
694.0
740.0
757.0
673.0
682.0
710.0
741.0
706.0
727.0
702.0
689.0
672.0
702.0
728.0
735.0
666.0
710.0
714.0
722.0
680.0
760.0
706.0
712.0
680.0
694.0
735.0
742.0
650.0
743.0
705.0
1919.0
783.0
731.0
664.0
773.0
747.0
680.0
734.0
694.0
727.0
712.0
669.0
792.0
730.0
738.0
701.0
692.0
776.0
898.0
715.0
732.0
769.0
737.0
678.0
829.0
706.0
698.0
695.0
783.0
806.0
737.0
700.0
778.0
699.0
680.0
716.0
674.0
689.0
704.0
728.0
813.0
682.0
766.0
681.0
757.0
699.0
661.0
753.0
713.0
780.0
713.0
712.0
715.0
857.0
909.0
840.0
690.0
744.0
725.0
644.0
750.0
673.0
729.0
730.0
688.0
692.0
802.0
804.0
701.0
744.0
720.0
709.0
666.0
757.0
727.0
688.0
645.0
725.0
679.0
713.0
703.0
884.0
731.0
680.0
682.0
690.0
706.0
790.0
720.0
746.0
648.0
682.0
825.0
695.0
714.0
695.0
710.0
731.0
745.0
781.0
725.0
680.0
713.0
765.0
810.0
715.0
681.0
706.0
805.0
712.0
733.0
697.0
683.0
758.0
821.0
709.0
756.0
695.0
840.0
716.0
706.0
686.0
817.0
699.0
804.0
738.0
728.0
741.0
684.0
709.0
716.0
676.0
685.0
743.0
720.0
756.0
733.0
738.0
698.0
712.0
659.0
717.0
690.0
734.0
683.0
705.0
715.0
701.0
714.0
758.0
679.0
639.0
686.0
715.0
697.0
658.0
724.0
751.0
804.0
722.0
648.0
713.0
714.0
698.0
915.0
730.0
748.0
718.0
701.0
733.0
694.0
721.0
688.0
751.0
773.0
717.0
719.0
709.0
693.0
718.0
688.0
850.0
651.0
733.0
716.0
902.0
891.0
637.0
686.0
700.0
668.0
672.0
698.0
688.0
674.0
673.0
761.0
629.0
778.0
741.0
710.0
701.0
726.0
619.0
642.0
772.0
655.0
727.0
681.0
793.0
671.0
714.0
751.0
803.0
794.0
791.0
