0.6055389879408041
0.8351665111007073
0.905866204801923
0.6759399696023355
0.7278802681097983
0.7365369845277087
0.9554015451160589
1.9875444566698144
0.9498976184144882
1.3580181008452363
1.0919492643358852
0.8207576019059614
1.394131895799611
0.6299663738329202
0.7451937009456193
0.6543937597250364
0.8351665111007073
0.657883386281053
0.988425105325483
1.0987178760059055
0.6125182410528374
1.0987178760059055
0.7919397835164697
0.9498976184144882
0.6648626393930863
0.9498976184144882
0.6474145066130033
0.7967427532480515
1.7341835076959862
1.0445689826457447
0.9003622781003522
0.6474145066130033
0.6932534024381564
0.9443936917129175
0.740865342736664
0.8673387178909282
0.6718418925051194
0.6299663738329202
0.7967427532480515
1.2124452008927027
0.6369456269449535
0.7365369845277087
1.2524928199403216
0.5534494227071786
1.1664039927061067
0.7583189953953959
0.7278802681097983
1.394131895799611
0.740865342736664
1.5418719281912923
0.6474145066130033
0.7919397835164697
0.7919397835164697
0.6648626393930863
0.7062384770650222
0.740865342736664
0.9939290320270536
0.7278802681097983
0.6125182410528374
0.7278802681097983
0.6613730128370696
0.6613730128370696
0.7062384770650222
1.8608639821829
0.6718418925051194
0.905866204801923
0.6229871207208871
1.2204547247022264
0.5092858818219571
0.8255605716375433
0.6932534024381564
0.8015457229796336
0.6932534024381564
0.8063486927112155
0.7583189953953959
0.6194974941648705
0.6055389879408041
0.7919397835164697
0.7235519099008431
0.8508269377862161
0.6613730128370696
0.6613730128370696
0.48787188807371173
0.9113701315034934
0.9223779849066349
0.7148951934829325
0.9994329587286243
0.7775308743217237
0.7148951934829325
0.8618347911893576
0.6683522659491028
0.5692221158804719
0.6055389879408041
0.8399694808322892
1.2925404389879405
0.8399694808322892
0.6264767472769036
0.7679249348585598
0.6889250442292012
0.5376767295338851
1.5929965482520827
0.8159546321743794
0.8618347911893576
0.6802683278112907
0.6648626393930863
0.7278802681097983
0.9278819116082055
0.8207576019059614
0.7871368137848876
0.7583189953953959
0.740865342736664
0.905866204801923
0.6759399696023355
2.003379515980678
0.5155949590912745
0.7105668352739773
1.908369160115493
0.9443936917129175
0.7322086263187535
0.6474145066130033
0.9443936917129175
0.7823338440533057
0.9278819116082055
0.8728426445924988
0.6543937597250364
0.7192235516918879
0.6404352535009701
0.7775308743217237
0.6404352535009701
0.616007867608854
0.6299663738329202
0.740865342736664
0.7019101188560669
0.6802683278112907
0.6474145066130033
0.6334560003889369
0.6369456269449535
0.5755311931497892
0.7235519099008431
0.6194974941648705
1.236473772321274
0.7495220591545745
0.6889250442292012
0.7495220591545745
1.0107259242956441
0.7278802681097983
0.5376767295338851
0.9443936917129175
0.684596686020246
0.6194974941648705
0.740865342736664
1.0378003709757246
1.4483025882311729
1.3489896521066425
1.3325880580355598
0.5881493476884239
0.8207576019059614
0.6889250442292012
0.8399694808322892
0.7451937009456193
0.7235519099008431
0.503278713839652
0.6889250442292012
0.7235519099008431
0.6369456269449535
0.8838504979956401
1.119023711015966
0.8453230110846455
0.905866204801923
1.1054864876759256
1.2524928199403216
0.7495220591545745
0.7631219651269779
0.7278802681097983
0.6648626393930863
0.7631219651269779
1.0987178760059055
0.8399694808322892
0.7365369845277087
0.7823338440533057
0.684596686020246
0.8728426445924988
0.8159546321743794
1.5623217762156083
0.7538504173635296
0.49300749666235844
0.8063486927112155
0.7105668352739773
0.6474145066130033
1.1393295460260262
0.7775308743217237
0.7775308743217237
0.8728426445924988
0.7823338440533057
0.8563308644877868
0.49814310525100525
0.7631219651269779
1.1393295460260262
0.8399694808322892
0.7538504173635296
1.125792322685986
1.9717093973589497
0.6889250442292012
1.0174945359656642
0.7105668352739773
0.7871368137848876
0.9223779849066349
0.7967427532480515
0.6683522659491028
0.7235519099008431
0.6648626393930863
0.8015457229796336
1.058106205985785
0.8508269377862161
0.7451937009456193
0.8207576019059614
0.5692221158804719
0.8508269377862161
0.8893544246972109
0.8563308644877868
0.7105668352739773
0.8351665111007073
0.6229871207208871
0.8207576019059614
0.6125182410528374
1.058106205985785
0.7105668352739773
0.7823338440533057
0.6648626393930863
2.098389871845864
1.1664039927061067
0.8618347911893576
0.8255605716375433
0.8453230110846455
0.8948583513987816
0.657883386281053
0.48787188807371173
0.5755311931497892
0.8563308644877868
0.905866204801923
2.1300599904675925
0.6648626393930863
0.6648626393930863
0.6474145066130033
1.1804071056546073
0.5915804817167377
0.8838504979956401
0.7105668352739773
0.8159546321743794
0.5471403454378613
0.8351665111007073
1.2124452008927027
0.8563308644877868
0.6090286144968208
3.492858749999511
0.740865342736664
0.7775308743217237
1.071643429325825
0.6264767472769036
0.7495220591545745
0.6055389879408041
0.5915804817167377
0.8351665111007073
0.7967427532480515
0.971913325220771
0.8207576019059614
0.8618347911893576
0.9664093985192003
0.6404352535009701
0.6020493613847876
0.8015457229796336
0.6439248800569867
0.6648626393930863
0.9443936917129175
1.1054864876759256
0.8399694808322892
0.6334560003889369
0.6125182410528374
0.9223779849066349
10.652434097284432
0.657883386281053
0.7583189953953959
0.905866204801923
0.9223779849066349
1.125792322685986
0.5345221908992265
0.657883386281053
1.0174945359656642
0.6439248800569867
0.598559734828771
0.7278802681097983
0.8015457229796336
0.6229871207208871
0.7967427532480515
0.8948583513987816
0.7631219651269779
0.9278819116082055
0.6055389879408041
0.8159546321743794
0.9388897650113468
0.7775308743217237
0.7871368137848876
0.7495220591545745
0.7495220591545745
1.0378003709757246
1.3325880580355598
0.8948583513987816
0.7919397835164697
0.6759399696023355
0.5915804817167377
0.657883386281053
0.6648626393930863
1.5520968522034502
0.5566039613418371
0.7019101188560669
0.8111516624427975
1.0648748176558052
0.9388897650113468
0.740865342736664
0.5755311931497892
0.9003622781003522
0.7105668352739773
2.27257552426537
0.9609054718176296
0.8399694808322892
0.8015457229796336
1.1664039927061067
0.9168740582050642
0.7871368137848876
0.905866204801923
0.7631219651269779
0.8303635413691253
0.6439248800569867
0.9664093985192003
0.905866204801923
1.0648748176558052
0.8159546321743794
0.6802683278112907
0.6932534024381564
0.9554015451160589
0.6334560003889369
0.6932534024381564
0.7235519099008431
1.2044356770831788
1.6747959403493473
0.6889250442292012
0.6543937597250364
0.7019101188560669
0.6264767472769036
0.9003622781003522
0.7583189953953959
0.7365369845277087
0.7235519099008431
1.421217242015392
0.8399694808322892
1.004936885430195
0.7365369845277087
0.6889250442292012
0.8015457229796336
1.924204219426357
0.8563308644877868
1.1804071056546073
0.6648626393930863
0.6802683278112907
0.8015457229796336
0.8508269377862161
0.9003622781003522
0.6802683278112907
0.5187494977259332
0.7538504173635296
0.7823338440533057
0.6648626393930863
0.8563308644877868
0.5092858818219571
0.7823338440533057
0.9939290320270536
0.6229871207208871
0.6474145066130033
0.7105668352739773
0.6683522659491028
0.9994329587286243
0.6439248800569867
0.6055389879408041
0.8508269377862161
0.7235519099008431
0.8618347911893576
0.8453230110846455
0.7538504173635296
1.3851034470610173
0.9939290320270536
0.9554015451160589
1.125792322685986
0.8255605716375433
0.6889250442292012
0.6759399696023355
0.616007867608854
0.7583189953953959
1.4573310369697667
0.6194974941648705
0.7105668352739773
0.684596686020246
0.7727279045901417
0.7967427532480515
0.9664093985192003
0.6055389879408041
0.7583189953953959
0.5915804817167377
0.988425105325483
0.7062384770650222
0.7019101188560669
0.6932534024381564
0.6194974941648705
0.6474145066130033
0.8618347911893576
0.5155949590912745
0.684596686020246
0.8838504979956401
0.740865342736664
1.004936885430195
1.236473772321274
0.8207576019059614
0.5849948090537651
0.740865342736664
1.2444832961307977
0.7495220591545745
0.6718418925051194
0.6194974941648705
1.4483025882311729
0.7967427532480515
0.7062384770650222
1.5418719281912923
0.6889250442292012
0.7967427532480515
0.657883386281053
0.5092858818219571
0.8453230110846455
0.8015457229796336
0.7192235516918879
0.7365369845277087
0.6404352535009701
0.9443936917129175
0.6194974941648705
0.6020493613847876
0.8618347911893576
0.6369456269449535
1.125792322685986
0.971913325220771
0.6439248800569867
0.7823338440533057
0.8838504979956401
0.6439248800569867
0.7235519099008431
0.7727279045901417
0.49814310525100525
0.5786857317844478
1.3405975818450835
0.7495220591545745
1.0919492643358852
0.7679249348585598
0.6229871207208871
0.7451937009456193
0.6975817606471116
1.0987178760059055
0.6889250442292012
0.6125182410528374
0.6474145066130033
0.8508269377862161
0.8838504979956401
0.6648626393930863
0.7679249348585598
0.6759399696023355
0.8351665111007073
0.5881493476884239
0.6932534024381564
0.6334560003889369
0.7365369845277087
0.6718418925051194
0.5786857317844478
0.7105668352739773
0.7583189953953959
0.6299663738329202
0.7192235516918879
0.8399694808322892
2.8426376594564826
