0.681612909240789
2.1067454729075994
0.5397065346873196
1.9553929915405752
0.788026362597702
1.0934124553430074
1.2293564261840089
0.9960920389436568
0.6780111961786905
0.9308892076183554
0.5823022928386331
0.9609828220761868
0.9058111955701627
0.7212317529238724
0.6441988640466172
0.5823022928386331
0.6852146223028875
0.5973837547026808
0.6274791821380685
0.7356386051722664
0.5210708904961198
0.8857487859316083
0.594039818320971
1.0430858969750436
0.6996214745512815
0.9659984244858254
0.620791309374649
0.6676064187185854
1.1374481939149754
0.5973837547026808
0.5716533533008048
0.5823022928386331
0.6174473729929392
0.5636666486474334
0.70322318761338
0.6852146223028875
0.594039818320971
0.6441988640466172
0.5610044137629764
0.6174473729929392
0.7748685704446404
0.7704826397269532
0.42700582383188945
0.746443744358562
0.7748685704446404
0.5503554742251479
0.6542306731917465
0.8907643883412469
0.70322318761338
1.0556675365670347
0.6241352457563587
0.4421723053022872
1.2293564261840089
0.6007276910843905
0.6780111961786905
0.7573248475738916
0.688816335364986
0.739240318234365
0.6508867368100367
0.7284351790480694
0.710426613737577
0.855655171473777
0.579640057954176
0.6375109912831978
0.6141034366112296
0.8099560161861382
0.6174473729929392
0.5028382311838777
0.805570085468451
0.70322318761338
0.5973837547026808
0.634167054901488
0.5343820649184052
0.681612909240789
0.620791309374649
0.620791309374649
0.5556799439940621
0.6274791821380685
0.5823022928386331
0.6308231185197782
0.6575746095734561
0.5583421788785192
0.827499739056887
0.5849645277230903
0.6141034366112296
0.6709503551002951
1.2565260644774532
0.6441988640466172
0.5849645277230903
0.696019761489183
1.242941245330731
2.439720931915052
0.5423687695717766
0.6274791821380685
0.688816335364986
0.6996214745512815
0.805570085468451
0.6475428004283269
1.3618041778793795
0.6780111961786905
0.5849645277230903
0.8011841547507637
0.660918545955166
0.70322318761338
0.5876267626075473
0.724833465985971
1.0682491761590256
0.688816335364986
0.576977823069719
0.8406575312099486
0.739240318234365
0.9559672196665483
0.6642624823368757
0.746443744358562
0.7924122933153892
0.43350574446205986
1.1059940949349982
0.5636666486474334
0.5663288835318906
0.732036892110168
0.5343820649184052
0.9509516172569098
0.5636666486474334
0.7068249006754785
0.48117182908330974
0.6308231185197782
0.5636666486474334
0.6575746095734561
0.6107595002295197
0.6174473729929392
2.1672864654544086
1.2225640166106477
0.6575746095734561
0.6852146223028875
0.7967982240330765
0.7212317529238724
0.576977823069719
0.6007276910843905
0.6780111961786905
0.6308231185197782
0.5290575951494911
2.1218807210443016
1.3703948448656935
0.70322318761338
1.2361488357573698
0.5370442998028624
0.753647170482759
0.971014026895464
0.6408549276649075
0.500671590973821
1.5329673467489011
0.5973837547026808
0.753647170482759
0.6375109912831978
0.5973837547026808
0.594039818320971
0.710426613737577
0.574315588185262
0.660918545955166
0.5503554742251479
0.60741556384781
0.5973837547026808
0.7704826397269532
1.0745399959550208
0.8807331835219698
0.855655171473777
0.7967982240330765
0.5663288835318906
0.5849645277230903
0.579640057954176
0.553017709109605
0.7617107782915787
0.710426613737577
0.579640057954176
0.7212317529238724
0.594039818320971
0.620791309374649
0.620791309374649
0.5157464207272056
0.5610044137629764
0.5636666486474334
0.5823022928386331
0.5423687695717766
0.724833465985971
0.5716533533008048
1.0179226177910619
0.8957799907508854
0.4508388661425143
1.1248665543229848
0.4095767679330925
0.7356386051722664
0.5849645277230903
0.6780111961786905
1.5329673467489011
0.526395360265034
0.5343820649184052
0.6007276910843905
1.0430858969750436
0.9208580027990784
0.6007276910843905
0.5689911184163478
0.5689911184163478
1.0682491761590256
0.5503554742251479
0.8231138083391999
0.5050974811893771
0.753647170482759
0.6642624823368757
0.7356386051722664
0.5450310044562338
0.8187278776215126
0.6676064187185854
0.6542306731917465
0.5973837547026808
0.7428420312964634
0.5556799439940621
0.553017709109605
0.6996214745512815
1.2361488357573698
0.8506395690641385
0.5210708904961198
0.6709503551002951
0.855655171473777
0.70322318761338
0.6107595002295197
0.6274791821380685
0.6642624823368757
0.827499739056887
0.674409483116592
0.8143419469038253
0.6542306731917465
0.5849645277230903
0.746443744358562
0.6308231185197782
0.7212317529238724
0.70322318761338
0.9559672196665483
0.6274791821380685
0.8506395690641385
0.7792545011623276
0.5556799439940621
0.7356386051722664
0.620791309374649
0.9910764365340183
0.8143419469038253
0.8656863762930542
0.9559672196665483
0.5636666486474334
0.576977823069719
1.665908552570937
0.6709503551002951
0.40229130490774273
0.6241352457563587
0.7356386051722664
0.674409483116592
0.9760296293051026
0.6475428004283269
0.60741556384781
0.7212317529238724
0.5556799439940621
0.6040716274661002
0.681612909240789
0.8807331835219698
0.5823022928386331
0.620791309374649
0.766096709009266
0.739240318234365
0.660918545955166
0.6852146223028875
0.660918545955166
0.574315588185262
0.6274791821380685
1.0934124553430074
0.681612909240789
0.6375109912831978
0.6040716274661002
0.6007276910843905
1.3703948448656935
0.5503554742251479
0.5636666486474334
0.827499739056887
0.6107595002295197
0.8656863762930542
0.6441988640466172
0.6241352457563587
0.8757175811123312
0.4095767679330925
0.5237331253805769
0.5663288835318906
0.6508867368100367
0.724833465985971
0.660918545955166
0.739240318234365
0.8857487859316083
0.5423687695717766
0.42483918362183265
0.5823022928386331
0.620791309374649
0.6924180484270845
0.5636666486474334
0.9208580027990784
1.665908552570937
0.766096709009266
0.576977823069719
0.46817198782296876
1.1122849147309937
0.5663288835318906
0.9609828220761868
0.7704826397269532
1.049376716771039
1.6077467750237964
0.6141034366112296
0.717630039861774
0.8099560161861382
1.317657750637703
0.5716533533008048
0.660918545955166
0.5210708904961198
0.6007276910843905
0.579640057954176
0.6141034366112296
0.7356386051722664
0.5450310044562338
0.6676064187185854
0.8011841547507637
0.6375109912831978
0.634167054901488
0.710426613737577
0.6780111961786905
0.753647170482759
0.6174473729929392
0.8957799907508854
0.5610044137629764
0.5343820649184052
0.5849645277230903
0.5556799439940621
0.6040716274661002
0.6241352457563587
0.6107595002295197
0.805570085468451
0.8757175811123312
0.4226725434117758
1.6077467750237964
0.8957799907508854
0.732036892110168
0.6575746095734561
0.827499739056887
0.7428420312964634
0.681612909240789
0.7500454574206604
0.6274791821380685
0.7792545011623276
0.6040716274661002
0.753647170482759
0.620791309374649
0.681612909240789
0.5689911184163478
2.1824217135911113
0.6676064187185854
0.6542306731917465
2.4548561800517548
0.5636666486474334
0.7356386051722664
0.5556799439940621
0.710426613737577
0.5849645277230903
0.6924180484270845
0.6408549276649075
0.6542306731917465
0.70322318761338
0.7792545011623276
0.6542306731917465
0.5503554742251479
1.2904881123442584
0.6375109912831978
0.4833384692933665
0.855655171473777
0.6575746095734561
0.6274791821380685
0.6174473729929392
0.5503554742251479
0.5973837547026808
0.5823022928386331
0.8231138083391999
0.7573248475738916
1.5662026482044102
1.1886019687438423
0.7573248475738916
0.6408549276649075
0.6642624823368757
0.579640057954176
0.805570085468451
0.681612909240789
0.6040716274661002
1.3448273889311475
0.6174473729929392
0.6780111961786905
0.5823022928386331
1.242941245330731
0.60741556384781
0.8807331835219698
1.0305042573830525
0.5823022928386331
0.724833465985971
0.5973837547026808
0.8456239666544999
0.5317198300339482
1.0997032751390028
0.5823022928386331
0.8606707738834156
0.855655171473777
0.7356386051722664
0.5823022928386331
0.553017709109605
0.7704826397269532
0.674409483116592
0.855655171473777
0.5849645277230903
0.7212317529238724
0.7140283267996754
0.5476932393406908
2.015933984087385
0.6007276910843905
0.6007276910843905
0.5849645277230903
0.574315588185262
0.576977823069719
0.6441988640466172
1.2565260644774532
0.7428420312964634
0.8807331835219698
0.5663288835318906
1.156320653302962
0.6709503551002951
0.766096709009266
0.6408549276649075
1.06195835636303
0.5370442998028624
0.5423687695717766
0.9760296293051026
0.6924180484270845
0.681612909240789
0.6408549276649075
0.594039818320971
0.6542306731917465
0.6642624823368757
0.8857487859316083
0.5636666486474334
0.9659984244858254
0.7356386051722664
0.6924180484270845
0.6575746095734561
0.6141034366112296
0.7428420312964634
1.049376716771039
0.8506395690641385
0.7500454574206604
0.6375109912831978
0.6924180484270845
0.6924180484270845
0.696019761489183
0.660918545955166
0.5663288835318906
0.724833465985971
0.9108267979798013
0.5556799439940621
0.5636666486474334
0.6642624823368757
0.576977823069719
0.8957799907508854
0.9359048100279941
0.6141034366112296
0.9760296293051026
