744.0
848.0
827.0
746.0
789.0
757.0
820.0
797.0
781.0
759.0
754.0
751.0
733.0
773.0
763.0
764.0
805.0
817.0
813.0
758.0
764.0
777.0
661.0
773.0
748.0
804.0
942.0
820.0
749.0
762.0
744.0
808.0
666.0
755.0
763.0
759.0
741.0
765.0
758.0
770.0
792.0
867.0
810.0
774.0
821.0
777.0
840.0
753.0
735.0
758.0
821.0
682.0
737.0
810.0
951.0
673.0
790.0
790.0
826.0
810.0
761.0
740.0
722.0
809.0
762.0
758.0
838.0
769.0
757.0
806.0
875.0
770.0
962.0
788.0
638.0
815.0
773.0
750.0
813.0
903.0
640.0
914.0
772.0
690.0
698.0
704.0
621.0
642.0
813.0
780.0
766.0
907.0
782.0
845.0
759.0
848.0
757.0
770.0
775.0
811.0
765.0
697.0
696.0
794.0
774.0
759.0
837.0
741.0
792.0
710.0
797.0
752.0
801.0
733.0
929.0
782.0
748.0
754.0
796.0
813.0
843.0
806.0
797.0
762.0
784.0
764.0
746.0
810.0
768.0
820.0
776.0
737.0
738.0
737.0
822.0
661.0
756.0
768.0
770.0
766.0
758.0
753.0
846.0
626.0
758.0
841.0
939.0
701.0
778.0
825.0
749.0
741.0
780.0
725.0
759.0
779.0
780.0
737.0
764.0
741.0
685.0
802.0
751.0
731.0
820.0
729.0
858.0
778.0
780.0
731.0
737.0
839.0
803.0
822.0
855.0
903.0
769.0
624.0
776.0
754.0
730.0
849.0
786.0
733.0
966.0
712.0
617.0
798.0
788.0
992.0
762.0
978.0
798.0
762.0
877.0
731.0
630.0
748.0
839.0
746.0
743.0
771.0
765.0
1014.0
746.0
770.0
736.0
744.0
772.0
904.0
789.0
753.0
730.0
755.0
749.0
690.0
790.0
772.0
770.0
727.0
739.0
742.0
744.0
741.0
889.0
762.0
789.0
756.0
757.0
830.0
781.0
794.0
815.0
791.0
776.0
745.0
726.0
802.0
877.0
784.0
810.0
801.0
656.0
795.0
757.0
790.0
736.0
782.0
763.0
758.0
739.0
747.0
740.0
750.0
763.0
771.0
672.0
773.0
850.0
790.0
821.0
730.0
737.0
762.0
772.0
793.0
714.0
772.0
757.0
912.0
806.0
745.0
821.0
885.0
754.0
763.0
809.0
802.0
722.0
773.0
806.0
741.0
850.0
732.0
745.0
798.0
722.0
621.0
779.0
761.0
767.0
928.0
770.0
765.0
751.0
690.0
729.0
738.0
804.0
744.0
804.0
802.0
959.0
779.0
650.0
770.0
729.0
801.0
877.0
840.0
750.0
778.0
677.0
817.0
748.0
744.0
907.0
773.0
759.0
617.0
974.0
728.0
845.0
776.0
780.0
791.0
723.0
785.0
783.0
720.0
743.0
682.0
734.0
931.0
823.0
825.0
747.0
818.0
770.0
833.0
781.0
757.0
766.0
790.0
618.0
756.0
745.0
715.0
863.0
760.0
743.0
770.0
772.0
754.0
662.0
776.0
636.0
804.0
774.0
829.0
745.0
662.0
751.0
762.0
747.0
800.0
802.0
885.0
762.0
1083.0
791.0
667.0
899.0
800.0
793.0
773.0
752.0
787.0
941.0
771.0
834.0
731.0
672.0
749.0
810.0
857.0
783.0
797.0
776.0
808.0
764.0
775.0
773.0
854.0
852.0
766.0
699.0
794.0
744.0
791.0
773.0
802.0
749.0
749.0
1015.0
745.0
833.0
751.0
803.0
754.0
877.0
853.0
733.0
966.0
792.0
795.0
780.0
784.0
883.0
766.0
754.0
756.0
761.0
752.0
801.0
722.0
637.0
749.0
765.0
836.0
704.0
758.0
747.0
744.0
740.0
734.0
791.0
824.0
736.0
750.0
875.0
750.0
749.0
762.0
776.0
883.0
776.0
771.0
870.0
852.0
824.0
797.0
937.0
859.0
789.0
800.0
790.0
791.0
780.0
858.0
997.0
729.0
813.0
797.0
