0.6093409230033727
0.8118688081735342
0.7166211423294107
0.686758736648097
0.8646675574204176
0.7668473948973028
1.0057486385014984
0.8118688081735342
0.6545186089537861
0.7502163487208885
0.6197665428380835
0.7623452535696797
0.7315523451700675
0.6979571387785896
0.5919648899455214
0.8855684583213186
1.3427990414994717
0.802864525518288
0.7668473948973028
1.327679940375876
0.9169198096726696
3.3391207892312007
0.640617782507505
0.6336673692843645
1.176633887882209
1.5885825726805503
0.5361774029056887
1.5119205240638665
2.2168775289300555
0.724086743749739
0.8118688081735342
0.5009931608207577
0.7054227401989179
0.7803538188801723
0.6579938155653564
0.7166211423294107
0.7352851458802316
0.7502163487208885
0.802864525518288
0.6093409230033727
0.5113772718440897
0.6510434023422158
0.7278195444599033
1.0622121191747256
0.8298773734840269
0.640617782507505
0.6649442287884969
0.6301921626727943
0.7091555409090822
0.6267169560612241
0.8437666565195167
0.8253752321564037
0.8594423321951923
0.5775109546750202
0.771349536224926
0.7390179465903958
0.461190822290691
1.0876391788874995
0.7803538188801723
0.6979571387785896
1.0431418243901451
0.6649442287884969
0.6267169560612241
0.802864525518288
1.7315831460971278
0.7938602428630417
1.2823226370050897
0.9534963862492463
1.1194230035284671
1.4137145792655652
0.8437666565195167
1.4494258319194928
0.6093409230033727
1.0057486385014984
0.7166211423294107
0.6058657163918025
0.6197665428380835
0.6162913362265133
0.7203539430395748
0.995298188051048
3.9263259977661975
0.771349536224926
0.8388816561392731
0.901244133996994
1.0431418243901451
0.7983623841906649
0.7464835480107243
0.7016899394887537
0.6755603345176042
3.649683350016631
0.5802665247929757
0.9221450348978949
1.0749256490311125
0.6755603345176042
0.7054227401989179
0.6979571387785896
0.598915303168662
0.6510434023422158
0.9221450348978949
0.8118688081735342
1.132136533384854
0.9221450348978949
0.6718946420116373
0.6197665428380835
0.6830259359379328
0.6979571387785896
1.1130662386002736
0.6979571387785896
0.6904915373582611
0.8646675574204176
0.6371425758959348
1.0057486385014984
0.9169198096726696
0.6475681957306456
1.0057486385014984
0.7352851458802316
1.312560839252281
0.686758736648097
0.7016899394887537
0.7539491494310526
0.7578431122420566
0.6792931352277685
0.47758002050895376
0.8751180078708679
1.5405802895755276
0.9587216114744714
0.8803432330960933
0.7352851458802316
1.404786766102083
0.8437666565195167
0.8208730908287805
0.7128883416192464
1.3958589529386012
0.4635321363218714
0.724086743749739
0.7390179465903958
0.6614690221769266
1.0749256490311125
0.7668473948973028
0.5919648899455214
0.9743972871501473
0.8118688081735342
0.8388816561392731
0.6684194354000671
0.7128883416192464
0.5802665247929757
0.8646675574204176
1.2898821875668876
0.5775109546750202
0.7315523451700675
1.030428294533758
0.6755603345176042
0.8855684583213186
1.1702771229540154
0.9639468366996966
0.8803432330960933
0.598915303168662
1.4940648977369024
0.6579938155653564
0.6510434023422158
0.6475681957306456
0.7893581015354185
0.6545186089537861
0.6371425758959348
0.6830259359379328
1.1639203580258217
0.43309505391652625
0.6267169560612241
0.7128883416192464
1.1575635930976285
0.6232417494496537
0.5885332351468421
0.6232417494496537
1.2218462325107078
0.9221450348978949
0.7278195444599033
0.802864525518288
0.9273702601231203
0.7054227401989179
0.802864525518288
1.3050012886904832
0.901244133996994
0.9796225123753723
0.5554663937313769
0.7938602428630417
0.7427507473005601
1.21428668194891
0.7464835480107243
0.7390179465903958
0.6942243380684252
0.7091555409090822
0.5554663937313769
0.6232417494496537
0.7390179465903958
0.6979571387785896
0.8907936835465436
0.9848477376005976
0.8208730908287805
0.7091555409090822
0.7352851458802316
0.8698927826456427
0.802864525518288
0.8907936835465436
0.9587216114744714
1.530979832954523
1.030428294533758
1.000523413276273
0.7203539430395748
0.6614690221769266
0.6649442287884969
1.000523413276273
1.598183029301555
0.8803432330960933
0.7091555409090822
0.7166211423294107
0.6755603345176042
0.6755603345176042
0.5361774029056887
2.125884832148882
0.9900729628258227
0.83437951481165
0.47289739244659296
0.5802665247929757
0.7203539430395748
0.7668473948973028
1.5029927109003844
0.7464835480107243
0.5719998144391094
0.7893581015354185
0.8163709495011574
0.5919648899455214
0.7203539430395748
0.8388816561392731
1.1257797684566608
0.6830259359379328
0.9743972871501473
0.6475681957306456
0.6579938155653564
0.771349536224926
0.7352851458802316
0.4846039626024949
0.995298188051048
0.7983623841906649
0.7091555409090822
0.7352851458802316
0.5857776650288865
0.6830259359379328
0.5747553845570649
0.6510434023422158
0.7166211423294107
0.8388816561392731
0.6058657163918025
0.7166211423294107
0.7623452535696797
0.7352851458802316
0.6579938155653564
1.0240715296055645
0.7623452535696797
0.9064693592222193
0.8489918817447419
0.7352851458802316
0.7054227401989179
0.5637331040852431
0.9064693592222193
0.7390179465903958
1.184048479701719
0.6267169560612241
0.6545186089537861
0.8594423321951923
1.0057486385014984
0.5389329730236441
0.8542171069699672
0.9900729628258227
0.7128883416192464
0.6579938155653564
0.6023905097802322
1.0939959438156932
0.6128161296149429
0.8163709495011574
0.7803538188801723
0.8118688081735342
0.9325954853483454
0.7054227401989179
0.8489918817447419
0.7502163487208885
0.7464835480107243
1.0876391788874995
0.8118688081735342
0.7278195444599033
0.6197665428380835
0.8388816561392731
0.8698927826456427
0.8073666668459112
1.3690755134481554
1.0367850594619514
0.5830220949109312
1.5405802895755276
0.9743972871501473
0.9221450348978949
0.6267169560612241
0.6475681957306456
1.1257797684566608
0.426071111822985
0.7278195444599033
0.6371425758959348
0.569244244321154
0.7893581015354185
0.6023905097802322
0.7668473948973028
0.8437666565195167
0.7166211423294107
0.7623452535696797
0.6197665428380835
0.437777681978887
0.9169198096726696
0.4658734503530518
2.5201865182006356
0.9743972871501473
0.8253752321564037
0.6371425758959348
1.3427990414994717
0.7352851458802316
0.7091555409090822
1.404786766102083
0.8803432330960933
0.7758516775525491
1.030428294533758
0.6128161296149429
0.5637331040852431
0.7848559602077955
0.6371425758959348
0.4682147643842322
0.7054227401989179
0.6904915373582611
0.8960189087717689
0.7668473948973028
0.6755603345176042
0.9796225123753723
0.6718946420116373
0.7016899394887537
0.6792931352277685
1.068568884102919
0.6755603345176042
0.9430459357987959
0.9534963862492463
1.0494985893183384
0.7623452535696797
1.4762092714099386
0.6649442287884969
0.4846039626024949
0.7016899394887537
0.5334218327877331
1.6365848557855733
0.9796225123753723
0.6614690221769266
1.550180746196532
0.8118688081735342
0.6093409230033727
0.7390179465903958
0.6579938155653564
0.6128161296149429
0.461190822290691
0.6792931352277685
1.422642392429047
0.5885332351468421
1.2974417381286851
1.2596439853196963
0.83437951481165
0.6718946420116373
0.6755603345176042
0.771349536224926
1.1067094736720802
1.0876391788874995
0.9169198096726696
0.6579938155653564
0.686758736648097
1.2369653336343032
0.8388816561392731
1.5029927109003844
0.5919648899455214
0.7352851458802316
0.8960189087717689
1.0749256490311125
0.6301921626727943
0.6614690221769266
0.7668473948973028
0.7848559602077955
0.4424603100412478
0.8163709495011574
0.9325954853483454
2.0045612364406495
0.6755603345176042
0.8542171069699672
0.6649442287884969
1.1448500632412413
0.7803538188801723
0.83437951481165
0.686758736648097
0.45182556616596936
0.8751180078708679
0.7758516775525491
1.6077834859225595
0.8298773734840269
1.5029927109003844
0.7803538188801723
0.686758736648097
0.6545186089537861
0.6830259359379328
0.7578431122420566
0.7758516775525491
0.42841242585416545
0.7166211423294107
1.0113579997491773
0.6371425758959348
0.7390179465903958
1.6365848557855733
0.7315523451700675
0.6614690221769266
0.6267169560612241
0.8803432330960933
0.7983623841906649
1.9893957869771208
0.7352851458802316
0.5830220949109312
0.7278195444599033
0.7166211423294107
0.6162913362265133
0.771349536224926
0.7539491494310526
0.6023905097802322
0.5954400965570917
0.6162913362265133
0.6904915373582611
0.496310532758397
0.6904915373582611
0.4846039626024949
0.8489918817447419
1.1512068281694348
0.8698927826456427
0.6475681957306456
1.274763086443292
1.068568884102919
1.1575635930976285
0.8208730908287805
1.0939959438156932
0.7390179465903958
3.081308148351208
0.724086743749739
0.6058657163918025
0.7427507473005601
0.6093409230033727
0.6301921626727943
0.7578431122420566
0.7054227401989179
0.6755603345176042
0.7203539430395748
0.7502163487208885
0.8960189087717689
0.5637331040852431
