0.5653623261280125
0.7003480397147702
0.5732335079539294
0.739932977669413
0.420280043643003
0.6787562553758743
0.7111439318842183
0.7940221209623407
0.6859535168221729
0.8871149683384936
0.6288509176005165
1.018214782262598
1.0718629655452185
0.589022138001245
0.762038024847556
2.754856034425765
1.3178585330057127
0.6411059267079846
0.575857235229235
0.5233826897231231
0.7435316083925623
0.5811046897798461
0.575857235229235
0.668679697199788
0.8380002531201696
0.6196596607699154
0.38658982174922824
0.575857235229235
0.5982133948318461
1.0480193285307204
0.9668840701349005
0.4167337044962898
0.5522436897514846
0.5811046897798461
0.6043408993855802
0.8621871240271162
1.16723751360321
0.3777239738824455
0.6533609358154527
0.5391250533749566
0.5469962352008735
0.8721582617516672
0.6411059267079846
0.5811046897798461
0.575857235229235
0.5982133948318461
0.6656159449229209
0.7111439318842183
0.662552192646054
1.0480193285307204
0.5260064169984288
0.48376149469106916
0.6931507782684716
0.6012771471087133
0.5496199624761791
0.7219398240536664
0.6380421744311177
0.7183411933305169
0.8220082050627772
0.6135321562161814
0.595149642554979
0.6380421744311177
0.7363343469462637
0.505016598795984
0.5679860534033181
1.4807942799651799
0.5469962352008735
0.668679697199788
0.4060946870561505
0.707545301161069
0.575857235229235
0.7660360368619041
0.4816440226666541
0.6656159449229209
0.5417487806502622
0.5920858902781121
0.5837284170551517
0.9070572437875953
0.6288509176005165
0.6859535168221729
0.8771438306139425
0.5732335079539294
0.6472334312617188
0.5207589624478176
0.5653623261280125
0.589022138001245
0.6319146698773835
0.5417487806502622
0.6717434494766551
0.4435295262271831
0.4752916065934089
0.9469417946857989
0.7255384547768157
0.49434885481314444
0.8621871240271162
0.7740320608906003
0.8060161570053849
0.6104684039393142
0.536501326099651
0.6012771471087133
0.750728869838861
0.6533609358154527
0.8220082050627772
0.8140121810340811
0.6074046516624473
0.882129399476218
1.2887406313663685
0.6043408993855802
0.5863521443304572
0.6931507782684716
0.8970861060630444
0.668679697199788
0.7940221209623407
0.6074046516624473
0.5181352351725119
1.2814611559565323
0.707545301161069
0.8220082050627772
0.7740320608906003
0.6227234130467825
0.662552192646054
0.7435316083925623
1.0539802377843448
0.6012771471087133
1.1493547858423367
1.1493547858423367
0.7291370854999649
0.7327357162231143
1.018214782262598
0.5732335079539294
0.6043408993855802
0.5811046897798461
0.505016598795984
1.0241756915162226
0.6319146698773835
0.5863521443304572
0.39368250004265454
0.5863521443304572
0.892100537200769
0.6349784221542507
0.662552192646054
0.5837284170551517
0.5574911443020958
0.6135321562161814
0.5233826897231231
0.8140121810340811
0.9319850880989725
0.7820280849192964
0.6380421744311177
0.696749408991621
1.5778591671673408
0.7255384547768157
0.6257871653236495
0.5181352351725119
0.6787562553758743
0.7940221209623407
1.0360975100234713
0.562738598852707
0.42235480598303254
0.7219398240536664
0.575857235229235
0.5811046897798461
0.5811046897798461
0.48799643873989923
0.6564246880923199
0.5920858902781121
0.6411059267079846
0.5443725079255678
0.5548674170267902
0.7039466704379196
0.6135321562161814
0.6787562553758743
0.7147425626073677
0.562738598852707
0.7940221209623407
0.5391250533749566
0.707545301161069
0.6411059267079846
0.662552192646054
0.5863521443304572
0.4985837988619745
0.575857235229235
0.3724044651623758
0.575857235229235
0.7820280849192964
1.8066216290033987
0.5469962352008735
0.5863521443304572
0.5286301442737343
0.6717434494766551
0.9469417946857989
0.6859535168221729
0.8060161570053849
0.8140121810340811
0.7660360368619041
0.5469962352008735
0.9220139503744216
1.0122538730089736
0.6104684039393142
0.5784809625045406
0.6717434494766551
0.5784809625045406
0.6411059267079846
0.7860260969336446
0.5679860534033181
0.4647042464713337
0.4647042464713337
0.5863521443304572
0.6502971835385858
0.4541168863492584
0.6656159449229209
0.5811046897798461
0.7471302391157116
0.662552192646054
0.562738598852707
0.5417487806502622
0.5784809625045406
0.6411059267079846
0.5982133948318461
0.7039466704379196
0.6227234130467825
0.6564246880923199
0.5679860534033181
0.6257871653236495
0.536501326099651
0.6787562553758743
0.4922313827887294
0.7435316083925623
0.6196596607699154
0.5653623261280125
0.5443725079255678
0.6288509176005165
0.7003480397147702
0.6380421744311177
0.6349784221542507
0.6227234130467825
0.7820280849192964
1.1314720580814632
0.595149642554979
0.3493532607087405
0.5417487806502622
0.575857235229235
0.7219398240536664
0.5286301442737343
0.5982133948318461
0.5920858902781121
0.6319146698773835
0.5469962352008735
0.8522159863025653
1.5687697566869914
0.6656159449229209
0.6319146698773835
0.802018144991037
0.6196596607699154
0.49434885481314444
0.5732335079539294
0.5391250533749566
0.6411059267079846
0.5784809625045406
0.6441696789848518
0.8060161570053849
0.917028381512146
0.4901139107643144
0.5920858902781121
0.5028187429108048
0.7740320608906003
0.7900241089479927
0.575857235229235
0.49434885481314444
0.6074046516624473
0.3440337519886708
0.6012771471087133
0.6533609358154527
0.5982133948318461
0.575857235229235
0.5155115078972063
0.3706312955890192
0.5732335079539294
0.5496199624761791
0.6472334312617188
1.4473904685308767
0.8220082050627772
0.7255384547768157
0.33543329508906833
0.7780300729049484
0.5863521443304572
0.5811046897798461
0.6257871653236495
0.6288509176005165
0.595149642554979
0.5286301442737343
0.4007751783360808
0.6533609358154527
0.6196596607699154
0.575857235229235
1.0539802377843448
0.6931507782684716
0.6074046516624473
0.6012771471087133
0.6533609358154527
1.0420584192770959
0.6411059267079846
0.46893919052016375
0.662552192646054
0.6472334312617188
0.3528995998554536
0.7327357162231143
0.4604693024225035
0.8871149683384936
0.5653623261280125
0.6349784221542507
0.44988194230042833
0.5286301442737343
0.4647042464713337
0.575857235229235
0.4167337044962898
0.5679860534033181
0.5784809625045406
0.33694107369524456
1.1076284210669654
0.5679860534033181
0.6104684039393142
0.5653623261280125
0.7471302391157116
0.5548674170267902
0.6656159449229209
1.0480193285307204
0.5982133948318461
0.9220139503744216
0.3528995998554536
0.762038024847556
0.696749408991621
0.3528995998554536
0.562738598852707
0.6012771471087133
0.47740907861782406
0.6165959084930484
0.5496199624761791
0.5863521443304572
0.7111439318842183
0.589022138001245
0.662552192646054
0.5811046897798461
0.6859535168221729
0.7039466704379196
0.6411059267079846
0.6502971835385858
0.6135321562161814
1.2669022051368601
0.6859535168221729
0.6227234130467825
0.7003480397147702
0.7435316083925623
0.7003480397147702
1.704504077650221
0.6349784221542507
0.6441696789848518
0.6227234130467825
1.0017830521708289
0.420280043643003
0.6656159449229209
0.4985837988619745
0.6074046516624473
1.0539802377843448
0.3528995998554536
0.675157624652725
0.562738598852707
0.7183411933305169
0.37949714345580204
0.5706097806786237
0.7183411933305169
0.8621871240271162
0.675157624652725
0.6104684039393142
0.6288509176005165
0.5076403260712896
0.5920858902781121
1.3032995821860405
0.7327357162231143
0.5338775988243455
0.7543275005620104
1.4223376099551495
1.0360975100234713
0.6227234130467825
0.9469417946857989
0.536501326099651
0.6859535168221729
1.1795485002188275
0.659488440369187
0.7363343469462637
0.7291370854999649
0.5601148715774014
0.5102640533465952
0.926999519236697
0.6472334312617188
0.575857235229235
0.7740320608906003
0.6380421744311177
1.11358933032059
0.6135321562161814
0.33694107369524456
0.7700340488762522
0.5982133948318461
0.7820280849192964
0.7363343469462637
0.7435316083925623
1.018214782262598
0.5863521443304572
0.391909330469298
0.589022138001245
1.2960201067762045
0.3706312955890192
0.4131873653495767
0.6656159449229209
0.4435295262271831
0.589022138001245
0.7900241089479927
0.4060946870561505
0.49434885481314444
0.6349784221542507
0.5653623261280125
0.7940221209623407
0.6931507782684716
0.6441696789848518
0.5338775988243455
0.7471302391157116
0.662552192646054
0.6564246880923199
0.589022138001245
0.5706097806786237
1.3396969592352206
0.5469962352008735
0.818010193048429
0.6288509176005165
0.5443725079255678
0.7900241089479927
0.6288509176005165
0.5601148715774014
0.9668840701349005
0.5601148715774014
0.6104684039393142
0.7471302391157116
0.7700340488762522
0.7003480397147702
0.6349784221542507
0.8771438306139425
0.6135321562161814
0.9818407767217269
0.4647042464713337
0.5679860534033181
1.0837847840524673
0.5312538715490399
0.9818407767217269
0.6012771471087133
0.6717434494766551
0.7255384547768157
0.5706097806786237
0.6411059267079846
0.45835183039808847
0.3670849564423061
0.7183411933305169
0.5837284170551517
0.7435316083925623
1.16723751360321
1.11358933032059
0.7327357162231143
1.1941074510384997
1.0301366007698471
0.7111439318842183
0.6502971835385858
0.9668840701349005
0.961898501272625
0.802018144991037
0.6931507782684716
0.675157624652725
0.6043408993855802
0.6533609358154527
0.8140121810340811
0.5706097806786237
0.675157624652725
0.6165959084930484
0.7003480397147702
1.0599411470379694
1.3324174838253848
0.9569129324103497
0.6656159449229209
0.9070572437875953
0.5784809625045406
0.6165959084930484
0.9469417946857989
0.6074046516624473
0.3564459390021667
0.5391250533749566
0.6787562553758743
0.7183411933305169
0.5982133948318461
0.6227234130467825
0.589022138001245
0.6656159449229209
0.5601148715774014
0.5469962352008735
0.675157624652725
0.675157624652725
0.6349784221542507
0.6380421744311177
0.6196596607699154
0.750728869838861
0.5443725079255678
0.9120428126498706
0.6859535168221729
0.662552192646054
0.750728869838861
0.7327357162231143
0.7111439318842183
0.5653623261280125
0.810014169019733
1.1493547858423367
0.40432151748279394
1.8066216290033987
0.6656159449229209
0.5522436897514846
0.8721582617516672
0.7940221209623407
0.7003480397147702
0.7820280849192964
0.595149642554979
0.7003480397147702
0.589022138001245
0.7820280849192964
0.38127031302915854
0.5207589624478176
0.9469417946857989
0.5784809625045406
0.7219398240536664
1.0301366007698471
0.6319146698773835
0.562738598852707
0.659488440369187
0.6012771471087133
0.6411059267079846
0.5338775988243455
0.6656159449229209
0.48799643873989923
0.5920858902781121
0.6787562553758743
0.8422448485780145
0.662552192646054
0.6502971835385858
0.7183411933305169
0.8771438306139425
