693.0
614.0
684.0
733.0
652.0
686.0
637.0
660.0
662.0
681.0
649.0
570.0
660.0
651.0
637.0
717.0
698.0
651.0
560.0
616.0
644.0
672.0
701.0
722.0
649.0
658.0
662.0
692.0
675.0
676.0
798.0
656.0
754.0
640.0
690.0
620.0
594.0
566.0
638.0
637.0
637.0
697.0
642.0
636.0
675.0
659.0
667.0
630.0
620.0
718.0
658.0
598.0
629.0
652.0
646.0
619.0
630.0
680.0
638.0
644.0
667.0
648.0
673.0
638.0
662.0
647.0
662.0
623.0
698.0
684.0
751.0
672.0
652.0
664.0
626.0
660.0
681.0
628.0
656.0
662.0
877.0
616.0
677.0
658.0
646.0
655.0
624.0
632.0
650.0
682.0
716.0
701.0
688.0
674.0
712.0
665.0
653.0
654.0
699.0
612.0
710.0
637.0
693.0
641.0
618.0
678.0
683.0
703.0
572.0
662.0
685.0
677.0
657.0
636.0
641.0
588.0
635.0
698.0
628.0
585.0
638.0
621.0
625.0
695.0
644.0
653.0
648.0
654.0
638.0
682.0
674.0
676.0
667.0
672.0
638.0
772.0
677.0
618.0
650.0
582.0
643.0
667.0
623.0
765.0
623.0
666.0
666.0
625.0
674.0
662.0
637.0
662.0
663.0
670.0
669.0
677.0
626.0
642.0
607.0
688.0
643.0
637.0
642.0
645.0
657.0
640.0
555.0
674.0
657.0
570.0
661.0
682.0
642.0
659.0
648.0
677.0
690.0
653.0
658.0
642.0
658.0
648.0
630.0
695.0
570.0
707.0
733.0
627.0
674.0
641.0
642.0
622.0
636.0
726.0
663.0
578.0
666.0
683.0
630.0
655.0
656.0
637.0
647.0
669.0
613.0
676.0
669.0
656.0
669.0
738.0
640.0
642.0
662.0
628.0
639.0
667.0
637.0
621.0
663.0
686.0
632.0
731.0
748.0
565.0
603.0
677.0
793.0
645.0
677.0
642.0
674.0
744.0
816.0
690.0
658.0
687.0
652.0
657.0
654.0
629.0
678.0
619.0
702.0
689.0
646.0
656.0
559.0
649.0
655.0
680.0
613.0
713.0
695.0
560.0
634.0
709.0
571.0
637.0
635.0
661.0
641.0
658.0
743.0
631.0
620.0
616.0
631.0
727.0
740.0
666.0
637.0
651.0
623.0
674.0
551.0
662.0
660.0
651.0
765.0
648.0
742.0
646.0
586.0
670.0
621.0
596.0
623.0
626.0
613.0
667.0
627.0
672.0
665.0
664.0
706.0
615.0
648.0
636.0
688.0
666.0
571.0
627.0
642.0
795.0
630.0
668.0
706.0
653.0
661.0
634.0
573.0
754.0
698.0
633.0
598.0
722.0
662.0
659.0
666.0
632.0
680.0
630.0
558.0
682.0
669.0
772.0
705.0
644.0
661.0
672.0
682.0
652.0
697.0
645.0
670.0
658.0
654.0
705.0
766.0
666.0
658.0
658.0
675.0
642.0
669.0
653.0
662.0
621.0
686.0
629.0
663.0
731.0
628.0
630.0
657.0
727.0
713.0
567.0
658.0
632.0
628.0
631.0
682.0
818.0
689.0
622.0
685.0
667.0
654.0
682.0
661.0
662.0
746.0
664.0
755.0
648.0
706.0
639.0
666.0
644.0
653.0
652.0
740.0
620.0
654.0
628.0
617.0
682.0
650.0
696.0
747.0
689.0
688.0
691.0
682.0
613.0
657.0
649.0
658.0
659.0
695.0
649.0
658.0
589.0
657.0
635.0
603.0
689.0
811.0
714.0
644.0
722.0
634.0
580.0
628.0
632.0
663.0
674.0
646.0
653.0
635.0
669.0
770.0
668.0
658.0
588.0
632.0
731.0
679.0
638.0
645.0
656.0
656.0
731.0
685.0
725.0
631.0
653.0
675.0
642.0
658.0
729.0
554.0
748.0
754.0
608.0
652.0
669.0
662.0
682.0
660.0
651.0
631.0
682.0
618.0
656.0
632.0
650.0
618.0
701.0
685.0
741.0
715.0
712.0
650.0
628.0
743.0
619.0
658.0
741.0
744.0
646.0
706.0
570.0
758.0
668.0
630.0
699.0
560.0
651.0
666.0
693.0
677.0
707.0
644.0
709.0
658.0
649.0
716.0
663.0
640.0
606.0
677.0
653.0
653.0
698.0
628.0
680.0
665.0
704.0
678.0
701.0
671.0
644.0
667.0
800.0
631.0
707.0
645.0
700.0
633.0
631.0
