710.0
704.0
773.0
795.0
737.0
793.0
746.0
708.0
710.0
834.0
718.0
677.0
711.0
705.0
783.0
772.0
720.0
725.0
766.0
766.0
733.0
742.0
810.0
676.0
729.0
733.0
747.0
694.0
692.0
873.0
698.0
764.0
731.0
758.0
724.0
753.0
725.0
694.0
747.0
713.0
962.0
762.0
718.0
725.0
725.0
758.0
754.0
729.0
644.0
693.0
782.0
691.0
705.0
624.0
833.0
778.0
723.0
680.0
650.0
702.0
884.0
702.0
775.0
769.0
740.0
772.0
785.0
698.0
762.0
736.0
689.0
722.0
705.0
711.0
731.0
803.0
706.0
828.0
641.0
695.0
853.0
784.0
828.0
709.0
858.0
722.0
717.0
714.0
734.0
701.0
762.0
712.0
773.0
712.0
730.0
718.0
786.0
754.0
825.0
708.0
750.0
749.0
734.0
823.0
767.0
713.0
730.0
727.0
739.0
722.0
710.0
809.0
805.0
651.0
694.0
722.0
742.0
667.0
681.0
706.0
839.0
718.0
732.0
724.0
658.0
785.0
736.0
686.0
776.0
738.0
753.0
698.0
900.0
746.0
688.0
677.0
849.0
797.0
781.0
707.0
723.0
725.0
681.0
829.0
717.0
713.0
672.0
716.0
735.0
770.0
820.0
713.0
733.0
638.0
676.0
683.0
740.0
692.0
751.0
854.0
703.0
717.0
706.0
760.0
728.0
840.0
805.0
864.0
721.0
712.0
682.0
687.0
694.0
729.0
694.0
778.0
781.0
660.0
731.0
728.0
718.0
706.0
792.0
749.0
782.0
711.0
738.0
706.0
711.0
690.0
714.0
756.0
699.0
679.0
763.0
647.0
756.0
692.0
716.0
718.0
734.0
758.0
879.0
800.0
705.0
814.0
688.0
723.0
701.0
745.0
755.0
721.0
689.0
772.0
824.0
740.0
737.0
776.0
797.0
743.0
727.0
779.0
733.0
777.0
790.0
740.0
694.0
715.0
744.0
754.0
833.0
758.0
689.0
777.0
739.0
837.0
722.0
731.0
749.0
913.0
725.0
620.0
726.0
686.0
739.0
777.0
736.0
715.0
716.0
781.0
729.0
746.0
746.0
717.0
717.0
723.0
789.0
784.0
730.0
669.0
725.0
759.0
815.0
765.0
729.0
760.0
718.0
742.0
687.0
728.0
800.0
619.0
673.0
694.0
891.0
710.0
829.0
822.0
700.0
810.0
749.0
754.0
723.0
903.0
699.0
692.0
718.0
718.0
730.0
713.0
697.0
736.0
691.0
700.0
723.0
833.0
805.0
803.0
713.0
733.0
800.0
692.0
815.0
724.0
741.0
719.0
724.0
701.0
685.0
765.0
701.0
757.0
695.0
712.0
718.0
705.0
721.0
727.0
724.0
693.0
740.0
691.0
723.0
694.0
737.0
682.0
710.0
789.0
755.0
781.0
714.0
698.0
736.0
712.0
710.0
802.0
939.0
747.0
914.0
682.0
865.0
645.0
781.0
751.0
721.0
694.0
791.0
784.0
714.0
725.0
683.0
761.0
747.0
713.0
781.0
818.0
686.0
856.0
814.0
735.0
715.0
690.0
707.0
829.0
739.0
718.0
696.0
870.0
659.0
725.0
683.0
695.0
708.0
729.0
733.0
741.0
730.0
618.0
742.0
717.0
736.0
763.0
906.0
763.0
737.0
727.0
801.0
710.0
721.0
666.0
745.0
757.0
803.0
703.0
713.0
810.0
983.0
746.0
672.0
765.0
716.0
815.0
698.0
758.0
690.0
747.0
780.0
717.0
797.0
712.0
682.0
841.0
726.0
686.0
721.0
804.0
713.0
732.0
683.0
765.0
613.0
676.0
676.0
735.0
663.0
719.0
684.0
757.0
794.0
754.0
785.0
706.0
712.0
753.0
726.0
722.0
754.0
738.0
738.0
709.0
713.0
712.0
705.0
843.0
726.0
707.0
680.0
756.0
813.0
744.0
690.0
840.0
696.0
729.0
714.0
773.0
706.0
685.0
745.0
758.0
770.0
699.0
