0.7680102878779201
0.5552855992611968
0.560586812518846
0.7201597956263378
0.5738398456629694
0.5764904522917941
0.8873477677762494
0.7058664664131584
0.6085123919397821
0.6147098864128846
0.664289842197704
0.6549936004880504
0.6394998643052943
0.9532513206121249
0.7130131310197482
0.8924172718405474
0.5992161502301285
0.9380428084192306
0.7451731217494016
0.5791410589206187
0.6394998643052943
0.716586463323043
0.5961174029935772
0.5961174029935772
0.8293203026054605
0.6580923477246016
0.7558931186592862
0.6116111391763334
0.673706475683505
0.664289842197704
0.6054136447032309
0.5870928788070926
0.6456973587783967
0.6085123919397821
0.5791410589206187
1.6555456759240141
0.6611910949611528
0.9785988409336155
0.6456973587783967
0.738026457142812
0.9633903287407212
0.481282043359249
0.9532513206121249
0.716586463323043
0.9228342962263363
0.4984311679730493
0.584442272178268
0.7308797925362223
0.8211456339751217
0.5764904522917941
0.48556932451269913
0.636401117068743
0.6085123919397821
0.593018655757026
0.5791410589206187
0.6456973587783967
0.6178086336494358
0.3671769814853339
0.6611910949611528
0.5870928788070926
0.7058664664131584
0.8088836310296137
0.560586812518846
0.7639229535627508
0.6879998048966842
2.8105368728808133
0.5764904522917941
0.5579362058900215
0.593018655757026
0.5261289263441256
0.6487961060149479
0.5791410589206187
0.6333023698321919
0.6987198018065688
0.5499843860035476
0.9329733043549323
1.5787641568286932
0.6456973587783967
0.7451731217494016
1.3636649961745366
1.4707203404504519
0.396756981485334
0.6673885894342553
0.6808531402900946
0.593018655757026
0.43840923182474845
0.6456973587783967
0.6704873366708065
1.2128030493069428
0.7130131310197482
0.6054136447032309
0.8772087596476531
0.5961174029935772
0.5685386324053201
0.414156981485334
0.9532513206121249
0.5499843860035476
0.5658880257764954
0.8822782637119514
0.560586812518846
0.6394998643052943
0.6518948532514992
0.636401117068743
1.033052974400407
0.7451731217494016
0.4534147158618237
0.8924172718405474
0.6240061281225383
0.6023148974666798
0.5870928788070926
0.5992161502301285
0.42554738836439837
0.6611910949611528
0.5473337793747229
1.0631424198386898
0.7761849565082589
0.6023148974666798
0.6054136447032309
0.6987198018065688
0.48985660566614925
0.8772087596476531
0.5961174029935772
0.5791410589206187
0.9228342962263363
0.414156981485334
0.5791410589206187
0.29487528953488523
0.6425986115418456
0.5791410589206187
0.5393819594882489
3.6175710119469833
0.5340807462305995
0.32604140406882226
0.6116111391763334
0.6178086336494358
0.7130131310197482
0.44055287240147356
0.6487961060149479
0.3845769814853339
0.49200024624287414
0.49414388681959925
0.7966216280841056
1.0149993071374377
0.5738398456629694
0.7451731217494016
0.6808531402900946
0.6518948532514992
0.3076250636624049
0.6240061281225383
0.7344531248395171
0.6580923477246016
0.5738398456629694
1.0511066416633768
0.9532513206121249
0.716586463323043
0.6425986115418456
0.6549936004880504
0.6147098864128846
0.6302036225956407
0.43626559124802344
0.6487961060149479
0.6611910949611528
0.49414388681959925
0.593018655757026
0.531430139601775
0.593018655757026
1.2551708074933405
0.6772798079867998
0.4512710752850987
0.5961174029935772
0.7273064602329276
0.6704873366708065
0.584442272178268
0.6487961060149479
0.5992161502301285
0.8293203026054605
0.5027184491264993
0.4877129650894242
0.6951464695032739
0.6987198018065688
0.9532513206121249
0.6425986115418456
0.5446831727458982
0.29345864796516075
0.5961174029935772
0.593018655757026
0.7761849565082589
0.6425986115418456
0.560586812518846
2.6807266170302393
0.30337513895323165
0.374136981485334
0.7843596251385976
0.7966216280841056
0.7523197863559914
0.5027184491264993
0.5526349926323721
0.7720976221930896
0.6772798079867998
0.5791410589206187
0.8467917352618645
0.6054136447032309
0.6333023698321919
0.560586812518846
0.6844264725933895
0.5817916655494433
0.636401117068743
0.6844264725933895
0.7802722908234282
0.5899199085204749
1.8153249113597432
0.5340807462305995
0.7720976221930896
0.6704873366708065
1.0039463612551058
1.1173034216275985
0.5685386324053201
0.716586463323043
0.5961174029935772
0.5552855992611968
0.5764904522917941
0.9380428084192306
0.5473337793747229
0.5473337793747229
0.673706475683505
0.7843596251385976
0.593018655757026
0.620907380885987
0.5711892390341448
0.8088836310296137
0.5526349926323721
0.5764904522917941
0.9887378490622116
0.7558931186592862
0.9279038002906344
0.6987198018065688
0.7761849565082589
1.1233213107152549
0.5393819594882489
0.36195698148533395
0.5992161502301285
0.5102252865711777
0.6951464695032739
0.5579362058900215
0.8569307433904607
0.8873477677762494
0.6456973587783967
1.0450887525757202
0.6518948532514992
0.6987198018065688
0.6487961060149479
0.8252329682902911
0.7720976221930896
0.6023148974666798
0.7130131310197482
0.29770857267433404
0.5181771064576517
0.6116111391763334
0.7487464540526965
0.6240061281225383
0.6116111391763334
0.6333023698321919
0.4512710752850987
0.6116111391763334
0.7802722908234282
0.8047962967144443
0.636401117068743
0.7130131310197482
0.8569307433904607
0.9279038002906344
0.5711892390341448
0.6844264725933895
0.6704873366708065
1.1052676434522852
0.6116111391763334
0.8924172718405474
1.2551708074933405
0.5961174029935772
1.147392867065881
0.3118749883715781
0.4319783100945735
0.7273064602329276
0.5658880257764954
0.5961174029935772
0.5738398456629694
0.5579362058900215
0.6580923477246016
0.636401117068743
1.4377802345194008
0.5420325661170735
1.0270350853127506
8.601157707031042
0.5261289263441256
0.6178086336494358
0.6518948532514992
0.6549936004880504
0.6673885894342553
0.5764904522917941
0.4684201998988989
0.6333023698321919
0.5738398456629694
0.6518948532514992
0.872139255583355
0.6879998048966842
0.48556932451269913
1.0872139761893158
0.49200024624287414
0.6580923477246016
0.7415997894461068
0.5340807462305995
0.6240061281225383
0.7451731217494016
0.5961174029935772
0.6302036225956407
0.6580923477246016
0.6456973587783967
0.673706475683505
1.2339869284001415
0.386316981485334
0.6611910949611528
0.584442272178268
1.873018358404443
0.7843596251385976
0.6147098864128846
0.7022931341098636
0.6518948532514992
0.6271048753590894
0.584442272178268
0.6054136447032309
0.6147098864128846
0.5961174029935772
0.6580923477246016
0.6240061281225383
0.7761849565082589
0.6704873366708065
0.5005748085497743
0.872139255583355
0.6844264725933895
0.5393819594882489
1.0511066416633768
0.5791410589206187
0.7884469594537669
0.6116111391763334
0.6456973587783967
0.531430139601775
0.7022931341098636
0.41937698148533403
0.395016981485334
0.5992161502301285
0.7130131310197482
0.9633903287407212
0.523478319715301
0.8047962967144443
0.8334076369206298
0.6673885894342553
0.5579362058900215
0.5738398456629694
0.5685386324053201
0.6425986115418456
1.6651433658109296
0.5961174029935772
0.5738398456629694
0.7273064602329276
0.407196981485334
0.6085123919397821
0.5992161502301285
0.7884469594537669
0.6425986115418456
0.39153698148533395
0.5992161502301285
0.8047962967144443
0.7058664664131584
0.5992161502301285
1.0691603089263462
0.7237331279296326
0.6054136447032309
0.872139255583355
0.5473337793747229
0.8569307433904607
0.6023148974666798
0.7130131310197482
0.8670697515190569
0.6302036225956407
0.6116111391763334
0.872139255583355
0.8569307433904607
0.515526499828827
0.5658880257764954
0.8334076369206298
0.5791410589206187
0.7884469594537669
0.5764904522917941
0.523478319715301
0.6611910949611528
0.395016981485334
0.5632374191476708
0.7761849565082589
0.738026457142812
0.7094397987164532
0.9785988409336155
0.5499843860035476
0.531430139601775
0.6487961060149479
0.9988768571908079
0.5711892390341448
0.620907380885987
0.5791410589206187
0.5738398456629694
0.584442272178268
0.523478319715301
0.4319783100945735
0.5685386324053201
0.5738398456629694
1.0932318652769726
0.6879998048966842
0.7720976221930896
0.523478319715301
0.5738398456629694
0.6271048753590894
0.7761849565082589
0.6580923477246016
1.147392867065881
0.5992161502301285
0.8293203026054605
1.4707203404504519
0.5764904522917941
0.3428169814853339
0.7843596251385976
1.4707203404504519
1.0872139761893158
0.5632374191476708
1.5036604463815026
0.5526349926323721
0.7273064602329276
0.8334076369206298
0.716586463323043
0.5791410589206187
0.7843596251385976
0.6844264725933895
0.5817916655494433
0.5393819594882489
0.5992161502301285
0.6518948532514992
0.29487528953488523
0.6240061281225383
0.6487961060149479
0.6425986115418456
1.901865081926793
0.6673885894342553
0.6549936004880504
0.6808531402900946
1.2057417562758763
0.636401117068743
0.5899199085204749
0.29487528953488523
0.5961174029935772
0.9279038002906344
0.5899199085204749
0.7415997894461068
0.6394998643052943
1.0039463612551058
0.7884469594537669
0.8374949712357993
0.5711892390341448
0.560586812518846
0.5499843860035476
0.9836683449979136
0.5738398456629694
0.6425986115418456
0.6611910949611528
0.6487961060149479
0.5899199085204749
0.5738398456629694
0.5632374191476708
0.5579362058900215
0.8417222311975663
0.7273064602329276
0.7094397987164532
0.5992161502301285
0.5393819594882489
0.8417222311975663
0.6240061281225383
0.7022931341098636
0.49414388681959925
0.7523197863559914
0.5526349926323721
0.593018655757026
1.7864781878373932
0.7308797925362223
0.91269528809774
2.723996702313764
0.43840923182474845
0.33170797034771987
0.9329733043549323
0.5870928788070926
0.673706475683505
0.5817916655494433
0.6425986115418456
0.3203748377899246
1.1654465343288507
0.7201597956263378
0.6987198018065688
0.5473337793747229
1.0039463612551058
0.8518612393261626
0.8334076369206298
0.7487464540526965
0.32179147935964897
0.6240061281225383
0.5208277130864764
0.5287795329729503
0.6987198018065688
0.6178086336494358
1.099249754364629
0.636401117068743
0.5446831727458982
0.8873477677762494
0.8924172718405474
0.6425986115418456
0.8620002474547588
0.396756981485334
0.42983466951784843
0.5526349926323721
0.7022931341098636
0.620907380885987
0.9785988409336155
0.664289842197704
0.7639229535627508
0.593018655757026
0.32462476249909783
0.6240061281225383
0.5340807462305995
0.6333023698321919
0.6987198018065688
0.7201597956263378
0.5420325661170735
0.7761849565082589
0.507574679942353
0.531430139601775
0.48342568393597407
0.6425986115418456
0.7523197863559914
0.620907380885987
0.691573137199979
0.3689169814853339
1.0450887525757202
0.584442272178268
0.5340807462305995
0.3090417052321293
0.47485112162907406
0.8334076369206298
0.7094397987164532
1.9884052524938427
0.5287795329729503
0.7308797925362223
0.5128758932000024
0.6302036225956407
0.6116111391763334
0.5287795329729503
0.5552855992611968
0.6808531402900946
0.28920872325598757
0.8047962967144443
0.8822782637119514
0.7451731217494016
1.0039463612551058
0.5340807462305995
0.6178086336494358
1.3187224447729373
1.2763546865865394
