669.0
669.0
624.0
698.0
623.0
620.0
713.0
679.0
633.0
656.0
619.0
663.0
632.0
691.0
624.0
726.0
635.0
674.0
633.0
698.0
652.0
713.0
656.0
776.0
631.0
676.0
648.0
650.0
626.0
639.0
717.0
640.0
661.0
791.0
765.0
717.0
726.0
651.0
624.0
738.0
663.0
691.0
642.0
701.0
700.0
617.0
640.0
642.0
625.0
631.0
653.0
625.0
679.0
648.0
696.0
676.0
650.0
666.0
646.0
732.0
625.0
624.0
736.0
625.0
731.0
637.0
629.0
757.0
630.0
633.0
715.0
719.0
692.0
619.0
619.0
637.0
633.0
631.0
680.0
816.0
685.0
634.0
626.0
621.0
656.0
640.0
648.0
633.0
665.0
666.0
817.0
744.0
664.0
780.0
626.0
620.0
653.0
763.0
640.0
765.0
659.0
722.0
638.0
631.0
629.0
628.0
627.0
829.0
665.0
624.0
681.0
616.0
669.0
658.0
632.0
648.0
717.0
633.0
678.0
662.0
697.0
635.0
664.0
622.0
659.0
627.0
810.0
678.0
629.0
618.0
629.0
765.0
660.0
773.0
646.0
625.0
618.0
617.0
645.0
689.0
647.0
629.0
677.0
636.0
703.0
622.0
689.0
650.0
659.0
706.0
713.0
646.0
652.0
634.0
638.0
648.0
672.0
637.0
630.0
683.0
652.0
640.0
619.0
622.0
666.0
741.0
658.0
632.0
642.0
688.0
663.0
617.0
647.0
686.0
660.0
685.0
656.0
643.0
622.0
676.0
725.0
625.0
647.0
624.0
714.0
668.0
658.0
624.0
698.0
618.0
632.0
653.0
622.0
750.0
642.0
763.0
632.0
638.0
623.0
651.0
650.0
708.0
629.0
697.0
652.0
770.0
665.0
654.0
620.0
683.0
698.0
672.0
731.0
648.0
664.0
625.0
624.0
625.0
629.0
639.0
618.0
676.0
643.0
682.0
642.0
630.0
684.0
631.0
633.0
698.0
659.0
645.0
616.0
655.0
656.0
637.0
637.0
747.0
679.0
624.0
640.0
742.0
674.0
658.0
644.0
658.0
642.0
624.0
667.0
678.0
751.0
772.0
629.0
622.0
649.0
632.0
631.0
689.0
640.0
621.0
710.0
627.0
667.0
677.0
685.0
674.0
664.0
813.0
629.0
629.0
670.0
746.0
649.0
645.0
658.0
638.0
635.0
646.0
637.0
710.0
632.0
706.0
754.0
658.0
766.0
621.0
618.0
722.0
653.0
658.0
725.0
626.0
631.0
618.0
654.0
660.0
700.0
628.0
672.0
626.0
626.0
715.0
710.0
647.0
688.0
631.0
620.0
622.0
652.0
634.0
660.0
749.0
629.0
629.0
652.0
690.0
640.0
710.0
663.0
709.0
653.0
621.0
649.0
621.0
618.0
629.0
744.0
694.0
635.0
635.0
632.0
669.0
684.0
631.0
725.0
619.0
634.0
643.0
627.0
736.0
626.0
726.0
652.0
623.0
629.0
759.0
618.0
725.0
655.0
664.0
629.0
618.0
637.0
685.0
641.0
788.0
697.0
667.0
672.0
637.0
674.0
637.0
622.0
630.0
642.0
