0.7058946883805943
0.7268847050195294
0.5049532466627543
0.740878049445486
0.7093930244870835
0.7128913605935726
1.0073548288502807
0.698898016167616
0.7743768363267269
0.6157281225720895
0.6744096634221918
0.6814063356351701
0.6953996800611267
0.7443763855519752
0.6884030078481483
0.8559085711125204
0.5805827430656321
0.6884030078481483
0.6403547697170384
2.4557328756504293
0.6526680932895127
0.7093930244870835
0.6249631152514453
0.6465114315032756
0.6711380786482244
0.7585611334588379
0.6588247550757499
1.2906840286029106
0.6680597477551057
0.8511758755582153
0.7548713938714428
0.6953996800611267
0.6249631152514453
1.4187032989105273
0.9221663088727904
0.8559085711125204
0.8606412666668253
0.7743768363267269
0.5805827430656321
0.5856247094924906
0.560414877358198
0.6680597477551057
0.5704988102119151
0.5805827430656321
0.5326840620104761
0.9742259599701455
0.5972581372133778
0.8020543163455329
0.5911014754271408
0.4878016342736845
0.6157281225720895
0.5805827430656321
0.8139160934964497
0.550330944504481
0.7548713938714428
0.7268847050195294
0.5352050452239054
0.6884030078481483
0.9268990044270954
0.7338813772325077
0.9552951777529256
0.6495897623963941
0.6919013439546375
0.7548713938714428
1.1128840880205024
0.7163896967000618
0.8937701355469603
1.426789837372066
0.7443763855519752
1.2009957595299001
0.7625150591758102
0.7303830411260185
0.7268847050195294
0.6157281225720895
0.9789586555244505
0.8890374399926553
0.8653739622211304
0.6849046717416593
0.5276420955836176
0.8139160934964497
0.9127009177641804
0.7548713938714428
0.6341981079308011
0.6884030078481483
0.8257778706473665
0.9174336133184854
0.6619030859688685
0.9079682222098753
0.6157281225720895
0.8511758755582153
0.5578938941447686
0.6680597477551057
0.5805827430656321
0.49848778421015216
0.9458297866443155
0.8139160934964497
1.2285921500139036
0.7268847050195294
0.6126497916789709
0.9032355266555703
0.7023963522741052
1.45913599121822
0.8060082420625051
0.6095714607858523
0.5074742298761836
0.7743768363267269
2.2324338381462807
0.9174336133184854
0.7901925391946161
0.7303830411260185
0.7268847050195294
0.6095714607858523
0.6495897623963941
0.47711548433721684
0.6403547697170384
0.7981003906285606
0.8748393533297404
0.8376396477982831
0.7023963522741052
0.5941798063202594
0.6849046717416593
0.6249631152514453
0.698898016167616
0.6465114315032756
0.7704229106097547
0.7941464649115882
0.6465114315032756
0.7058946883805943
0.6919013439546375
0.6744096634221918
0.5427679948641931
0.6711380786482244
0.6953996800611267
0.6849046717416593
0.8060082420625051
0.8020543163455329
0.6588247550757499
1.426789837372066
0.7862386134776438
0.719888032806551
1.45913599121822
0.5805827430656321
0.8985028311012653
0.6218847843583266
0.5679778269984858
0.8218239449303942
0.7478747216584642
0.5452889780776224
0.7901925391946161
0.5679778269984858
0.719888032806551
0.833685722081311
0.8020543163455329
0.6126497916789709
0.7093930244870835
0.8606412666668253
0.550330944504481
0.6157281225720895
0.6249631152514453
0.6953996800611267
0.7625150591758102
0.5805827430656321
0.833685722081311
0.6919013439546375
0.6744096634221918
1.0073548288502807
1.0850271817601513
0.7443763855519752
0.47284102436262987
0.8843047444383502
0.7901925391946161
0.8060082420625051
0.6814063356351701
0.6003364681064964
14.687015990118915
0.9458297866443155
0.7058946883805943
2.2184776483022715
0.7513730577649537
0.7783307620436993
0.5831037262790613
0.6403547697170384
0.6465114315032756
0.6249631152514453
0.8417104844496053
0.6403547697170384
0.833685722081311
0.8178700192134218
0.6619030859688685
0.8748393533297404
0.8376396477982831
0.6249631152514453
0.6372764388239197
0.7513730577649537
0.6649814168619871
1.1741692817932747
0.6884030078481483
0.6953996800611267
1.6483611582774709
0.698898016167616
0.603414798999615
0.5972581372133778
0.9458297866443155
0.8843047444383502
1.28378493098191
0.7664689848927825
0.550330944504481
0.6849046717416593
0.6095714607858523
0.49848778421015216
1.1128840880205024
0.6249631152514453
0.8985028311012653
0.5911014754271408
0.560414877358198
0.6711380786482244
0.4514687244896947
0.6064931298927337
0.719888032806551
0.7128913605935726
0.6849046717416593
0.7268847050195294
1.3863571450643735
1.939353851422086
0.6280414461445639
0.6465114315032756
0.560414877358198
0.5831037262790613
0.7783307620436993
0.5578938941447686
0.6649814168619871
0.8218239449303942
4.32100286670453
0.7783307620436993
0.6619030859688685
0.7128913605935726
0.6064931298927337
0.8020543163455329
0.618806453465208
0.8795720488840452
0.7303830411260185
0.6372764388239197
0.7093930244870835
0.7023963522741052
0.6280414461445639
0.7338813772325077
0.6588247550757499
0.7163896967000618
0.6157281225720895
0.5881456927059199
0.6341981079308011
0.8701066577754354
0.5805827430656321
0.5528519277179103
0.6218847843583266
0.6218847843583266
0.6953996800611267
0.4621548744261623
0.6588247550757499
0.5941798063202594
0.8748393533297404
0.5780617598522029
0.7163896967000618
0.6588247550757499
0.9174336133184854
0.7585611334588379
0.9363643955357055
0.7058946883805943
0.7058946883805943
0.7981003906285606
0.7093930244870835
0.5629358605716273
0.5881456927059199
1.1295982317767133
1.2147939547719018
0.6003364681064964
0.6311197770376825
0.49635055422285856
0.6218847843583266
0.6249631152514453
0.7585611334588379
1.0125992254832388
0.43650811457864
0.9032355266555703
0.6526680932895127
0.6919013439546375
0.7478747216584642
1.0073548288502807
0.8937701355469603
0.550330944504481
0.5301630787970468
0.8937701355469603
0.6953996800611267
0.5941798063202594
0.560414877358198
0.603414798999615
0.5478099612910516
0.6884030078481483
0.719888032806551
1.0073548288502807
0.9552951777529256
0.6372764388239197
0.6341981079308011
0.6814063356351701
1.8137481428260023
0.6280414461445639
3.1954109373829214
0.8559085711125204
0.9505624821986206
0.6711380786482244
2.05100337017416
0.7023963522741052
0.7783307620436993
2.930243330346745
0.7128913605935726
3.293104266290986
0.5881456927059199
0.6711380786482244
0.7373797133389968
0.7373797133389968
1.0738844192560109
0.6218847843583266
1.068313038003941
0.6249631152514453
0.6711380786482244
0.8890374399926553
0.550330944504481
0.9978894377416706
0.6526680932895127
0.6744096634221918
0.719888032806551
0.7268847050195294
0.6341981079308011
0.8559085711125204
0.7268847050195294
0.7901925391946161
0.6280414461445639
0.7901925391946161
0.6249631152514453
0.6495897623963941
0.8511758755582153
1.7160548139179372
0.6403547697170384
0.9127009177641804
0.7585611334588379
0.8099621677794774
0.7478747216584642
1.0404561317435896
0.719888032806551
0.7743768363267269
0.7862386134776438
0.833685722081311
0.7128913605935726
0.6588247550757499
0.8606412666668253
0.5856247094924906
0.6711380786482244
0.6372764388239197
0.7743768363267269
1.45913599121822
0.6095714607858523
0.8060082420625051
0.6403547697170384
0.6341981079308011
0.6372764388239197
0.603414798999615
0.9600278733072306
0.8376396477982831
0.6280414461445639
0.6953996800611267
0.6403547697170384
1.124026850524643
1.0404561317435896
0.7625150591758102
0.6744096634221918
0.7901925391946161
0.6495897623963941
0.5730197934253443
0.8606412666668253
2.2603462178342992
0.6619030859688685
8.951530842870957
0.6884030078481483
0.7023963522741052
0.6403547697170384
0.5911014754271408
0.5578938941447686
0.8559085711125204
1.0125992254832388
1.1128840880205024
0.560414877358198
0.6849046717416593
1.8835290920460488
0.8139160934964497
0.7664689848927825
0.8606412666668253
0.6218847843583266
0.6403547697170384
0.8139160934964497
1.3320786143289156
0.5528519277179103
0.7373797133389968
0.5679778269984858
0.6884030078481483
0.7862386134776438
0.8257778706473665
1.1184554692725726
0.6649814168619871
0.7822846877606715
0.5856247094924906
0.9316316999814005
0.6218847843583266
0.5704988102119151
0.833685722081311
1.1463123755329236
0.740878049445486
1.018170606735309
1.1630265192891343
0.719888032806551
0.6157281225720895
1.362097529679758
0.5654568437850565
0.6953996800611267
0.6218847843583266
1.3389777119499167
0.6249631152514453
0.5125161963030421
0.7373797133389968
0.618806453465208
0.6157281225720895
0.643433100610157
0.9268990044270954
1.8277043326700115
0.7023963522741052
0.6779079995286809
0.6465114315032756
0.6953996800611267
0.8701066577754354
0.6884030078481483
1.620012843670729
0.6680597477551057
0.6280414461445639
0.6003364681064964
0.6649814168619871
0.6849046717416593
0.7862386134776438
1.0125992254832388
0.9174336133184854
0.698898016167616
0.603414798999615
0.9600278733072306
0.6218847843583266
0.5730197934253443
0.6218847843583266
0.6157281225720895
0.833685722081311
0.6003364681064964
0.7783307620436993
0.6341981079308011
0.7625150591758102
0.7981003906285606
0.45574318446428175
1.0293133692394492
0.6095714607858523
0.7901925391946161
0.8178700192134218
1.8416605225140206
2.790681431906652
0.7743768363267269
1.4672225296797583
0.6814063356351701
0.6919013439546375
0.7704229106097547
0.5911014754271408
0.7585611334588379
0.8376396477982831
0.5276420955836176
1.362097529679758
0.5831037262790613
1.1295982317767133
0.6526680932895127
0.6372764388239197
0.5856247094924906
1.0850271817601513
0.5755407766387735
