0.6913384747240687
0.6513090045725323
0.6947866092054135
0.9753592134922477
0.6480644058071001
0.6675319983996928
0.7746462948753028
1.338793019521236
1.0230595405152898
0.7657428269082821
0.7258198195375168
0.832518836660937
0.5843332032465722
0.7361642229815515
0.7746462948753028
0.5663905028503516
1.2761687246735491
0.7051310126494481
0.7499567609069306
1.2135444298258622
1.466186093973209
0.6947866092054135
0.6809940712800343
0.6221076156836433
0.4984912622287515
2.189389197764708
0.8369705706444472
0.6844422057613792
0.7969049647928543
0.4114562517084867
0.5689537457640973
0.8236153686939163
0.6318414119799397
0.5993954243256185
0.7568530298696203
0.6610428008688285
0.5535742882816226
0.8147119007268956
0.5843332032465722
0.6775459367986896
0.6091292206219149
0.7051310126494481
0.43726923609192114
1.0549107264372486
0.42671371434419175
0.8147119007268956
0.7327160885002065
0.5125624016616898
0.6026400230910507
0.5484478024541309
0.6318414119799397
1.807332367549389
0.8513880997340583
0.644819807041668
0.8662646333850411
0.8712234779353687
0.832518836660937
0.7292679540188617
0.7189235505748274
0.7189235505748274
0.7568530298696203
0.7568530298696203
0.7327160885002065
0.6350860107453717
0.6253522144490754
0.5792067174190806
0.6415752082762359
0.6480644058071001
0.6285968132145076
0.6545536033379643
0.9555238352909374
0.7969049647928543
0.5535742882816226
0.4060907957101365
0.6383306095108039
0.805808432759875
0.7154754160934825
0.8662646333850411
0.6285968132145076
0.9456061461902823
0.7534048953882754
0.7154754160934825
0.6221076156836433
0.5896616280293223
0.7746462948753028
0.7189235505748274
0.8712234779353687
0.6913384747240687
0.7880014968258338
0.7465086264255858
0.7361642229815515
0.6285968132145076
0.6383306095108039
1.5659697019881966
1.3137433015821613
0.439380340441467
0.9356884570896271
0.6253522144490754
0.792453230809344
0.6610428008688285
0.6642873996342606
0.4007253397117862
0.5535742882816226
0.7361642229815515
1.6461521032517155
0.7396123574628962
0.7701945608917924
0.6642873996342606
0.7612910929247719
0.5484478024541309
0.4096677663757033
0.8861000115863513
0.6285968132145076
0.6318414119799397
1.2072820003410933
1.2135444298258622
0.9257707679889721
0.5792067174190806
0.6809940712800343
0.4060907957101365
0.8662646333850411
1.7926378740795688
0.8662646333850411
0.9356884570896271
0.9852769025929028
1.0676512008060322
0.6740978023173447
0.8513880997340583
0.6809940712800343
0.8811411670360239
0.6383306095108039
0.5766434745053348
0.5151256445754354
0.6221076156836433
0.6577982021033965
0.6809940712800343
0.4288248186937377
0.4224915056451
0.6285968132145076
0.7568530298696203
0.4060907957101365
0.6577982021033965
0.6675319983996928
0.6318414119799397
0.5843332032465722
0.8369705706444472
1.232331718280168
0.6026400230910507
0.900976545237334
0.743060491944241
0.6253522144490754
0.7880014968258338
0.7085791471307928
0.8147119007268956
0.5458845595403851
0.97040036894192
0.4457136534901046
0.5715169886778432
0.7396123574628962
0.7465086264255858
0.6188630169182112
0.6058846218564828
0.805808432759875
0.6350860107453717
0.5612640170228599
0.5792067174190806
0.9208119234386443
1.238594147764937
0.743060491944241
0.7051310126494481
0.819163634710406
1.1058726239123824
0.6350860107453717
0.8147119007268956
0.6775459367986896
0.6913384747240687
0.7292679540188617
0.6675319983996928
0.5407580737128935
0.7016828781681033
0.7701945608917924
0.9456061461902823
1.201019570856325
0.9654415243915926
0.7361642229815515
0.8102601667433853
0.792453230809344
0.5612640170228599
0.7154754160934825
0.612373819387347
0.5381948307991476
0.7120272816121376
0.7499567609069306
0.5740802315915889
0.490046844830568
0.6577982021033965
0.6026400230910507
0.7051310126494481
0.6675319983996928
0.6809940712800343
0.6577982021033965
0.6513090045725323
0.5961508255601865
0.6383306095108039
0.5638272599366058
0.7701945608917924
0.7189235505748274
0.5253786162304186
0.6577982021033965
0.9753592134922477
0.6809940712800343
0.7292679540188617
0.6809940712800343
0.7969049647928543
0.6610428008688285
0.6480644058071001
0.7396123574628962
0.8513880997340583
0.5253786162304186
0.6947866092054135
0.6982347436867584
0.5433213166266394
0.4309359230432835
0.4224915056451
1.5008545927708727
0.5587007741091141
0.6545536033379643
0.6156184181527791
1.0612809636216403
0.7969049647928543
0.5484478024541309
0.97040036894192
0.8513880997340583
0.5484478024541309
1.3535134728808005
0.5561375311953684
1.1440940470187329
0.5381948307991476
0.5792067174190806
0.8369705706444472
0.7085791471307928
0.7612910929247719
0.7085791471307928
0.7657428269082821
0.6982347436867584
1.0230595405152898
0.7465086264255858
0.8369705706444472
1.0001534362438858
0.6156184181527791
0.5587007741091141
1.0103190661465065
0.6285968132145076
0.9555238352909374
0.743060491944241
0.6675319983996928
0.7016828781681033
0.6610428008688285
0.6513090045725323
0.4478247578396505
0.5896616280293223
0.5792067174190806
0.5766434745053348
1.282431154158318
0.5896616280293223
0.5868964461603181
0.7465086264255858
0.6809940712800343
0.6545536033379643
0.6091292206219149
0.6318414119799397
1.3708477222796325
0.7327160885002065
0.9852769025929028
0.9059353897876616
1.3200057310669302
0.9158530788883168
0.5228153733166729
0.7657428269082821
0.9356884570896271
0.6642873996342606
1.3074808720973927
0.5279418591441645
0.46049138393692574
1.0358000148840736
0.7327160885002065
0.8861000115863513
0.45415807088828813
0.8712234779353687
0.6156184181527791
0.5638272599366058
0.5792067174190806
0.6156184181527791
0.6221076156836433
0.5792067174190806
0.5381948307991476
0.6513090045725323
0.7361642229815515
0.5125624016616898
0.5663905028503516
0.7292679540188617
0.7327160885002065
0.97040036894192
0.6513090045725323
0.612373819387347
0.4203986783724038
0.6513090045725323
0.5027134709278432
0.7465086264255858
0.7361642229815515
0.6350860107453717
1.201019570856325
0.7657428269082821
0.7746462948753028
0.8147119007268956
0.6253522144490754
0.7465086264255858
0.5868964461603181
0.8464292551837308
0.8761823224856962
0.5176888874891813
0.6318414119799397
0.743060491944241
0.5689537457640973
2.086527743475968
0.6878903402427239
0.7223716850561722
0.3989368543790028
0.6221076156836433
0.6091292206219149
1.0549107264372486
0.6707765971651248
0.5027134709278432
0.5587007741091141
0.3989368543790028
0.7612910929247719
0.5510110453678768
0.805808432759875
0.743060491944241
0.5817699603328264
0.7016828781681033
0.6188630169182112
0.6642873996342606
0.8712234779353687
0.7085791471307928
0.9257707679889721
1.4835203433720408
0.8960177006870065
0.6775459367986896
0.9158530788883168
0.5929062267947544
0.7465086264255858
0.5356315878854019
1.6220973828726597
0.5663905028503516
1.0103190661465065
1.1695749957562998
0.6844422057613792
0.7327160885002065
0.5433213166266394
1.0051122807942132
0.7612910929247719
0.7154754160934825
0.6350860107453717
0.7612910929247719
0.7361642229815515
0.5587007741091141
0.6383306095108039
0.5868964461603181
0.644819807041668
0.5766434745053348
0.7016828781681033
0.5484478024541309
0.612373819387347
0.8513880997340583
0.5689537457640973
0.6545536033379643
0.8613057888347135
0.7657428269082821
0.5740802315915889
0.6091292206219149
0.6221076156836433
0.5176888874891813
0.6221076156836433
0.995194591693558
1.4835203433720408
0.5817699603328264
0.7016828781681033
0.9208119234386443
0.6642873996342606
0.7189235505748274
1.0230595405152898
0.6253522144490754
0.5817699603328264
0.6775459367986896
0.5228153733166729
0.6480644058071001
0.5715169886778432
0.7154754160934825
0.5587007741091141
0.6058846218564828
0.7465086264255858
0.7746462948753028
0.644819807041668
0.4025138250445696
0.5792067174190806
1.1884947118867875
0.644819807041668
0.7361642229815515
2.2481671716439884
0.8811411670360239
0.6545536033379643
0.5228153733166729
0.6775459367986896
0.819163634710406
0.8662646333850411
0.6545536033379643
0.6545536033379643
0.819163634710406
0.5407580737128935
0.8236153686939163
1.1058726239123824
0.43726923609192114
0.7327160885002065
1.3621805975802166
1.2949560131278555
1.0612809636216403
0.6513090045725323
1.1058726239123824
0.5663905028503516
0.8960177006870065
1.525878501356437
0.7154754160934825
0.6026400230910507
0.9406473016399548
0.6610428008688285
0.7085791471307928
3.012280832074626
0.7790980288588131
1.3200057310669302
0.5151256445754354
0.6221076156836433
1.338793019521236
1.042170252068465
0.6221076156836433
0.7465086264255858
1.345055449006005
