0.4923536399813548
0.5953326499029448
0.6428467741967301
0.3539619432682764
0.7437328524037015
0.4797857694956761
0.48816434981946183
0.4776911244147296
1.2447941845093249
0.4567446736052651
0.9807382005448408
0.7820362562945185
0.5714137498557533
0.6666038363436226
0.7700732406472922
0.6487860397334532
0.6666038363436226
0.5177655117026547
0.5305389017391068
0.6250289775865606
0.5663043938411725
0.55097632579743
0.6606645708068996
0.9014920285778208
0.5923630171345833
0.5101014776807835
0.5152108336953642
0.5841871398922053
0.5433122917755588
0.5790777838776244
1.3332429136942505
0.3969490624668042
0.5983022826713065
0.46093396376715795
0.538202935760978
0.4504607383624258
0.9460680003092696
0.55097632579743
0.9411151145613308
0.563749715833882
0.5816324618849148
0.6974262026790086
0.8099499594713797
0.348803488964453
0.5126561556880739
0.7009882526578312
0.5841871398922053
0.5279842237318163
0.6831780027637185
0.601271915439668
0.6517556725018149
0.8717747140901884
0.9014920285778208
0.563749715833882
0.7437328524037015
0.4504607383624258
1.1184222444148983
0.4944482850623012
0.6072111809763912
0.6161200792814758
0.7939992719417446
1.0055026292845346
0.35912039757209974
0.5075467996734931
0.774060912529701
0.7508569523613465
0.5228748677172356
0.6131504465131142
0.6101808137447527
0.5923630171345833
0.5816324618849148
1.0645695229634575
0.576523105870334
0.5279842237318163
0.5663043938411725
0.6339378758916454
0.6279986103549222
0.8420573996025559
0.7860239281769271
0.5560856818120109
0.6760539028060735
0.7152364525731213
0.5203201897099452
0.6903021027213634
0.46093396376715795
0.7900116000593359
0.5663043938411725
0.5279842237318163
0.7009882526578312
0.774060912529701
0.774060912529701
0.5663043938411725
0.5611950378265916
0.821912975118606
0.5816324618849148
1.1662913301495124
0.5535310038047204
0.4965429301432477
0.348803488964453
0.8099499594713797
0.6042415482080294
0.6072111809763912
0.5228748677172356
0.7045503026366536
0.7081123526154762
0.679615952784896
0.8139376313537885
0.44417680311958635
1.438507867829405
0.6042415482080294
0.43579822279580055
0.40038803200268647
0.6131504465131142
0.6725431018803457
0.7187985025519438
0.7660855687648835
1.0705531586802843
0.5330935797463973
0.4965429301432477
0.5407576137682684
0.7660855687648835
0.563749715833882
0.5816324618849148
0.6606645708068996
0.5923630171345833
0.5841871398922053
0.5816324618849148
0.7223605525307664
0.5586403598193013
0.7187985025519438
0.6339378758916454
0.6428467741967301
0.5254295457245259
0.6517556725018149
0.5586403598193013
0.48397505965756893
0.5228748677172356
0.568859071848463
0.4986375752241941
0.5611950378265916
0.6760539028060735
0.8259006470010146
0.601271915439668
0.5407576137682684
0.6760539028060735
0.663634203575261
0.6903021027213634
0.9262564573175146
0.5356482577536876
0.6131504465131142
0.4141439101462154
0.5611950378265916
0.5953326499029448
0.563749715833882
0.5739684278630437
0.601271915439668
0.6398771414283684
0.7780485844121097
0.7045503026366536
0.5841871398922053
0.7259226025095888
0.6309682431232837
0.747294902382524
0.4944482850623012
0.55097632579743
0.538202935760978
0.9906439720407183
0.8298883188834234
0.6101808137447527
0.5841871398922053
0.5152108336953642
0.6309682431232837
0.6398771414283684
0.7223605525307664
2.4234895384381563
0.936162228813392
0.6072111809763912
0.5816324618849148
0.6760539028060735
0.9312093430654532
0.5126561556880739
0.5923630171345833
0.7045503026366536
0.5228748677172356
0.601271915439668
0.6309682431232837
1.0466186158129773
0.6547253052701764
0.5714137498557533
1.0645695229634575
0.9609266575530859
0.6547253052701764
0.6042415482080294
1.1423567872822051
0.5356482577536876
0.6428467741967301
0.6101808137447527
0.6666038363436226
0.5228748677172356
0.8717747140901884
0.5739684278630437
0.6428467741967301
1.2226820022130935
0.5356482577536876
0.7152364525731213
0.6760539028060735
0.4986375752241941
0.5305389017391068
2.216837498069574
0.568859071848463
0.5535310038047204
0.8767275998381272
0.6161200792814758
0.663634203575261
0.747294902382524
0.5816324618849148
1.0005497435365958
0.8420573996025559
0.5305389017391068
0.48816434981946183
0.6220593448181989
2.024946317727318
0.4211357072291754
0.7860239281769271
0.5049921216662028
0.6369075086600069
0.5101014776807835
0.5714137498557533
0.8717747140901884
0.5923630171345833
0.6903021027213634
0.7045503026366536
0.5893933843662217
0.3556814280362175
0.7620978968824748
0.679615952784896
1.3185014588300965
0.6606645708068996
0.6458164069650916
0.5203201897099452
0.5923630171345833
0.4211357072291754
1.3185014588300965
0.7187985025519438
0.538202935760978
0.5841871398922053
0.6190897120498374
0.5953326499029448
0.4295142875529612
0.7152364525731213
0.8139376313537885
0.6101808137447527
0.6042415482080294
0.7437328524037015
0.5923630171345833
0.6250289775865606
0.8179253032361972
0.663634203575261
0.5893933843662217
0.5279842237318163
0.936162228813392
0.4567446736052651
1.4467127458781854
0.5586403598193013
0.6309682431232837
0.538202935760978
0.7045503026366536
0.5203201897099452
0.576523105870334
0.5714137498557533
1.100471337264418
0.5663043938411725
0.8139376313537885
0.5714137498557533
0.7437328524037015
0.5586403598193013
0.9658795433010245
1.0944877015475913
0.35052297373239416
1.2300527296451704
0.7939992719417446
0.7508569523613465
0.5841871398922053
0.5953326499029448
0.6339378758916454
0.44836609328147925
0.9559737718051472
0.7116744025942987
0.6220593448181989
0.679615952784896
0.7620978968824748
0.5611950378265916
0.747294902382524
1.2226820022130935
0.5356482577536876
0.4944482850623012
0.6250289775865606
0.3711567909476875
0.5535310038047204
0.538202935760978
0.6458164069650916
0.4672178990099974
0.5126561556880739
0.568859071848463
0.5739684278630437
0.5126561556880739
1.1858283650527077
0.7081123526154762
0.568859071848463
0.6190897120498374
0.7187985025519438
0.5816324618849148
0.5330935797463973
0.8915862570819434
0.6161200792814758
0.5953326499029448
0.5739684278630437
0.5535310038047204
0.5816324618849148
0.8298883188834234
0.5841871398922053
0.6547253052701764
0.6428467741967301
0.601271915439668
1.471327380024527
0.5714137498557533
0.6695734691119843
0.5126561556880739
0.6131504465131142
0.5535310038047204
0.6131504465131142
0.6072111809763912
0.5953326499029448
0.538202935760978
0.663634203575261
0.5007322203051405
1.3185014588300965
0.55097632579743
0.6279986103549222
0.6938641527001861
0.568859071848463
0.6831780027637185
0.5663043938411725
0.5893933843662217
0.6101808137447527
0.6576949380385378
0.55097632579743
0.7660855687648835
0.6666038363436226
0.7187985025519438
0.8179253032361972
1.8478159974113908
0.6487860397334532
0.801974615706562
0.5841871398922053
0.3969490624668042
0.348803488964453
0.5535310038047204
0.679615952784896
0.601271915439668
0.5433122917755588
0.5790777838776244
0.5663043938411725
1.487737136122088
0.6938641527001861
0.4923536399813548
0.601271915439668
0.5953326499029448
0.8259006470010146
0.8298883188834234
0.5816324618849148
0.5739684278630437
0.6398771414283684
0.601271915439668
0.5254295457245259
0.5535310038047204
0.7620978968824748
0.6339378758916454
0.6042415482080294
0.5893933843662217
0.6458164069650916
0.5611950378265916
0.5816324618849148
0.6131504465131142
0.6190897120498374
0.55097632579743
0.6666038363436226
0.679615952784896
0.5714137498557533
0.5356482577536876
0.6428467741967301
0.6428467741967301
0.568859071848463
0.5893933843662217
0.896539142829882
0.5177655117026547
1.2226820022130935
1.6854465371217897
0.43998751295769345
0.9213035715695758
0.9113978000736982
0.5923630171345833
0.5739684278630437
0.7152364525731213
0.5228748677172356
0.8866333713340045
0.5407576137682684
0.568859071848463
0.5228748677172356
0.9262564573175146
0.538202935760978
0.7009882526578312
0.6725431018803457
0.6398771414283684
0.5407576137682684
0.5739684278630437
0.679615952784896
0.601271915439668
0.6903021027213634
0.7152364525731213
0.5953326499029448
1.1363731515653785
0.5611950378265916
0.6161200792814758
0.6072111809763912
0.48397505965756893
0.6903021027213634
0.6547253052701764
2.4530112584908106
1.2153112747810162
0.5152108336953642
0.5983022826713065
0.6190897120498374
0.6220593448181989
0.6220593448181989
0.36599833664386416
0.6369075086600069
0.5586403598193013
1.1662913301495124
14.43940250282484
0.5841871398922053
0.7900116000593359
0.6428467741967301
0.9609266575530859
0.5228748677172356
0.6938641527001861
0.5841871398922053
0.5867418178994956
0.378034730019452
0.5356482577536876
0.8470102853504946
0.5535310038047204
0.5923630171345833
0.7187985025519438
0.8915862570819434
0.3539619432682764
0.5663043938411725
0.4021075167706275
0.5458669697828492
0.6339378758916454
0.568859071848463
0.8059622875889709
0.5279842237318163
0.46512325392905085
0.37459576048356974
0.8059622875889709
0.6517556725018149
0.6250289775865606
0.6190897120498374
0.6309682431232837
0.896539142829882
0.5739684278630437
0.7294846524884113
0.8179253032361972
0.6576949380385378
1.2816478216697107
0.821912975118606
0.5586403598193013
0.7700732406472922
0.37459576048356974
0.576523105870334
0.5177655117026547
1.4138932336830632
1.0346513443793237
0.5305389017391068
0.6190897120498374
0.5586403598193013
0.4965429301432477
0.41586339491415647
0.5075467996734931
0.7045503026366536
0.568859071848463
0.40382700153856865
1.172274965866339
0.5535310038047204
0.5714137498557533
0.5203201897099452
0.5953326499029448
0.5254295457245259
0.5228748677172356
0.5611950378265916
0.6428467741967301
0.6666038363436226
0.5867418178994956
0.5126561556880739
0.5841871398922053
0.7508569523613465
0.6279986103549222
0.4211357072291754
1.1784576376206306
0.5611950378265916
0.568859071848463
0.5586403598193013
0.9064449143257596
0.7187985025519438
0.6398771414283684
1.0005497435365958
0.8179253032361972
0.5816324618849148
0.7330467024672339
0.5953326499029448
0.6547253052701764
0.8139376313537885
0.8338759907658321
0.5816324618849148
0.5279842237318163
1.1603076944326856
0.5356482577536876
0.747294902382524
0.5867418178994956
0.6903021027213634
0.5953326499029448
0.5611950378265916
0.5203201897099452
1.487737136122088
0.5739684278630437
1.1603076944326856
