0.7000778114023783
0.7194149614261843
0.7881604424400135
0.982292687528657
0.6602962423973562
0.6465138759601224
1.4427863268571874
0.8105720171371871
0.6492703492475691
0.5752463593189099
0.7161921030888833
0.7419749697872913
0.44753804996744156
1.4035788676497283
0.5913844102111877
0.8802726453345643
0.7732193926418978
0.5020507902445984
1.0089066115792902
0.9246291854189523
0.960114417486463
0.8292483293848318
1.3957373758082363
0.982292687528657
0.7881604424400135
0.5886416340733563
0.6839635197158734
0.6024103033609747
0.30543316468679493
0.6024103033609747
0.6106797232233148
0.5020507902445984
0.26280009475985294
0.5573859929796479
0.9955996495539735
0.6871863780531744
0.6382444560977822
0.7844251799904846
0.6327315095228888
1.3101639500596265
0.6079232499358681
0.960114417486463
0.6547832958224626
0.2653079224026142
0.3066870785081756
1.5133597534306142
0.8255130669353029
0.6354879828103356
0.9068865693851972
0.6134361965107615
0.9246291854189523
0.5439907182252013
0.6685656622596964
0.6272185629479954
0.7033006697396793
0.6775178030412715
0.7806899175409556
0.821777804485774
0.7290835364380872
0.8536587212839312
0.8758369913261254
1.0000353035624123
0.7844251799904846
0.7582783428437819
0.5774789051113176
0.7065235280769804
0.6839635197158734
0.6968549530650774
0.8714013373176864
0.7194149614261843
1.2027081063918326
1.5497933104225
0.31671838907922073
0.6161926697982083
0.618949143085655
0.6382444560977822
1.2216709023332082
0.359011636604767
0.9689857255033407
0.814307279586716
2.5401433698756772
0.7918957048895424
0.27283140533089806
0.5752463593189099
0.5797114509037253
0.31797230290060147
1.1900662424309156
0.5819439966961332
0.6161926697982083
0.5797114509037253
0.6968549530650774
0.6272185629479954
1.2975220860987098
2.416598115652222
0.6547832958224626
0.5819439966961332
0.6968549530650774
0.641000929385229
0.6685656622596964
0.5001710405798688
0.6547832958224626
1.2027081063918326
0.6936320947277764
0.43437980231433465
0.7323063947753882
0.960114417486463
0.8536587212839312
0.7290835364380872
0.35605661200884287
0.8492230672754925
0.6437574026726757
0.8105720171371871
0.35457909971088086
2.26559836049022
0.7161921030888833
0.6024103033609747
0.4077695424375146
0.5685487219416866
0.7732193926418978
0.8447874132670535
0.6839635197158734
0.6106797232233148
0.6382444560977822
0.7657488677428398
0.6106797232233148
0.7387521114499902
0.9157578774020748
0.8536587212839312
0.5551534471872401
0.8447874132670535
0.814307279586716
0.566316176149279
0.7129692447515823
0.5439907182252013
0.8891439533514418
0.6807406613785725
0.5996538300735279
0.5819439966961332
0.6051667766484213
0.7732193926418978
0.29289402647298846
0.9911639955455347
0.6547832958224626
0.48889254259149156
0.6051667766484213
0.6547832958224626
0.7881604424400135
1.0089066115792902
0.6742949447039704
0.36344417349865316
0.7097463864142813
0.5752463593189099
0.48889254259149156
0.7694841301923687
0.7657488677428398
0.814307279586716
0.449417799632171
0.445658300302712
0.6520268225350159
0.7033006697396793
0.762013605293311
0.8536587212839312
0.3678767103925393
0.6106797232233148
0.4644557969500074
0.6272185629479954
0.7956309673390713
0.7769546550914267
0.8536587212839312
0.641000929385229
1.6501839778126246
0.6968549530650774
0.641000929385229
0.7732193926418978
0.7881604424400135
0.8180425420362449
0.6871863780531744
0.762013605293311
0.8105720171371871
0.8404541167334185
0.5913844102111877
0.7582783428437819
0.6024103033609747
0.8580943752923701
0.5841765424885409
0.7161921030888833
1.3354476779814606
0.7918957048895424
0.618949143085655
0.6244620896605486
0.8536587212839312
0.3217340443647434
0.6839635197158734
0.5797114509037253
0.6839635197158734
2.7323248764454973
0.7226378197634853
0.8329835918343608
1.9224170987583995
0.6807406613785725
0.6602962423973562
0.7451978281245921
0.6742949447039704
0.629975036235442
0.629975036235442
1.046906909508137
0.6492703492475691
0.986728341537096
0.6437574026726757
0.7194149614261843
0.6742949447039704
0.6106797232233148
0.6051667766484213
0.9157578774020748
0.8980152613683194
1.2279918343136667
0.6904092363904754
0.5841765424885409
1.0958496835139562
0.6272185629479954
0.6685656622596964
0.4851330432620325
0.29790968175851107
0.4362595519790643
0.6465138759601224
0.6968549530650774
0.6575397691099094
0.7161921030888833
0.6713221355471432
0.6685656622596964
1.303843018079168
0.6575397691099094
0.5941408834986345
0.49453179158568017
0.39594944405381827
0.8292483293848318
0.7097463864142813
0.8180425420362449
0.2615461809384722
0.7844251799904846
1.689053840780761
1.3722129002837606
0.6936320947277764
0.6602962423973562
0.6936320947277764
0.7956309673390713
0.7033006697396793
0.6602962423973562
0.573013813526502
0.8580943752923701
1.3354476779814606
0.573013813526502
0.7484206864618931
0.7387521114499902
0.31295664761507885
0.6327315095228888
0.8536587212839312
0.5596185387720556
0.6437574026726757
0.6968549530650774
1.7988718445349439
0.7844251799904846
0.8802726453345643
0.6217056163731018
0.5886416340733563
1.0414688235074905
0.4588165479558187
0.3398039767312604
0.5039305399093279
0.31671838907922073
0.8367188542838897
0.573013813526502
0.6807406613785725
0.641000929385229
0.6437574026726757
0.6871863780531744
0.6024103033609747
0.7323063947753882
0.6492703492475691
0.8714013373176864
0.7451978281245921
0.8329835918343608
0.8758369913261254
0.8758369913261254
0.7097463864142813
0.39742695635178027
0.6354879828103356
0.8180425420362449
0.564083630356871
0.7657488677428398
0.7732193926418978
0.7355292531126891
0.8329835918343608
0.6079232499358681
0.28787837118746584
0.7097463864142813
0.9290648394273913
0.6051667766484213
0.8714013373176864
0.6904092363904754
0.7956309673390713
0.8105720171371871
1.316484882040085
0.6024103033609747
0.7323063947753882
0.6839635197158734
0.8802726453345643
0.7290835364380872
0.6051667766484213
0.7451978281245921
0.8292483293848318
0.6079232499358681
0.8105720171371871
0.6354879828103356
0.5864090882809487
0.7258606781007862
0.7419749697872913
0.519432714508716
0.7097463864142813
0.6871863780531744
0.5707812677340944
0.7097463864142813
0.7769546550914267
0.5439907182252013
0.6161926697982083
1.0000353035624123
0.7097463864142813
0.618949143085655
0.49453179158568017
0.7694841301923687
0.9556787634780242
0.5841765424885409
0.8980152613683194
0.8068367546876581
0.4122020793314008
0.9290648394273913
0.7419749697872913
0.6936320947277764
0.7355292531126891
0.6775178030412715
0.47009504594419604
0.5752463593189099
0.7844251799904846
0.8367188542838897
0.8536587212839312
0.9468074554611465
0.7355292531126891
0.7582783428437819
0.46821529627946656
0.6244620896605486
0.663052715684803
0.6327315095228888
1.1393543715191292
0.6968549530650774
0.7258606781007862
0.5941408834986345
0.641000929385229
0.6547832958224626
0.7194149614261843
0.7355292531126891
0.6106797232233148
0.6936320947277764
0.6713221355471432
0.6520268225350159
0.8536587212839312
0.9556787634780242
0.47949379426784383
0.6807406613785725
0.7918957048895424
0.564083630356871
0.3204801305433627
0.4151571039273249
0.814307279586716
1.0740973395113702
0.7484206864618931
0.5462232640176091
0.6547832958224626
0.9911639955455347
1.1502305435204225
0.751643544799194
0.4964115412504098
0.5283628976783471
0.7956309673390713
0.9955996495539735
0.7548664031364951
0.7290835364380872
0.814307279586716
0.6968549530650774
0.5996538300735279
0.44189880097325285
0.7657488677428398
0.6807406613785725
1.0686592535107233
1.101287769514603
0.8329835918343608
0.8669656833092476
1.0089066115792902
1.209029038372291
0.7065235280769804
0.5996538300735279
0.8329835918343608
1.0251545655055505
0.7881604424400135
0.6936320947277764
0.301671423222653
0.573013813526502
1.2216709023332082
0.6871863780531744
0.7694841301923687
0.7881604424400135
0.7097463864142813
0.3368489521353362
0.6742949447039704
0.5216652603011238
0.5752463593189099
0.42874055332014605
0.6106797232233148
0.6382444560977822
1.155668629521069
1.0089066115792902
0.641000929385229
0.7657488677428398
0.6968549530650774
0.5350605350555703
0.6217056163731018
1.1665448015223623
0.5941408834986345
0.2828627159019433
0.762013605293311
0.7000778114023783
0.6161926697982083
0.6217056163731018
1.101287769514603
0.6272185629479954
0.7161921030888833
1.259596494215959
1.0523449955087836
0.6492703492475691
0.6602962423973562
2.0871441043896737
0.3383264644332983
1.1900662424309156
0.6936320947277764
0.5996538300735279
0.4588165479558187
0.7484206864618931
0.5484558098100168
2.2930528614287664
0.618949143085655
0.7161921030888833
0.6492703492475691
0.6575397691099094
0.8891439533514418
0.4719747956089256
0.821777804485774
0.5462232640176091
0.7226378197634853
0.2891322850088465
0.6968549530650774
0.6161926697982083
0.6658091889722497
0.8068367546876581
0.6244620896605486
1.234312766294125
0.6713221355471432
0.7065235280769804
1.155668629521069
0.7323063947753882
0.5685487219416866
1.5133597534306142
0.6161926697982083
0.6382444560977822
1.0795354255120166
0.6465138759601224
0.4122020793314008
0.6602962423973562
0.37378675958438756
0.6575397691099094
0.5819439966961332
0.6685656622596964
0.6327315095228888
0.6807406613785725
0.7806899175409556
0.5774789051113176
0.5797114509037253
0.7290835364380872
0.42686080365541645
0.6492703492475691
0.8031014922381292
0.7548664031364951
0.45693679829108924
0.6713221355471432
1.2785592901573344
0.6936320947277764
0.7161921030888833
1.046906909508137
1.0000353035624123
0.29540185411574976
1.0795354255120166
0.6936320947277764
0.47009504594419604
0.8031014922381292
