670.0
685.0
701.0
693.0
654.0
751.0
665.0
685.0
698.0
728.0
758.0
709.0
690.0
668.0
690.0
686.0
701.0
755.0
751.0
714.0
666.0
621.0
724.0
620.0
647.0
686.0
735.0
776.0
707.0
690.0
674.0
740.0
785.0
817.0
665.0
703.0
594.0
789.0
758.0
695.0
677.0
754.0
684.0
745.0
676.0
710.0
722.0
816.0
720.0
699.0
682.0
696.0
692.0
701.0
703.0
722.0
728.0
701.0
697.0
693.0
695.0
710.0
650.0
722.0
768.0
734.0
680.0
724.0
673.0
759.0
681.0
661.0
781.0
710.0
678.0
773.0
706.0
761.0
757.0
669.0
727.0
687.0
677.0
702.0
672.0
832.0
812.0
693.0
718.0
1038.0
717.0
729.0
662.0
697.0
821.0
764.0
703.0
718.0
730.0
679.0
717.0
721.0
664.0
707.0
754.0
673.0
698.0
685.0
740.0
683.0
697.0
674.0
757.0
934.0
669.0
669.0
626.0
725.0
717.0
790.0
698.0
788.0
681.0
852.0
721.0
783.0
670.0
788.0
754.0
727.0
713.0
680.0
672.0
723.0
758.0
649.0
733.0
708.0
758.0
678.0
687.0
712.0
672.0
701.0
674.0
690.0
818.0
699.0
698.0
662.0
734.0
720.0
634.0
673.0
666.0
724.0
678.0
605.0
632.0
712.0
685.0
673.0
775.0
753.0
658.0
670.0
707.0
774.0
741.0
712.0
692.0
727.0
683.0
705.0
809.0
686.0
686.0
719.0
718.0
731.0
682.0
692.0
718.0
714.0
717.0
658.0
657.0
714.0
648.0
694.0
686.0
853.0
625.0
682.0
691.0
673.0
842.0
708.0
679.0
709.0
654.0
697.0
698.0
746.0
746.0
690.0
694.0
705.0
679.0
677.0
681.0
683.0
693.0
717.0
599.0
692.0
618.0
696.0
724.0
703.0
808.0
702.0
702.0
690.0
746.0
699.0
756.0
697.0
726.0
693.0
728.0
769.0
782.0
685.0
675.0
891.0
697.0
757.0
648.0
705.0
674.0
650.0
695.0
674.0
866.0
757.0
654.0
675.0
734.0
714.0
787.0
685.0
726.0
669.0
682.0
751.0
693.0
756.0
682.0
672.0
712.0
794.0
701.0
774.0
688.0
741.0
761.0
677.0
717.0
676.0
817.0
745.0
680.0
700.0
707.0
632.0
757.0
749.0
683.0
712.0
683.0
742.0
709.0
785.0
676.0
653.0
794.0
677.0
730.0
690.0
675.0
674.0
693.0
675.0
729.0
703.0
678.0
684.0
705.0
692.0
705.0
759.0
741.0
705.0
710.0
674.0
656.0
675.0
702.0
702.0
694.0
676.0
866.0
680.0
794.0
693.0
714.0
661.0
753.0
660.0
740.0
672.0
704.0
736.0
686.0
755.0
598.0
804.0
688.0
738.0
669.0
695.0
970.0
718.0
670.0
720.0
679.0
765.0
937.0
818.0
692.0
693.0
677.0
699.0
727.0
656.0
750.0
757.0
681.0
670.0
721.0
683.0
633.0
692.0
700.0
866.0
669.0
682.0
722.0
705.0
692.0
672.0
766.0
690.0
691.0
752.0
694.0
632.0
687.0
684.0
713.0
705.0
767.0
635.0
734.0
666.0
729.0
685.0
746.0
616.0
657.0
686.0
724.0
781.0
705.0
729.0
682.0
689.0
720.0
604.0
669.0
674.0
716.0
669.0
697.0
636.0
681.0
802.0
673.0
694.0
658.0
650.0
732.0
672.0
669.0
749.0
668.0
750.0
716.0
666.0
708.0
707.0
672.0
738.0
676.0
753.0
690.0
687.0
708.0
733.0
724.0
713.0
684.0
844.0
669.0
690.0
688.0
695.0
676.0
717.0
669.0
682.0
678.0
714.0
756.0
630.0
670.0
667.0
738.0
685.0
672.0
667.0
632.0
756.0
755.0
733.0
698.0
681.0
681.0
642.0
746.0
718.0
711.0
793.0
693.0
746.0
762.0
652.0
701.0
749.0
700.0
717.0
696.0
698.0
656.0
712.0
701.0
621.0
637.0
732.0
625.0
704.0
694.0
699.0
672.0
670.0
660.0
677.0
680.0
649.0
710.0
667.0
766.0
688.0
