717.0
877.0
795.0
713.0
725.0
705.0
792.0
706.0
710.0
748.0
739.0
730.0
692.0
687.0
693.0
778.0
705.0
724.0
776.0
672.0
657.0
740.0
711.0
619.0
774.0
675.0
728.0
736.0
798.0
722.0
706.0
822.0
707.0
720.0
657.0
702.0
746.0
732.0
848.0
666.0
743.0
593.0
715.0
697.0
692.0
808.0
680.0
679.0
674.0
740.0
725.0
682.0
701.0
714.0
898.0
688.0
699.0
670.0
713.0
693.0
838.0
726.0
680.0
842.0
662.0
772.0
699.0
710.0
625.0
686.0
808.0
698.0
695.0
728.0
644.0
708.0
744.0
678.0
683.0
708.0
694.0
861.0
693.0
677.0
774.0
776.0
628.0
735.0
672.0
652.0
800.0
781.0
686.0
675.0
759.0
740.0
654.0
682.0
797.0
714.0
870.0
594.0
724.0
796.0
795.0
662.0
712.0
862.0
754.0
682.0
660.0
677.0
667.0
703.0
686.0
702.0
678.0
715.0
718.0
700.0
756.0
725.0
685.0
702.0
704.0
740.0
716.0
711.0
763.0
607.0
698.0
793.0
874.0
684.0
721.0
726.0
716.0
735.0
764.0
692.0
757.0
603.0
710.0
820.0
726.0
701.0
668.0
750.0
716.0
676.0
770.0
772.0
694.0
724.0
851.0
610.0
706.0
689.0
691.0
605.0
734.0
628.0
610.0
770.0
704.0
781.0
739.0
640.0
692.0
723.0
674.0
750.0
710.0
594.0
723.0
706.0
690.0
688.0
721.0
713.0
683.0
589.0
670.0
700.0
667.0
685.0
749.0
794.0
752.0
762.0
704.0
740.0
710.0
966.0
690.0
690.0
724.0
702.0
733.0
694.0
745.0
598.0
719.0
677.0
739.0
775.0
672.0
608.0
677.0
822.0
654.0
667.0
692.0
653.0
715.0
673.0
736.0
706.0
708.0
789.0
706.0
792.0
652.0
790.0
665.0
715.0
718.0
689.0
678.0
690.0
730.0
642.0
661.0
626.0
693.0
690.0
644.0
743.0
702.0
741.0
732.0
706.0
756.0
720.0
715.0
848.0
735.0
681.0
687.0
628.0
653.0
699.0
837.0
698.0
725.0
709.0
756.0
1012.0
728.0
681.0
682.0
722.0
682.0
734.0
705.0
821.0
620.0
725.0
742.0
703.0
672.0
690.0
680.0
683.0
717.0
711.0
710.0
702.0
701.0
676.0
636.0
687.0
800.0
715.0
661.0
702.0
699.0
851.0
795.0
644.0
734.0
588.0
779.0
686.0
680.0
803.0
672.0
698.0
700.0
747.0
729.0
670.0
741.0
709.0
772.0
636.0
785.0
783.0
777.0
650.0
643.0
752.0
714.0
747.0
717.0
771.0
757.0
725.0
796.0
648.0
721.0
653.0
735.0
589.0
689.0
689.0
668.0
732.0
677.0
720.0
868.0
805.0
605.0
691.0
621.0
698.0
682.0
688.0
685.0
802.0
692.0
737.0
731.0
678.0
801.0
771.0
689.0
702.0
773.0
599.0
677.0
737.0
900.0
653.0
675.0
701.0
739.0
720.0
696.0
729.0
681.0
757.0
693.0
782.0
746.0
747.0
807.0
676.0
723.0
738.0
718.0
678.0
750.0
675.0
715.0
701.0
640.0
701.0
670.0
787.0
595.0
665.0
778.0
677.0
809.0
681.0
699.0
920.0
749.0
690.0
659.0
649.0
798.0
777.0
622.0
823.0
770.0
694.0
699.0
827.0
676.0
740.0
717.0
698.0
701.0
885.0
592.0
694.0
717.0
681.0
920.0
698.0
723.0
706.0
618.0
813.0
713.0
749.0
666.0
666.0
697.0
688.0
750.0
716.0
818.0
719.0
730.0
899.0
699.0
703.0
707.0
682.0
804.0
696.0
683.0
592.0
658.0
730.0
745.0
708.0
709.0
694.0
736.0
708.0
757.0
632.0
702.0
658.0
705.0
757.0
706.0
694.0
687.0
713.0
692.0
711.0
641.0
718.0
718.0
691.0
754.0
675.0
653.0
707.0
685.0
726.0
731.0
708.0
706.0
675.0
829.0
693.0
739.0
708.0
635.0
736.0
685.0
701.0
946.0
718.0
