0.5534916410461838
0.9276316194897039
0.5786712817647466
1.0591361397087458
0.601166078868762
1.335113578396705
0.38834765725594683
0.6073725358680688
0.8549374984186912
0.3058550528383092
0.7914097753361785
0.840492484762577
0.625991906865989
0.8323120331915105
0.7240460891473738
0.5685994254773215
0.6384048208646025
0.7480950856152048
0.799590226907245
0.675948096211712
0.6477145063635625
0.5837072099084591
0.7832293237651121
0.6632306488618295
1.1324920868453097
1.6524152180071896
1.46029444550984
0.8597837731567587
0.5862251739803155
0.7515306565391805
1.486047704916883
0.6415080493642559
0.6166822213670289
0.5811892458366028
0.5635634973336089
0.5786712817647466
0.7343528019193013
0.7480950856152048
1.907271810646481
0.3236114656185915
0.5257940362557646
0.6446112778639093
0.5358658925431896
0.6570241918625227
0.8500912236806235
0.5509736769743274
0.799590226907245
0.5106862518246268
0.9615555426561766
0.7103038054514704
0.7206105182233979
0.8791688721090286
1.0407971529246047
0.7914097753361785
0.5635634973336089
0.675948096211712
0.6321983638652958
1.8342329871418386
0.5949596218694553
1.034684157329891
0.7377883728432771
0.6632306488618295
1.232759064374423
0.6073725358680688
0.8937076963232313
0.33453848886799603
0.5949596218694553
0.5610455332617525
0.8118609042638445
0.7832293237651121
0.8840151468470963
1.2135675929952454
0.7791390979795789
0.7034326636035186
1.0102321749510363
0.6446112778639093
0.5434197847587585
0.7480950856152048
0.5949596218694553
0.7377883728432771
0.41547691050825425
1.0102321749510363
0.6228886783663357
0.9130927952755015
0.6539209633628693
0.8452449489425561
0.675948096211712
0.8036804526927782
0.8077706784783113
5.305735994863703
0.741223943767253
0.5980628503691087
0.8549374984186912
0.5034498656884859
0.44425286704886247
0.6862548089836394
0.6539209633628693
0.7068682345274946
0.7240460891473738
0.7309172309953256
0.7240460891473738
0.6862548089836394
0.4036078622103697
0.6042693073684154
0.7171749472994221
0.7549662274631563
0.9130927952755015
0.6793836671356878
0.7206105182233979
0.8118609042638445
0.3510449340340242
0.55600960511804
0.6828192380596636
0.349349355705755
0.625991906865989
0.7240460891473738
0.8840151468470963
0.48569076609659884
0.6694371058611361
0.6446112778639093
0.5358658925431896
0.9227853447516364
0.820041355834911
0.6539209633628693
0.820041355834911
0.6415080493642559
0.5887531648701485
0.6197854498666823
0.5106862518246268
0.6135789928673755
0.8159511300493778
1.4517100257074924
1.0469101485193182
0.6073725358680688
0.741223943767253
0.6931259508315912
0.675948096211712
1.1691700604135915
0.6570241918625227
0.6694371058611361
0.3527405123622934
0.7137393763754464
0.7103038054514704
0.538383856615046
0.8077706784783113
0.7171749472994221
0.5837072099084591
0.5862251739803155
0.675948096211712
0.7750488721940456
0.573635353621034
0.7343528019193013
0.6415080493642559
0.5980628503691087
0.601166078868762
0.6290951353656423
0.5761533176928902
0.5862251739803155
0.6570241918625227
0.5685994254773215
0.5837072099084591
0.8549374984186912
0.6228886783663357
0.8077706784783113
0.6415080493642559
0.4383331671849001
0.7343528019193013
0.5918563933698019
0.6384048208646025
0.5660814614054651
0.49358369924854867
0.5434197847587585
0.6663338773614828
0.46398519992873694
0.5786712817647466
0.6632306488618295
0.7034326636035186
0.7914097753361785
0.6725403343607895
0.5918563933698019
1.0652491353034592
0.9324778942277715
0.7206105182233979
0.6415080493642559
2.0387416929548374
0.6896903799076154
0.6384048208646025
2.214034869365979
0.6477145063635625
0.6197854498666823
2.5938367515901177
0.6073725358680688
0.5887531648701485
0.696561521755567
0.741223943767253
0.5610455332617525
2.2870736928706217
0.5711173895491778
0.6197854498666823
0.6415080493642559
0.5283120003276208
0.5283120003276208
0.6353015923649492
0.5610455332617525
0.573635353621034
0.5308299643994772
0.4541190334887997
0.6725403343607895
0.7955000011217117
0.8323120331915105
0.6446112778639093
0.6663338773614828
1.0835881220876005
0.5685994254773215
0.8282218074059773
0.6601274203621761
0.696561521755567
0.6073725358680688
0.6828192380596636
0.9906331910845818
0.7377883728432771
0.6539209633628693
0.8549374984186912
0.799590226907245
0.5786712817647466
0.7343528019193013
0.6197854498666823
0.8036804526927782
0.7627781948374461
1.7611941636371962
0.5509736769743274
0.8452449489425561
0.5409018206869023
0.38834765725594683
0.8036804526927782
0.7832293237651121
0.6290951353656423
0.5837072099084591
0.5660814614054651
0.7627781948374461
0.5711173895491778
1.0469101485193182
1.232759064374423
0.6042693073684154
0.8282218074059773
0.7206105182233979
1.034684157329891
0.49358369924854867
1.01634517054575
0.5811892458366028
0.35443609069056264
3.0905007514216862
0.5761533176928902
0.6694371058611361
0.7668684206229793
0.5635634973336089
0.799590226907245
0.6663338773614828
0.6228886783663357
0.6663338773614828
0.6663338773614828
0.6931259508315912
0.675948096211712
0.5232760721839083
0.7103038054514704
0.6570241918625227
0.424520534168988
0.5232760721839083
0.7343528019193013
0.7103038054514704
0.6353015923649492
0.6601274203621761
0.675948096211712
0.5056503236809142
0.5980628503691087
0.6042693073684154
0.625991906865989
0.6290951353656423
0.6042693073684154
1.494632124719231
0.6694371058611361
1.5532102612743441
0.4995033991125109
0.5918563933698019
0.538383856615046
0.840492484762577
0.5014766324004983
0.799590226907245
0.6384048208646025
0.8937076963232313
0.48569076609659884
0.6104757643677221
0.5257940362557646
0.6166822213670289
0.6725403343607895
0.7137393763754464
0.5635634973336089
0.8118609042638445
0.947016718441974
0.32224558771241596
0.6539209633628693
1.2263619072480305
0.9421704437039066
0.6862548089836394
0.6415080493642559
0.6570241918625227
0.55600960511804
0.6321983638652958
1.053023144114032
0.460038733352762
0.6828192380596636
0.32224558771241596
0.7832293237651121
0.43635993389691263
1.053023144114032
0.5786712817647466
0.7377883728432771
0.6508177348632159
0.5949596218694553
0.820041355834911
1.3031277927647418
0.6828192380596636
0.5786712817647466
0.6570241918625227
0.7791390979795789
0.5685994254773215
0.41378133217998503
0.6197854498666823
0.8549374984186912
0.7627781948374461
0.8791688721090286
1.053023144114032
0.3747830306297932
0.9179390700135689
0.9082465205374337
0.6632306488618295
1.2071704358688526
0.7955000011217117
0.8282218074059773
0.8452449489425561
0.5711173895491778
0.6570241918625227
0.5862251739803155
0.7709586464085124
0.7377883728432771
0.6862548089836394
0.6793836671356878
0.7343528019193013
1.6606822977349267
0.8159511300493778
0.9615555426561766
1.1447180780347368
0.966401817394244
0.31131856446301154
0.6197854498666823
0.6694371058611361
0.6570241918625227
0.6415080493642559
0.48569076609659884
0.7515306565391805
0.7274816600713496
0.6446112778639093
0.5918563933698019
1.1141531000611684
0.5283120003276208
0.6290951353656423
1.0285711617351774
0.40191228388210054
0.7034326636035186
0.7549662274631563
0.6042693073684154
0.5207581081120519
0.5887531648701485
0.7137393763754464
0.573635353621034
0.8888614215851637
0.5207581081120519
0.7586879690519129
0.5610455332617525
5.305735994863703
0.6384048208646025
0.840492484762577
0.5660814614054651
0.6321983638652958
0.5837072099084591
0.3934343922407545
0.3764786089580624
1.0958141132770276
0.5257940362557646
0.6632306488618295
0.696561521755567
0.5534916410461838
0.5585275691898963
0.8118609042638445
0.9421704437039066
0.6663338773614828
0.5980628503691087
0.6570241918625227
0.6073725358680688
0.947016718441974
0.6290951353656423
0.5685994254773215
0.6601274203621761
0.6896903799076154
0.7274816600713496
0.5786712817647466
0.6725403343607895
0.6570241918625227
0.573635353621034
0.6321983638652958
0.5862251739803155
0.5837072099084591
1.688155340132554
0.5635634973336089
0.7586879690519129
0.44622610033684984
0.5887531648701485
0.7274816600713496
0.5308299643994772
0.5509736769743274
0.5949596218694553
0.3331726109618204
0.3331726109618204
0.7791390979795789
0.5786712817647466
0.8323120331915105
0.6415080493642559
0.6353015923649492
0.5711173895491778
0.7446595146912289
0.5459377488306149
0.7206105182233979
0.5509736769743274
0.6197854498666823
0.5837072099084591
0.7068682345274946
0.7668684206229793
0.349349355705755
0.5761533176928902
0.7750488721940456
0.6632306488618295
0.5711173895491778
0.6539209633628693
0.6862548089836394
0.9615555426561766
0.5610455332617525
0.675948096211712
0.6415080493642559
0.4620119666407495
0.6999970926795429
0.6539209633628693
0.6166822213670289
0.6353015923649492
0.7103038054514704
0.5980628503691087
0.6446112778639093
0.7668684206229793
0.7832293237651121
0.7103038054514704
0.6477145063635625
0.7206105182233979
1.46029444550984
2.944423104412402
1.1569440692241642
0.6862548089836394
1.0407971529246047
0.7515306565391805
0.6632306488618295
0.7668684206229793
0.7832293237651121
0.6828192380596636
0.5207581081120519
0.5610455332617525
0.44622610033684984
1.1263790912505958
0.8241315816204441
0.6042693073684154
0.8118609042638445
0.6042693073684154
0.6931259508315912
0.7515306565391805
0.799590226907245
0.6104757643677221
0.7750488721940456
0.6663338773614828
0.5610455332617525
0.9179390700135689
0.675948096211712
0.5232760721839083
0.5918563933698019
1.4774632851145355
0.6999970926795429
0.5409018206869023
1.3744502474863631
1.053023144114032
0.7103038054514704
0.9130927952755015
0.5949596218694553
0.5434197847587585
0.7240460891473738
0.573635353621034
0.8118609042638445
0.6601274203621761
0.6353015923649492
0.5509736769743274
0.7343528019193013
0.7034326636035186
0.3849565005994084
