0.6548681382933118
1.0765327082997138
0.7758978477399936
1.1668935019235902
0.7489536202729226
0.7676243602830334
0.7357511084989823
0.6397422390127364
0.7522542482164076
0.686241689346706
0.725849224668527
1.6566913739927793
1.224833685932695
0.4652139414404166
0.657893318149427
0.6125156203077005
0.7965815663823941
0.3876789264417674
0.9532990228153041
0.6094904404515854
0.6276415195882761
0.7225485967250419
0.597389721027125
0.6276415195882761
0.597389721027125
0.3696070374009391
0.8338122599387149
0.5633585612780145
0.9625560398763937
0.860728852204407
0.7456529923294376
0.5943645411710099
0.6928429452336762
0.6518429584371968
1.0426474106907602
0.8468433266127724
0.5508474038843818
0.686241689346706
0.8514718351433173
0.9394134972236693
0.5158161631822097
0.9486705142847591
0.6246163397321609
0.686241689346706
0.6895423172901911
0.6763398055162508
0.9625560398763937
0.8338122599387149
0.7126467128945867
0.6397422390127364
0.6276415195882761
0.7924448226539139
0.5808741816291006
0.5783719501503741
0.7093460849511016
0.7357511084989823
0.39753632046403736
0.3926076234529024
0.5583540983205615
1.2115462617386314
0.9347849886931244
1.3244893673881686
0.7717611040115134
0.6928429452336762
0.7456529923294376
0.7093460849511016
0.6457925987249666
0.6669688577177724
0.8746143777960416
0.6548681382933118
0.6367170591566214
0.7192479687815567
1.1783277012534736
0.6306666994443911
0.860728852204407
0.5034992221687927
0.7593508728260732
0.7423523643859524
0.6336918793005062
0.36467834038980407
1.0708851586982213
0.6699940375738874
1.020057212284791
1.2314773980297264
0.3761786334157857
0.7093460849511016
0.5913393613148947
1.2049025496416
0.7159473408380717
0.6763398055162508
2.1717146092755324
0.6276415195882761
0.8007183101108742
0.38439312843434403
0.6928429452336762
0.6669688577177724
0.7841713351969538
0.6730391775727658
0.5783719501503741
0.6215911598760459
0.6457925987249666
0.5943645411710099
0.6034400807393553
1.4103827911919322
0.7456529923294376
1.352411348552838
0.42054778059064424
0.860728852204407
0.6548681382933118
0.6961435731771614
0.7717611040115134
0.7126467128945867
0.8007183101108742
0.981070073998573
1.0144096626832986
0.6639436778616572
1.2646959585148843
0.7093460849511016
0.8468433266127724
0.6397422390127364
0.6125156203077005
0.6004149008832401
0.7883080789254339
0.5233228576183895
0.7060454570076165
0.682941061403221
1.4352276951801155
0.7965815663823941
0.8338122599387149
0.5658607927567413
0.8338122599387149
0.657893318149427
0.6796404334597359
0.8977569204487658
0.6094904404515854
0.5808741816291006
1.3938195218664766
0.7800345914684738
1.2912708069030108
0.9949555995902076
0.6796404334597359
0.7841713351969538
1.191615125447537
0.660918498005542
0.4481982611166938
0.9995841081207524
0.7758978477399936
1.1273606547131443
0.6961435731771614
1.3606929832155659
0.8338122599387149
0.3728928354083624
0.6185659800199307
0.7357511084989823
0.7593508728260732
0.6094904404515854
0.7225485967250419
0.6730391775727658
0.48010266172367405
0.7060454570076165
1.059590059495237
0.5883808760652806
0.6763398055162508
0.4737217816022779
0.7126467128945867
0.5913393613148947
0.92089946310149
0.860728852204407
0.7883080789254339
0.48648354184507
0.6994442011206463
0.8977569204487658
0.5683630242354677
0.7093460849511016
1.3689746178782933
0.8131285412963144
0.5458429409269286
0.8089917975678342
0.6763398055162508
0.8296755162102348
0.6457925987249666
0.8422148180822275
0.7489536202729226
0.5783719501503741
0.6895423172901911
0.9625560398763937
0.6796404334597359
1.1047704563071752
0.6397422390127364
0.8468433266127724
0.7159473408380717
0.9718130569374833
0.5808741816291006
0.4694678615213472
0.4123224114974423
0.8468433266127724
0.7093460849511016
0.7593508728260732
0.7225485967250419
1.0821802579012063
0.8977569204487658
0.7593508728260732
0.8007183101108742
0.6427674188688516
0.9162709545709451
0.7489536202729226
0.7758978477399936
0.7390517364424674
0.7126467128945867
0.725849224668527
0.6548681382933118
0.7522542482164076
0.682941061403221
0.597389721027125
0.6488177785810817
0.7883080789254339
1.121713105111652
0.4673409014808818
0.8379490036671949
1.0257047618862831
0.597389721027125
0.6994442011206463
0.8131285412963144
0.36303544138609245
0.6276415195882761
0.6336918793005062
0.6928429452336762
0.6306666994443911
0.4123224114974423
1.3444205036792634
1.1160655555101597
0.7758978477399936
0.729149852612012
0.5808741816291006
0.9486705142847591
0.6730391775727658
0.7489536202729226
0.6397422390127364
0.6215911598760459
0.9440420057542143
0.8338122599387149
0.7093460849511016
0.8255387724817548
1.0313523114877756
0.389321825445479
0.7555548761598927
0.6427674188688516
1.1725410515250827
0.657893318149427
0.8514718351433173
0.682941061403221
0.6397422390127364
0.860728852204407
0.4248017006715749
0.9718130569374833
0.7357511084989823
0.7390517364424674
0.6763398055162508
0.7357511084989823
0.8514718351433173
0.6548681382933118
0.7717611040115134
0.8338122599387149
0.7965815663823941
0.9486705142847591
1.0539425098937447
0.573367487192921
0.682941061403221
0.92089946310149
0.7225485967250419
0.5833764131078273
0.725849224668527
0.729149852612012
0.6185659800199307
0.3597496433786691
0.686241689346706
0.7965815663823941
0.6548681382933118
0.725849224668527
0.6457925987249666
0.6763398055162508
1.1783277012534736
0.6306666994443911
0.6457925987249666
0.7093460849511016
0.5883808760652806
0.6796404334597359
0.7841713351969538
0.6895423172901911
1.0878278075026984
0.7390517364424674
0.413965310501154
0.5508474038843818
0.6276415195882761
0.660918498005542
0.6367170591566214
0.5758697186716476
0.7390517364424674
0.7324504805554972
0.7522542482164076
0.8838713948571313
0.6763398055162508
0.6548681382933118
0.7060454570076165
0.6034400807393553
0.6246163397321609
0.6246163397321609
0.6639436778616572
0.4737217816022779
0.7423523643859524
0.8007183101108742
0.6669688577177724
0.7159473408380717
0.6699940375738874
0.8131285412963144
1.0482949602922524
0.6699940375738874
0.9023854289793106
1.0313523114877756
0.6185659800199307
0.7093460849511016
0.7593508728260732
1.0482949602922524
0.6125156203077005
0.45883306131902046
0.394250522456614
0.5383362464907488
0.7324504805554972
0.7060454570076165
0.7593508728260732
0.5883808760652806
0.7489536202729226
0.660918498005542
0.43969042095483235
0.682941061403221
0.6034400807393553
0.6796404334597359
0.6004149008832401
0.6125156203077005
0.8214020287532746
0.7676243602830334
0.6457925987249666
0.5858786445865538
0.5833764131078273
0.4652139414404166
0.7593508728260732
0.8296755162102348
1.385537887203749
0.597389721027125
0.6961435731771614
0.729149852612012
0.7593508728260732
0.6961435731771614
0.657893318149427
0.6928429452336762
0.6488177785810817
0.5883808760652806
0.9579275313458488
0.6518429584371968
0.6895423172901911
0.6367170591566214
0.725849224668527
1.2447648222237895
0.6215911598760459
0.6306666994443911
0.5233228576183895
0.6961435731771614
0.6763398055162508
0.5943645411710099
0.657893318149427
0.8007183101108742
0.657893318149427
0.860728852204407
1.3689746178782933
0.9903270910596628
0.7390517364424674
0.5943645411710099
0.660918498005542
0.543340709448202
0.7126467128945867
0.9440420057542143
0.8214020287532746
0.3876789264417674
0.6246163397321609
0.6895423172901911
0.686241689346706
0.686241689346706
0.8089917975678342
0.8653573607349518
0.6730391775727658
0.5633585612780145
0.7965815663823941
0.860728852204407
0.7324504805554972
1.1160655555101597
0.6336918793005062
0.92089946310149
0.9579275313458488
0.6094904404515854
0.49924530208786205
0.8048550538393543
0.7717611040115134
1.385537887203749
0.5683630242354677
0.38110733042692074
0.5913393613148947
0.6763398055162508
0.686241689346706
0.6518429584371968
0.6004149008832401
0.8468433266127724
0.9440420057542143
0.8007183101108742
0.7324504805554972
0.8422148180822275
0.5808741816291006
1.4021011565292045
0.9070139375098554
1.7410737106960812
0.660918498005542
0.7126467128945867
0.9347849886931244
0.8089917975678342
0.48010266172367405
0.657893318149427
0.5158161631822097
1.4600725991682986
1.2115462617386314
0.6518429584371968
0.6215911598760459
0.6895423172901911
0.8468433266127724
0.4843565818046046
0.6928429452336762
0.48222962176413936
0.6730391775727658
1.065237609096729
0.5858786445865538
0.6457925987249666
0.7093460849511016
0.686241689346706
0.597389721027125
0.660918498005542
0.7489536202729226
0.7357511084989823
0.4907374619260007
0.5283273205758425
0.6895423172901911
0.6730391775727658
1.0257047618862831
0.6928429452336762
0.9347849886931244
0.6639436778616572
0.6457925987249666
0.8007183101108742
0.9718130569374833
3.29693760233797
0.6763398055162508
0.6699940375738874
0.7800345914684738
1.3112019431941055
0.6457925987249666
0.729149852612012
0.7126467128945867
0.6064652605954703
0.6961435731771614
0.6639436778616572
0.7324504805554972
0.6730391775727658
0.6457925987249666
0.6669688577177724
0.6125156203077005
0.5658607927567413
0.5158161631822097
0.7717611040115134
0.6034400807393553
0.9625560398763937
0.9347849886931244
1.4931991378192098
0.7883080789254339
