0.6534604889112268
0.4310770530595213
0.7889385482861573
0.6534604889112268
0.6131321967681062
0.6472561362738235
0.6829309170027594
0.6596648415486298
0.5482437930783511
0.6007234914932997
0.5589435386254249
0.3348306515384398
0.7725207835228582
0.6472561362738235
0.7684163423320333
0.5749931569460356
0.6627670178673316
0.606927844130703
0.6596648415486298
0.5589435386254249
0.6348474309990172
0.5976213151745982
1.1975602554900342
0.9979056213514065
0.8094607542402812
0.6865938089888223
0.6627670178673316
0.715896944877324
0.5830179661063409
0.9828743434246862
0.41486443285284386
0.7049082689191359
0.6038256678120014
0.730548512821575
0.6286430783616141
0.8776553979376444
0.6348474309990172
0.5945191388558966
0.5455688566915826
0.5161445564371299
0.6038256678120014
1.267907390579955
0.8381918425760547
0.7012453769330731
0.6131321967681062
0.6007234914932997
1.152458526139409
0.7602074599503837
0.44199062689808877
0.5803430297195724
0.644153959955122
0.932770083668952
0.6720735468234362
0.6348474309990172
1.1041945376171707
0.6565626652299282
0.6348474309990172
0.8425824161086305
0.7807296659045077
0.8475928420842039
0.6902567009748849
0.6286430783616141
0.5241693655974351
0.5348691111445089
0.6975824849470104
0.6503583125925252
0.6565626652299282
0.6658691941860331
0.5509187294651197
0.7232227288494495
0.730548512821575
0.7848341070953324
0.8094607542402812
0.5642934113989618
0.8425824161086305
0.6286430783616141
0.8381918425760547
0.7085711609051986
0.5749931569460356
0.7452000807658259
1.140392529008849
0.6100300204494046
0.5976213151745982
0.9728534914735394
0.5945191388558966
0.7195598368633868
0.6472561362738235
0.9027075278155114
0.7012453769330731
0.6379496073177188
1.0860955419213312
0.4041442289012823
0.4463560564335157
0.5535936658518881
1.267907390579955
0.6100300204494046
1.013699559137974
0.5749931569460356
0.5402189839180458
0.5669683477857304
0.5803430297195724
0.6379496073177188
0.5482437930783511
0.5976213151745982
0.5723182205592672
0.6865938089888223
0.5268443019842035
0.6503583125925252
0.591416962537195
0.6689713705047347
0.5616184750121933
0.418437834170031
0.7971474306678068
0.715896944877324
0.529519238370972
0.6317452546803156
0.6829309170027594
0.8176696366219307
0.6193365494055093
0.6100300204494046
0.6596648415486298
0.6038256678120014
0.5321941747577404
0.7930429894769822
0.5642934113989618
0.7232227288494495
0.6193365494055093
0.6902567009748849
0.6255409020429125
0.5535936658518881
0.5268443019842035
0.8258785190035804
0.591416962537195
0.6162343730868076
0.5509187294651197
0.5482437930783511
0.7452000807658259
0.6410517836364203
0.6503583125925252
0.8176696366219307
0.5883678388798778
0.7971474306678068
0.730548512821575
0.5134696200503615
0.5161445564371299
0.622438725724211
0.6379496073177188
1.574023359299111
0.6286430783616141
0.5856929024931093
0.5669683477857304
0.529519238370972
0.6348474309990172
0.5268443019842035
0.591416962537195
2.874560232897
0.715896944877324
0.7561887567240141
0.6720735468234362
0.40771763021846946
0.5830179661063409
0.310223078388698
0.5830179661063409
0.5749931569460356
0.6038256678120014
0.7415371887797632
0.6565626652299282
0.2986430439652901
1.2468032500529787
0.4769140631815043
1.2256991095260026
0.48782763702007165
0.5945191388558966
0.5161445564371299
0.8176696366219307
0.5455688566915826
0.6193365494055093
1.140392529008849
0.7766252247136829
2.3314587406201865
0.5976213151745982
0.5830179661063409
0.6317452546803156
0.7602074599503837
0.591416962537195
0.6503583125925252
1.4405881293178724
0.7342114048076377
0.424528908756381
0.5402189839180458
1.0378315533990932
0.7122340528912613
0.6162343730868076
0.577668093332804
0.8576136940353507
0.9678430654979661
0.4921930665554986
0.577668093332804
0.7122340528912613
0.6131321967681062
0.5945191388558966
0.4463560564335157
0.606927844130703
0.5348691111445089
0.5482437930783511
1.0257655562685335
0.9578222135468191
0.7452000807658259
0.9928951953758332
0.622438725724211
0.5428939203048142
0.30588056547992004
0.622438725724211
0.9277596576933784
0.8526032680597773
0.4223461939886676
0.5482437930783511
0.715896944877324
0.6720735468234362
0.83408740138523
0.5161445564371299
0.5562686022386565
0.6193365494055093
0.5696432841724988
2.6690623709544226
0.41129103153565666
0.7807296659045077
0.6658691941860331
0.32759313002380985
0.6379496073177188
0.9027075278155114
0.7012453769330731
1.2256991095260026
0.8826658239132179
0.5945191388558966
0.6038256678120014
0.5856929024931093
1.170557521835248
0.5830179661063409
0.5562686022386565
0.4965584960909255
0.5268443019842035
0.622438725724211
1.0981615390518906
0.5428939203048142
0.6902567009748849
0.6255409020429125
0.6317452546803156
0.3015380525711421
0.644153959955122
0.8094607542402812
1.152458526139409
0.5214944292106667
0.5830179661063409
0.6317452546803156
0.3791304196809721
0.5723182205592672
0.591416962537195
0.6131321967681062
0.715896944877324
0.8094607542402812
0.6348474309990172
0.6286430783616141
0.6472561362738235
0.5856929024931093
0.8425824161086305
0.5723182205592672
0.6317452546803156
0.3541166104606619
0.7342114048076377
1.4405881293178724
0.6829309170027594
0.7807296659045077
0.8094607542402812
0.6534604889112268
0.8475928420842039
0.6286430783616141
0.6317452546803156
0.730548512821575
0.7930429894769822
0.6503583125925252
0.8626241200109241
0.6472561362738235
0.8217740778127557
0.5402189839180458
0.5976213151745982
0.6286430783616141
1.2608726770709626
0.6255409020429125
0.6865938089888223
0.6410517836364203
0.6007234914932997
0.5803430297195724
1.3312198121608834
0.5348691111445089
0.591416962537195
0.6534604889112268
0.7602074599503837
0.8926866758643647
0.6038256678120014
0.7725207835228582
0.7268856208355122
0.8053563130494565
0.5976213151745982
0.6627670178673316
0.3987841269255015
0.5616184750121933
1.3382545256698755
2.052568785126688
0.6100300204494046
0.5402189839180458
0.7971474306678068
0.5455688566915826
0.6792680250166967
0.6193365494055093
0.6193365494055093
0.6255409020429125
0.4005708275840952
0.7195598368633868
0.6410517836364203
0.7415371887797632
0.529519238370972
0.7848341070953324
0.6379496073177188
0.715896944877324
0.7378742967937004
0.5509187294651197
0.5642934113989618
0.6720735468234362
0.7766252247136829
0.7268856208355122
0.6627670178673316
0.41486443285284386
0.7085711609051986
0.6379496073177188
0.7378742967937004
0.8053563130494565
0.7268856208355122
0.577668093332804
1.0378315533990932
1.7736788296331896
0.8053563130494565
1.574023359299111
0.6829309170027594
0.6193365494055093
0.6792680250166967
0.5589435386254249
0.9027075278155114
0.7766252247136829
0.5589435386254249
0.5856929024931093
0.6472561362738235
0.6596648415486298
0.5428939203048142
0.7848341070953324
1.12229353331301
0.9578222135468191
0.5455688566915826
0.6193365494055093
0.6038256678120014
0.5883678388798778
0.6503583125925252
1.303080958124915
0.5535936658518881
0.5669683477857304
0.7602074599503837
0.31311808699455
1.3382545256698755
0.675605133030634
0.7342114048076377
1.2256991095260026
0.6472561362738235
0.622438725724211
1.303080958124915
0.5321941747577404
0.5535936658518881
0.6038256678120014
0.7085711609051986
0.37198361704659777
0.8217740778127557
0.9678430654979661
0.606927844130703
0.5945191388558966
0.7807296659045077
0.6255409020429125
0.6565626652299282
0.5945191388558966
1.18349082847205
0.5749931569460356
0.606927844130703
0.5107946836635929
0.5642934113989618
0.7195598368633868
0.6689713705047347
0.8676345459864975
0.622438725724211
0.5161445564371299
1.0498975505296528
0.7415371887797632
0.7602074599503837
0.5945191388558966
0.6534604889112268
0.7452000807658259
0.6865938089888223
0.6865938089888223
0.5723182205592672
0.606927844130703
2.8892386516071844
0.5830179661063409
0.8626241200109241
0.7684163423320333
0.5856929024931093
0.5428939203048142
0.505444810890056
0.5589435386254249
0.5856929024931093
0.6689713705047347
0.5428939203048142
0.4900103517877851
0.715896944877324
1.3171503851428992
0.6131321967681062
0.8258785190035804
1.190525541981042
0.7012453769330731
0.6472561362738235
0.418437834170031
0.591416962537195
0.622438725724211
0.6534604889112268
0.8299829601944051
0.5976213151745982
0.2899580181477342
0.5696432841724988
0.5830179661063409
1.170557521835248
0.7602074599503837
0.6007234914932997
0.622438725724211
0.577668093332804
0.7085711609051986
0.8176696366219307
0.7725207835228582
0.5830179661063409
0.5856929024931093
0.9177388057422318
0.7012453769330731
1.3538870983900373
0.8976971018399381
0.6534604889112268
0.6317452546803156
1.9204630167350307
0.7848341070953324
0.6565626652299282
0.529519238370972
0.6193365494055093
0.7971474306678068
0.8094607542402812
1.18349082847205
0.6193365494055093
0.5616184750121933
1.0860955419213312
0.8425824161086305
0.4572696302720831
0.5830179661063409
0.6865938089888223
0.6596648415486298
0.622438725724211
0.7232227288494495
0.5749931569460356
1.574023359299111
0.8826658239132179
0.6162343730868076
0.8726449719620708
0.7085711609051986
0.6865938089888223
1.592395833357003
0.3523299098020683
0.8053563130494565
0.5976213151745982
1.0317985548338133
0.6534604889112268
0.6472561362738235
0.6162343730868076
0.5830179661063409
0.606927844130703
0.5616184750121933
0.5375440475312774
0.6720735468234362
0.9928951953758332
0.8135651954311061
0.7415371887797632
0.9979056213514065
0.6038256678120014
0.9778639174491128
0.5945191388558966
0.5883678388798778
1.0860955419213312
0.7232227288494495
0.5482437930783511
0.5723182205592672
1.0498975505296528
0.622438725724211
0.8626241200109241
0.8217740778127557
0.5616184750121933
0.5348691111445089
0.5428939203048142
0.7807296659045077
0.5830179661063409
1.2749421040889468
0.6286430783616141
0.606927844130703
0.5107946836635929
0.591416962537195
0.715896944877324
0.5749931569460356
0.5945191388558966
0.8726449719620708
0.8676345459864975
0.5562686022386565
0.622438725724211
0.5976213151745982
0.9979056213514065
0.8776553979376444
1.2186643960170105
0.6720735468234362
0.6534604889112268
0.6193365494055093
0.5830179661063409
0.5642934113989618
0.7684163423320333
0.5669683477857304
1.0921285404866112
0.4812794927169313
0.5616184750121933
0.5535936658518881
0.5535936658518881
0.5803430297195724
1.4319180262250888
0.7012453769330731
1.140392529008849
0.7971474306678068
0.6193365494055093
0.5696432841724988
0.7012453769330731
0.8053563130494565
0.6829309170027594
0.8776553979376444
1.013699559137974
0.644153959955122
0.675605133030634
0.591416962537195
0.591416962537195
0.38270382099815925
0.8053563130494565
0.7122340528912613
0.5830179661063409
0.606927844130703
0.48564492225235817
0.35947671243644264
0.5241693655974351
0.5856929024931093
0.45290420073665616
0.5616184750121933
0.7766252247136829
0.5856929024931093
0.6038256678120014
0.8826658239132179
0.5642934113989618
0.32904063432673586
0.5749931569460356
0.5535936658518881
0.5830179661063409
0.7268856208355122
0.7085711609051986
0.6317452546803156
1.190525541981042
0.3969974262669079
0.5976213151745982
1.0559305490949322
0.9928951953758332
0.7268856208355122
0.9828743434246862
1.140392529008849
0.5348691111445089
0.6503583125925252
0.5669683477857304
0.5696432841724988
0.5268443019842035
0.5749931569460356
1.2819768175979391
0.7268856208355122
0.5976213151745982
0.6317452546803156
1.296046244615923
0.5321941747577404
1.1283265318782896
0.7415371887797632
0.6131321967681062
0.6534604889112268
0.2885105138448082
0.5081197472768244
0.606927844130703
0.6627670178673316
1.0257655562685335
0.8626241200109241
0.644153959955122
0.9127283797666584
0.6829309170027594
0.9628326395223926
0.7122340528912613
0.6317452546803156
0.7684163423320333
0.6007234914932997
1.1041945376171707
0.5976213151745982
0.8776553979376444
0.9227492317178052
0.6565626652299282
0.6627670178673316
0.5856929024931093
0.9077179537910849
0.5883678388798778
0.7848341070953324
0.715896944877324
0.730548512821575
