0.9317817202430014
0.665838658818586
0.6484566402171392
0.5828407887699224
0.5507415521287011
0.3958132560954762
0.8287794488661068
0.5963105844127992
0.7736736020919129
0.7282869824663093
0.6716326650190683
0.6749240383038726
0.619486609214728
0.5704949285232987
0.6368686278161748
0.6784815679147018
0.5992075875130403
0.5408648639314022
0.5581490682766752
0.8700482363356046
0.6484566402171392
0.6484566402171392
0.6078985968137636
0.4781689628305844
0.8842944249296193
0.8330183601564293
0.6484566402171392
1.48913284997484
0.7991070698338485
0.533457347783428
0.7460746305204548
0.616589606114487
0.6107955999140046
0.7211719232446511
0.6998267455796765
0.6716326650190683
0.8463045886789136
0.6927116863580183
0.7033842751905055
0.7211719232446511
0.6962692159688474
1.1463280363149106
0.5877791328685718
0.6513536433173803
0.7069418048013346
0.7069418048013346
0.5458032080300516
0.6021045906132813
1.2567300131665518
0.5729641005726235
0.41562479908723116
0.6426626340166571
1.1221613696482438
0.5828407887699224
0.5828407887699224
0.7318445120771384
0.6078985968137636
0.4583153273253908
0.7211719232446511
0.7318445120771384
0.5137039713888302
0.668735661918827
0.8033459811241712
0.8287794488661068
1.0375780363149103
0.8652995068042665
0.6571476495178625
0.6136926030142459
0.665838658818586
0.5581490682766752
0.585309960819247
0.6078985968137636
0.585309960819247
0.5285190036847784
0.5581490682766752
0.665838658818586
0.7247294528554802
0.5877791328685718
0.5359265198327526
0.6542506464176215
0.9317817202430014
0.7609568682209452
0.6339716247159337
0.8652995068042665
0.5630874123753247
0.5186423154874795
0.5655565844246494
0.4024171037593945
0.5803716167205977
0.9697715564937072
0.8287794488661068
0.616589606114487
0.6136926030142459
0.5992075875130403
0.5433340359807268
0.8160627149951389
0.5556798962273505
1.303563744272359
0.48213968993162315
0.8605507772729282
0.7033842751905055
0.6513536433173803
0.5556798962273505
0.9840177450877219
0.6542506464176215
0.6571476495178625
0.6107955999140046
2.8685384475403213
0.6078985968137636
0.7069418048013346
0.879545695398281
0.5359265198327526
0.5458032080300516
0.5309881757341032
0.5934135813125578
0.5507415521287011
1.158411369648244
0.6310746216156925
0.8700482363356046
1.2165868150758599
0.5754332726219483
0.5359265198327526
0.6107955999140046
0.5754332726219483
0.5309881757341032
0.5630874123753247
0.7354020416879674
0.5754332726219483
0.8118238037048163
0.5532107241780257
2.941522913391228
0.8510533182102518
0.6310746216156925
0.533457347783428
0.5532107241780257
0.9745202860250455
0.45434460022435214
0.6021045906132813
0.4622860544264295
0.6136926030142459
0.85580204774159
0.7609568682209452
0.5433340359807268
0.8463045886789136
0.4057190275913536
0.5458032080300516
0.7425171009096257
0.4980225983357779
0.6136926030142459
0.6368686278161748
0.8652995068042665
0.7282869824663093
0.6078985968137636
0.6397656309164158
0.5482723800793763
0.6136926030142459
0.5779024446712729
0.5934135813125578
0.6891541567471892
0.6426626340166571
0.665838658818586
0.8203016262854615
0.7531896897421131
0.6542506464176215
0.6310746216156925
0.5260498316354537
0.5433340359807268
1.3169448103025896
0.5779024446712729
1.0859113696482439
0.6426626340166571
0.4225787834160424
0.6021045906132813
0.4057190275913536
0.5260498316354537
0.6426626340166571
0.619486609214728
0.5458032080300516
0.6455596371168982
0.5433340359807268
0.6484566402171392
0.5581490682766752
0.6223836123149691
1.1965152160305137
0.8033459811241712
0.6050015937135225
0.533457347783428
0.6484566402171392
0.7318445120771384
0.5828407887699224
0.6426626340166571
0.46625678152746824
0.7033842751905055
0.662941655718345
0.5581490682766752
0.6600446526181037
0.616589606114487
0.5963105844127992
0.6542506464176215
0.5507415521287011
0.6426626340166571
1.3603426508936756
0.5019933254368166
0.5803716167205977
0.5905165782123168
0.7460746305204548
0.4057190275913536
0.5285190036847784
0.717614393633822
0.5828407887699224
0.5532107241780257
0.8075848924144937
0.5754332726219483
0.6749240383038726
0.585309960819247
0.7211719232446511
1.4118587305261412
0.5359265198327526
0.6310746216156925
0.7460746305204548
0.616589606114487
0.6455596371168982
0.6223836123149691
0.7736736020919129
0.619486609214728
0.8700482363356046
0.7069418048013346
0.619486609214728
0.6223836123149691
0.619486609214728
0.5779024446712729
0.4344909647191585
0.5087656272901806
0.6749240383038726
0.6749240383038726
0.5655565844246494
0.9555253678996924
0.49206650768421983
0.7247294528554802
0.8075848924144937
0.5408648639314022
0.5507415521287011
0.9175355316489867
0.5433340359807268
2.532809904626149
0.5630874123753247
0.5905165782123168
0.5137039713888302
0.665838658818586
0.6962692159688474
0.9507766383683542
0.6927116863580183
0.5482723800793763
0.922284261180325
0.616589606114487
0.5630874123753247
0.6050015937135225
0.5630874123753247
0.9175355316489867
0.7318445120771384
0.585309960819247
0.6855966271363599
0.5556798962273505
0.7460746305204548
0.7318445120771384
0.7069418048013346
0.568025756473974
0.8463045886789136
0.7496321601312839
0.6998267455796765
2.080306216350526
0.6252806154152103
0.8075848924144937
0.5963105844127992
0.7211719232446511
0.5482723800793763
0.7140568640229928
0.6513536433173803
0.6078985968137636
0.5285190036847784
0.6600446526181037
0.476183599280065
0.5754332726219483
1.0617447029815772
0.6136926030142459
0.5556798962273505
0.5458032080300516
0.7247294528554802
0.6368686278161748
0.8747969658669429
0.5359265198327526
0.6542506464176215
0.7211719232446511
1.0030126632130747
0.665838658818586
0.9412791793056778
0.8330183601564293
0.4245641469665617
0.7354020416879674
0.7104993344121637
0.6891541567471892
0.7104993344121637
0.5433340359807268
0.5630874123753247
0.6368686278161748
1.1221613696482438
0.619486609214728
1.4118587305261412
0.6339716247159337
0.668735661918827
1.067786369648244
0.8652995068042665
0.6513536433173803
0.5556798962273505
0.5963105844127992
0.5235806595861291
0.5581490682766752
0.9792690155563836
0.9080380725863102
0.7496321601312839
0.7779125133822355
0.7069418048013346
1.0617447029815772
1.2567300131665518
0.6962692159688474
0.3958132560954762
0.5606182403259999
0.4603006908759101
0.7779125133822355
0.7282869824663093
0.5877791328685718
0.5704949285232987
0.665838658818586
0.7609568682209452
0.619486609214728
0.7247294528554802
0.6927116863580183
0.6455596371168982
0.5963105844127992
0.5309881757341032
0.8985406135236339
0.585309960819247
1.656421666536273
1.3689286641657532
0.665838658818586
0.5729641005726235
0.6281776185154514
0.8203016262854615
0.6962692159688474
1.0617447029815772
0.5828407887699224
0.4781689628305844
0.6716326650190683
0.533457347783428
0.5260498316354537
0.6368686278161748
0.5556798962273505
0.5482723800793763
0.6252806154152103
0.5458032080300516
0.7496321601312839
0.7531896897421131
0.6891541567471892
0.8075848924144937
1.3517566376215977
0.6050015937135225
0.5963105844127992
0.7651957795112678
1.1402863696482441
0.4245641469665617
0.6021045906132813
0.8652995068042665
0.717614393633822
0.8937918839922958
0.6600446526181037
0.6397656309164158
1.524426150841206
0.568025756473974
0.8287794488661068
0.5482723800793763
0.5992075875130403
0.533457347783428
0.5963105844127992
0.5630874123753247
0.7460746305204548
0.7863903359628809
0.6571476495178625
0.5779024446712729
0.8203016262854615
0.6281776185154514
0.5458032080300516
0.6998267455796765
1.5527109042044347
2.2846627207330656
0.8415558591475752
0.7821514246725582
0.5779024446712729
0.9555253678996924
0.5963105844127992
0.5963105844127992
0.5112347993395053
0.5532107241780257
0.6021045906132813
0.6962692159688474
0.6891541567471892
0.5309881757341032
0.5507415521287011
0.7140568640229928
0.8890431544609575
0.5704949285232987
0.6310746216156925
0.7211719232446511
0.7531896897421131
0.8118238037048163
3.029104272412316
0.6455596371168982
0.5408648639314022
1.6861901007556286
0.6078985968137636
0.3941622941794966
0.5532107241780257
0.6078985968137636
0.6455596371168982
0.5729641005726235
0.5828407887699224
0.5630874123753247
0.6050015937135225
0.6455596371168982
0.5630874123753247
0.6252806154152103
1.3603426508936756
0.8652995068042665
0.9412791793056778
0.7140568640229928
0.5655565844246494
0.5260498316354537
0.8652995068042665
0.665838658818586
1.158411369648244
0.7282869824663093
0.9650228269623689
0.6310746216156925
0.6021045906132813
0.616589606114487
0.7863903359628809
0.5963105844127992
0.4225787834160424
0.5729641005726235
0.5630874123753247
0.7779125133822355
1.1161197029815773
0.8033459811241712
0.5963105844127992
0.6107955999140046
0.6021045906132813
0.6927116863580183
0.6339716247159337
0.8510533182102518
0.7104993344121637
0.6716326650190683
0.5458032080300516
0.5458032080300516
0.6281776185154514
0.48213968993162315
0.5285190036847784
0.5934135813125578
0.6050015937135225
0.6716326650190683
1.128203036314911
0.7496321601312839
0.7694346908015903
1.4118587305261412
0.7425171009096257
0.6484566402171392
0.5581490682766752
0.6281776185154514
0.6927116863580183
0.6252806154152103
0.5934135813125578
0.5186423154874795
0.412322875255272
0.5754332726219483
0.6397656309164158
1.007761392744413
0.5992075875130403
0.6542506464176215
0.5532107241780257
0.5482723800793763
0.5556798962273505
0.5963105844127992
0.5877791328685718
0.7991070698338485
0.503978688987336
0.5754332726219483
0.503978688987336
0.879545695398281
0.662941655718345
0.5309881757341032
0.7609568682209452
0.6484566402171392
0.5161731434381549
0.9745202860250455
0.8463045886789136
1.846755925627624
0.5137039713888302
0.6368686278161748
0.4245641469665617
0.7425171009096257
