1.0273185329204146
0.6742093003563381
0.8609486026668599
0.5994816476180873
0.7217234246501235
0.7183295586291389
0.5148429307480591
0.8513700149675432
0.6591270376890092
0.6501802291783709
0.7420866207760315
1.3439554737884267
0.623339803646456
0.7285111566920929
0.7595098907098222
0.57767915310311
0.7718352448866663
0.684390898419292
0.6382511511641865
0.6471979596748249
0.5525446641610896
1.6085837580739615
0.6979663625032309
0.6173752646393639
0.8252451129863243
0.6809970323983074
0.6742093003563381
1.170113014703223
0.6877847644402768
0.6263220731500022
0.7047540945452001
0.5575715619494936
0.6084284561287255
1.3019229873244533
0.575165704208908
1.5364722896923968
0.5550581130552916
0.8293535643786057
0.7047540945452001
0.8170282102017614
0.653162498681917
0.7352988887340622
0.5852194997857162
0.6382511511641865
0.5374639707958775
0.6263220731500022
0.7352988887340622
0.6501802291783709
0.62035753414291
0.5676253575263018
0.5964993781145411
0.6322866121570943
0.6173752646393639
0.9375773042613927
0.9423665981110511
0.6412334206677326
0.6979663625032309
0.5123294818538571
0.7285111566920929
0.4965651524544804
0.5701388064205039
0.5073025840654529
0.8705271903661764
0.6501802291783709
0.5424908685842815
0.623339803646456
0.5964993781145411
0.6471979596748249
0.8129197588094802
0.623339803646456
0.7149356926081543
0.7251172906711082
0.5600850108436958
0.4249122800104688
0.575165704208908
0.575165704208908
0.5550581130552916
0.6263220731500022
0.7556620848599701
0.7115418265871695
0.5424908685842815
0.6352688816606404
0.8753164842158347
0.7047540945452001
0.8561593088172016
0.7800521476712291
1.0046274181566093
0.5852194997857162
0.575165704208908
0.5248967263248672
0.7718352448866663
0.7386927547550468
0.6650915766961013
0.6263220731500022
0.7115418265871695
0.7759436962789478
0.6650915766961013
0.5475177663726856
0.5248967263248672
0.7013602285242154
0.8657378965165181
0.8465807211178848
0.9519451858103678
1.0046274181566093
0.5148429307480591
0.5877329486799182
0.7251172906711082
0.9088415411634431
0.5964993781145411
1.0213687628461308
1.057067383291833
0.6054461866251794
0.7595098907098222
0.6114107256322717
0.7556620848599701
0.8170282102017614
0.5676253575263018
0.6263220731500022
0.6591270376890092
0.5994816476180873
0.6501802291783709
0.7882690504557919
0.5575715619494936
0.580192601997312
0.6322866121570943
0.5701388064205039
0.4109591704741859
0.5877329486799182
0.6114107256322717
0.9806809489083176
0.8561593088172016
0.6710561157031936
1.3369500593777643
1.2038471855751818
0.623339803646456
0.5935171086109952
0.6412334206677326
0.6322866121570943
0.5625984597378978
0.653162498681917
0.8705271903661764
0.9567344796600261
0.7759436962789478
0.7081479605661848
0.7595098907098222
0.5701388064205039
0.653162498681917
0.590534839107449
0.5324370730074733
0.7217234246501235
0.5475177663726856
0.6143929951358177
0.7183295586291389
0.6471979596748249
0.5248967263248672
0.6054461866251794
0.7556620848599701
0.5852194997857162
0.9088415411634431
0.767726793494385
0.6263220731500022
0.590534839107449
0.5399774196900794
0.6979663625032309
1.2809067440924664
0.8005944046326361
0.9279987165620762
0.500659602308424
0.7115418265871695
0.7964859532403546
0.5964993781145411
0.6322866121570943
0.6561447681854632
0.5475177663726856
1.1898363567538575
0.5173563796422611
0.5550581130552916
0.8293535643786057
0.8992629534641262
1.074916693514684
0.5994816476180873
0.5374639707958775
0.767726793494385
0.7595098907098222
0.6352688816606404
0.590534839107449
0.6501802291783709
0.580192601997312
0.6114107256322717
0.6911786304612615
0.5625984597378978
0.6442156901712787
0.684390898419292
0.5374639707958775
0.6352688816606404
0.7800521476712291
0.9375773042613927
0.6742093003563381
0.7149356926081543
0.6591270376890092
1.4267118481807468
0.5148429307480591
0.8047028560249174
0.8657378965165181
1.2248634288071687
0.653162498681917
0.7488743528180009
0.7759436962789478
0.6382511511641865
0.580192601997312
0.6352688816606404
0.5299236241132712
1.170113014703223
1.152263704480372
0.5935171086109952
0.6742093003563381
0.9088415411634431
0.7047540945452001
0.5500312152668876
0.6024639171216334
0.3995325400394033
0.3913706611574157
1.599569824526266
0.5600850108436958
0.6621093071925552
0.6442156901712787
1.238874257628493
0.7285111566920929
1.7525105271680301
0.7013602285242154
0.7217234246501235
0.5450043174784834
0.6442156901712787
0.6591270376890092
1.0273185329204146
0.572652255314706
0.7386927547550468
0.575165704208908
1.0511176132175493
0.684390898419292
0.7718352448866663
0.5173563796422611
0.580192601997312
2.6093400902832085
0.590534839107449
0.5676253575263018
0.6442156901712787
0.8848950719151514
1.0868162336632514
0.8088113074171988
0.590534839107449
0.8129197588094802
0.653162498681917
0.7352988887340622
0.6084284561287255
0.7718352448866663
0.8944736596144679
0.6561447681854632
0.9663130673593426
0.6382511511641865
1.074916693514684
0.8047028560249174
0.8657378965165181
0.623339803646456
0.6742093003563381
0.575165704208908
0.6945724964822462
0.767726793494385
0.37667927916983807
0.39790016426300584
0.49247070260053694
0.6352688816606404
0.3734145276170431
0.5324370730074733
0.5852194997857162
0.9232094227124179
0.6742093003563381
0.7386927547550468
0.5701388064205039
0.6024639171216334
0.6911786304612615
0.4986123773814522
0.9854702427579758
0.6561447681854632
0.5399774196900794
0.3832087822754281
0.9854702427579758
0.6442156901712787
0.4904234776735652
1.2248634288071687
1.1403641643318048
0.7522682188389855
0.6501802291783709
0.590534839107449
0.3750469033934406
0.8170282102017614
0.6114107256322717
0.6621093071925552
0.572652255314706
0.6352688816606404
0.5935171086109952
0.6114107256322717
0.5600850108436958
0.6680738461996474
0.8293535643786057
1.158213474554656
0.8005944046326361
0.5651119086320998
0.6561447681854632
1.0213687628461308
0.767726793494385
0.5525446641610896
0.8561593088172016
0.653162498681917
0.7595098907098222
0.7183295586291389
0.6710561157031936
0.5073025840654529
0.5964993781145411
0.38157640649903063
0.6742093003563381
0.6114107256322717
0.4986123773814522
0.6591270376890092
0.6591270376890092
0.6501802291783709
0.7081479605661848
0.7882690504557919
1.5184444225970053
1.493161230896796
0.580192601997312
0.6263220731500022
0.5173563796422611
0.5935171086109952
0.7285111566920929
0.590534839107449
0.6173752646393639
0.8944736596144679
0.6024639171216334
0.5701388064205039
0.6322866121570943
0.684390898419292
0.5450043174784834
0.6352688816606404
0.5994816476180873
0.7047540945452001
1.0273185329204146
0.6501802291783709
0.6084284561287255
0.580192601997312
0.6084284561287255
1.393487156822722
1.015418992771847
0.5964993781145411
0.7386927547550468
0.7759436962789478
0.580192601997312
0.6561447681854632
0.6945724964822462
0.5550581130552916
0.6143929951358177
0.9567344796600261
0.9806809489083176
0.5676253575263018
0.5248967263248672
0.6352688816606404
0.6471979596748249
0.5098160329596549
1.2178580143965063
0.500659602308424
0.6412334206677326
0.5964993781145411
0.6114107256322717
0.6352688816606404
0.519869828536463
0.8609486026668599
0.9088415411634431
0.6322866121570943
0.7285111566920929
0.5676253575263018
0.5475177663726856
1.3369500593777643
0.8375704671631684
0.7636183421021037
0.653162498681917
0.5500312152668876
0.6650915766961013
0.821136661594043
0.6742093003563381
0.8375704671631684
0.8005944046326361
0.623339803646456
1.1968417711645198
0.9136308350131013
0.5676253575263018
0.6054461866251794
0.5123294818538571
0.6591270376890092
0.5374639707958775
0.4638095536229323
0.5575715619494936
0.5701388064205039
0.6442156901712787
0.767726793494385
0.5274101752190693
0.6809970323983074
0.821136661594043
0.6471979596748249
0.6322866121570943
0.7718352448866663
0.6591270376890092
0.999838124306951
0.7149356926081543
0.6877847644402768
0.5450043174784834
0.653162498681917
0.7047540945452001
0.7149356926081543
0.40279729159219835
2.9578809295165014
0.7013602285242154
0.5525446641610896
0.6680738461996474
0.7217234246501235
0.5625984597378978
0.767726793494385
0.6742093003563381
0.6263220731500022
0.6945724964822462
0.5877329486799182
0.5575715619494936
0.5500312152668876
1.158213474554656
0.7285111566920929
0.5935171086109952
0.6979663625032309
1.2248634288071687
0.47814012811173456
0.5349505219016752
0.5676253575263018
0.5274101752190693
0.8753164842158347
0.6501802291783709
0.6877847644402768
0.4863290278196216
0.5676253575263018
0.5575715619494936
0.6263220731500022
0.6471979596748249
0.8129197588094802
0.8465807211178848
0.5600850108436958
0.5935171086109952
0.57767915310311
0.6024639171216334
0.9136308350131013
0.684390898419292
0.8334620157708871
0.5575715619494936
0.6621093071925552
0.5550581130552916
1.2879121585031288
0.7115418265871695
0.6143929951358177
0.6471979596748249
0.6382511511641865
1.0094692226975632
0.6501802291783709
0.5575715619494936
0.4351484046453276
0.45152620406110167
0.47609290318476283
1.1968417711645198
0.5349505219016752
0.6263220731500022
1.1463139344060882
0.8334620157708871
0.7013602285242154
0.4965651524544804
0.9567344796600261
0.6293043426535483
0.8992629534641262
0.6742093003563381
0.6024639171216334
0.575165704208908
0.6979663625032309
0.5852194997857162
1.572528023883179
0.7556620848599701
0.7718352448866663
0.8801057780654931
0.9375773042613927
1.0808664635889678
0.6776031663773228
0.5424908685842815
1.266895915271142
0.8334620157708871
0.6650915766961013
0.767726793494385
0.5274101752190693
0.6501802291783709
0.5701388064205039
0.6382511511641865
0.767726793494385
0.5349505219016752
0.623339803646456
0.5877329486799182
0.8170282102017614
0.6591270376890092
0.7882690504557919
0.5994816476180873
0.6114107256322717
0.5223832774306651
0.7183295586291389
1.25989050086048
0.6501802291783709
0.7800521476712291
0.684390898419292
0.5964993781145411
0.7522682188389855
1.4682427123782775
0.6809970323983074
0.5475177663726856
0.6471979596748249
0.8657378965165181
0.5500312152668876
0.6621093071925552
0.623339803646456
0.4412900794262429
0.5550581130552916
1.015418992771847
1.057067383291833
0.8088113074171988
0.5877329486799182
0.7420866207760315
0.4740456782577911
0.6501802291783709
0.572652255314706
1.0046274181566093
0.46995122840384757
0.6143929951358177
0.9471558919607095
0.8753164842158347
0.7718352448866663
0.7718352448866663
1.2739013296818043
0.6742093003563381
0.6442156901712787
0.580192601997312
0.999838124306951
0.9279987165620762
0.6173752646393639
0.5964993781145411
0.5935171086109952
0.6742093003563381
0.6293043426535483
0.7013602285242154
0.5274101752190693
1.092766003737535
0.684390898419292
0.519869828536463
0.7420866207760315
0.5877329486799182
0.7013602285242154
0.9040522473137845
0.6877847644402768
0.653162498681917
0.580192601997312
0.5098160329596549
0.7319050227130776
0.6591270376890092
1.1225148541089536
0.8705271903661764
0.5935171086109952
0.5701388064205039
0.8848950719151514
0.465856778549904
