726.0
661.0
657.0
589.0
726.0
668.0
672.0
710.0
588.0
670.0
718.0
701.0
790.0
667.0
714.0
676.0
770.0
674.0
654.0
874.0
669.0
646.0
624.0
658.0
824.0
674.0
676.0
697.0
674.0
676.0
661.0
704.0
723.0
661.0
664.0
661.0
736.0
664.0
720.0
673.0
714.0
725.0
658.0
744.0
738.0
647.0
687.0
678.0
661.0
618.0
680.0
660.0
654.0
663.0
705.0
673.0
663.0
690.0
676.0
792.0
733.0
679.0
699.0
752.0
642.0
690.0
663.0
699.0
850.0
682.0
692.0
676.0
665.0
656.0
666.0
681.0
707.0
652.0
700.0
733.0
652.0
691.0
850.0
728.0
667.0
696.0
789.0
680.0
882.0
672.0
672.0
649.0
669.0
697.0
755.0
685.0
658.0
753.0
723.0
654.0
660.0
741.0
650.0
714.0
744.0
753.0
692.0
651.0
661.0
776.0
695.0
716.0
682.0
721.0
653.0
680.0
797.0
673.0
669.0
673.0
765.0
672.0
590.0
711.0
589.0
729.0
685.0
710.0
656.0
694.0
697.0
678.0
682.0
651.0
725.0
733.0
645.0
740.0
688.0
782.0
712.0
653.0
784.0
698.0
710.0
685.0
689.0
599.0
662.0
823.0
648.0
698.0
818.0
656.0
694.0
672.0
718.0
667.0
653.0
710.0
741.0
683.0
672.0
706.0
673.0
653.0
806.0
772.0
778.0
656.0
709.0
730.0
653.0
658.0
656.0
673.0
720.0
701.0
818.0
688.0
685.0
637.0
677.0
724.0
706.0
713.0
716.0
670.0
703.0
720.0
709.0
754.0
670.0
693.0
644.0
658.0
716.0
677.0
669.0
685.0
670.0
713.0
643.0
776.0
711.0
717.0
650.0
660.0
621.0
663.0
680.0
724.0
661.0
665.0
669.0
696.0
698.0
673.0
652.0
712.0
619.0
736.0
666.0
650.0
756.0
712.0
654.0
684.0
669.0
644.0
678.0
717.0
665.0
703.0
672.0
692.0
690.0
662.0
782.0
691.0
720.0
672.0
677.0
849.0
665.0
661.0
667.0
617.0
657.0
740.0
622.0
709.0
695.0
654.0
699.0
732.0
925.0
705.0
876.0
690.0
665.0
702.0
717.0
720.0
697.0
645.0
714.0
800.0
716.0
684.0
688.0
702.0
766.0
750.0
703.0
664.0
706.0
715.0
700.0
697.0
658.0
693.0
677.0
661.0
677.0
699.0
698.0
693.0
682.0
675.0
682.0
657.0
713.0
706.0
649.0
715.0
646.0
714.0
749.0
716.0
738.0
672.0
666.0
645.0
722.0
649.0
696.0
689.0
652.0
662.0
742.0
694.0
688.0
706.0
748.0
676.0
648.0
736.0
664.0
672.0
763.0
658.0
673.0
686.0
657.0
644.0
690.0
815.0
657.0
656.0
800.0
715.0
653.0
740.0
692.0
721.0
681.0
640.0
681.0
691.0
661.0
747.0
715.0
634.0
755.0
792.0
695.0
657.0
669.0
695.0
656.0
885.0
666.0
646.0
605.0
720.0
703.0
670.0
654.0
748.0
590.0
694.0
710.0
819.0
690.0
667.0
682.0
828.0
785.0
771.0
785.0
666.0
810.0
706.0
691.0
678.0
691.0
734.0
690.0
735.0
682.0
707.0
680.0
648.0
779.0
696.0
602.0
669.0
700.0
714.0
671.0
654.0
722.0
656.0
665.0
734.0
666.0
659.0
685.0
724.0
710.0
907.0
647.0
685.0
677.0
647.0
649.0
715.0
680.0
699.0
667.0
662.0
698.0
660.0
650.0
657.0
663.0
662.0
706.0
706.0
788.0
657.0
685.0
720.0
709.0
741.0
663.0
780.0
753.0
776.0
763.0
709.0
651.0
770.0
623.0
663.0
724.0
676.0
646.0
704.0
680.0
601.0
751.0
660.0
677.0
670.0
661.0
661.0
690.0
624.0
695.0
677.0
653.0
703.0
821.0
674.0
638.0
730.0
677.0
614.0
812.0
695.0
1093.0
677.0
668.0
675.0
734.0
637.0
823.0
705.0
706.0
821.0
779.0
640.0
677.0
728.0
715.0
651.0
646.0
701.0
746.0
676.0
649.0
868.0
620.0
715.0
840.0
