756.0
742.0
657.0
695.0
762.0
718.0
778.0
718.0
741.0
709.0
850.0
717.0
719.0
715.0
789.0
794.0
738.0
709.0
677.0
776.0
759.0
779.0
720.0
730.0
747.0
690.0
749.0
737.0
935.0
740.0
738.0
757.0
674.0
734.0
628.0
868.0
771.0
724.0
766.0
749.0
724.0
740.0
772.0
744.0
717.0
787.0
837.0
710.0
720.0
745.0
745.0
715.0
801.0
867.0
718.0
788.0
726.0
733.0
752.0
719.0
720.0
727.0
717.0
625.0
744.0
873.0
1311.0
754.0
758.0
732.0
893.0
750.0
725.0
791.0
742.0
789.0
722.0
701.0
828.0
971.0
781.0
770.0
766.0
754.0
716.0
841.0
798.0
733.0
884.0
708.0
721.0
918.0
759.0
660.0
799.0
779.0
869.0
733.0
871.0
686.0
715.0
715.0
729.0
770.0
679.0
661.0
761.0
724.0
745.0
715.0
682.0
673.0
868.0
801.0
885.0
847.0
781.0
808.0
636.0
757.0
761.0
738.0
757.0
821.0
761.0
750.0
760.0
717.0
723.0
759.0
715.0
778.0
720.0
741.0
878.0
796.0
691.0
716.0
738.0
730.0
849.0
770.0
794.0
869.0
739.0
779.0
747.0
725.0
717.0
777.0
654.0
714.0
769.0
718.0
728.0
636.0
729.0
712.0
758.0
722.0
777.0
765.0
744.0
824.0
807.0
671.0
742.0
729.0
712.0
850.0
732.0
835.0
770.0
756.0
830.0
736.0
765.0
729.0
670.0
717.0
677.0
790.0
716.0
726.0
704.0
734.0
720.0
744.0
746.0
699.0
751.0
860.0
722.0
668.0
769.0
753.0
735.0
779.0
758.0
782.0
662.0
788.0
748.0
756.0
717.0
726.0
706.0
694.0
761.0
722.0
736.0
728.0
895.0
741.0
740.0
797.0
738.0
882.0
713.0
702.0
759.0
772.0
744.0
705.0
733.0
770.0
691.0
722.0
894.0
772.0
750.0
723.0
763.0
752.0
769.0
778.0
717.0
796.0
724.0
749.0
740.0
721.0
740.0
827.0
720.0
663.0
714.0
725.0
725.0
882.0
674.0
725.0
912.0
733.0
772.0
846.0
797.0
733.0
654.0
729.0
828.0
770.0
910.0
786.0
669.0
731.0
753.0
804.0
710.0
778.0
857.0
743.0
933.0
698.0
739.0
738.0
703.0
690.0
699.0
746.0
698.0
724.0
744.0
694.0
776.0
757.0
676.0
730.0
688.0
747.0
713.0
717.0
795.0
823.0
697.0
723.0
726.0
736.0
706.0
817.0
762.0
707.0
749.0
748.0
733.0
776.0
830.0
804.0
773.0
805.0
730.0
808.0
868.0
719.0
784.0
853.0
764.0
841.0
738.0
749.0
710.0
739.0
680.0
741.0
701.0
723.0
716.0
712.0
789.0
755.0
741.0
769.0
787.0
814.0
740.0
810.0
741.0
750.0
707.0
709.0
728.0
841.0
742.0
793.0
740.0
800.0
889.0
884.0
647.0
792.0
742.0
773.0
801.0
721.0
750.0
638.0
768.0
732.0
878.0
722.0
681.0
736.0
794.0
721.0
734.0
667.0
722.0
718.0
746.0
897.0
751.0
729.0
718.0
741.0
744.0
724.0
731.0
710.0
620.0
786.0
788.0
794.0
722.0
890.0
695.0
918.0
898.0
770.0
716.0
712.0
851.0
720.0
763.0
779.0
752.0
736.0
732.0
648.0
702.0
641.0
786.0
736.0
769.0
717.0
683.0
744.0
776.0
756.0
762.0
802.0
909.0
715.0
728.0
794.0
809.0
730.0
743.0
718.0
834.0
776.0
702.0
734.0
716.0
789.0
768.0
724.0
746.0
758.0
661.0
868.0
970.0
851.0
732.0
860.0
874.0
778.0
750.0
767.0
733.0
784.0
744.0
708.0
800.0
731.0
733.0
744.0
807.0
709.0
695.0
689.0
736.0
744.0
737.0
878.0
774.0
849.0
750.0
692.0
728.0
747.0
663.0
720.0
781.0
722.0
749.0
756.0
782.0
849.0
725.0
717.0
720.0
706.0
836.0
721.0
731.0
719.0
682.0
742.0
816.0
678.0
748.0
725.0
756.0
714.0
657.0
717.0
740.0
827.0
728.0
719.0
770.0
722.0
739.0
719.0
783.0
737.0
693.0
744.0
734.0
728.0
741.0
729.0
723.0
738.0
692.0
905.0
717.0
804.0
784.0
715.0
746.0
724.0
714.0
682.0
738.0
697.0
747.0
773.0
701.0
709.0
710.0
682.0
791.0
705.0
835.0
738.0
777.0
835.0
793.0
737.0
789.0
736.0
772.0
762.0
725.0
752.0
740.0
769.0
733.0
760.0
820.0
713.0
724.0
841.0
700.0
782.0
906.0
698.0
757.0
699.0
777.0
759.0
757.0
814.0
733.0
733.0
723.0
786.0
805.0
693.0
748.0
908.0
740.0
