753.0
663.0
682.0
672.0
869.0
636.0
688.0
723.0
714.0
811.0
627.0
716.0
686.0
786.0
696.0
726.0
698.0
750.0
840.0
661.0
676.0
788.0
783.0
690.0
869.0
681.0
701.0
837.0
659.0
681.0
696.0
789.0
652.0
634.0
746.0
677.0
609.0
757.0
642.0
730.0
664.0
798.0
702.0
694.0
701.0
762.0
786.0
669.0
666.0
698.0
610.0
688.0
677.0
677.0
755.0
726.0
693.0
703.0
705.0
724.0
706.0
693.0
741.0
668.0
778.0
734.0
663.0
672.0
682.0
751.0
690.0
660.0
696.0
682.0
697.0
736.0
797.0
677.0
648.0
685.0
753.0
722.0
786.0
689.0
738.0
818.0
674.0
769.0
703.0
692.0
747.0
696.0
770.0
667.0
666.0
735.0
716.0
724.0
599.0
738.0
668.0
693.0
741.0
688.0
693.0
713.0
651.0
692.0
715.0
706.0
925.0
689.0
676.0
661.0
769.0
697.0
615.0
657.0
652.0
749.0
733.0
686.0
705.0
735.0
725.0
681.0
642.0
690.0
727.0
661.0
766.0
732.0
660.0
700.0
700.0
738.0
682.0
703.0
716.0
814.0
667.0
679.0
771.0
717.0
672.0
750.0
655.0
712.0
743.0
782.0
669.0
680.0
739.0
731.0
668.0
651.0
674.0
698.0
688.0
682.0
691.0
795.0
709.0
725.0
716.0
717.0
663.0
739.0
676.0
736.0
688.0
672.0
682.0
760.0
644.0
717.0
701.0
681.0
682.0
689.0
857.0
803.0
687.0
694.0
746.0
720.0
747.0
709.0
718.0
692.0
682.0
674.0
842.0
686.0
668.0
647.0
791.0
823.0
696.0
710.0
777.0
668.0
676.0
689.0
703.0
757.0
704.0
658.0
656.0
717.0
663.0
682.0
666.0
693.0
754.0
693.0
672.0
675.0
650.0
677.0
737.0
680.0
740.0
737.0
750.0
709.0
661.0
661.0
680.0
793.0
695.0
618.0
634.0
671.0
708.0
766.0
677.0
720.0
684.0
649.0
680.0
738.0
653.0
680.0
696.0
667.0
646.0
706.0
649.0
672.0
675.0
710.0
645.0
637.0
684.0
680.0
660.0
689.0
756.0
713.0
697.0
702.0
687.0
818.0
730.0
702.0
669.0
821.0
689.0
818.0
638.0
745.0
749.0
790.0
739.0
677.0
686.0
660.0
672.0
729.0
837.0
736.0
707.0
680.0
676.0
690.0
670.0
808.0
681.0
712.0
773.0
720.0
672.0
664.0
643.0
722.0
676.0
689.0
677.0
699.0
680.0
834.0
721.0
645.0
686.0
665.0
705.0
682.0
714.0
667.0
695.0
738.0
696.0
602.0
706.0
679.0
808.0
764.0
672.0
774.0
786.0
795.0
766.0
661.0
647.0
650.0
598.0
712.0
830.0
650.0
720.0
754.0
689.0
696.0
712.0
664.0
662.0
677.0
691.0
678.0
738.0
724.0
602.0
658.0
729.0
666.0
682.0
637.0
624.0
708.0
699.0
708.0
669.0
706.0
827.0
729.0
684.0
690.0
705.0
708.0
665.0
714.0
700.0
732.0
1046.0
708.0
689.0
706.0
708.0
690.0
700.0
691.0
841.0
688.0
683.0
702.0
672.0
699.0
749.0
772.0
925.0
649.0
662.0
668.0
776.0
818.0
785.0
711.0
721.0
685.0
804.0
773.0
669.0
696.0
817.0
653.0
708.0
770.0
659.0
716.0
701.0
702.0
693.0
690.0
744.0
707.0
638.0
692.0
766.0
657.0
666.0
666.0
669.0
665.0
722.0
691.0
773.0
682.0
688.0
802.0
756.0
706.0
813.0
665.0
666.0
718.0
718.0
706.0
764.0
816.0
694.0
733.0
709.0
678.0
742.0
838.0
689.0
761.0
693.0
773.0
734.0
724.0
810.0
815.0
708.0
673.0
679.0
705.0
628.0
667.0
727.0
674.0
738.0
619.0
695.0
762.0
