697.0
702.0
886.0
594.0
648.0
702.0
727.0
715.0
751.0
649.0
801.0
667.0
782.0
658.0
731.0
845.0
695.0
653.0
690.0
685.0
689.0
790.0
727.0
695.0
721.0
749.0
675.0
672.0
680.0
709.0
713.0
653.0
751.0
676.0
657.0
778.0
730.0
670.0
673.0
776.0
668.0
738.0
714.0
805.0
657.0
640.0
658.0
719.0
677.0
645.0
663.0
714.0
685.0
676.0
644.0
733.0
861.0
796.0
743.0
794.0
678.0
709.0
687.0
706.0
712.0
708.0
685.0
770.0
755.0
733.0
710.0
670.0
707.0
797.0
677.0
679.0
680.0
725.0
670.0
727.0
664.0
829.0
664.0
682.0
701.0
709.0
681.0
701.0
749.0
606.0
749.0
742.0
740.0
680.0
673.0
753.0
688.0
740.0
666.0
829.0
731.0
684.0
713.0
694.0
661.0
688.0
696.0
749.0
699.0
672.0
720.0
726.0
755.0
795.0
687.0
681.0
721.0
747.0
754.0
588.0
710.0
698.0
674.0
680.0
673.0
738.0
686.0
733.0
628.0
699.0
681.0
817.0
674.0
688.0
765.0
805.0
705.0
723.0
802.0
659.0
681.0
603.0
677.0
693.0
773.0
835.0
675.0
706.0
669.0
712.0
698.0
672.0
697.0
715.0
716.0
778.0
700.0
694.0
705.0
617.0
673.0
633.0
826.0
677.0
690.0
736.0
675.0
686.0
644.0
715.0
693.0
663.0
680.0
711.0
672.0
648.0
651.0
749.0
660.0
668.0
697.0
672.0
723.0
746.0
673.0
748.0
665.0
717.0
670.0
662.0
733.0
721.0
701.0
717.0
688.0
757.0
848.0
658.0
658.0
683.0
701.0
739.0
680.0
733.0
797.0
797.0
720.0
662.0
661.0
699.0
679.0
612.0
724.0
714.0
765.0
678.0
797.0
742.0
664.0
706.0
690.0
664.0
699.0
683.0
592.0
802.0
665.0
778.0
724.0
788.0
667.0
744.0
667.0
746.0
699.0
682.0
695.0
701.0
720.0
725.0
690.0
688.0
705.0
625.0
623.0
681.0
703.0
693.0
711.0
731.0
754.0
629.0
670.0
694.0
720.0
672.0
690.0
694.0
735.0
734.0
628.0
704.0
688.0
690.0
709.0
694.0
677.0
919.0
637.0
680.0
685.0
807.0
690.0
761.0
775.0
677.0
672.0
823.0
672.0
685.0
682.0
704.0
770.0
658.0
720.0
701.0
676.0
747.0
682.0
676.0
725.0
726.0
744.0
720.0
685.0
845.0
794.0
714.0
690.0
662.0
712.0
698.0
659.0
757.0
689.0
680.0
800.0
785.0
696.0
776.0
688.0
725.0
690.0
885.0
691.0
701.0
757.0
685.0
681.0
654.0
833.0
720.0
653.0
698.0
680.0
678.0
677.0
704.0
678.0
722.0
698.0
678.0
734.0
672.0
781.0
797.0
686.0
666.0
651.0
674.0
700.0
709.0
741.0
713.0
696.0
681.0
701.0
819.0
698.0
721.0
649.0
670.0
675.0
730.0
644.0
787.0
683.0
815.0
812.0
700.0
604.0
678.0
706.0
685.0
710.0
698.0
661.0
735.0
709.0
679.0
666.0
782.0
683.0
664.0
791.0
680.0
670.0
780.0
702.0
677.0
702.0
664.0
685.0
707.0
685.0
682.0
712.0
685.0
701.0
827.0
709.0
710.0
677.0
797.0
720.0
706.0
901.0
823.0
685.0
696.0
852.0
713.0
699.0
672.0
707.0
709.0
694.0
675.0
679.0
653.0
854.0
669.0
772.0
662.0
790.0
672.0
809.0
784.0
674.0
666.0
709.0
696.0
727.0
688.0
685.0
707.0
725.0
691.0
695.0
717.0
827.0
690.0
705.0
680.0
697.0
738.0
693.0
718.0
701.0
675.0
790.0
782.0
674.0
711.0
737.0
673.0
648.0
663.0
714.0
674.0
715.0
789.0
738.0
667.0
702.0
689.0
677.0
711.0
687.0
610.0
692.0
716.0
677.0
725.0
674.0
700.0
784.0
721.0
661.0
694.0
706.0
701.0
814.0
690.0
666.0
680.0
714.0
714.0
617.0
757.0
687.0
656.0
738.0
801.0
727.0
692.0
722.0
844.0
1244.0
717.0
682.0
653.0
737.0
717.0
600.0
765.0
674.0
694.0
654.0
658.0
660.0
682.0
681.0
740.0
687.0
669.0
676.0
786.0
666.0
627.0
692.0
760.0
704.0
754.0
683.0
717.0
698.0
653.0
692.0
678.0
658.0
672.0
