613.0
598.0
652.0
706.0
588.0
617.0
674.0
654.0
612.0
611.0
653.0
627.0
617.0
811.0
612.0
648.0
618.0
634.0
685.0
653.0
745.0
628.0
605.0
651.0
615.0
654.0
562.0
760.0
685.0
626.0
613.0
604.0
634.0
617.0
686.0
629.0
628.0
617.0
578.0
617.0
612.0
622.0
632.0
636.0
599.0
588.0
633.0
628.0
641.0
686.0
749.0
727.0
578.0
769.0
605.0
634.0
588.0
621.0
676.0
707.0
646.0
666.0
594.0
603.0
585.0
658.0
594.0
633.0
608.0
610.0
721.0
830.0
606.0
634.0
633.0
683.0
709.0
614.0
670.0
700.0
786.0
630.0
638.0
619.0
665.0
669.0
656.0
603.0
631.0
709.0
622.0
628.0
697.0
634.0
686.0
609.0
687.0
773.0
724.0
624.0
604.0
633.0
593.0
673.0
628.0
602.0
564.0
672.0
820.0
614.0
756.0
640.0
611.0
644.0
636.0
816.0
606.0
634.0
624.0
697.0
681.0
745.0
623.0
602.0
608.0
618.0
609.0
589.0
598.0
652.0
674.0
674.0
618.0
727.0
665.0
689.0
672.0
629.0
616.0
618.0
699.0
635.0
592.0
677.0
645.0
675.0
608.0
853.0
613.0
642.0
715.0
696.0
595.0
807.0
632.0
638.0
617.0
681.0
637.0
610.0
612.0
575.0
689.0
587.0
733.0
652.0
648.0
630.0
711.0
626.0
620.0
626.0
564.0
685.0
638.0
638.0
608.0
627.0
618.0
624.0
729.0
641.0
619.0
634.0
646.0
602.0
698.0
609.0
656.0
614.0
648.0
619.0
608.0
604.0
720.0
617.0
616.0
598.0
638.0
701.0
594.0
665.0
779.0
654.0
635.0
611.0
662.0
660.0
676.0
680.0
578.0
596.0
734.0
602.0
783.0
626.0
656.0
710.0
628.0
635.0
637.0
664.0
613.0
593.0
602.0
650.0
651.0
652.0
627.0
635.0
677.0
686.0
565.0
629.0
658.0
727.0
599.0
740.0
658.0
635.0
580.0
622.0
663.0
611.0
696.0
698.0
635.0
598.0
618.0
660.0
622.0
582.0
654.0
609.0
775.0
731.0
586.0
621.0
661.0
649.0
751.0
642.0
604.0
635.0
614.0
649.0
610.0
645.0
643.0
640.0
656.0
647.0
665.0
632.0
606.0
715.0
608.0
628.0
684.0
635.0
629.0
620.0
638.0
690.0
618.0
646.0
656.0
656.0
657.0
604.0
602.0
772.0
762.0
638.0
622.0
608.0
615.0
613.0
840.0
632.0
608.0
645.0
622.0
629.0
665.0
629.0
605.0
600.0
604.0
763.0
744.0
670.0
590.0
673.0
601.0
745.0
605.0
618.0
608.0
613.0
654.0
629.0
682.0
661.0
622.0
608.0
660.0
638.0
688.0
660.0
662.0
659.0
622.0
641.0
712.0
663.0
580.0
654.0
708.0
612.0
593.0
695.0
643.0
688.0
698.0
661.0
676.0
645.0
642.0
626.0
638.0
648.0
682.0
657.0
733.0
631.0
650.0
654.0
644.0
609.0
601.0
617.0
617.0
677.0
616.0
628.0
644.0
606.0
605.0
617.0
660.0
642.0
592.0
572.0
585.0
616.0
749.0
622.0
613.0
609.0
610.0
644.0
618.0
589.0
612.0
605.0
630.0
648.0
617.0
625.0
655.0
653.0
608.0
616.0
645.0
811.0
598.0
629.0
606.0
626.0
611.0
570.0
620.0
657.0
649.0
665.0
701.0
684.0
618.0
688.0
597.0
585.0
661.0
634.0
589.0
745.0
754.0
641.0
611.0
626.0
611.0
605.0
592.0
613.0
746.0
580.0
640.0
631.0
648.0
749.0
617.0
617.0
786.0
646.0
602.0
735.0
589.0
654.0
603.0
644.0
608.0
706.0
691.0
586.0
773.0
608.0
669.0
699.0
735.0
704.0
610.0
647.0
670.0
614.0
621.0
634.0
640.0
598.0
654.0
618.0
677.0
646.0
737.0
773.0
857.0
596.0
784.0
626.0
725.0
653.0
577.0
610.0
665.0
630.0
640.0
596.0
589.0
727.0
790.0
692.0
