0.793226487053848
0.8006069170670117
0.7238586321066613
0.7075917075418645
0.8988877743188612
0.6100186303637796
0.5456323219736303
0.7563924812362552
0.7747754120209389
0.7238586321066613
0.9609705583947905
0.6369564907097117
0.7368721717584991
0.720605247193702
0.7563924812362552
1.3261469362472427
0.6558129929518642
0.6315689186405253
0.9166257126262696
0.7368721717584991
1.4409225000295123
0.7747754120209389
0.6719757091594234
0.7303654019325801
0.6342627046751185
0.5965497001908137
0.639650276744305
1.0949094770860648
0.7140984773677832
0.5911621281216272
0.6719757091594234
0.7043383226289051
0.6477316348480846
0.6450378488134914
0.7600145519946115
0.6207937745021525
0.8264384221130847
0.6477316348480846
0.6450378488134914
0.5524018416945854
0.9521015892410862
0.6719757091594234
0.9121912280494174
3.743954213170321
0.7466323264973771
0.6719757091594234
0.4755389259330827
1.0495725498623454
0.6913247829770676
0.639650276744305
1.1802170984501847
0.7303654019325801
0.8678463822808964
0.6046310582945932
0.49023851081400915
0.6019372722599999
0.7368721717584991
0.7173518622807425
0.6848180131511489
0.9166257126262696
0.6558129929518642
1.931045443885541
0.6369564907097117
0.6558129929518642
0.6880713980641083
0.46635168538250377
0.4158976219898886
1.0008809195864594
0.6046310582945932
0.9875774658559031
0.6477316348480846
0.7498857114103364
0.7563924812362552
0.5911621281216272
0.5938559141562204
0.41438666259355367
1.1402464043097844
0.8301286371196664
0.6450378488134914
0.6477316348480846
0.7498857114103364
0.4626767891622721
0.7895362720472663
0.5012631994747039
0.7075917075418645
0.6207937745021525
0.8545429285503401
0.7747754120209389
0.5992434862254068
0.983142981279051
1.3530603205730813
0.5659408811364958
0.6848180131511489
0.5433758153999785
0.793226487053848
0.7043383226289051
0.5772234140047545
0.7531390963232958
0.6978315528029864
0.47370147782296695
0.5965497001908137
0.8589774131271922
0.5366062956790233
0.694578167890027
0.6719757091594234
0.5546583482682372
0.5727104008574511
0.5938559141562204
0.5614278679891923
0.793226487053848
0.7336187868455396
0.7710851970143571
0.5456323219736303
0.6234875605367456
0.694578167890027
0.6880713980641083
0.6504254208826777
0.639650276744305
0.6477316348480846
0.9254946817799737
0.7368721717584991
0.5749669074311028
0.8988877743188612
0.7108450924548239
1.7903760239581055
0.7238586321066613
0.6692819231248301
0.6815646282381894
0.5366062956790233
0.7466323264973771
0.7637047670011934
0.793226487053848
0.9698395275484948
0.6180999884675592
0.6978315528029864
0.4332776194004195
0.6504254208826777
0.42592782695995623
0.7140984773677832
1.4089726165908103
0.639650276744305
0.5659408811364958
0.9565360738179384
1.2436648540141226
1.3530603205730813
0.7637047670011934
0.409853784404549
1.174249099727574
0.7600145519946115
0.5095282167952025
0.6315689186405253
0.5992434862254068
0.7563924812362552
0.7710851970143571
1.5128097377665923
0.8190579920999209
0.8301286371196664
0.5965497001908137
0.8944532897420091
0.7238586321066613
0.8079873470801755
0.8264384221130847
0.6913247829770676
0.6423440627788981
0.7303654019325801
0.6719757091594234
0.6978315528029864
1.4888473251875658
0.8338188521262483
0.547888828547282
2.184250399754926
0.6342627046751185
0.7368721717584991
0.7401255566714583
0.7108450924548239
0.9609705583947905
0.581736427152058
1.174249099727574
0.7600145519946115
0.9742740121253468
0.8190579920999209
0.7498857114103364
0.5230672562371129
0.5501453351209337
0.6692819231248301
1.1402464043097844
1.4089726165908103
0.6019372722599999
0.7673949820077752
0.6692819231248301
0.7140984773677832
0.6848180131511489
0.6423440627788981
0.7140984773677832
0.5050152036478991
0.8589774131271922
0.7173518622807425
0.5862494402993614
0.6558129929518642
0.7140984773677832
0.720605247193702
0.5614278679891923
0.6815646282381894
0.7401255566714583
0.41438666259355367
0.7303654019325801
0.6750578584122707
0.7368721717584991
1.5653523502168205
0.45716444483192475
0.6046310582945932
1.0325712021534503
0.7303654019325801
0.7108450924548239
1.5828990309333644
1.1062437088919945
0.5965497001908137
0.694578167890027
0.6180999884675592
0.8722808668577485
0.6848180131511489
1.0609067816682751
0.6692819231248301
0.6692819231248301
0.7563924812362552
0.7043383226289051
0.7271120170196208
0.9875774658559031
0.6423440627788981
0.6288751326059321
0.615406202432966
0.6180999884675592
0.9033222588957132
0.7238586321066613
0.7784656270275206
1.0008809195864594
0.6692819231248301
0.8456739593966359
0.7969167020604299
0.6638943510556439
1.0099027385415906
0.9875774658559031
0.5965497001908137
0.6719757091594234
1.05523966576531
0.6783112433252301
0.6612005650210506
0.8301286371196664
0.5591713614155406
0.5911621281216272
0.7303654019325801
1.0609067816682751
1.1062437088919945
0.6127124163983728
0.6848180131511489
0.5614278679891923
3.0704677452977744
0.5749669074311028
0.720605247193702
0.6450378488134914
3.484892165015421
0.6848180131511489
0.720605247193702
0.7401255566714583
0.6180999884675592
1.4009851457311346
0.6585067789864574
1.1289121725038544
0.7821558420341026
0.9698395275484948
0.8264384221130847
0.793226487053848
0.42776527507007206
0.8678463822808964
0.7563924812362552
0.6848180131511489
0.653119206917271
0.6719757091594234
0.6261813465713388
0.6423440627788981
0.5862494402993614
0.6369564907097117
0.6450378488134914
0.5911621281216272
0.6880713980641083
0.6978315528029864
0.6978315528029864
0.5911621281216272
0.7784656270275206
0.4718640297128512
0.6978315528029864
0.6558129929518642
0.6261813465713388
0.45348954861169316
0.6880713980641083
0.6261813465713388
0.44797720428134585
0.6750578584122707
0.6913247829770676
1.7059743720016436
0.6046310582945932
0.7531390963232958
0.7368721717584991
0.6750578584122707
0.8153677770933391
1.1865618740065786
0.6423440627788981
0.48472616648366174
0.4222529307397246
0.9299291663568258
0.7969167020604299
0.7563924812362552
0.7784656270275206
0.6978315528029864
0.5911621281216272
0.9875774658559031
0.7173518622807425
0.8944532897420091
1.0269040862504852
0.556914854841889
0.6692819231248301
1.5565790098585488
0.6315689186405253
0.694578167890027
0.9033222588957132
0.6288751326059321
1.0099027385415906
0.5320932825317198
0.8338188521262483
0.8153677770933391
0.5366062956790233
1.0099027385415906
0.6046310582945932
0.7498857114103364
0.6558129929518642
0.6815646282381894
0.5050152036478991
0.6073248443291863
1.5653523502168205
0.44981465239146157
0.8006069170670117
0.6848180131511489
1.1005765929890297
0.9343636509336779
0.8375090671328301
1.1062437088919945
0.7600145519946115
0.5591713614155406
0.9521015892410862
0.6315689186405253
1.1062437088919945
0.6612005650210506
0.7043383226289051
0.7401255566714583
0.8811498360114528
0.8338188521262483
0.7140984773677832
0.581736427152058
0.6127124163983728
0.5117847233688543
0.5772234140047545
0.8042971320735937
0.8227482071065029
0.7075917075418645
0.6638943510556439
0.8855843205883048
0.6369564907097117
1.0269040862504852
0.7466323264973771
0.6019372722599999
0.9254946817799737
0.6638943510556439
0.653119206917271
0.9166257126262696
0.7858460570406844
0.615406202432966
0.5366062956790233
0.7238586321066613
0.7821558420341026
0.5727104008574511
0.8456739593966359
0.5965497001908137
0.5749669074311028
0.8338188521262483
0.6342627046751185
1.1865618740065786
0.6504254208826777
0.6261813465713388
0.8006069170670117
0.6880713980641083
0.6180999884675592
0.7784656270275206
0.93879813551053
0.6261813465713388
0.7140984773677832
0.5992434862254068
0.43695251562065107
0.615406202432966
1.3530603205730813
1.3690352622924324
0.5411193088263268
0.7969167020604299
0.9121912280494174
0.8264384221130847
0.5885059468730132
0.7238586321066613
1.2944230584652734
1.4169600874504855
1.0949094770860648
0.639650276744305
0.9609705583947905
0.6261813465713388
0.581736427152058
0.5546583482682372
1.2246305273449414
0.9299291663568258
0.6019372722599999
0.6913247829770676
0.639650276744305
0.4174085813862235
0.6585067789864574
0.615406202432966
0.6234875605367456
0.9742740121253468
0.7784656270275206
0.6585067789864574
0.514041229942506
0.6978315528029864
0.9299291663568258
1.3690352622924324
1.2436648540141226
0.5208107496634613
0.7108450924548239
0.8456739593966359
0.653119206917271
0.9121912280494174
0.6127124163983728
0.5992434862254068
0.5839929337257097
0.6783112433252301
0.666588137090237
0.6423440627788981
0.43695251562065107
1.3324917118036361
0.6783112433252301
0.5411193088263268
0.694578167890027
2.113915689791208
0.48472616648366174
0.8988877743188612
1.3610477914327568
0.7075917075418645
0.5320932825317198
0.5388628022526751
0.4332776194004195
0.8545429285503401
0.7010849377159457
0.666588137090237
0.9521015892410862
0.5031006475848198
0.8042971320735937
0.4222529307397246
0.8988877743188612
0.7075917075418645
0.5456323219736303
0.6913247829770676
0.653119206917271
0.6288751326059321
0.7368721717584991
0.6719757091594234
0.6880713980641083
0.8301286371196664
0.5862494402993614
0.6423440627788981
0.666588137090237
0.7075917075418645
0.6815646282381894
0.6261813465713388
0.890018805165157
0.6880713980641083
0.793226487053848
0.5992434862254068
0.8301286371196664
0.720605247193702
0.8634118977040443
0.694578167890027
0.6504254208826777
0.8227482071065029
0.7531390963232958
0.5911621281216272
1.0008809195864594
1.2182857517885475
0.7108450924548239
0.7108450924548239
0.7673949820077752
0.7433789415844178
0.7563924812362552
0.666588137090237
0.581736427152058
0.6127124163983728
1.5128097377665923
0.44797720428134585
0.6019372722599999
0.5681973877101476
0.6783112433252301
0.7140984773677832
0.7108450924548239
0.6815646282381894
0.8944532897420091
0.7140984773677832
0.7368721717584991
1.1629148679216441
0.46451423727238794
0.6450378488134914
0.653119206917271
0.7108450924548239
1.2690439562396982
0.5614278679891923
0.7637047670011934
0.7784656270275206
0.5591713614155406
1.174249099727574
0.6815646282381894
0.8678463822808964
1.0325712021534503
1.5741256905750924
0.8338188521262483
1.1232450566008896
0.9254946817799737
0.5659408811364958
0.514041229942506
0.7010849377159457
0.666588137090237
