0.5708254650387733
0.6059717051558079
0.7582327311651289
0.6505319312243351
0.5882374733203467
0.5807751840568152
0.5136145806850319
0.994797622779451
0.721262096661141
1.7456455831792264
0.5683380352842626
0.8419953865809888
0.6237957955832187
0.5136145806850319
0.6030010234179062
0.5086397211760108
1.1556183347231281
0.6505319312243351
2.216138114933718
0.7821701125693037
0.6911905829543474
0.5136145806850319
0.7861596761366662
0.7446510517664251
0.8220657482429281
0.6594439764380404
0.7279446552626508
1.0437513513502061
0.6000303416800044
0.5534134567571997
0.620825113845317
1.2542042100413868
0.975207592497597
1.4853993571158315
0.5384888782301367
0.2997485852292016
0.5633631757752418
0.7702014218672163
0.6945318622551023
0.5882374733203467
0.6778254657513278
0.6386492042727278
0.3132651393918503
0.5882374733203467
0.7012144208566119
0.8694214289755846
0.8890114592574386
1.440546023782498
0.5658506055297521
0.8140866211082032
0.6267664773211206
0.7045557001573668
0.5882374733203467
0.8694214289755846
0.9360275319338887
0.6535026129622368
0.7981283668387534
0.5857500435658362
0.620825113845317
0.4915818638737782
0.9203555077084054
0.5409763079846472
0.8929294653138096
0.5832626138113256
0.6445905677485314
0.6059717051558079
0.6416198860106296
0.4813730753328702
0.5161020104395423
0.6267664773211206
0.5409763079846472
0.5210768699485633
0.5658506055297521
0.5559008865117101
0.5583883162662208
0.6505319312243351
0.6089423868937097
0.6267664773211206
0.620825113845317
0.6878493036535925
0.5633631757752418
1.002633634892193
0.6386492042727278
0.8300448753776529
0.7901492397040285
0.620825113845317
1.1556183347231281
0.6327078407969242
1.0117893561008
0.8890114592574386
1.3687806904491646
0.6000303416800044
0.6624146581759423
0.5185894401940527
0.5509260270026892
0.6267664773211206
0.7662118582998538
0.5733128947932837
0.5509260270026892
0.34796279155104703
1.2133293619247407
0.5608757460207312
0.8260553118102905
0.6267664773211206
0.5583883162662208
0.6089423868937097
0.5832626138113256
0.4017115432986004
0.6178544321074151
0.4813730753328702
1.9167337765444963
0.295693618980407
0.6327078407969242
0.6811667450520827
0.5733128947932837
1.7171308842850148
0.5882374733203467
0.6148837503695134
1.1156658406613702
0.5434637377391578
0.5708254650387733
0.6945318622551023
0.4956653792901415
1.1316468382860736
0.9007654774265512
0.5882374733203467
0.9203555077084054
0.5832626138113256
0.4242038595037854
0.5940889782042007
0.8576674108064721
0.5857500435658362
0.861585416862843
0.5384888782301367
0.8380240025123779
0.5940889782042007
0.6178544321074151
0.975207592497597
0.5708254650387733
0.5857500435658362
0.5940889782042007
0.6327078407969242
0.5857500435658362
0.6653853399138441
0.7741909854345786
0.9830436046103387
0.28758368648281785
0.5882374733203467
0.5310265889666053
0.5911182964662989
0.6148837503695134
0.5260517294575843
0.5857500435658362
0.6744841864505732
0.6327078407969242
0.5658506055297521
0.9360275319338887
0.5758003245477942
0.8929294653138096
0.6535026129622368
1.467458023782498
1.1316468382860736
1.5731437246216746
0.8811754471446972
1.6165613807910086
0.4446214365856014
0.74799233106718
1.1156658406613702
0.4101097857591556
0.5857500435658362
0.6416198860106296
0.6811667450520827
0.6237957955832187
0.5683380352842626
0.6535026129622368
0.5832626138113256
0.5658506055297521
0.4487049520019647
0.885093453201068
0.5911182964662989
0.8419953865809888
0.9203555077084054
0.5559008865117101
0.6535026129622368
0.5509260270026892
1.2065168872386327
0.8340344389450154
0.7346272138641606
0.6505319312243351
0.7781805490019412
0.5534134567571997
0.5409763079846472
0.5758003245477942
1.2405792606691715
0.7582327311651289
0.7413097724656702
0.9791255985539677
0.794138803271391
0.5708254650387733
0.8890114592574386
0.9869616106667095
0.47116428679196226
0.7179208173603862
0.6624146581759423
0.8061074939734784
0.9634535743284846
0.6744841864505732
0.5210768699485633
0.6297371590590224
0.5807751840568152
0.3983522463143783
0.48954010616559657
1.8026749809676499
0.7078969794581217
0.6911905829543474
0.6297371590590224
0.5832626138113256
0.5335140187211158
0.5911182964662989
0.5882374733203467
0.5911182964662989
0.908601489539293
0.9438635440466304
0.861585416862843
1.2678291594136024
0.5758003245477942
0.5782877543023046
0.5459511674936682
1.0065516409485638
0.5136145806850319
0.6416198860106296
0.5857500435658362
0.5782877543023046
1.0517418501625577
0.6267664773211206
0.6878493036535925
0.6878493036535925
0.5857500435658362
0.5235642997030737
0.5335140187211158
0.5882374733203467
0.6327078407969242
0.7546748896686896
0.9007654774265512
0.6445905677485314
0.6386492042727278
0.6178544321074151
0.6000303416800044
0.5559008865117101
0.6416198860106296
0.7078969794581217
0.6327078407969242
0.794138803271391
0.5409763079846472
0.6089423868937097
0.5882374733203467
0.5882374733203467
0.5708254650387733
0.5260517294575843
0.5708254650387733
0.6505319312243351
0.5086397211760108
0.8380240025123779
0.32948500438702866
0.5534134567571997
0.6059717051558079
0.7078969794581217
0.8968474713701805
0.33624328146835303
0.5409763079846472
0.6178544321074151
0.7179208173603862
0.4629972559592358
0.6119130686316115
0.5384888782301367
0.724603375961896
0.3429238460747139
0.5285391592120948
0.6356785225348259
0.5260517294575843
0.6713267033896476
1.6339284432587424
0.5832626138113256
0.6653853399138441
0.8380240025123779
0.5658506055297521
0.38155576139326786
0.6178544321074151
0.5161020104395423
0.7513336103679348
0.5260517294575843
0.5708254650387733
0.6297371590590224
0.998715628835822
0.8655034229192139
0.7546748896686896
0.6564732947001386
0.6297371590590224
0.5782877543023046
0.6356785225348259
0.6178544321074151
0.9516995561593721
0.5708254650387733
0.6267664773211206
0.5608757460207312
0.5459511674936682
0.5940889782042007
0.5733128947932837
0.6535026129622368
0.5658506055297521
0.4936236215819598
0.7901492397040285
0.6811667450520827
0.5807751840568152
0.6297371590590224
0.31191348397558544
0.6624146581759423
0.6089423868937097
0.5911182964662989
0.6148837503695134
0.5633631757752418
0.5658506055297521
0.8498313986937306
0.5061522914215003
0.5235642997030737
0.8380240025123779
0.6811667450520827
0.5807751840568152
0.8260553118102905
0.5857500435658362
1.5470931309200742
0.4834148330410519
0.8419953865809888
0.5384888782301367
0.5260517294575843
0.794138803271391
0.8061074939734784
0.5111271509305213
0.6778254657513278
0.5360014484756261
0.6178544321074151
0.5409763079846472
0.5782877543023046
0.6356785225348259
0.5807751840568152
0.5683380352842626
0.5633631757752418
0.5459511674936682
0.5970596599421025
0.37315751893271265
0.5758003245477942
0.8419953865809888
0.6624146581759423
0.6911905829543474
0.6148837503695134
0.6416198860106296
0.6911905829543474
0.5409763079846472
0.5161020104395423
0.5409763079846472
0.5970596599421025
0.6089423868937097
0.5708254650387733
0.4101097857591556
1.2133293619247407
0.7901492397040285
1.1636088335354795
0.6416198860106296
0.6911905829543474
0.5583883162662208
0.5807751840568152
0.5733128947932837
0.3011002406454665
0.7045557001573668
0.7179208173603862
0.8140866211082032
0.5086397211760108
0.6683560216517459
0.6000303416800044
0.5608757460207312
0.6119130686316115
0.5384888782301367
0.6445905677485314
0.5608757460207312
0.8929294653138096
0.32678169355449893
0.6564732947001386
0.5857500435658362
0.5260517294575843
0.7981283668387534
0.6683560216517459
0.5534134567571997
0.7702014218672163
0.7012144208566119
0.6148837503695134
1.8454470293089669
0.5434637377391578
0.7741909854345786
0.5857500435658362
0.620825113845317
0.4629972559592358
0.5733128947932837
1.1715993323478313
0.6148837503695134
0.5285391592120948
0.6653853399138441
0.6178544321074151
0.487498348457415
0.6811667450520827
0.7179208173603862
0.7346272138641606
0.5857500435658362
0.7279446552626508
0.8100970575408406
0.5708254650387733
0.6267664773211206
0.5708254650387733
0.7622222947324914
0.5111271509305213
0.4793313176246886
0.7112382587588766
1.5470931309200742
0.7741909854345786
0.7861596761366662
0.3240783827219692
0.5758003245477942
0.8061074939734784
0.6148837503695134
0.8100970575408406
0.904683483482922
0.5970596599421025
0.5882374733203467
0.6327078407969242
0.5940889782042007
0.5534134567571997
0.8694214289755846
0.5658506055297521
0.7513336103679348
0.5633631757752418
0.5434637377391578
0.794138803271391
0.8537494047501012
0.5210768699485633
0.7446510517664251
0.7861596761366662
0.5360014484756261
0.5559008865117101
0.8300448753776529
0.5559008865117101
0.6878493036535925
1.1715993323478313
1.083703845411964
0.8733394350319555
0.5559008865117101
0.74799233106718
0.6535026129622368
1.2065168872386327
0.7312859345634056
0.5758003245477942
1.5470931309200742
0.5111271509305213
0.8576674108064721
0.7513336103679348
1.2610166847274948
0.7179208173603862
0.5733128947932837
0.5285391592120948
0.31461679480811516
0.6237957955832187
0.6089423868937097
0.6416198860106296
0.5260517294575843
0.6000303416800044
0.7045557001573668
0.7112382587588766
0.3335399706358233
0.5384888782301367
0.42828737492014857
0.6089423868937097
0.6297371590590224
0.74799233106718
1.083703845411964
1.0277703537255032
0.5782877543023046
0.5940889782042007
0.6148837503695134
0.5335140187211158
1.0916943442243154
0.3630796279800464
0.5683380352842626
0.5484385972481787
0.6535026129622368
6.972354022920945
1.1316468382860736
0.497707136998323
0.6267664773211206
0.6178544321074151
0.5940889782042007
0.5384888782301367
0.5409763079846472
0.5970596599421025
0.5758003245477942
0.9438635440466304
0.6237957955832187
0.5807751840568152
0.5832626138113256
0.7582327311651289
1.873961728203179
0.5161020104395423
0.5633631757752418
0.6297371590590224
0.5061522914215003
0.8655034229192139
0.35636103401160224
0.6445905677485314
0.5235642997030737
0.6178544321074151
0.5038324101228678
0.5038324101228678
0.5534134567571997
0.6845080243528376
0.9712895864412263
0.47728955991650696
0.5534134567571997
0.6744841864505732
0.5409763079846472
0.5335140187211158
0.6297371590590224
0.6356785225348259
1.2269543112969559
0.5086397211760108
0.6178544321074151
0.5970596599421025
0.5940889782042007
0.4487049520019647
0.5658506055297521
0.6624146581759423
0.6030010234179062
0.5459511674936682
0.5136145806850319
0.7741909854345786
0.5857500435658362
0.45891374054287265
0.5857500435658362
0.5658506055297521
0.5857500435658362
0.8260553118102905
0.5235642997030737
0.5409763079846472
0.5285391592120948
0.29839692981293675
0.6178544321074151
0.7379684931649154
0.5459511674936682
0.5335140187211158
0.5970596599421025
0.9634535743284846
1.002633634892193
0.9007654774265512
0.6475612494864332
0.6878493036535925
0.8220657482429281
0.5658506055297521
0.4084301372670446
0.9007654774265512
0.975207592497597
0.7279446552626508
0.6000303416800044
