698.0
694.0
685.0
684.0
673.0
656.0
720.0
738.0
669.0
683.0
658.0
754.0
809.0
710.0
699.0
794.0
649.0
658.0
689.0
889.0
663.0
771.0
594.0
709.0
699.0
789.0
758.0
717.0
674.0
667.0
661.0
668.0
646.0
677.0
661.0
706.0
926.0
709.0
646.0
666.0
731.0
684.0
759.0
727.0
681.0
674.0
641.0
781.0
650.0
743.0
666.0
653.0
725.0
653.0
712.0
673.0
652.0
666.0
568.0
685.0
694.0
848.0
689.0
582.0
667.0
823.0
674.0
566.0
678.0
754.0
674.0
688.0
665.0
632.0
670.0
702.0
676.0
715.0
674.0
648.0
648.0
572.0
659.0
689.0
694.0
794.0
736.0
724.0
666.0
639.0
587.0
693.0
723.0
754.0
592.0
749.0
645.0
652.0
651.0
668.0
690.0
724.0
667.0
717.0
694.0
590.0
677.0
804.0
651.0
613.0
710.0
672.0
747.0
721.0
802.0
689.0
683.0
721.0
810.0
653.0
628.0
710.0
774.0
650.0
699.0
706.0
657.0
761.0
656.0
586.0
703.0
721.0
657.0
710.0
584.0
706.0
708.0
737.0
699.0
878.0
738.0
661.0
590.0
653.0
698.0
672.0
711.0
705.0
776.0
732.0
809.0
740.0
634.0
686.0
778.0
669.0
825.0
731.0
690.0
701.0
751.0
688.0
716.0
661.0
685.0
676.0
691.0
657.0
684.0
681.0
784.0
654.0
721.0
781.0
693.0
657.0
802.0
677.0
802.0
628.0
641.0
665.0
634.0
666.0
708.0
657.0
683.0
627.0
747.0
702.0
616.0
658.0
649.0
680.0
657.0
705.0
823.0
664.0
750.0
689.0
714.0
684.0
673.0
786.0
770.0
657.0
670.0
661.0
637.0
694.0
672.0
674.0
717.0
650.0
674.0
640.0
693.0
665.0
635.0
782.0
758.0
781.0
687.0
730.0
633.0
711.0
686.0
722.0
699.0
662.0
745.0
627.0
670.0
649.0
698.0
800.0
780.0
713.0
691.0
672.0
691.0
776.0
731.0
625.0
694.0
682.0
686.0
765.0
657.0
582.0
667.0
765.0
739.0
780.0
657.0
674.0
676.0
721.0
701.0
677.0
816.0
698.0
677.0
661.0
646.0
631.0
685.0
744.0
672.0
642.0
778.0
648.0
566.0
717.0
682.0
848.0
699.0
654.0
666.0
754.0
728.0
763.0
682.0
654.0
656.0
693.0
667.0
650.0
640.0
793.0
740.0
581.0
773.0
695.0
668.0
713.0
749.0
691.0
672.0
978.0
736.0
657.0
657.0
733.0
729.0
636.0
689.0
585.0
837.0
587.0
665.0
722.0
682.0
703.0
641.0
666.0
693.0
684.0
650.0
784.0
690.0
737.0
793.0
777.0
629.0
613.0
710.0
658.0
813.0
652.0
721.0
672.0
653.0
686.0
637.0
698.0
685.0
646.0
727.0
757.0
645.0
744.0
760.0
623.0
647.0
650.0
953.0
693.0
587.0
676.0
822.0
670.0
694.0
689.0
668.0
698.0
660.0
636.0
773.0
689.0
682.0
678.0
879.0
688.0
758.0
683.0
678.0
661.0
665.0
644.0
679.0
696.0
695.0
764.0
692.0
631.0
578.0
784.0
737.0
734.0
820.0
791.0
680.0
717.0
699.0
567.0
682.0
862.0
707.0
684.0
673.0
663.0
642.0
759.0
678.0
658.0
595.0
674.0
660.0
877.0
650.0
715.0
655.0
586.0
757.0
908.0
594.0
695.0
706.0
670.0
678.0
566.0
666.0
690.0
690.0
646.0
723.0
698.0
821.0
690.0
687.0
642.0
722.0
729.0
677.0
708.0
805.0
586.0
685.0
653.0
698.0
660.0
651.0
667.0
666.0
696.0
714.0
762.0
833.0
688.0
722.0
667.0
669.0
681.0
686.0
670.0
726.0
734.0
630.0
662.0
644.0
778.0
665.0
730.0
632.0
587.0
693.0
721.0
711.0
778.0
731.0
694.0
819.0
680.0
720.0
650.0
677.0
676.0
693.0
692.0
735.0
653.0
745.0
775.0
717.0
649.0
683.0
650.0
677.0
709.0
754.0
677.0
642.0
730.0
691.0
705.0
692.0
713.0
640.0
754.0
719.0
706.0
804.0
674.0
676.0
673.0
663.0
686.0
685.0
662.0
644.0
657.0
680.0
695.0
644.0
644.0
645.0
651.0
745.0
642.0
700.0
613.0
692.0
661.0
648.0
661.0
629.0
674.0
722.0
665.0
747.0
754.0
709.0
