666.0
669.0
677.0
715.0
769.0
669.0
677.0
662.0
706.0
666.0
798.0
792.0
653.0
721.0
842.0
662.0
832.0
678.0
781.0
712.0
773.0
696.0
734.0
654.0
701.0
667.0
718.0
674.0
682.0
678.0
690.0
905.0
663.0
646.0
703.0
673.0
690.0
662.0
746.0
706.0
724.0
672.0
685.0
609.0
656.0
665.0
693.0
873.0
672.0
696.0
731.0
684.0
729.0
718.0
663.0
678.0
665.0
785.0
714.0
717.0
716.0
700.0
681.0
703.0
689.0
693.0
702.0
694.0
694.0
605.0
688.0
691.0
720.0
748.0
697.0
716.0
681.0
665.0
665.0
707.0
658.0
718.0
662.0
651.0
658.0
701.0
677.0
666.0
746.0
715.0
723.0
670.0
677.0
656.0
717.0
666.0
699.0
682.0
735.0
599.0
658.0
678.0
720.0
722.0
669.0
750.0
694.0
855.0
709.0
687.0
686.0
693.0
690.0
667.0
849.0
667.0
674.0
692.0
716.0
677.0
740.0
800.0
667.0
706.0
677.0
680.0
718.0
689.0
668.0
687.0
894.0
709.0
701.0
685.0
680.0
677.0
680.0
673.0
610.0
643.0
687.0
693.0
756.0
784.0
676.0
740.0
701.0
665.0
689.0
662.0
726.0
775.0
722.0
628.0
670.0
692.0
681.0
669.0
688.0
685.0
661.0
714.0
679.0
588.0
703.0
712.0
650.0
662.0
688.0
757.0
720.0
697.0
678.0
695.0
699.0
697.0
766.0
802.0
708.0
746.0
652.0
705.0
652.0
666.0
717.0
667.0
675.0
673.0
709.0
653.0
714.0
667.0
675.0
813.0
790.0
747.0
673.0
717.0
682.0
693.0
669.0
715.0
664.0
701.0
695.0
662.0
717.0
714.0
667.0
684.0
717.0
598.0
749.0
666.0
714.0
674.0
1054.0
652.0
694.0
696.0
681.0
822.0
751.0
702.0
586.0
660.0
728.0
866.0
656.0
692.0
705.0
654.0
622.0
686.0
680.0
718.0
743.0
765.0
701.0
668.0
720.0
629.0
737.0
834.0
689.0
708.0
690.0
738.0
670.0
733.0
718.0
662.0
750.0
677.0
737.0
725.0
634.0
722.0
617.0
690.0
737.0
689.0
664.0
682.0
612.0
701.0
660.0
811.0
723.0
690.0
688.0
724.0
698.0
785.0
740.0
680.0
642.0
583.0
749.0
723.0
695.0
680.0
791.0
726.0
689.0
676.0
732.0
853.0
700.0
658.0
893.0
670.0
662.0
774.0
796.0
760.0
716.0
709.0
621.0
705.0
657.0
680.0
741.0
690.0
589.0
669.0
761.0
695.0
856.0
700.0
704.0
746.0
849.0
746.0
651.0
693.0
670.0
676.0
672.0
737.0
779.0
664.0
661.0
664.0
682.0
665.0
681.0
686.0
677.0
697.0
721.0
664.0
703.0
693.0
693.0
676.0
682.0
688.0
632.0
654.0
658.0
590.0
605.0
625.0
690.0
684.0
702.0
693.0
714.0
687.0
719.0
659.0
754.0
742.0
666.0
699.0
724.0
706.0
672.0
692.0
701.0
689.0
695.0
672.0
733.0
730.0
690.0
730.0
683.0
693.0
703.0
672.0
680.0
694.0
676.0
682.0
734.0
866.0
766.0
699.0
679.0
598.0
702.0
690.0
698.0
648.0
687.0
674.0
645.0
727.0
781.0
661.0
675.0
667.0
582.0
694.0
893.0
679.0
663.0
711.0
681.0
700.0
679.0
651.0
698.0
650.0
665.0
622.0
730.0
660.0
709.0
680.0
928.0
658.0
756.0
687.0
708.0
716.0
724.0
750.0
662.0
705.0
660.0
674.0
683.0
695.0
676.0
737.0
703.0
661.0
691.0
667.0
714.0
700.0
747.0
672.0
685.0
834.0
703.0
700.0
737.0
678.0
705.0
712.0
817.0
659.0
657.0
684.0
674.0
685.0
685.0
678.0
644.0
672.0
654.0
733.0
882.0
706.0
717.0
642.0
630.0
676.0
649.0
669.0
686.0
714.0
676.0
817.0
676.0
691.0
637.0
712.0
757.0
657.0
729.0
688.0
658.0
607.0
746.0
705.0
717.0
