0.6365590608046445
0.5677983263545962
0.9118972703144449
0.5989441670674687
0.7736308826949723
0.492210061134473
0.7030699824886931
0.6585010821513305
0.7987656751478023
0.5867215021823043
0.6490973587170366
0.5677983263545962
0.6428282097608405
0.8507706803689572
0.5989441670674687
0.6146170394579586
0.6490973587170366
0.7210060014460392
0.6459627842389385
0.5840181913497746
3.0566556284238198
0.5732049480196556
0.6271553373703506
0.7210060014460392
0.6020787415455667
0.5867215021823043
0.7610634864685571
0.6114824649798607
0.7652526185440288
0.6020787415455667
0.47898679069422134
0.6647702311075264
0.6490973587170366
0.7778200147704439
0.9679299777644751
0.5989441670674687
0.7245932052375084
0.6490973587170366
0.5732049480196556
0.5867215021823043
0.6887211673228163
0.6679048055856245
0.8456767978734999
0.5958095925893707
0.6365590608046445
0.6052133160236647
0.5299519746991799
0.7652526185440288
0.6052133160236647
0.6365590608046445
0.5515784613594177
0.7030699824886931
0.7987656751478023
1.1525546314473245
1.8377111318767994
0.5434685288618286
0.9220850353053593
0.4437247361868838
0.6553665076732325
0.6743723521569396
0.6459627842389385
0.5705016371871259
0.7694417506195005
0.6958955749057546
0.6240207628922526
0.7138315938631008
0.6083478905017626
0.6616356566294285
0.8711462103507864
0.6271553373703506
0.9679299777644751
0.9984932727372191
0.5813148805172449
0.6271553373703506
0.6647702311075264
0.6887211673228163
0.5759082588521853
0.735354816611916
0.7861982789213872
0.71741879765457
0.7903874109968589
0.735354816611916
0.6114824649798607
0.71741879765457
0.9220850353053593
1.0035871552326763
0.6365590608046445
0.6240207628922526
0.7389420204033853
0.6815467597398779
0.5867215021823043
0.6647702311075264
0.735354816611916
0.34708373102247003
0.5353585963642393
0.6114824649798607
0.8113330713742174
0.5191387313690609
0.6647702311075264
0.3304119642059132
0.7030699824886931
0.6396936352827426
0.6553665076732325
0.5895404436331747
0.6271553373703506
0.6585010821513305
0.7568780393607314
0.5569850830244771
0.34708373102247003
0.7497036317777929
0.7820091468459156
0.6146170394579586
0.5989441670674687
0.6743723521569396
0.5895404436331747
0.5958095925893707
0.6302899118484486
0.5926750181112728
0.6396936352827426
0.6083478905017626
0.7066571862801624
0.5461718396943583
0.7568780393607314
0.5164354205365311
1.7516679909440687
0.4525402498137182
0.7066571862801624
0.6365590608046445
0.6459627842389385
1.032583162117795
0.6240207628922526
0.578611569684715
0.6240207628922526
0.7945765430723306
0.6459627842389385
0.7736308826949723
0.7317676128204469
0.6240207628922526
0.5569850830244771
0.578611569684715
0.5515784613594177
0.9933993902417616
0.6020787415455667
0.8660523278553292
0.6396936352827426
0.7820091468459156
0.7030699824886931
1.0985674702490362
1.1837222017425746
0.7568780393607314
0.896615622828073
0.5759082588521853
0.5759082588521853
0.685133963531347
0.3906306565888131
0.7281804090289776
1.235294694077222
0.6334244863265466
0.6743723521569396
0.6585010821513305
0.735354816611916
0.6490973587170366
0.9526483302781034
0.6365590608046445
0.6396936352827426
0.4944139395411815
0.5461718396943583
0.6240207628922526
0.7281804090289776
0.5895404436331747
0.6616356566294285
0.6020787415455667
0.6553665076732325
0.6779595559484086
0.8915217403326157
0.5650950155220664
0.9933993902417616
0.7030699824886931
0.5958095925893707
0.6553665076732325
0.6208861884141547
0.6365590608046445
0.459151885033844
0.7778200147704439
0.5958095925893707
0.9271789178008168
0.45033637140700955
0.7317676128204469
0.5650950155220664
0.41421857460391553
0.5461718396943583
0.5461718396943583
0.6052133160236647
0.5867215021823043
0.6923083711142854
0.9169911528099022
0.7066571862801624
0.7461164279863237
0.7736308826949723
0.9118972703144449
0.5650950155220664
0.9118972703144449
0.6208861884141547
0.7425292241948545
0.6459627842389385
0.5245453530341204
0.6334244863265466
0.5958095925893707
0.6815467597398779
0.5840181913497746
0.6334244863265466
0.5299519746991799
0.5867215021823043
0.4613557634405526
0.8456767978734999
0.5542817721919474
0.6647702311075264
0.8864278578371584
0.32604313303708204
0.6083478905017626
0.3041989771929261
0.6208861884141547
0.5958095925893707
0.8322787317515759
0.8813339753417011
0.5623917046895367
0.8711462103507864
0.6302899118484486
0.753290835569262
0.6208861884141547
0.7030699824886931
0.7820091468459156
0.6585010821513305
0.6887211673228163
1.1765489253132302
0.9220850353053593
0.5353585963642393
0.538061907196769
0.6334244863265466
0.5989441670674687
0.6958955749057546
0.8456767978734999
0.6616356566294285
0.5407652180292988
0.5623917046895367
0.7138315938631008
0.4569480066271353
0.5650950155220664
0.5677983263545962
0.8813339753417011
0.538061907196769
0.6302899118484486
0.5083254880389421
0.9679299777644751
3.7582223604163225
0.6428282097608405
0.8456767978734999
0.5926750181112728
0.8029548072232741
0.735354816611916
0.5272486638666501
1.0385817355842715
0.6428282097608405
0.5759082588521853
0.7903874109968589
0.5083254880389421
0.5083254880389421
0.5083254880389421
0.6779595559484086
0.9118972703144449
1.2279271951722721
0.8456767978734999
0.6334244863265466
0.6271553373703506
0.6459627842389385
0.5623917046895367
0.6522319331951345
0.6302899118484486
0.6114824649798607
0.6743723521569396
0.71741879765457
0.5569850830244771
0.8113330713742174
0.6490973587170366
0.6616356566294285
0.5705016371871259
0.5813148805172449
0.5650950155220664
0.7461164279863237
0.7317676128204469
0.6616356566294285
0.735354816611916
0.6146170394579586
0.6146170394579586
0.7903874109968589
0.9577422127735606
0.7138315938631008
0.8239004676006325
0.41240411937198457
0.7461164279863237
1.0145874417183656
0.6815467597398779
0.6146170394579586
1.0145874417183656
0.9933993902417616
0.5677983263545962
0.7778200147704439
0.753290835569262
0.6302899118484486
0.7138315938631008
0.6271553373703506
0.5958095925893707
0.5840181913497746
1.0385817355842715
0.6271553373703506
0.7317676128204469
0.7461164279863237
0.6779595559484086
1.2647646896970204
0.6083478905017626
0.983211625250847
0.6522319331951345
0.5989441670674687
1.0385817355842715
0.983211625250847
0.8762400928462437
0.6052133160236647
0.5895404436331747
0.6114824649798607
0.7066571862801624
0.7568780393607314
0.9730238602599326
0.5515784613594177
0.6083478905017626
0.5867215021823043
0.5326552855317096
0.6585010821513305
0.6887211673228163
1.213192197362373
0.6679048055856245
0.5813148805172449
0.5623917046895367
0.4051462984442607
0.8864278578371584
0.5705016371871259
0.896615622828073
0.3851872908930202
1.2647646896970204
1.1525546314473245
0.8456767978734999
0.9271789178008168
0.6302899118484486
0.735354816611916
0.4966178179478901
0.34708373102247003
0.6923083711142854
0.6020787415455667
0.7497036317777929
0.6146170394579586
0.5732049480196556
0.7210060014460392
0.5989441670674687
0.5926750181112728
0.5650950155220664
0.6679048055856245
0.6459627842389385
0.6396936352827426
2.167543172118934
0.6146170394579586
0.4878023043210557
0.6743723521569396
0.7568780393607314
0.9577422127735606
0.6020787415455667
0.6616356566294285
0.5732049480196556
0.6020787415455667
0.7903874109968589
0.7317676128204469
0.5926750181112728
0.6887211673228163
0.8864278578371584
0.9271789178008168
0.7066571862801624
0.3071115313054803
1.9524353197871072
0.6365590608046445
0.7317676128204469
0.8609584453598718
0.8406569959025192
0.753290835569262
0.735354816611916
0.9984932727372191
0.5677983263545962
0.3289556871496361
0.6553665076732325
0.7736308826949723
0.3906306565888131
0.7102443900716315
0.5732049480196556
0.6616356566294285
0.7820091468459156
0.6585010821513305
1.4159674636600077
0.8609584453598718
0.735354816611916
0.6083478905017626
0.6083478905017626
0.9220850353053593
0.578611569684715
0.6365590608046445
0.7778200147704439
0.6815467597398779
0.9526483302781034
0.3743005595014344
0.5759082588521853
0.699482778697224
0.6923083711142854
0.3670427385737106
0.6146170394579586
0.6779595559484086
0.5032294531680159
0.5434685288618286
0.6271553373703506
0.6020787415455667
0.6887211673228163
0.5867215021823043
0.6522319331951345
0.30856780836175735
0.5759082588521853
1.1765489253132302
0.9475544477826459
0.7317676128204469
0.71741879765457
0.7102443900716315
0.7652526185440288
0.3579704624140558
0.6083478905017626
0.6710393800637224
0.5989441670674687
0.7987656751478023
0.6616356566294285
1.49391000304833
1.1045660437155125
0.6208861884141547
1.4159674636600077
0.5245453530341204
0.5191387313690609
0.6020787415455667
0.5569850830244771
1.0865703233160833
0.5353585963642393
0.40151738798039877
0.37792946996529636
0.5434685288618286
0.5434685288618286
0.4569480066271353
0.8507706803689572
0.6083478905017626
0.9322728002962741
0.6240207628922526
0.8864278578371584
0.8456767978734999
0.492210061134473
0.6779595559484086
1.1225617641149421
0.3888162013568821
0.6459627842389385
0.6365590608046445
0.5650950155220664
0.6271553373703506
0.5895404436331747
0.7281804090289776
0.6052133160236647
0.8280895996761042
0.7945765430723306
3.1283582458677626
0.5958095925893707
0.7425292241948545
0.6052133160236647
0.6923083711142854
1.032583162117795
1.134558911047895
0.6052133160236647
0.39970293274846785
0.6020787415455667
0.7425292241948545
0.3525270967182629
0.6679048055856245
0.6679048055856245
0.6146170394579586
0.6585010821513305
0.7210060014460392
0.6114824649798607
0.6553665076732325
1.42376171759884
0.5813148805172449
0.699482778697224
0.5515784613594177
0.6887211673228163
0.6710393800637224
1.3384396787465165
0.5958095925893707
0.6365590608046445
0.7138315938631008
0.5326552855317096
0.6743723521569396
0.5299519746991799
0.9322728002962741
0.3333245183184673
0.9424605652871886
0.7138315938631008
0.7066571862801624
0.8456767978734999
0.6052133160236647
0.9373666827917314
0.5677983263545962
0.6114824649798607
0.5840181913497746
0.71741879765457
0.6490973587170366
0.6679048055856245
0.7138315938631008
0.5867215021823043
0.9730238602599326
0.699482778697224
0.6923083711142854
0.7210060014460392
0.6208861884141547
0.6815467597398779
0.7903874109968589
0.5705016371871259
1.5017042569871624
0.5677983263545962
0.7245932052375084
0.6958955749057546
0.8864278578371584
0.6396936352827426
