0.9437162719604127
1.1185921084865567
1.091198760320191
0.6886213961164379
0.9487432456267482
0.6332848706477064
0.6774626168152438
0.9386892982940771
0.6131008706477066
0.8291451553399489
0.6501048706477065
0.5521884797749544
0.6534688706477064
0.5895528706477066
0.7555740719236029
1.499083664919256
0.6601968706477065
0.6501048706477065
0.692340989216836
0.6265568706477066
0.4900205577681831
0.6669248706477064
0.6669248706477064
0.5865617767776793
0.9487432456267482
0.8014358744276107
0.7921994474568311
0.8482037723000362
0.7555740719236029
1.239461119577234
1.6778636949244568
0.8337633688253386
0.6366488706477065
0.8984735089633922
1.193308344908235
0.5521884797749544
0.8199087283691695
0.6702888706477065
0.8060540879130004
0.7220977340200204
0.778344807000662
0.5493240383580607
0.4968691483037549
0.9990129822901044
0.87836561429805
0.9286353509614059
0.5962808706477065
0.6774626168152438
0.577968452526998
0.6997801754176322
1.00403995595644
0.6231928706477066
1.0775020862370082
0.7072193616184282
0.6265568706477066
0.7598719530591032
0.4900205577681831
0.5579173626087419
0.6669248706477064
0.6669248706477064
0.6332848706477064
0.6534688706477064
0.778344807000662
0.6332848706477064
1.3533324946290244
0.8884195616307211
0.7295369202208166
0.6501048706477065
0.9236083772950703
0.8060540879130004
0.5579173626087419
1.3317666689152328
0.5493240383580607
0.8152905148837798
0.6737430237148456
0.5865617767776793
0.6811822099156419
0.6601968706477065
0.863284693299043
0.6030088706477066
0.5962808706477065
1.3119869083428044
0.6737430237148456
0.6467408706477065
0.5836973353607856
0.5895528706477066
0.6231928706477066
0.8582577196327075
1.6438318126436475
0.6231928706477066
0.7555740719236029
0.7644901665444928
1.0364120639874594
0.8014358744276107
0.9336623246277413
0.6030088706477066
0.6332848706477064
1.193308344908235
0.7644901665444928
1.1185921084865567
0.6669248706477064
1.318580161866947
1.00403995595644
0.5996448706477066
0.6433768706477064
0.8482037723000362
0.6299208706477064
0.5037177388393267
0.5996448706477066
0.6231928706477066
0.6467408706477065
0.6534688706477064
0.5722395696932105
0.5929168706477065
0.6332848706477064
0.5751040111101043
0.6299208706477064
1.00403995595644
0.7555740719236029
0.6433768706477064
0.7183781409196224
0.9085274562960634
0.5929168706477065
0.8291451553399489
0.7183781409196224
0.6635608706477064
0.81067230139839
0.6960605823172341
0.5037177388393267
0.6299208706477064
0.6737430237148456
0.8060540879130004
0.6960605823172341
0.6400128706477064
1.609799930362838
0.7332565133212146
0.5292729484398047
0.6960605823172341
1.0090669296227754
0.778344807000662
0.8833925879643854
0.6063728706477065
0.6501048706477065
0.7921994474568311
0.5865617767776793
0.7109389547188263
0.7598719530591032
0.6737430237148456
0.7072193616184282
0.9085274562960634
0.7220977340200204
0.7332565133212146
0.5996448706477066
0.6774626168152438
0.6433768706477064
0.5865617767776793
0.5521884797749544
1.1459854566529224
0.7220977340200204
0.963824166625755
0.577968452526998
0.5996448706477066
0.6669248706477064
0.7109389547188263
0.5836973353607856
0.6332848706477064
0.5550529211918482
0.7369761064216126
0.5037177388393267
0.5665106868594231
0.5607818040256357
0.5895528706477066
0.8383815823107282
0.5063574171046548
0.6737430237148456
0.4968691483037549
0.7555740719236029
0.6433768706477064
0.6400128706477064
0.5962808706477065
0.8383815823107282
0.7146585478192243
0.6467408706477065
0.9085274562960634
0.7406956995220108
0.7072193616184282
0.7921994474568311
0.7183781409196224
0.6774626168152438
0.963824166625755
0.6669248706477064
0.9487432456267482
0.8245269418545591
0.7072193616184282
1.029563726945868
0.8683116669653785
0.6534688706477064
1.4733628701621562
1.1999015984323775
0.7109389547188263
0.8984735089633922
0.7406956995220108
2.056804355620372
0.6131008706477066
0.5321373898566983
0.8884195616307211
1.2856138942462334
0.6886213961164379
0.5929168706477065
0.8291451553399489
0.8683116669653785
0.6063728706477065
0.6501048706477065
1.3119869083428044
0.6669248706477064
1.239461119577234
0.7691083800298826
0.6997801754176322
1.029563726945868
0.7481348857228068
0.9035004826297279
0.8733386406317143
0.6433768706477064
0.577968452526998
0.692340989216836
0.48773769425632585
0.9185814036287347
0.5636462454425293
0.81067230139839
0.6774626168152438
0.7518544788232048
0.6299208706477064
0.7555740719236029
1.2856138942462334
0.778344807000662
0.7109389547188263
0.7369761064216126
0.7691083800298826
0.546459596941167
0.9487432456267482
0.7258173271204186
0.6366488706477065
0.6467408706477065
1.3876268876384907
0.6063728706477065
0.6960605823172341
0.7220977340200204
0.7691083800298826
0.7258173271204186
0.6332848706477064
0.6231928706477066
1.0775020862370082
0.5808328939438918
1.2922071477703763
0.5665106868594231
0.8833925879643854
0.7518544788232048
0.8337633688253386
0.5722395696932105
0.5693751282763169
0.5962808706477065
0.7220977340200204
0.5120862999384422
0.6198288706477065
0.8199087283691695
0.5550529211918482
0.7369761064216126
0.6299208706477064
0.5435951555242732
0.7875812339714414
0.5607818040256357
0.5579173626087419
0.5996448706477066
0.6635608706477064
0.5014348753274694
1.2526476266255198
0.6601968706477065
0.6467408706477065
0.6501048706477065
0.6635608706477064
0.7737265935152723
0.6501048706477065
0.7444152926224088
0.6131008706477066
0.6400128706477064
0.7555740719236029
0.6299208706477064
0.5693751282763169
0.7921994474568311
0.6737430237148456
0.9789050876247618
0.7332565133212146
0.7258173271204186
1.00403995595644
0.5808328939438918
0.6198288706477065
1.0843504232785994
1.1459854566529224
0.7875812339714414
0.6886213961164379
0.9085274562960634
1.193308344908235
0.7598719530591032
1.2856138942462334
0.6332848706477064
1.0569570751122337
0.6063728706477065
0.6601968706477065
0.6737430237148456
0.6131008706477066
0.5751040111101043
0.6960605823172341
0.8431767986337007
0.5865617767776793
0.526408507022911
0.8383815823107282
0.6601968706477065
0.6960605823172341
0.9487432456267482
0.6366488706477065
0.5895528706477066
0.6737430237148456
0.6131008706477066
0.5722395696932105
0.5929168706477065
0.9286353509614059
0.5407307141073795
0.6131008706477066
0.6568328706477065
0.5836973353607856
1.1117437714449652
0.6366488706477065
0.6332848706477064
0.5808328939438918
0.7737265935152723
0.6231928706477066
0.8337633688253386
0.7332565133212146
0.8431767986337007
0.7369761064216126
0.5435951555242732
0.7332565133212146
0.6366488706477065
0.6231928706477066
0.6332848706477064
0.5722395696932105
0.526408507022911
0.6886213961164379
0.9789050876247618
0.8383815823107282
0.6366488706477065
0.7737265935152723
0.7555740719236029
0.7518544788232048
0.68490180301604
0.6960605823172341
0.5751040111101043
0.5808328939438918
0.6467408706477065
0.9236083772950703
0.5693751282763169
0.6811822099156419
0.8934465352970565
0.5808328939438918
1.152833793694514
0.692340989216836
0.6960605823172341
0.8683116669653785
0.6774626168152438
0.6886213961164379
0.7258173271204186
0.5636462454425293
0.6265568706477066
0.6400128706477064
0.7829630204860517
1.0227153899042765
0.6231928706477066
0.6501048706477065
0.6886213961164379
1.626815871503243
0.9085274562960634
0.9085274562960634
0.6299208706477064
0.87836561429805
0.6299208706477064
0.6669248706477064
1.2592408801496624
0.7737265935152723
0.9587971929594196
0.6198288706477065
0.7220977340200204
0.8014358744276107
0.5722395696932105
1.2592408801496624
0.6601968706477065
0.6960605823172341
0.988959034957433
0.7875812339714414
0.6886213961164379
1.0843504232785994
0.7829630204860517
0.7109389547188263
0.7072193616184282
0.9185814036287347
1.0980470973617826
0.7258173271204186
0.8337633688253386
1.246054373101377
0.6501048706477065
0.7444152926224088
0.7369761064216126
0.7518544788232048
0.5693751282763169
1.0090669296227754
0.8199087283691695
1.1733788048192881
0.5836973353607856
0.6063728706477065
