711.0
782.0
869.0
710.0
710.0
840.0
737.0
792.0
849.0
730.0
804.0
636.0
778.0
657.0
763.0
724.0
771.0
736.0
733.0
737.0
769.0
720.0
708.0
798.0
657.0
750.0
676.0
773.0
740.0
730.0
854.0
745.0
645.0
805.0
790.0
728.0
635.0
789.0
741.0
725.0
811.0
749.0
779.0
850.0
706.0
822.0
790.0
752.0
776.0
720.0
706.0
703.0
702.0
729.0
690.0
702.0
757.0
755.0
789.0
798.0
777.0
762.0
700.0
806.0
850.0
785.0
723.0
719.0
819.0
822.0
737.0
738.0
872.0
666.0
815.0
848.0
706.0
941.0
710.0
778.0
758.0
740.0
840.0
729.0
743.0
710.0
718.0
735.0
732.0
850.0
708.0
711.0
718.0
741.0
734.0
735.0
647.0
752.0
844.0
776.0
786.0
713.0
767.0
822.0
789.0
761.0
765.0
792.0
842.0
786.0
742.0
790.0
737.0
623.0
766.0
748.0
797.0
789.0
798.0
732.0
735.0
800.0
901.0
746.0
757.0
701.0
622.0
714.0
776.0
726.0
833.0
720.0
690.0
669.0
720.0
695.0
754.0
690.0
751.0
785.0
676.0
750.0
741.0
742.0
758.0
767.0
725.0
735.0
779.0
727.0
711.0
718.0
822.0
777.0
744.0
794.0
740.0
733.0
717.0
715.0
708.0
723.0
757.0
801.0
701.0
835.0
778.0
812.0
728.0
746.0
700.0
717.0
816.0
773.0
706.0
778.0
787.0
825.0
627.0
710.0
734.0
672.0
773.0
752.0
729.0
792.0
844.0
680.0
853.0
694.0
730.0
747.0
805.0
793.0
738.0
727.0
776.0
754.0
744.0
730.0
673.0
711.0
898.0
742.0
751.0
684.0
795.0
930.0
751.0
712.0
816.0
726.0
987.0
714.0
739.0
768.0
781.0
869.0
721.0
971.0
696.0
744.0
721.0
730.0
788.0
838.0
754.0
855.0
738.0
760.0
757.0
745.0
628.0
745.0
780.0
769.0
714.0
757.0
793.0
741.0
736.0
904.0
784.0
839.0
665.0
726.0
717.0
762.0
708.0
761.0
741.0
727.0
780.0
842.0
717.0
761.0
781.0
741.0
724.0
754.0
744.0
753.0
669.0
736.0
764.0
698.0
1038.0
789.0
712.0
758.0
758.0
761.0
683.0
727.0
754.0
733.0
712.0
746.0
748.0
722.0
695.0
738.0
701.0
712.0
730.0
647.0
742.0
794.0
704.0
770.0
745.0
714.0
809.0
862.0
738.0
705.0
754.0
848.0
731.0
785.0
714.0
756.0
726.0
644.0
742.0
759.0
701.0
722.0
798.0
860.0
730.0
769.0
701.0
793.0
792.0
710.0
778.0
736.0
733.0
725.0
709.0
711.0
800.0
712.0
720.0
700.0
769.0
693.0
801.0
729.0
747.0
744.0
637.0
715.0
730.0
649.0
752.0
847.0
743.0
742.0
726.0
713.0
662.0
802.0
758.0
714.0
729.0
734.0
737.0
804.0
814.0
754.0
765.0
753.0
735.0
749.0
740.0
842.0
780.0
896.0
824.0
725.0
769.0
778.0
701.0
698.0
726.0
742.0
786.0
759.0
722.0
866.0
717.0
881.0
761.0
709.0
714.0
777.0
762.0
634.0
702.0
722.0
712.0
781.0
620.0
750.0
755.0
752.0
729.0
875.0
739.0
728.0
800.0
712.0
833.0
751.0
722.0
745.0
747.0
891.0
790.0
766.0
697.0
789.0
685.0
726.0
782.0
792.0
743.0
669.0
716.0
807.0
742.0
756.0
656.0
732.0
841.0
797.0
785.0
714.0
725.0
736.0
905.0
718.0
738.0
709.0
728.0
739.0
710.0
730.0
738.0
827.0
765.0
744.0
906.0
765.0
727.0
737.0
843.0
717.0
738.0
839.0
637.0
741.0
845.0
