0.6650587382278852
0.7496576860941031
0.5557353016954107
0.5832926445610647
0.5407040237686904
0.852769993086916
0.701795897476217
0.5732717926099177
0.7359828893461356
0.8670565163032241
1.0855500992091844
0.5682613666343443
0.5012094436019019
0.6035821300407507
0.6681325686372419
0.5532300887076239
0.5532300887076239
1.1232490159069806
0.9384891323847643
0.5532300887076239
0.7867165418812435
0.8300447232310633
0.5407040237686904
0.52567274584197
0.6527634165904583
1.5132465459533597
0.9289647835738922
0.49480589030240946
0.6881211007282495
0.7564950844680868
0.6035821300407507
0.4905368547694146
0.580787431573278
0.6915397999152414
0.6744463039802819
0.6250989429062478
0.5682613666343443
0.6496895861811015
1.1232490159069806
1.1546647798218108
0.8813430395195322
0.7953821781512074
0.8575321674923522
0.5432092367564771
0.729145490972152
0.8432456442760441
0.5482196627320506
0.5106414679152498
0.8083806325561536
0.6128036212688208
0.5757770055977044
0.5281779588297568
0.5732717926099177
0.6312466037249612
1.5423848206278195
0.7223080925981682
0.580787431573278
0.5231675328541834
0.8908673883304044
0.5407040237686904
0.5432092367564771
0.8575321674923522
0.6435419253623881
5.002402875754164
0.6619849078185285
2.6946435971099114
0.5557353016954107
0.5607457276709842
1.3081305774135252
0.9242026091684562
0.5943606388126804
0.705214596663209
0.6496895861811015
0.5912868084033238
0.6035821300407507
0.8718186907086601
0.5682613666343443
0.5532300887076239
0.5657561536465575
0.5607457276709842
0.6404680949530314
0.7086332958502007
0.5732717926099177
0.7120519950371925
1.0981164047751164
0.5632509406587709
0.6466157557717448
0.5281779588297568
0.6097297908594641
0.5707665796221311
0.5832926445610647
0.9242026091684562
0.6949584991022332
1.5326340959901383
0.6128036212688208
0.6527634165904583
0.6343204341343179
0.6281727733156044
0.7223080925981682
0.7496576860941031
0.6881211007282495
1.383861930568744
0.8861052139249682
0.7564950844680868
0.5281779588297568
0.5407040237686904
1.0855500992091844
0.5607457276709842
1.3757753921072056
0.6035821300407507
0.7325641901591438
0.7257267917851601
0.6220251124968911
0.6527634165904583
0.422232286241496
0.5857978575488513
0.6035821300407507
0.5943606388126804
0.7325641901591438
0.6915397999152414
0.5582405146831974
0.6435419253623881
0.701795897476217
0.5331883848053302
0.44571198167296794
0.5832926445610647
0.6066559604501074
0.6343204341343179
0.5482196627320506
0.5012094436019019
0.6847024015412577
0.6373942645436746
0.5832926445610647
0.5912868084033238
0.7953821781512074
0.5707665796221311
0.5607457276709842
0.5432092367564771
0.535693597793117
0.5912868084033238
0.8257119050960814
0.5857978575488513
0.47772974817042985
0.52567274584197
0.6435419253623881
0.852769993086916
0.6189512820875344
0.7693852693413156
0.7428202877201194
0.8765808651140963
0.5607457276709842
0.5632509406587709
0.5974344692220372
0.6312466037249612
0.7428202877201194
0.6496895861811015
0.8956295627358403
0.5657561536465575
1.0729837936432525
0.6404680949530314
0.535693597793117
2.532459165132352
0.5181571068786099
0.6712063990465986
0.5507248757198372
0.6949584991022332
0.7953821781512074
0.5206623198663967
0.6527634165904583
0.8432456442760441
0.6158774516781776
0.5912868084033238
0.8257119050960814
0.7359828893461356
0.6250989429062478
0.6128036212688208
1.1483816270388445
0.6128036212688208
0.7462389869071113
0.5707665796221311
0.5106414679152498
1.0604174880773205
0.5782822185854911
0.5381988107809036
0.6881211007282495
1.0667006408602866
0.5306831718175434
0.7223080925981682
0.5974344692220372
0.7462389869071113
0.5607457276709842
0.6812837023542657
0.7564950844680868
0.6128036212688208
0.5912868084033238
0.5532300887076239
0.6527634165904583
0.5482196627320506
0.6847024015412577
0.6881211007282495
0.5732717926099177
0.49480589030240946
0.6281727733156044
0.5407040237686904
0.7257267917851601
0.535693597793117
0.6404680949530314
0.6812837023542657
0.9908730508445602
0.6527634165904583
0.6778650031672739
0.4606536060384502
1.2512341714938637
0.52567274584197
0.6404680949530314
0.8170462688261174
0.8213790869610993
1.0981164047751164
0.5682613666343443
0.655837246999815
0.5482196627320506
0.753076385281095
1.0227185713795246
0.6812837023542657
0.6281727733156044
0.701795897476217
0.5632509406587709
0.7325641901591438
0.6097297908594641
0.5732717926099177
0.8813430395195322
0.6949584991022332
0.5381988107809036
0.6681325686372419
0.5732717926099177
0.6189512820875344
0.5582405146831974
0.5857978575488513
0.6066559604501074
1.0290017241624905
0.6158774516781776
0.6097297908594641
0.7462389869071113
0.6281727733156044
0.6220251124968911
0.5943606388126804
0.7428202877201194
0.6189512820875344
0.7496576860941031
0.8622943418977882
1.2014498163141596
0.7257267917851601
0.48413330146992223
0.6312466037249612
0.7462389869071113
0.9575378300065084
0.7650524512063337
0.6373942645436746
0.5912868084033238
0.6220251124968911
0.7325641901591438
0.5331883848053302
0.6220251124968911
0.7607196330713517
0.5607457276709842
0.6189512820875344
0.9432513067902003
1.5716369945408628
0.6435419253623881
0.5707665796221311
0.6712063990465986
0.7120519950371925
0.6281727733156044
1.5521355452655008
0.9432513067902003
0.5407040237686904
0.5632509406587709
0.6712063990465986
1.0003973996554323
0.6250989429062478
0.6949584991022332
0.4265013217744909
1.1232490159069806
0.753076385281095
0.5306831718175434
0.9289647835738922
0.9337269579793283
0.8213790869610993
0.6220251124968911
0.6312466037249612
0.49480589030240946
0.6881211007282495
0.7154706942241844
0.7823837237462615
3.766358198693508
0.9146782603575841
1.0415680297284224
0.6005082996313941
0.6005082996313941
0.5582405146831974
0.5331883848053302
0.6778650031672739
0.535693597793117
0.6712063990465986
0.5857978575488513
0.6812837023542657
0.8718186907086601
0.9194404347630202
0.5682613666343443
0.5757770055977044
0.8300447232310633
0.6778650031672739
0.7693852693413156
0.6681325686372419
0.5482196627320506
0.7154706942241844
2.7241316756512854
0.9480134811956363
1.416208084414898
0.7086332958502007
0.5482196627320506
0.5732717926099177
1.3223546788934408
0.5532300887076239
0.7257267917851601
0.5181571068786099
0.8257119050960814
0.5883030705366381
0.5912868084033238
0.6435419253623881
0.4606536060384502
0.5883030705366381
0.6312466037249612
0.4819987837034248
0.5181571068786099
0.6250989429062478
0.7188893934111763
0.5206623198663967
1.0541343352943544
0.655837246999815
1.6106398930915875
0.5607457276709842
0.9861108764391242
0.701795897476217
0.6466157557717448
0.6712063990465986
0.580787431573278
0.7428202877201194
0.5682613666343443
0.6312466037249612
0.4798642659369273
0.5206623198663967
0.7428202877201194
0.6778650031672739
0.7325641901591438
0.6496895861811015
0.8622943418977882
0.8300447232310633
0.729145490972152
0.6005082996313941
0.6066559604501074
0.7997149962861895
0.9861108764391242
0.6983771982892252
0.6250989429062478
0.5757770055977044
0.5607457276709842
0.9527756556010724
0.6281727733156044
0.5607457276709842
0.6778650031672739
0.6881211007282495
2.11962606555311
0.6035821300407507
0.705214596663209
0.6650587382278852
0.6466157557717448
0.6066559604501074
0.5782822185854911
0.5306831718175434
0.5607457276709842
1.0667006408602866
0.7780509056112795
0.701795897476217
1.4404676997995134
1.0051595740608683
0.6343204341343179
0.6312466037249612
0.5912868084033238
0.5306831718175434
0.6778650031672739
0.5131466809030364
0.5682613666343443
0.5857978575488513
0.6881211007282495
0.6343204341343179
1.0051595740608683
0.7394015885331275
1.1295321686899467
0.5632509406587709
0.5156518938908232
2.2818104975306692
0.5707665796221311
0.5732717926099177
0.6435419253623881
0.5857978575488513
0.9003917371412762
1.1483816270388445
1.2085618670541174
0.5732717926099177
0.49267137253591203
0.8908673883304044
1.5051600074918212
0.9813487020336883
0.701795897476217
0.6404680949530314
0.6035821300407507
0.5507248757198372
0.6189512820875344
1.7067929659738676
0.9194404347630202
0.5707665796221311
1.0855500992091844
0.6949584991022332
0.5607457276709842
0.9242026091684562
0.6312466037249612
0.8083806325561536
0.5131466809030364
0.8622943418977882
0.8575321674923522
0.6650587382278852
0.8213790869610993
0.7257267917851601
0.6066559604501074
0.6949584991022332
1.5423848206278195
1.0415680297284224
0.5782822185854911
0.7428202877201194
0.7188893934111763
0.5281779588297568
0.9670621788173802
0.6619849078185285
1.0729837936432525
0.5557353016954107
0.7737180874762977
0.6404680949530314
0.729145490972152
0.4990749258354044
0.6035821300407507
0.44784649943946553
0.7953821781512074
0.7496576860941031
0.5432092367564771
0.6812837023542657
0.5532300887076239
0.5281779588297568
0.5131466809030364
0.5181571068786099
0.6949584991022332
0.49480589030240946
0.49267137253591203
0.5657561536465575
0.8432456442760441
0.5943606388126804
0.5912868084033238
0.6005082996313941
0.7188893934111763
1.1735142381707087
0.5557353016954107
0.5857978575488513
0.5632509406587709
0.5943606388126804
0.49267137253591203
0.6128036212688208
0.8956295627358403
0.6066559604501074
0.5782822185854911
0.705214596663209
0.580787431573278
0.8170462688261174
0.5943606388126804
0.5033439613683994
0.6404680949530314
0.6404680949530314
0.705214596663209
0.5782822185854911
0.6881211007282495
0.4819987837034248
1.0164354185965585
0.5482196627320506
0.6812837023542657
1.0729837936432525
0.5974344692220372
0.5106414679152498
0.6435419253623881
0.6527634165904583
0.6189512820875344
0.5532300887076239
0.7867165418812435
0.7188893934111763
0.5782822185854911
0.5912868084033238
0.6281727733156044
0.48413330146992223
0.5432092367564771
0.9146782603575841
0.6778650031672739
0.5407040237686904
0.8718186907086601
1.5423848206278195
0.8127134506911353
0.6778650031672739
1.4242946228764366
0.6812837023542657
0.496940408068907
0.7953821781512074
0.6158774516781776
0.6281727733156044
0.5206623198663967
0.7120519950371925
0.6250989429062478
0.5582405146831974
0.6189512820875344
0.729145490972152
0.8575321674923522
0.5012094436019019
0.6527634165904583
0.9908730508445602
0.43717391060697813
0.5832926445610647
