0.7719709148435421
0.5982107532624586
0.7472077046724287
0.7097519044870818
0.8478144786387269
1.1072802454872466
1.1207691694731388
0.5627470282543507
0.694769584412943
0.6386485186192561
1.0465800875507323
0.7397165446353594
0.7984704851672316
0.6453881461787223
0.5175015675953056
0.7209886445426859
0.46632321438861346
1.1072802454872466
0.7675543197895938
0.6285390772800568
0.7359709646168245
0.9223972632991767
0.7808041049514386
0.7509532846909633
0.6319088910597899
0.5740583934191119
0.5542635043807798
0.8382198406527659
0.842842292994697
0.6588674012976548
0.5881975998750635
0.7896372950593351
0.9969800479596265
0.6760416843202696
0.6760416843202696
1.1072802454872466
0.7434621246538939
0.4882738551725818
0.8073036752751281
0.5712305521279216
0.9223972632991767
2.2571410716854086
0.7172430645241511
0.694769584412943
0.7472077046724287
0.7719709148435421
0.8293866505448694
0.6910240043944084
0.7397165446353594
1.0937913215013546
0.6420183323989892
1.167980403423761
0.8478144786387269
0.7397165446353594
0.6588674012976548
1.181441350063408
1.3087051098988987
0.6217994497205905
0.6521277737381885
0.694769584412943
0.9025085207230568
1.3154032025218192
0.6487579599584553
1.0019522336036566
0.7097519044870818
0.9025085207230568
1.0069244192476867
0.6184296359408573
0.7509532846909633
0.5684027108367313
0.6319088910597899
0.8117202703290763
0.8338032455988177
1.1881394426863288
0.6797872643388043
0.6083201946016581
0.6251692635003236
0.6015805670421919
0.7097519044870818
0.665607028857121
0.7940538901132834
0.6184296359408573
0.9621747484514167
0.46632321438861346
0.635278704839523
0.6588674012976548
0.6622372150773879
0.754698864709498
0.6386485186192561
0.665607028857121
0.8117202703290763
0.7284798045797553
0.49485904740777237
0.6184296359408573
0.7397165446353594
0.9025085207230568
0.5344686153424476
0.6760416843202696
0.6217994497205905
0.6622372150773879
0.8975363350790269
0.7675543197895938
0.6217994497205905
0.7675543197895938
0.6386485186192561
1.0128577775860022
0.9969800479596265
0.7631377247356456
0.6588674012976548
0.7209886445426859
0.6760416843202696
0.5768862347103022
0.6049503808219249
2.058996083127056
0.9572025628073866
0.7675543197895938
1.0668134735295705
0.7852207000053868
0.4926639833293756
0.665607028857121
0.5457799805072089
0.5684027108367313
0.7984704851672316
1.2082337205550906
1.1005357834943006
1.32210129514474
0.6285390772800568
0.6251692635003236
1.9827864721430744
0.5712305521279216
0.7808041049514386
0.6217994497205905
0.6985151644314778
0.7434621246538939
0.6184296359408573
0.6217994497205905
0.7022607444500124
0.9721191197394765
0.5514356630895894
0.7808041049514386
0.7587211296816974
0.9223972632991767
0.6910240043944084
0.6910240043944084
0.9621747484514167
0.7675543197895938
0.7984704851672316
0.7359709646168245
0.5401242979248282
0.6910240043944084
0.5486078217983992
0.6184296359408573
0.6285390772800568
0.694769584412943
0.5344686153424476
0.5259850914688766
1.1005357834943006
1.6628563662553384
0.9422860058752967
0.565574869545541
0.5982107532624586
0.5825419172926829
0.6723466564165873
0.842842292994697
0.635278704839523
0.5288129327600669
0.7587211296816974
0.8293866505448694
0.7284798045797553
0.5881975998750635
0.7209886445426859
0.6285390772800568
0.8382198406527659
0.6083201946016581
0.7763875098974903
0.6760416843202696
0.7940538901132834
0.8028870802211798
1.0128577775860022
0.6386485186192561
0.6554975875179216
0.7022607444500124
0.8117202703290763
0.6251692635003236
0.6487579599584553
0.9124528920111169
0.8117202703290763
0.7631377247356456
0.6319088910597899
0.5982107532624586
0.5768862347103022
0.6835328443573391
0.8826197781469369
0.6049503808219249
0.6015805670421919
1.0263467015718943
0.5768862347103022
1.8303672501751107
0.6184296359408573
0.8925641494349968
1.4838383597877431
0.9223972632991767
0.5948409394827257
0.5514356630895894
0.6910240043944084
0.6083201946016581
0.5825419172926829
0.852786664282757
0.6835328443573391
0.6760416843202696
0.5982107532624586
1.679753941487084
0.665607028857121
0.8249700554909212
1.0735579355225164
0.6521277737381885
0.5825419172926829
1.0069244192476867
0.6285390772800568
1.174724865416707
0.6453881461787223
0.6689768426368541
0.6386485186192561
1.0465800875507323
0.5881975998750635
0.6319088910597899
0.5542635043807798
2.4248022158501685
0.8073036752751281
0.6386485186192561
0.6985151644314778
0.6251692635003236
0.7022607444500124
1.0937913215013546
1.4481449044881596
0.7022607444500124
0.4838837270157882
0.820553460436973
0.8293866505448694
0.55709134567197
0.7719709148435421
0.6251692635003236
1.181441350063408
0.7134974845056166
0.7397165446353594
0.5599191869631603
0.706006324468547
0.8776475925029068
0.8028870802211798
0.6622372150773879
0.6184296359408573
1.32210129514474
1.3856813577138887
0.9223972632991767
0.8161368653830247
0.9770913053835066
0.5542635043807798
1.127513631466085
0.7509532846909633
0.5316407740512573
0.694769584412943
0.5825419172926829
0.5797140760014927
0.6184296359408573
1.154491479437869
0.6835328443573391
0.6985151644314778
0.9025085207230568
0.7472077046724287
0.5090180437217346
0.6521277737381885
0.6083201946016581
0.5712305521279216
1.0019522336036566
0.6622372150773879
1.0668134735295705
0.5344686153424476
0.5684027108367313
0.7097519044870818
0.635278704839523
0.6015805670421919
0.9721191197394765
0.6184296359408573
0.6184296359408573
0.6797872643388043
0.5825419172926829
0.565574869545541
0.7719709148435421
0.5712305521279216
0.9223972632991767
0.5825419172926829
0.5768862347103022
1.4213748130134722
0.9422860058752967
0.6251692635003236
0.6453881461787223
0.511845885012925
0.5486078217983992
1.154491479437869
0.6910240043944084
1.3856813577138887
0.8293866505448694
0.5982107532624586
0.6689768426368541
0.5146737263041153
0.5627470282543507
0.6521277737381885
0.6622372150773879
0.6083201946016581
0.6453881461787223
1.0735579355225164
0.5627470282543507
0.7808041049514386
0.8826197781469369
0.6521277737381885
0.6319088910597899
0.7284798045797553
0.665607028857121
0.7472077046724287
0.6588674012976548
0.7284798045797553
0.5627470282543507
0.7209886445426859
0.6985151644314778
0.5429521392160185
0.5684027108367313
1.3154032025218192
0.6285390772800568
1.1207691694731388
1.4570682683130558
0.4926639833293756
0.6319088910597899
0.6835328443573391
0.694769584412943
0.8627310355708169
1.0735579355225164
0.6910240043944084
0.6386485186192561
0.6797872643388043
1.5952660653283557
0.5948409394827257
0.8338032455988177
0.5712305521279216
0.6723466564165873
0.7808041049514386
0.5948409394827257
0.7322253845982899
0.6184296359408573
0.5599191869631603
0.5146737263041153
1.57836849009661
0.6420183323989892
0.6554975875179216
0.5372964566336378
0.6184296359408573
1.2953089246530576
1.4927617236126394
0.7509532846909633
0.6622372150773879
0.6521277737381885
1.6121636405601014
0.9472581915193267
0.6083201946016581
0.7434621246538939
0.9025085207230568
1.0465800875507323
0.5684027108367313
0.9472581915193267
0.8726754068588769
0.8627310355708169
0.635278704839523
0.5146737263041153
0.867703221214847
0.6049503808219249
0.6217994497205905
0.6723466564165873
0.6622372150773879
0.6251692635003236
0.6835328443573391
0.6453881461787223
0.5948409394827257
0.6554975875179216
0.9969800479596265
0.6588674012976548
0.7209886445426859
0.6184296359408573
0.706006324468547
0.5542635043807798
0.6622372150773879
0.7247342245612206
0.5825419172926829
0.5881975998750635
0.5401242979248282
0.6521277737381885
1.0330911635648403
0.8249700554909212
0.9025085207230568
