1.2062028025268192
0.9696835840698853
0.6516154500331952
0.5147125929861345
0.5790338166955035
0.6392750245012803
0.7031061217503279
0.642360130884259
0.9696835840698853
0.4932299319168365
0.6022537479055355
0.6577856627991526
0.6115090670544717
0.7180108625567082
0.8952807530465883
0.5522333068165997
0.5991686415225569
0.6392750245012803
0.7515465293710636
0.6176792798204293
0.7366417885646834
0.6485303436502164
1.2985813407608704
0.5388330518771479
0.8903205643117019
0.6176792798204293
0.5843939186712842
0.8278975620746638
0.8364704468860809
0.642360130884259
0.7552727145726587
0.5960835351395781
0.7440941589678735
0.5575934087923805
0.4518978056881765
0.8150382348575385
0.9151215079861341
0.900240941781475
0.6516154500331952
0.66395587556511
0.5790338166955035
0.6577856627991526
0.5870739696591746
0.5575934087923805
0.5929984287565995
0.900240941781475
0.6770228253391626
0.6331048117353228
0.6844751957423526
0.6770228253391626
0.5843939186712842
0.6807490105407576
0.9597632066001125
0.5307928989134767
0.6145941734374505
0.642360130884259
0.6770228253391626
0.5790338166955035
1.0655157277913199
0.6300197053523441
0.6577856627991526
0.5790338166955035
0.7403679737662784
0.6176792798204293
1.2204148853320578
0.5790338166955035
0.6300197053523441
0.6115090670544717
0.5522333068165997
1.547603505951058
0.4975806820461692
0.706832306951923
0.6956537513471378
0.6608707691821313
0.6547005564161739
0.7031061217503279
0.6670409819480888
0.9498428291303395
0.66395587556511
0.5307928989134767
0.6577856627991526
0.6547005564161739
0.6022537479055355
0.6053388542885143
0.41232849293414686
0.5991686415225569
0.642360130884259
0.5415131028650382
0.6807490105407576
0.5656335617560516
0.6269345989693654
0.7366417885646834
1.109155460926976
0.620764386203408
0.974643772804772
0.6022537479055355
0.6331048117353228
1.2275209267346772
0.49540530698150287
0.6732966401375676
0.4584239308821754
1.071749975382128
0.5281128479255862
0.7515465293710636
0.7254632329598981
0.6084239606714931
0.5495532558287093
0.5991686415225569
0.46059930594684173
0.6361899181183015
0.8555992431674967
0.5415131028650382
0.5361530008892574
0.41232849293414686
0.7593144835833285
0.7678873683947454
0.6732966401375676
0.7142846773551131
0.8407568892917893
0.8021789076404131
0.6238494925863867
0.6454452372672378
0.5468732048408189
0.7291894181614932
0.6770228253391626
0.568313612743942
0.620764386203408
0.5361530008892574
0.6022537479055355
0.7552727145726587
0.5709936637318322
0.8021789076404131
0.4159072163384022
0.5736737147197227
0.6701260883310676
0.7807466956118708
1.5759837084257489
1.8705750885820533
0.6807490105407576
0.7329156033630884
0.4845284316581713
0.7764602532061624
0.568313612743942
0.6882013809439477
1.5381434384594945
0.7764602532061624
2.681284053615792
0.6022537479055355
1.3056873821634898
0.706832306951923
1.7379136215765325
0.8903205643117019
0.6882013809439477
0.9895243390094312
0.7807466956118708
0.819324677263247
0.6053388542885143
0.6770228253391626
0.6238494925863867
0.8903205643117019
0.8853603755768155
0.5441931538529287
0.7254632329598981
0.8236111196689554
0.5093524910103537
0.55491335780449
0.7478203441694685
0.6547005564161739
0.5575934087923805
0.620764386203408
0.7440941589678735
0.4714761812701733
1.4592329296218984
0.6807490105407576
0.706832306951923
0.6238494925863867
0.5495532558287093
0.5991686415225569
0.5468732048408189
0.8952807530465883
0.6361899181183015
0.6269345989693654
0.9696835840698853
0.5281128479255862
0.6807490105407576
0.5254327969376961
1.09668696574536
0.6238494925863867
0.5468732048408189
0.6577856627991526
0.5929984287565995
0.8150382348575385
0.6956537513471378
0.5899133223736206
0.6300197053523441
0.642360130884259
0.4176965780405299
0.66395587556511
0.7180108625567082
0.66395587556511
1.046812985018896
0.7678873683947454
1.2133088439294386
0.8804001868419291
0.5709936637318322
0.6882013809439477
0.4627746810115081
0.8021789076404131
0.6547005564161739
0.5522333068165997
0.6269345989693654
1.826354599580213
0.49975605711083554
0.6670409819480888
0.5656335617560516
0.5656335617560516
1.046812985018896
0.5763537657076131
0.6269345989693654
0.4627746810115081
0.4801776815288386
0.6022537479055355
2.3864807936035235
0.5388330518771479
0.6516154500331952
0.900240941781475
0.6547005564161739
0.620764386203408
0.6022537479055355
0.5575934087923805
0.5147125929861345
1.121623956108592
0.5870739696591746
0.5575934087923805
0.45407318075284275
0.7403679737662784
0.620764386203408
0.7031061217503279
0.5495532558287093
0.5468732048408189
0.6115090670544717
1.021875994655664
0.568313612743942
0.6701260883310676
0.5019314321755018
0.6145941734374505
0.5899133223736206
0.5019314321755018
0.6145941734374505
0.5790338166955035
0.6361899181183015
0.6084239606714931
0.5388330518771479
0.55491335780449
0.6701260883310676
0.6300197053523441
0.6547005564161739
0.6145941734374505
0.620764386203408
0.7764602532061624
0.6770228253391626
0.5441931538529287
0.5254327969376961
0.5870739696591746
0.5656335617560516
0.5254327969376961
0.5843939186712842
0.6770228253391626
1.2275209267346772
2.0769373705906413
0.6300197053523441
0.8655196206372696
0.5307928989134767
0.6547005564161739
1.109155460926976
0.5656335617560516
0.6485303436502164
0.4141178546362746
1.2701571751503933
1.1029212133361679
0.9151215079861341
1.0044049052140906
0.6807490105407576
0.5441931538529287
1.9000554145832804
0.5991686415225569
0.7180108625567082
0.8150382348575385
0.81075179245183
0.642360130884259
0.7478203441694685
0.5790338166955035
0.6269345989693654
1.0842184705637439
0.6392750245012803
0.8704798093721561
0.900240941781475
0.5709936637318322
0.7552727145726587
0.8456788656977237
0.7403679737662784
0.7807466956118708
0.5709936637318322
0.7978924652347047
0.6577856627991526
0.6993799365487329
0.5575934087923805
0.5575934087923805
0.5870739696591746
0.954803017865226
0.6844751957423526
0.6145941734374505
0.642360130884259
0.66395587556511
4.455450528000264
0.4176965780405299
0.6608707691821313
0.5495532558287093
0.954803017865226
0.581713867683394
0.6485303436502164
0.5960835351395781
0.6516154500331952
1.408288961928814
0.7721738108004539
0.620764386203408
0.5602734597802709
0.8021789076404131
0.5602734597802709
0.6145941734374505
0.8903205643117019
0.6238494925863867
0.5736737147197227
0.6238494925863867
0.4780023064641723
1.090452718154552
0.5254327969376961
0.819324677263247
0.6882013809439477
0.7678873683947454
0.6919275661455428
0.55491335780449
0.7764602532061624
0.5899133223736206
0.5736737147197227
0.5066724400224634
0.568313612743942
0.6361899181183015
0.8064653500461215
0.5843939186712842
0.5960835351395781
0.9101613192512478
0.642360130884259
0.9399224516605666
0.4497224306235102
1.015641747064856
1.374326316800091
0.5575934087923805
0.568313612743942
0.5575934087923805
0.620764386203408
0.5790338166955035
0.5629535107681612
0.6269345989693654
0.42579330491218065
0.7850331380175792
0.6300197053523441
0.5495532558287093
0.6361899181183015
0.5929984287565995
0.6485303436502164
0.642360130884259
0.568313612743942
0.55491335780449
0.7850331380175792
0.6115090670544717
0.5281128479255862
0.5441931538529287
0.6608707691821313
0.6115090670544717
0.5522333068165997
0.7678873683947454
0.9399224516605666
0.7764602532061624
0.7593144835833285
0.5709936637318322
0.5870739696591746
0.5522333068165997
0.5334729499013671
0.6807490105407576
0.66395587556511
0.5736737147197227
0.5415131028650382
0.5629535107681612
0.81075179245183
0.5656335617560516
0.6670409819480888
0.6485303436502164
0.7403679737662784
0.5173926439740248
0.7366417885646834
1.2559450923451545
0.7850331380175792
0.6361899181183015
0.7515465293710636
0.6547005564161739
0.6176792798204293
0.5929984287565995
0.5602734597802709
0.6577856627991526
0.5415131028650382
0.66395587556511
1.115389708517784
0.7031061217503279
0.7636009259890371
0.5656335617560516
0.5522333068165997
0.5522333068165997
1.408288961928814
0.4845284316581713
0.6670409819480888
0.642360130884259
0.6485303436502164
0.5656335617560516
0.5575934087923805
0.6022537479055355
0.5254327969376961
0.7593144835833285
0.7254632329598981
1.408288961928814
1.8853152515826668
0.8064653500461215
0.6269345989693654
0.6053388542885143
0.5763537657076131
0.6485303436502164
0.5763537657076131
0.5441931538529287
0.581713867683394
0.6770228253391626
0.706832306951923
0.5656335617560516
1.374326316800091
0.6919275661455428
0.5929984287565995
0.5441931538529287
0.6269345989693654
0.6956537513471378
0.5361530008892574
0.5522333068165997
0.6145941734374505
0.6485303436502164
1.2772632165530124
0.4801776815288386
0.4714761812701733
0.6547005564161739
0.5495532558287093
0.81075179245183
0.5227527459498056
0.5602734597802709
0.8655196206372696
0.5629535107681612
0.6176792798204293
0.7291894181614932
0.581713867683394
0.581713867683394
0.706832306951923
0.7515465293710636
0.9349622629256801
0.6361899181183015
0.7329156033630884
0.5575934087923805
0.5709936637318322
0.5709936637318322
0.7515465293710636
0.6269345989693654
0.7440941589678735
0.6547005564161739
0.5991686415225569
1.8410947625808267
0.6882013809439477
0.8506390544326101
1.009407499474048
0.5415131028650382
0.7291894181614932
1.021875994655664
0.9796039615396583
0.7764602532061624
0.6361899181183015
0.5602734597802709
0.6608707691821313
0.9101613192512478
0.6115090670544717
0.6608707691821313
0.7329156033630884
0.6238494925863867
0.7515465293710636
0.66395587556511
0.6919275661455428
0.5602734597802709
0.5281128479255862
0.6608707691821313
0.7764602532061624
0.5468732048408189
0.8064653500461215
0.5929984287565995
0.6115090670544717
0.7721738108004539
0.427968679976847
0.5629535107681612
0.642360130884259
0.5629535107681612
0.6238494925863867
0.5093524910103537
0.8506390544326101
0.434494805170846
0.900240941781475
0.4975806820461692
0.6022537479055355
0.5495532558287093
0.5200726949619152
0.5736737147197227
