0.600363255186723
0.8253023549292906
0.6327842266593521
0.6068474494812488
1.2100474309662341
0.7396266967437645
0.8337588657387426
1.3246641260258591
0.6894818926551785
0.7145542946994715
0.636026323806615
0.6230579352175635
1.4125933766808274
0.5634845930976912
1.5403986251603834
1.5784314120456293
0.7038089795376317
0.5473940318732012
0.6930636643757917
0.6198158380703004
0.5971211580394602
1.2315380612899136
0.7288813815819246
0.6554789066901924
0.7002272078170183
0.6684472952792441
0.7002272078170183
0.732463153302538
0.6068474494812488
0.5527575522813646
0.5608028328936095
1.071293731612556
0.6522368095429296
0.5742116339140177
0.6198158380703004
0.5152129094242215
0.9339851172638204
0.5822569145262626
0.721717838140698
0.9085619008188386
0.7109725229788583
0.8041610779056607
0.600363255186723
0.682318349213952
2.2861303345641932
0.8831386843738567
0.6489947123956666
0.7745632900725787
0.5581210726895278
0.7787915454773047
0.7038089795376317
0.5822569145262626
0.6068474494812488
0.6068474494812488
0.6894818926551785
1.2315380612899136
0.5259399502405481
0.7467902401849911
0.6133316437757746
0.6327842266593521
0.6489947123956666
0.6751548057727254
0.8210740995245647
0.5938790608921972
0.6230579352175635
0.9339851172638204
0.5473940318732012
0.6230579352175635
0.8337588657387426
0.5527575522813646
0.6684472952792441
0.6930636643757917
0.8168458441198387
0.5742116339140177
2.0362919772029
0.7576502684536747
0.6619631009847182
0.5634845930976912
0.6327842266593521
1.2530286916135935
0.5822569145262626
0.542030511465038
0.6263000323648262
0.9695776202867948
0.8882233276628531
0.6230579352175635
0.6522368095429296
0.6489947123956666
0.8882233276628531
0.721717838140698
0.7145542946994715
0.6425105181011408
0.8983926142408458
0.7145542946994715
0.8379871211434686
0.5795751543221809
0.8983926142408458
0.7181360664200848
0.6522368095429296
2.2420412126769063
0.7181360664200848
0.6457526152484038
0.7576502684536747
0.6263000323648262
1.0773769142527008
0.6068474494812488
1.168624653854871
0.6787365774933386
0.928900473974824
0.5688481135058545
0.5971211580394602
0.6930636643757917
0.5366669910568748
0.6489947123956666
0.7181360664200848
0.5608028328936095
0.7957045670962086
0.6068474494812488
0.636026323806615
2.065684725127758
0.6457526152484038
0.7288813815819246
0.7396266967437645
0.5742116339140177
0.7467902401849911
0.671689392426507
0.7661067792631266
0.6036053523339859
0.8253023549292906
0.5661663533017728
0.8168458441198387
0.8379871211434686
0.7467902401849911
0.9136465441078349
0.5822569145262626
0.5661663533017728
0.682318349213952
0.5366669910568748
0.5938790608921972
0.7038089795376317
0.9034772575298422
0.5313034706487114
0.6489947123956666
0.5688481135058545
0.5366669910568748
1.2530286916135935
0.6457526152484038
0.7145542946994715
0.7957045670962086
0.6327842266593521
0.9187311873968312
0.6966454360964051
0.7467902401849911
0.6068474494812488
1.4042994910792492
1.144291923294292
1.4208872622824054
0.600363255186723
0.5876204349344258
0.636026323806615
0.7503720119056044
0.6489947123956666
0.6522368095429296
0.7467902401849911
0.5971211580394602
0.8831386843738567
0.5938790608921972
0.7957045670962086
0.7073907512582449
0.5795751543221809
1.4540628046887167
0.8424615380618858
0.5971211580394602
1.2028838875250076
0.928900473974824
2.3155230824890514
0.6295421295120892
0.682318349213952
0.7109725229788583
0.9339851172638204
0.5634845930976912
0.6327842266593521
0.5849386747303442
0.7145542946994715
0.8210740995245647
0.7288813815819246
0.5742116339140177
0.6684472952792441
0.671689392426507
0.6587210038374555
0.6894818926551785
0.5906369637449342
0.7830198008820306
0.6327842266593521
0.7288813815819246
0.5768933941180993
0.5473940318732012
0.5938790608921972
0.8379871211434686
0.550075792077283
0.8041610779056607
0.8210740995245647
0.7872480562867566
0.5608028328936095
0.671689392426507
0.5366669910568748
1.2816828653785
0.7787915454773047
0.5286217104446298
0.5971211580394602
0.8424615380618858
0.8678847545068674
0.5742116339140177
0.7038089795376317
0.8253023549292906
0.5688481135058545
0.6489947123956666
0.6230579352175635
0.7038089795376317
0.671689392426507
0.6587210038374555
0.6966454360964051
0.5581210726895278
1.1625414712147262
0.6327842266593521
0.8424615380618858
0.6230579352175635
0.8379871211434686
0.6392684209538779
0.682318349213952
0.5098493890160583
0.6619631009847182
0.7288813815819246
0.6392684209538779
0.6068474494812488
0.6859001209345653
0.682318349213952
0.7576502684536747
1.445768919087139
0.8253023549292906
0.5742116339140177
0.7618785238584007
0.636026323806615
0.542030511465038
0.5366669910568748
0.6457526152484038
0.5393487512609563
0.7432084684643778
1.0469610010519774
0.7661067792631266
0.8424615380618858
0.5527575522813646
0.6263000323648262
0.8126175887151127
0.5634845930976912
0.5849386747303442
0.721717838140698
0.6619631009847182
0.6489947123956666
0.6100895466285118
0.7288813815819246
0.5608028328936095
0.5366669910568748
0.5971211580394602
0.7576502684536747
0.6522368095429296
0.732463153302538
0.6619631009847182
0.5742116339140177
0.6068474494812488
2.3743085783387667
0.7181360664200848
1.034794635771688
0.5849386747303442
0.9034772575298422
0.7002272078170183
0.8210740995245647
1.2172109744074608
0.6230579352175635
0.600363255186723
0.7145542946994715
0.7109725229788583
0.7576502684536747
1.071293731612556
0.8210740995245647
0.5849386747303442
0.5634845930976912
0.6165737409230376
0.5393487512609563
0.8780540410848604
0.6100895466285118
0.7288813815819246
0.6751548057727254
0.6684472952792441
0.7038089795376317
0.6522368095429296
0.6652051981319812
0.6619631009847182
0.732463153302538
0.5971211580394602
0.636026323806615
0.7073907512582449
0.8983926142408458
0.6489947123956666
0.636026323806615
1.7717572458791782
0.6295421295120892
0.5849386747303442
0.6036053523339859
0.7467902401849911
1.1260423753738582
0.6966454360964051
0.6068474494812488
0.5971211580394602
0.8041610779056607
0.5608028328936095
0.5849386747303442
0.7467902401849911
0.6787365774933386
0.6684472952792441
0.6230579352175635
0.872969397795864
0.8424615380618858
0.9797469068647875
0.5742116339140177
1.2673557784960467
0.6894818926551785
1.168624653854871
0.7038089795376317
0.6652051981319812
0.872969397795864
0.6230579352175635
0.5393487512609563
0.6587210038374555
0.5634845930976912
0.7002272078170183
0.6100895466285118
0.7073907512582449
1.5213822317177605
0.6751548057727254
0.5822569145262626
0.5608028328936095
0.6295421295120892
0.9187311873968312
0.6295421295120892
0.7038089795376317
0.9594083337088022
0.5822569145262626
1.1017096448132795
0.5608028328936095
0.7252996098613113
0.636026323806615
1.1321255580140028
0.6068474494812488
1.0773769142527008
0.7618785238584007
1.0652105489724115
0.49119157887977805
0.5527575522813646
0.6295421295120892
0.9238158306858275
0.8678847545068674
0.7109725229788583
0.5071676288119766
0.6230579352175635
1.1382087406541475
0.7830198008820306
0.6554789066901924
1.712971750029462
0.5906369637449342
0.6230579352175635
0.6751548057727254
0.7038089795376317
0.8678847545068674
0.5608028328936095
0.7252996098613113
0.7145542946994715
0.5205764298323848
0.5906369637449342
0.5876204349344258
0.6587210038374555
0.8253023549292906
0.6100895466285118
1.053044183692122
0.9594083337088022
0.7661067792631266
0.7576502684536747
0.6894818926551785
0.7288813815819246
0.6263000323648262
0.6457526152484038
0.6684472952792441
0.6966454360964051
0.6554789066901924
0.6425105181011408
0.6068474494812488
0.6133316437757746
0.6859001209345653
0.682318349213952
0.9187311873968312
0.6751548057727254
0.6457526152484038
0.5971211580394602
0.5581210726895278
0.8882233276628531
0.8526308246398785
0.5742116339140177
1.3103370391434062
0.928900473974824
0.5906369637449342
0.6392684209538779
1.0469610010519774
0.5688481135058545
0.6425105181011408
0.6751548057727254
0.5205764298323848
0.5527575522813646
0.671689392426507
0.7038089795376317
2.080381099090187
0.6230579352175635
0.542030511465038
0.8424615380618858
0.5795751543221809
0.6859001209345653
0.7288813815819246
0.7745632900725787
0.6327842266593521
0.6751548057727254
0.5634845930976912
0.7914763116914827
0.6751548057727254
0.6425105181011408
0.550075792077283
0.5795751543221809
0.6787365774933386
0.7181360664200848
0.8295306103340166
0.7957045670962086
0.6859001209345653
0.6295421295120892
0.6751548057727254
0.7703350346678527
0.7576502684536747
0.6457526152484038
0.7252996098613113
0.6392684209538779
0.7252996098613113
1.0104619052111095
1.3389912129083126
0.6894818926551785
0.5795751543221809
2.4477904481509123
0.7872480562867566
0.6859001209345653
0.7252996098613113
0.6894818926551785
0.9899161934427805
0.5473940318732012
0.5608028328936095
0.5366669910568748
0.7661067792631266
0.550075792077283
0.671689392426507
0.8831386843738567
0.6684472952792441
0.6489947123956666
0.8041610779056607
0.5634845930976912
0.9797469068647875
0.6068474494812488
1.354536177469782
0.7539537836262176
0.9644929769977987
0.6457526152484038
0.6859001209345653
0.6068474494812488
0.5393487512609563
0.5554393124854462
0.7038089795376317
0.7914763116914827
1.071293731612556
0.7396266967437645
0.8678847545068674
0.944154403841813
0.5393487512609563
0.8083893333103866
1.8011499938040358
0.6165737409230376
0.6327842266593521
0.5938790608921972
1.0000854800207732
0.7957045670962086
0.5768933941180993
0.6295421295120892
0.5906369637449342
0.7145542946994715
0.5822569145262626
0.6327842266593521
0.636026323806615
0.7957045670962086
0.7503720119056044
0.732463153302538
1.1503751059344367
0.7396266967437645
0.8882233276628531
0.7181360664200848
0.6522368095429296
0.5152129094242215
0.6966454360964051
0.7002272078170183
0.6554789066901924
0.7618785238584007
0.682318349213952
1.727668123991891
0.5608028328936095
0.6930636643757917
