3.243551796972625
1.2279408907552503
1.373703421378704
0.8752842765113709
1.265087533864791
0.6136233056798638
0.8539661523035128
0.6714824720092852
0.9765453664986969
0.8343705172710982
0.825909752683573
0.644254629030734
1.3096635055962398
0.8433070901995837
0.6646755112646474
1.0148317516953922
0.9925339596545903
0.8047578412147601
1.0148317516953922
0.9072614628231581
0.6788826853519927
1.3319514914619641
0.6646755112646474
1.453671725657626
0.7878363120397099
1.453671725657626
0.7836059297459472
0.6714824720092852
0.7128243893878671
0.8047578412147601
0.7128243893878671
0.7429947929753109
0.9818748975506613
0.9605567733428032
0.6939678871457146
0.9498977112388742
0.6238337467968205
0.6939678871457146
0.8132186058022853
0.720366990284728
0.6788826853519927
0.9552272422908389
0.5211211945082851
0.6714824720092852
1.2279408907552503
0.7920666943334724
0.7316808916300195
0.7165956898362975
1.1833649190238014
2.953024524245352
0.7392234925268805
0.6374476682860961
0.5758916275919711
0.6340441879137773
2.6319154333362613
0.8859433386153001
0.9232500559790516
0.720366990284728
0.6864252862488537
0.7128243893878671
0.7467660934237413
0.644254629030734
0.9125909938751227
0.7316808916300195
0.6272372271691393
0.7505373938721719
0.6476581094030529
0.8386008995648608
0.7392234925268805
0.6272372271691393
0.7279095911815889
0.6136233056798638
0.6340441879137773
0.5932024234459502
2.4025517969726247
1.118061517709968
0.644254629030734
0.7052817884910061
0.6788826853519927
0.640851148658415
0.7316808916300195
0.5897989430736313
0.8216793703898104
0.7128243893878671
0.6272372271691393
0.7015104880425757
0.775145165158422
0.8806138075633355
0.6864252862488537
0.8433070901995837
0.7128243893878671
0.6646755112646474
0.6170267860521826
0.7582236359833717
0.6476581094030529
0.6374476682860961
0.8912728696672645
0.9125909938751227
0.7090530889394365
0.7015104880425757
0.8343705172710982
0.7920666943334724
0.49993331123693746
0.5897989430736313
1.053542913950858
0.7241382907331585
0.7015104880425757
0.6826539858004232
1.2502288766209746
2.8612790696998975
0.6170267860521826
0.5897989430736313
0.6826539858004232
0.8343705172710982
0.6068163449352258
0.8486366212515484
0.6544650701476906
0.9818748975506613
0.864625214407442
0.6544650701476906
0.9232500559790516
0.6826539858004232
0.6102198253075448
0.5348138027792065
0.6977391875941451
0.42164558204088654
1.040639193199036
0.6272372271691393
0.8912728696672645
0.7582236359833717
0.9658863043947677
0.6977391875941451
0.9339091180829807
0.7878363120397099
0.644254629030734
0.6374476682860961
0.8859433386153001
0.7467660934237413
0.6306407075414584
0.8539661523035128
0.6680789916369663
0.9285795870310162
0.9072614628231581
0.5430293677417594
0.7836059297459472
0.7015104880425757
0.7505373938721719
0.6939678871457146
0.5567219760126809
0.8912728696672645
0.6476581094030529
0.9712158354467323
0.6714824720092852
0.5676760626294182
2.2496427060635336
0.6612720308923286
0.5841071925545239
1.6438860179251238
0.7015104880425757
1.092254076206324
0.7878363120397099
1.265087533864791
0.644254629030734
0.6272372271691393
0.7505373938721719
0.6788826853519927
0.6788826853519927
0.8539661523035128
0.4572309134936369
0.7090530889394365
0.6578685505200097
0.9445681801869097
0.6136233056798638
0.7015104880425757
3.121224524245352
0.5897989430736313
0.6864252862488537
1.489213194226036
1.163224540341345
0.6788826853519927
0.5841071925545239
0.6864252862488537
0.8301401349773356
0.6170267860521826
0.8174489880960479
0.6864252862488537
0.9552272422908389
0.5966059038182691
0.9072614628231581
0.7015104880425757
0.7165956898362975
0.6977391875941451
0.7052817884910061
0.8216793703898104
0.644254629030734
0.7165956898362975
0.6340441879137773
2.5707517969726243
0.8301401349773356
0.7090530889394365
0.6170267860521826
0.6714824720092852
0.7836059297459472
0.8966024007192289
0.7920666943334724
0.5868457142087082
0.6680789916369663
0.6612720308923286
0.7920666943334724
0.8301401349773356
0.7429947929753109
0.9019319317711935
0.7128243893878671
0.7090530889394365
0.6612720308923286
0.644254629030734
0.6204302664245016
0.6510615897753718
3.289424524245352
0.864625214407442
0.6714824720092852
1.169676400717256
0.6272372271691393
0.7429947929753109
1.205652904889526
1.3470473199523967
0.644254629030734
0.8806138075633355
0.8386008995648608
0.8699547454594064
1.5652419501285133
0.7666844005708969
0.6170267860521826
0.6476581094030529
0.825909752683573
0.7279095911815889
1.163224540341345
0.7392234925268805
0.6680789916369663
1.355932687094499
0.9285795870310162
1.0031930217585192
0.6864252862488537
0.7429947929753109
0.8047578412147601
0.6646755112646474
1.2353702193771583
1.0212836120713031
0.5567219760126809
1.0341873328231252
0.7505373938721719
0.6102198253075448
0.8089882235085227
0.640851148658415
0.997863490706555
0.6826539858004232
0.8859433386153001
0.9285795870310162
0.8343705172710982
0.6238337467968205
0.6476581094030529
0.7392234925268805
1.008522552810484
1.3096635055962398
0.796297076627235
1.453671725657626
0.6612720308923286
0.7793755474521847
1.163224540341345
0.640851148658415
0.7241382907331585
0.7052817884910061
0.7624540182771344
0.8132186058022853
0.7920666943334724
1.105157796958146
0.7429947929753109
0.8005274589209975
2.1578972515180794
0.6170267860521826
0.7467660934237413
0.8486366212515484
0.6272372271691393
0.6977391875941451
0.6340441879137773
0.6788826853519927
0.8216793703898104
0.7429947929753109
0.7015104880425757
0.7279095911815889
1.2353702193771583
0.7128243893878671
0.7279095911815889
0.6068163449352258
0.7128243893878671
1.1761282610931671
0.603412864562907
0.49044388951620405
0.9019319317711935
0.5813686709003397
0.7467660934237413
0.6068163449352258
0.6680789916369663
0.7090530889394365
0.7090530889394365
0.8966024007192289
0.7241382907331585
1.205652904889526
0.5731531059377868
0.8132186058022853
1.355932687094499
0.7241382907331585
0.8912728696672645
0.7354521920784499
0.9552272422908389
0.5868457142087082
0.8005274589209975
0.5567219760126809
0.796297076627235
0.6544650701476906
0.4287626483314366
0.7709147828646595
1.2279408907552503
0.6751113849035623
2.417842706063534
0.6544650701476906
0.6826539858004232
0.6238337467968205
0.464347979784187
1.205652904889526
0.7241382907331585
0.7052817884910061
1.584902967077666
0.6788826853519927
0.796297076627235
0.9072614628231581
0.9179205249270871
0.8047578412147601
0.5841071925545239
0.8486366212515484
1.06644663470268
0.8433070901995837
1.13096523846179
0.640851148658415
1.3648180542366015
0.49044388951620405
0.8433070901995837
1.6242250009759711
0.6306407075414584
0.7666844005708969
0.7543086943206023
0.7878363120397099
0.5265982378166536
0.7582236359833717
1.5069839285102407
0.5897989430736313
0.6170267860521826
1.1245133780858791
0.6544650701476906
0.603412864562907
2.6319154333362613
0.6901965866972841
0.7543086943206023
1.525919916230208
0.9818748975506613
0.7429947929753109
1.1761282610931671
0.7429947929753109
0.7920666943334724
0.6170267860521826
0.6714824720092852
0.8343705172710982
0.7128243893878671
0.5238597161624693
0.7624540182771344
0.6000093841905881
0.8752842765113709
0.6714824720092852
1.3022341769743315
0.6578685505200097
0.5758916275919711
0.6939678871457146
0.9658863043947677
0.720366990284728
0.9872044286026258
0.6544650701476906
0.7429947929753109
0.7241382907331585
0.419557861424381
0.6977391875941451
1.1982235762676177
0.8301401349773356
0.6826539858004232
0.6646755112646474
0.7429947929753109
0.7920666943334724
0.9339091180829807
0.7128243893878671
0.6864252862488537
0.7582236359833717
0.8343705172710982
0.720366990284728
1.0341873328231252
0.46672033521437045
0.49993331123693746
0.7878363120397099
0.720366990284728
0.7128243893878671
0.9552272422908389
0.7582236359833717
1.4980985613681381
0.7392234925268805
0.864625214407442
1.0728984950785911
0.6977391875941451
0.5265982378166536
0.8216793703898104
0.9712158354467323
0.997863490706555
0.9125909938751227
0.9072614628231581
0.6544650701476906
1.137417098837701
1.205652904889526
0.6374476682860961
0.5841071925545239
0.8216793703898104
1.2948048483524235
1.2725168624866992
0.8486366212515484
0.8132186058022853
0.8592956833554775
0.7429947929753109
0.7090530889394365
1.3319514914619641
0.7279095911815889
0.4714650460747371
0.9925339596545903
0.6826539858004232
0.6826539858004232
1.0599947743267693
0.7015104880425757
1.3914741556629087
0.6340441879137773
0.603412864562907
0.7316808916300195
0.9072614628231581
0.8966024007192289
1.008522552810484
1.7450427060635338
0.7015104880425757
0.6136233056798638
0.6374476682860961
0.6476581094030529
0.6578685505200097
0.7624540182771344
0.6102198253075448
1.118061517709968
3.3200063424271704
1.3470473199523967
0.7165956898362975
0.6238337467968205
0.7920666943334724
0.7316808916300195
0.9872044286026258
0.4240179374710699
0.775145165158422
1.169676400717256
0.5758916275919711
0.8343705172710982
0.775145165158422
0.7878363120397099
0.7582236359833717
0.8386008995648608
0.6826539858004232
0.6788826853519927
0.5156441511999165
0.7165956898362975
0.6977391875941451
0.6612720308923286
0.6646755112646474
0.8486366212515484
0.775145165158422
0.7624540182771344
0.644254629030734
0.5868457142087082
0.6306407075414584
0.8047578412147601
0.6714824720092852
0.7165956898362975
0.8343705172710982
0.796297076627235
0.7090530889394365
1.0987059365822351
0.6901965866972841
0.7392234925268805
0.997863490706555
0.825909752683573
0.7666844005708969
0.6102198253075448
0.6476581094030529
0.6272372271691393
0.8859433386153001
0.6578685505200097
0.7052817884910061
1.3914741556629087
0.9712158354467323
0.7624540182771344
