0.8394012902119428
0.6131632865874161
0.6419083092587168
0.5824585905120913
0.5291269226123634
0.5557927565622274
0.7945528988501093
0.7031288117041564
0.5939999381398823
0.6067755037715715
0.6195510694032608
0.6546838748904059
0.7359053647314769
0.6674594405220953
0.526460339217377
1.085462103705703
0.59080604673196
0.6482960920745614
0.9783900429419877
0.6994869724788986
1.4056716484887084
0.5717922569321457
0.5424598395872954
0.6958451332536408
0.6419083092587168
0.6514899834824837
1.1381247129024787
0.7249798470557035
1.2782128982580043
0.7863986458752305
0.6323266350349498
0.579792007117105
0.5637925067471865
1.9310897096963369
0.6003877209557269
0.5717922569321457
0.6578777662983283
0.5344600894023361
0.36674737258235374
1.2099314368236336
0.8108614047998669
0.6067755037715715
0.739547203956735
0.7700901399254728
1.1732331190336625
0.7286216862809614
0.6195510694032608
0.6323266350349498
0.5717922569321457
0.9215914445358356
0.8149385312873063
0.6163571779953384
0.6674594405220953
0.7213380078304457
0.7468308824072507
0.6067755037715715
0.6163571779953384
0.645102200666639
2.818727048566481
0.6035816123636493
0.7213380078304457
0.7823215193877912
0.5939999381398823
0.8271699107496244
0.5237937558223906
0.7863986458752305
0.7863986458752305
0.7176961686051878
0.566459090142173
0.8802833729677251
0.645102200666639
0.5477930063772681
1.4731879555634697
0.35556138277964927
0.59080604673196
0.6291327436270276
0.500608479778509
0.8353241637245034
0.6131632865874161
0.6546838748904059
1.120570509836887
0.6163571779953384
0.5397932561923091
0.6067755037715715
0.6958451332536408
0.7541145608577663
0.6355205264428722
0.6163571779953384
0.7176961686051878
0.7431890431819927
0.6131632865874161
0.6035816123636493
0.8647928461296835
0.8854468819137388
0.5557927565622274
0.6259388522191054
0.43637619112957543
0.8751198640217112
0.6099693951794938
0.5691256735371594
0.6419083092587168
0.59080604673196
0.8596293371836697
0.6578777662983283
0.6776359371273516
0.8394012902119428
0.6776359371273516
0.5371266727973225
0.5451264229822818
0.8647928461296835
0.6163571779953384
0.6323266350349498
0.5939999381398823
0.7031288117041564
0.6514899834824837
1.0210966924651996
1.0042075876720569
1.1322733118806148
0.6035816123636493
0.579792007117105
0.6163571779953384
1.091313504727567
0.46516997569633867
0.5504595897722545
0.6259388522191054
0.6003877209557269
0.579792007117105
0.4058983368918195
0.5717922569321457
11.660360184573747
0.6706533319300176
0.5717922569321457
0.7904757723626699
0.688561454803125
0.5344600894023361
0.6099693951794938
0.59080604673196
0.7431890431819927
0.6003877209557269
0.5851251739070777
0.5477930063772681
0.3611543776810015
0.5397932561923091
0.6994869724788986
0.5424598395872954
0.5344600894023361
0.6994869724788986
0.7213380078304457
0.46959978870661
0.5557927565622274
1.108867707793159
1.8146782554182854
0.5451264229822818
0.6291327436270276
1.0737593016619753
0.6419083092587168
0.6355205264428722
0.6195510694032608
0.48510413424255944
0.7031288117041564
0.9319184624278632
0.6131632865874161
0.8149385312873063
1.067907900640111
0.5584593399572138
0.71405432937993
0.5611259233522
0.8149385312873063
0.579792007117105
1.0796107026838393
0.9319184624278632
0.5477930063772681
0.5184605890324179
0.5557927565622274
0.6003877209557269
0.7322635255062192
0.6323266350349498
0.4828892277374238
0.645102200666639
0.5371266727973225
1.120570509836887
0.9835535518880016
0.6994869724788986
0.7104124901546721
0.5611259233522
0.71405432937993
0.5557927565622274
0.7213380078304457
0.7823215193877912
1.0042075876720569
1.5434736001317075
0.6958451332536408
0.6546838748904059
0.7741672664129122
0.5611259233522
0.5637925067471865
0.5771254237221186
1.0269480934870636
0.5504595897722545
0.8190156577747457
0.6642655491141729
1.617939565820695
0.372340367483706
0.566459090142173
0.6067755037715715
0.3611543776810015
0.566459090142173
0.7431890431819927
1.0503536975745194
0.8906103908597527
0.6419083092587168
0.5237937558223906
1.0327994945089276
0.6131632865874161
0.6419083092587168
0.5611259233522
0.7660130134380334
0.7578587604631547
0.6099693951794938
1.3237338725475851
0.59080604673196
1.8146782554182854
0.5971938295478045
1.1947577787271069
0.622744960811183
0.5477930063772681
0.7541145608577663
0.6355205264428722
0.6259388522191054
0.5824585905120913
0.5877917573020641
0.6739940979020936
1.4985065707165055
0.574458840327132
0.6259388522191054
0.7468308824072507
0.4828892277374238
0.6812777763526093
0.5691256735371594
0.5691256735371594
0.7468308824072507
0.7468308824072507
0.39284801545533093
0.8190156577747457
0.5397932561923091
0.6035816123636493
1.4056716484887084
0.7660130134380334
0.8802833729677251
0.9009374087517804
0.5397932561923091
0.6003877209557269
0.6323266350349498
0.8544658282376558
0.7541145608577663
0.7104124901546721
1.0445022965526556
0.5504595897722545
0.6812777763526093
0.8394012902119428
0.6195510694032608
0.59080604673196
0.5371266727973225
2.4112869585933003
0.6578777662983283
0.8230927842621851
0.6419083092587168
0.9938805697800293
0.7468308824072507
0.6958451332536408
0.6259388522191054
0.6163571779953384
0.8108614047998669
0.6776359371273516
0.3518327195120811
0.5477930063772681
0.6706533319300176
0.5851251739070777
0.42751656510903285
0.6003877209557269
0.5477930063772681
0.7904757723626699
0.5939999381398823
0.6195510694032608
0.71405432937993
1.085462103705703
0.7286216862809614
0.6849196155778672
0.49617866676823763
0.5717922569321457
0.6922032940283829
0.6003877209557269
1.8437811189877986
0.566459090142173
0.4895339472528308
0.6958451332536408
1.1381247129024787
0.6578777662983283
1.0386508955307918
0.6291327436270276
0.59080604673196
0.526460339217377
0.579792007117105
0.7660130134380334
0.7541145608577663
0.5504595897722545
0.6546838748904059
0.42973147161416847
0.9215914445358356
0.9319184624278632
0.7249798470557035
0.6195510694032608
0.5717922569321457
0.7504727216325084
0.8149385312873063
0.7863986458752305
0.5877917573020641
0.5611259233522
0.5557927565622274
0.3891193521877627
0.8906103908597527
0.6642655491141729
0.6578777662983283
0.5717922569321457
0.574458840327132
1.1439761139243425
0.579792007117105
0.5611259233522
0.6131632865874161
0.6355205264428722
0.5824585905120913
0.7823215193877912
0.6958451332536408
0.3891193521877627
0.59080604673196
0.5939999381398823
0.34810405624451296
0.42973147161416847
0.6003877209557269
0.7359053647314769
1.0269480934870636
0.6674594405220953
1.0796107026838393
0.6739940979020936
0.9215914445358356
0.6195510694032608
0.579792007117105
0.8149385312873063
0.5131274222424449
0.6674594405220953
0.4058983368918195
0.7213380078304457
0.7031288117041564
0.5584593399572138
0.7359053647314769
0.6259388522191054
0.7249798470557035
0.5824585905120913
1.8437811189877986
0.34810405624451296
0.5371266727973225
0.6259388522191054
1.1381247129024787
0.71405432937993
0.6355205264428722
0.6578777662983283
0.5584593399572138
1.4563088787947795
0.574458840327132
0.7986300253375487
0.7213380078304457
0.40403400525803546
0.6163571779953384
0.688561454803125
0.5691256735371594
1.0042075876720569
0.7504727216325084
0.8149385312873063
0.6131632865874161
0.6994869724788986
0.7700901399254728
0.9215914445358356
0.7286216862809614
0.6003877209557269
0.5611259233522
0.5504595897722545
0.6482960920745614
0.5371266727973225
0.6776359371273516
0.553126173167241
0.6099693951794938
0.5028233862836445
0.6355205264428722
0.7213380078304457
0.5939999381398823
0.7359053647314769
0.5477930063772681
0.579792007117105
0.8190156577747457
0.7176961686051878
0.7031288117041564
1.0093938904214719
0.9525724982119185
0.4917488537579664
0.6849196155778672
0.5824585905120913
0.6776359371273516
0.8699563550756974
0.526460339217377
0.9680630250499601
0.5504595897722545
0.6003877209557269
0.6195510694032608
0.739547203956735
0.7249798470557035
0.5317935060073499
0.5131274222424449
0.6131632865874161
0.8544658282376558
0.739547203956735
0.7700901399254728
1.1439761139243425
0.8544658282376558
0.6922032940283829
0.5611259233522
0.8108614047998669
0.349968387878297
0.59080604673196
0.6674594405220953
2.018398300404876
1.4056716484887084
0.7359053647314769
0.739547203956735
0.6642655491141729
0.6610716577062506
0.6849196155778672
0.6003877209557269
0.8190156577747457
0.9267549534818496
0.5344600894023361
0.5371266727973225
0.5424598395872954
0.6994869724788986
0.6323266350349498
0.6291327436270276
0.5877917573020641
0.6387144178507944
0.6131632865874161
0.5504595897722545
1.0042075876720569
0.6706533319300176
1.1615303169899343
0.5451264229822818
0.5717922569321457
0.5317935060073499
0.59080604673196
0.566459090142173
1.1498275149462065
0.6706533319300176
0.5824585905120913
0.5637925067471865
0.42751656510903285
0.6419083092587168
0.7823215193877912
0.5851251739070777
0.6812777763526093
1.0737593016619753
0.5291269226123634
0.6163571779953384
0.6776359371273516
0.5824585905120913
0.6739940979020936
0.574458840327132
0.8957738998057664
0.5184605890324179
1.0152452914433359
0.6849196155778672
0.7700901399254728
0.6674594405220953
0.6958451332536408
0.5717922569321457
0.6578777662983283
1.4985065707165055
0.5851251739070777
0.6163571779953384
0.6131632865874161
0.5717922569321457
0.7660130134380334
0.526460339217377
0.5424598395872954
0.6642655491141729
0.5611259233522
0.5344600894023361
1.4309902636417442
0.8149385312873063
0.7286216862809614
0.5397932561923091
0.7286216862809614
0.6610716577062506
0.8067842783124275
0.8312470372370638
0.7541145608577663
0.5104608388474585
0.46074016268606743
