0.4178226185069747
0.6471851206378824
0.6886788646353185
0.8091407732310704
0.7100421161171135
0.6993604903762161
0.5366445284627482
0.5594977893323133
0.653183694104359
0.6111936798390236
0.42561293423834734
0.5991965329060707
0.7603163900670645
0.7456475352534387
0.6471851206378824
0.5772725477864198
0.6111936798390236
0.6111936798390236
0.685118322721686
0.2986282395545125
0.692239406548951
0.4093516273707942
0.7171631999443787
0.3026838576223473
0.5747332965786902
0.5315660260472893
0.6381872604381676
1.26655522188026
0.4911179593639754
0.780659883052067
0.5874295526173375
0.66818012777055
0.5747332965786902
0.6231908267719765
0.7029210322898486
1.0550385058229734
0.9835018752649562
0.7603163900670645
0.6744366969807885
0.5772725477864198
0.4932310246906086
0.8809111113962372
1.0195032945553677
0.590198672706356
0.5696547941632314
0.6081943931057854
0.5544192869168545
0.5264875236318303
0.5163305188009125
0.6501844073711206
0.7278448256852762
0.556958538124584
0.6141929665722619
0.5961972461728323
1.043193435400438
0.6711794145037883
0.6621815543040737
0.6815577808080535
0.629189400238453
0.4298390648916137
0.6471851206378824
0.5798117989941491
0.6561829808375971
0.8376216634100738
0.6471851206378824
0.5061735139699945
0.6886788646353185
0.5391837796704777
0.6231908267719765
0.301331984933069
0.5798117989941491
0.6957999484625835
0.6051951063725471
0.780659883052067
0.5645762917477724
0.6081943931057854
0.5772725477864198
0.6957999484625835
0.629189400238453
0.4298390648916137
0.7847285816490674
0.5366445284627482
0.9395344050355052
0.8955669348060543
0.46576117544437745
0.6621815543040737
0.5874295526173375
0.7171631999443787
0.5798117989941491
0.5991965329060707
0.5417230308782072
0.7136026580307462
0.9932724242048342
0.6111936798390236
0.5874295526173375
0.7100421161171135
0.5239482724241009
0.6957999484625835
0.6501844073711206
0.6957999484625835
0.590198672706356
1.0135807593441
0.38563285218948884
0.6711794145037883
0.5931979594395942
0.5214090212163713
0.5468015332936661
0.5493407845013956
0.5163305188009125
1.1734892100483254
0.8857963858661763
0.8010033760370694
0.9395344050355052
0.7603163900670645
0.5290267748395598
0.7171631999443787
0.6231908267719765
0.5747332965786902
0.38393865396225274
0.7492080771670713
0.8376216634100738
0.5848903014096082
0.6021958196393089
0.9737313263250782
0.5823510502018786
2.1512478329021762
0.4763265020775433
0.6261901135052148
0.5214090212163713
1.1024187875131142
0.6081943931057854
0.5544192869168545
0.5366445284627482
0.9199933071557492
0.66818012777055
0.7456475352534387
1.0846511818793114
0.7171631999443787
0.9004522092759932
0.8418289156367252
0.5798117989941491
0.4868918287107091
0.7456475352534387
0.7563291609943362
0.5823510502018786
0.4059632309163221
0.5315660260472893
0.5671155429555018
0.6815577808080535
0.7492080771670713
0.6621815543040737
0.6141929665722619
0.8711405624563593
0.4911179593639754
0.49745715534387497
0.4488566528313122
0.6231908267719765
0.6321886869716913
0.9493049539753833
0.4911179593639754
1.8296417143553314
0.472100371424277
0.5671155429555018
0.6141929665722619
0.6351879737049294
0.35174888764476686
0.5366445284627482
0.5645762917477724
0.5239482724241009
0.5544192869168545
0.6231908267719765
0.720723741858011
0.6171922533055
0.5848903014096082
0.6111936798390236
0.5645762917477724
0.5721940453709607
0.6381872604381676
0.5391837796704777
0.5594977893323133
1.6162043971299571
0.6141929665722619
0.590198672706356
0.796934677440069
0.8213468690220718
0.677997238894421
0.7765911844550665
0.6321886869716913
0.306739475690182
0.4953440900172417
0.9981576986747732
0.66818012777055
0.7527686190807037
0.685118322721686
0.6381872604381676
0.7847285816490674
0.6651808410373118
0.8955669348060543
0.5442622820859366
0.629189400238453
0.7314053675989087
0.5798117989941491
0.9981576986747732
0.6261901135052148
0.5772725477864198
0.6231908267719765
0.4361782608715132
0.8335529648130734
0.6021958196393089
0.5931979594395942
0.7765911844550665
0.9053374837459323
0.8010033760370694
0.7136026580307462
0.6081943931057854
0.6561829808375971
0.6141929665722619
1.2087545345950363
0.6381872604381676
1.4288695652250218
0.7029210322898486
0.5163305188009125
0.9395344050355052
0.6381872604381676
0.6711794145037883
0.5696547941632314
0.38902124864396104
0.5290267748395598
0.677997238894421
0.48266569805744275
0.7456475352534387
0.6471851206378824
0.5991965329060707
0.5594977893323133
0.6815577808080535
0.48266569805744275
0.8711405624563593
0.641186547171406
0.4488566528313122
0.7385264514261737
0.4699873060976437
0.6561829808375971
0.35174888764476686
0.6744366969807885
0.7171631999443787
0.8091407732310704
0.8564847390465422
0.7171631999443787
0.685118322721686
0.6591822675708354
0.6744366969807885
0.6561829808375971
0.5087127651777241
0.6201915400387382
0.5366445284627482
0.8213468690220718
0.9932724242048342
1.1261089283581849
0.7314053675989087
0.7456475352534387
0.6081943931057854
0.5290267748395598
0.6351879737049294
0.5594977893323133
0.8213468690220718
0.5671155429555018
0.6711794145037883
0.7029210322898486
0.5931979594395942
0.7456475352534387
0.5087127651777241
0.5518800357091249
0.7136026580307462
0.6081943931057854
0.6021958196393089
2.5605647110527063
0.5366445284627482
0.5961972461728323
0.6561829808375971
0.7420869933398062
2.3851431918453363
1.2159796205056894
1.1734892100483254
0.7385264514261737
0.7278448256852762
0.5366445284627482
0.38224445573501664
0.5061735139699945
0.6651808410373118
0.6081943931057854
1.7126940348837514
1.5303880705993447
0.590198672706356
0.6381872604381676
0.38224445573501664
0.6321886869716913
0.5798117989941491
0.5341052772550188
0.9199933071557492
0.6231908267719765
0.5239482724241009
0.3107950937580168
0.8955669348060543
0.3080913483794603
0.8172781704250713
0.7385264514261737
0.5931979594395942
0.5417230308782072
0.7242842837716437
0.3788560592805444
0.3094432210687385
0.5721940453709607
0.6171922533055
0.5087127651777241
0.7100421161171135
0.780659883052067
1.3957593290045498
0.5315660260472893
0.7136026580307462
0.6081943931057854
0.9199933071557492
0.5188697700086419
1.0372709001891705
0.4784395674041764
0.5137912675931829
0.5991965329060707
0.6591822675708354
0.590198672706356
0.8515994645766033
0.5544192869168545
0.590198672706356
0.6471851206378824
0.7527686190807037
0.5366445284627482
0.6381872604381676
0.6171922533055
0.7643850886640651
0.653183694104359
0.5594977893323133
0.590198672706356
0.7136026580307462
0.5696547941632314
0.5645762917477724
0.6111936798390236
0.5493407845013956
0.6051951063725471
0.5991965329060707
0.7029210322898486
0.6886788646353185
0.7029210322898486
0.5798117989941491
1.5116451557762027
0.32836943871863405
0.6351879737049294
0.9737313263250782
0.5747332965786902
0.6261901135052148
0.5087127651777241
0.6261901135052148
0.6561829808375971
0.692239406548951
0.5264875236318303
0.43406519554488
0.5961972461728323
0.5961972461728323
0.5087127651777241
0.5772725477864198
0.5442622820859366
0.5442622820859366
0.5696547941632314
0.5037963513237744
0.5798117989941491
0.42772599956498053
0.5594977893323133
0.3107950937580168
0.9395344050355052
0.6201915400387382
0.6201915400387382
0.6261901135052148
0.5290267748395598
0.9981576986747732
0.6351879737049294
0.5137912675931829
0.4059632309163221
0.6441858339046441
0.8050720746340699
0.5620370405400429
1.6734152814836987
0.5239482724241009
0.9786166007950172
0.6621815543040737
0.4488566528313122
0.9541902284453222
0.7314053675989087
0.7349659095125411
0.39410384332566933
0.6321886869716913
0.8091407732310704
0.6201915400387382
0.6231908267719765
0.6351879737049294
0.6993604903762161
0.5341052772550188
0.6471851206378824
0.6591822675708354
0.5823510502018786
0.5772725477864198
0.6141929665722619
0.9835018752649562
0.653183694104359
0.7765911844550665
0.9199933071557492
0.6051951063725471
0.43829132619814637
0.5442622820859366
1.0728061114567764
0.5037963513237744
0.301331984933069
0.34666629296305856
0.38732705041672494
0.6351879737049294
0.37038506814436395
0.5874295526173375
0.6351879737049294
0.6111936798390236
0.6501844073711206
0.9297638560956273
0.5721940453709607
0.6321886869716913
0.780659883052067
0.6261901135052148
0.6711794145037883
0.6957999484625835
0.5696547941632314
0.6261901135052148
0.780659883052067
0.5696547941632314
0.7643850886640651
0.6501844073711206
0.5391837796704777
0.8857963858661763
0.7420869933398062
0.5798117989941491
0.6471851206378824
0.5112520163854536
0.8906816603361152
0.685118322721686
1.785786334553489
0.5239482724241009
0.8050720746340699
0.7928659788430684
0.6081943931057854
0.6111936798390236
0.5721940453709607
0.653183694104359
0.5137912675931829
0.685118322721686
0.36021987878094736
0.6111936798390236
0.6381872604381676
0.4298390648916137
0.4319521302182469
0.5772725477864198
1.2810053937015655
0.5417230308782072
0.46576117544437745
0.7171631999443787
0.5696547941632314
0.5315660260472893
0.556958538124584
0.5645762917477724
0.5931979594395942
0.5315660260472893
0.8091407732310704
0.8857963858661763
0.5772725477864198
0.5315660260472893
1.4371471242801401
0.706481574203481
0.7278448256852762
0.5290267748395598
0.5991965329060707
0.7643850886640651
0.8050720746340699
0.6351879737049294
0.6744366969807885
0.6501844073711206
0.6471851206378824
1.5494583653839253
0.6501844073711206
0.5874295526173375
0.6441858339046441
0.796934677440069
2.2974324322416515
0.4195168167342109
0.6621815543040737
0.556958538124584
0.5137912675931829
0.5772725477864198
0.8564847390465422
0.5493407845013956
0.6141929665722619
0.6351879737049294
0.8254155676190723
1.1379539987807197
0.5468015332936661
0.5468015332936661
0.5468015332936661
0.7278448256852762
0.6815577808080535
0.5798117989941491
0.8335529648130734
0.6711794145037883
0.4911179593639754
0.5188697700086419
0.9590755029152612
0.4699873060976437
0.48266569805744275
0.6081943931057854
0.556958538124584
0.6441858339046441
0.5671155429555018
0.4446305221780458
0.6141929665722619
0.5087127651777241
1.1024187875131142
0.6051951063725471
0.32701756602935583
1.4950900376659668
0.7171631999443787
0.7242842837716437
0.6351879737049294
0.7603163900670645
0.3134988391365733
0.4127400238252664
0.5544192869168545
0.6471851206378824
0.5239482724241009
0.29998011224379073
0.5931979594395942
0.5315660260472893
0.5544192869168545
0.5991965329060707
0.3991864380073777
0.6744366969807885
0.590198672706356
0.5163305188009125
0.5214090212163713
0.8809111113962372
0.4890048940373423
1.060961041034241
0.6171922533055
0.5696547941632314
0.5772725477864198
0.5594977893323133
0.6381872604381676
0.8809111113962372
0.48055263273080967
0.6711794145037883
0.6111936798390236
0.8172781704250713
0.6711794145037883
0.7420869933398062
2.2535770524398084
0.6261901135052148
0.5620370405400429
0.6081943931057854
1.0787286466680437
0.6201915400387382
0.4144342220525025
