0.8991170176328827
0.9618962309547315
0.8701419960997218
0.5171231547493834
0.5867711878756773
0.3190292082470018
0.7156977319438523
0.5121482952403623
0.5668717498395932
0.6334196289518839
1.0104031372081572
0.6510436185736781
0.6952591253011027
0.5245854440129148
0.5345351630309568
0.49852763238560144
0.5569220308215513
1.1889140667300901
0.5171231547493834
0.6246076341409866
0.7088848630629359
0.642231623762781
0.6782269530988112
0.7361363385866021
0.5793088986121457
0.7429492074675187
0.5594094605760619
0.6363569605555163
0.5121482952403623
0.642231623762781
0.66573027659184
0.6099209761228248
0.5867711878756773
0.5121482952403623
0.7225106008247689
0.7191041663843107
0.5005753557846763
0.5444848820489988
0.6334196289518839
0.6304822973482515
0.6884462564201862
0.589359654897398
0.7806937164387471
0.3760792392395258
0.5842837581211667
0.792782839582015
0.8250205012973959
1.0339276127326327
0.6510436185736781
0.5171231547493834
0.6748205186583531
0.5071734357313414
0.8290502090118185
0.5668717498395932
0.6569182817809428
0.884629506866302
0.9232628689105169
0.60404631291556
0.5922969865010305
0.5981716497082953
1.3252536571737759
0.9039461878884093
0.6918526908606444
0.8008422550108601
0.6539809501773105
0.5793088986121457
0.6069836445191924
0.6246076341409866
0.6782269530988112
0.5842837581211667
0.6952591253011027
0.7497620763484352
0.6128583077264571
0.9184336986549899
1.456413103448991
0.5444848820489988
0.6128583077264571
0.5718466093486143
0.5768214688576353
0.6099209761228248
0.5071734357313414
0.642231623762781
0.8290502090118185
1.2678475138290661
0.5718466093486143
0.6099209761228248
0.7191041663843107
0.627544965744619
0.4657640580004055
0.5444848820489988
0.6304822973482515
0.627544965744619
0.6157956393300895
0.5171231547493834
0.5026230791837509
0.889458677121829
0.8604836555886679
1.6600143021172755
0.712291297503394
0.5981716497082953
0.48624129199115296
0.6952591253011027
0.5519471713125302
0.5718466093486143
0.5952343181046629
0.5793088986121457
0.6539809501773105
0.947408720188151
0.5718466093486143
0.5842837581211667
0.8129313781541281
0.6782269530988112
0.6128583077264571
0.5121482952403623
0.7726343010099018
0.5594094605760619
1.2463202100747999
0.7020719941820193
0.48624129199115296
0.6451689553664134
0.6510436185736781
0.627544965744619
0.5922969865010305
0.5817963283666562
0.6246076341409866
0.5618968903305722
0.7327299041461438
1.1456688714738918
0.6686676081954723
0.5121482952403623
0.712291297503394
0.5071734357313414
0.5981716497082953
0.5618968903305722
0.5171231547493834
0.5444848820489988
0.346350252593807
1.2319686742386224
0.3678211873934928
0.6510436185736781
0.6157956393300895
0.5245854440129148
0.46781178139948026
0.8653128258441947
1.1574311092361298
0.5005753557846763
0.7497620763484352
0.6782269530988112
0.5270728737674253
0.6884462564201862
0.7645748855810567
0.5981716497082953
0.5842837581211667
0.5469723118035094
0.833079916726241
0.7327299041461438
1.495529382518758
0.5842837581211667
0.6686676081954723
0.3942469533007984
0.7020719941820193
0.325722936359068
0.8008422550108601
0.6334196289518839
0.48828901539022773
0.38433729108555875
0.6716049397991047
0.8653128258441947
0.5981716497082953
0.6952591253011027
0.8508253150776143
0.5519471713125302
0.5569220308215513
0.833079916726241
0.60404631291556
0.5196105845038939
0.38268568071635223
0.6334196289518839
0.6069836445191924
0.6918526908606444
0.6569182817809428
0.5981716497082953
0.6304822973482515
0.3942469533007984
0.48828901539022773
1.0633332071382273
0.6304822973482515
0.529560303521936
0.6510436185736781
0.5793088986121457
0.5668717498395932
0.9087753581439364
0.5768214688576353
0.6816333875392696
0.38433729108555875
0.66573027659184
0.8556544853331411
1.0104031372081572
0.6011089813119276
0.6918526908606444
1.086857682662703
0.5345351630309568
0.6918526908606444
0.5952343181046629
0.5793088986121457
1.2965505855014208
0.6069836445191924
0.5220980142584043
0.6510436185736781
0.5026230791837509
0.5146357249948729
1.139787752592773
0.5245854440129148
0.5618968903305722
0.7361363385866021
0.6569182817809428
0.5544346010670408
0.6539809501773105
0.6451689553664134
0.7887531318675923
0.6952591253011027
0.5922969865010305
0.6569182817809428
0.6157956393300895
0.8459961448220873
0.5395100225399778
0.6304822973482515
0.7259170352652272
1.7632023369956644
1.0104031372081572
0.5922969865010305
0.7088848630629359
0.7429492074675187
0.6011089813119276
0.9087753581439364
0.712291297503394
0.7429492074675187
0.4107630569928645
0.6481062869700458
0.7806937164387471
0.8798003366107753
0.37277601850111264
0.6539809501773105
1.378180545309456
0.6686676081954723
0.792782839582015
0.6782269530988112
0.5981716497082953
0.6128583077264571
0.5743340391031247
0.5270728737674253
0.5196105845038939
1.0162842560892762
1.069214326019346
0.47190722819762976
0.7088848630629359
1.0221653749703952
0.371124408131906
0.6716049397991047
0.5419974522944883
0.40250500514683135
0.6069836445191924
0.6569182817809428
0.5469723118035094
0.6099209761228248
0.5668717498395932
0.3513050837014268
0.5245854440129148
0.8048719627252828
0.7806937164387471
0.7887531318675923
0.5718466093486143
0.3176904626245885
0.5096608654858519
0.5718466093486143
0.5569220308215513
0.5395100225399778
0.7020719941820193
0.5668717498395932
0.66573027659184
0.6099209761228248
0.5320477332764464
0.5469723118035094
0.6128583077264571
0.9280920391660438
0.6069836445191924
1.069214326019346
0.6069836445191924
0.4140662777312776
0.5569220308215513
0.6686676081954723
0.6451689553664134
0.6510436185736781
0.6304822973482515
0.5922969865010305
0.6451689553664134
0.6748205186583531
0.5370225927854673
0.5519471713125302
0.5395100225399778
0.5981716497082953
0.7531685107888935
0.48624129199115296
0.6304822973482515
0.41736949846969085
0.4190211088388974
0.6451689553664134
0.5519471713125302
0.461668611202256
0.6128583077264571
0.6816333875392696
0.6884462564201862
0.8089016704397054
0.5196105845038939
0.5569220308215513
0.6187329709337219
0.6481062869700458
0.48419356859207824
0.5220980142584043
0.66573027659184
0.5718466093486143
0.7766640087243245
0.5618968903305722
0.7327299041461438
0.6451689553664134
0.3446986422246004
0.5768214688576353
0.7645748855810567
0.38268568071635223
0.5643843200850828
1.086857682662703
0.627544965744619
0.6069836445191924
0.6884462564201862
0.5594094605760619
0.6216703025373542
0.412414667362071
0.6686676081954723
0.7565749452293518
0.6748205186583531
0.7156977319438523
0.5981716497082953
0.5842837581211667
1.7775882418878985
0.5817963283666562
0.5320477332764464
0.6481062869700458
0.698665559741561
0.6510436185736781
0.5768214688576353
1.1045010393060597
0.5146357249948729
0.6451689553664134
0.6627929449882076
0.6099209761228248
0.7293234697056855
0.7191041663843107
0.833079916726241
0.5220980142584043
0.49443218558745194
0.395898563670005
0.5469723118035094
0.7645748855810567
0.5171231547493834
0.5046860059768309
0.6510436185736781
0.6451689553664134
0.48624129199115296
0.4800981217939288
0.8653128258441947
0.6510436185736781
0.6334196289518839
0.6816333875392696
0.642231623762781
0.5718466093486143
1.6506802288653333
1.086857682662703
0.6598556133845752
0.8991170176328827
0.49443218558745194
0.6598556133845752
0.6069836445191924
0.5668717498395932
0.7806937164387471
0.5952343181046629
0.66573027659184
0.5981716497082953
0.6850398219797279
0.5981716497082953
0.7565749452293518
0.5469723118035094
0.7293234697056855
0.6363569605555163
0.5245854440129148
0.6451689553664134
0.5768214688576353
0.5569220308215513
1.1515499903550108
0.371124408131906
0.8371096244406636
0.698665559741561
0.7726343010099018
0.4157178881004842
0.8048719627252828
0.4923844621883773
0.7497620763484352
0.5693591795941038
0.8048719627252828
0.6069836445191924
0.5981716497082953
0.6627929449882076
0.7156977319438523
0.6918526908606444
0.3909437325623852
0.5643843200850828
0.7293234697056855
0.60404631291556
0.3694727977626994
0.7054784286224777
0.5981716497082953
0.7361363385866021
0.9329212094215704
0.7806937164387471
0.5569220308215513
0.5121482952403623
0.7259170352652272
0.5519471713125302
1.1817382988120013
0.5469723118035094
0.6392942921591486
0.7497620763484352
0.60404631291556
0.5419974522944883
0.4091114466236578
0.7429492074675187
0.6716049397991047
0.7156977319438523
0.6716049397991047
0.6481062869700458
0.5544346010670408
0.5952343181046629
0.42890503681706005
0.8411669745665606
0.42071414322076106
0.6334196289518839
0.8798003366107753
1.0456898504948706
0.6157956393300895
0.642231623762781
0.9812129119768389
0.7463556419079769
0.9957004227434195
1.520003203338141
0.6392942921591486
0.5842837581211667
0.5026230791837509
0.6598556133845752
0.5519471713125302
0.8411669745665606
0.5444848820489988
0.5718466093486143
0.6128583077264571
0.6157956393300895
0.6187329709337219
0.5668717498395932
0.6539809501773105
0.7327299041461438
0.5842837581211667
0.8250205012973959
0.5121482952403623
0.49852763238560144
0.5026230791837509
0.5842837581211667
1.0162842560892762
1.139787752592773
0.5071734357313414
0.884629506866302
0.6334196289518839
1.1221443959494164
0.6598556133845752
0.6918526908606444
0.5817963283666562
0.589359654897398
0.8250205012973959
3.429346317432382
1.0456898504948706
0.6246076341409866
0.6069836445191924
0.9377503796770973
0.7054784286224777
0.4596208878031813
1.0633332071382273
0.6128583077264571
0.49852763238560144
0.5618968903305722
0.5793088986121457
1.1280255148305351
0.5743340391031247
0.7156977319438523
0.792782839582015
0.5793088986121457
0.5693591795941038
0.5867711878756773
0.5569220308215513
0.8556544853331411
0.5320477332764464
0.5469723118035094
0.8411669745665606
0.7968125472964376
0.5270728737674253
0.5817963283666562
0.6952591253011027
0.6451689553664134
0.5395100225399778
0.5370225927854673
0.6069836445191924
0.6216703025373542
0.9377503796770973
1.0162842560892762
0.6304822973482515
0.5842837581211667
0.6952591253011027
0.5668717498395932
0.6011089813119276
0.5952343181046629
0.5171231547493834
0.7156977319438523
0.6187329709337219
0.7726343010099018
0.6011089813119276
1.7632023369956644
0.642231623762781
0.5768214688576353
0.6246076341409866
0.8942878473773558
0.7463556419079769
0.6128583077264571
0.5245854440129148
0.792782839582015
0.792782839582015
1.1162632770682976
0.5693591795941038
0.6246076341409866
0.6716049397991047
0.642231623762781
0.5544346010670408
0.7806937164387471
0.6011089813119276
0.589359654897398
1.086857682662703
0.5952343181046629
0.6716049397991047
0.7645748855810567
0.5519471713125302
0.3190292082470018
0.8371096244406636
0.5643843200850828
0.6069836445191924
0.7327299041461438
0.6748205186583531
0.445286824009658
0.6187329709337219
0.5718466093486143
0.412414667362071
0.6187329709337219
0.627544965744619
0.9184336986549899
0.4157178881004842
0.627544965744619
1.139787752592773
0.7225106008247689
0.5668717498395932
0.5519471713125302
0.7054784286224777
0.5444848820489988
0.6099209761228248
0.8942878473773558
0.47190722819762976
1.1574311092361298
0.320367953869415
0.5743340391031247
0.5071734357313414
2.1084640544092803
0.7293234697056855
0.7293234697056855
0.6246076341409866
0.5817963283666562
0.6481062869700458
0.5793088986121457
