0.3972785392598115
1.1627417826198831
0.5730280583912374
0.6209038713846973
0.7342583999937726
0.6112924428132687
0.6893774476128203
0.6337191094799353
0.6893774476128203
0.7801782616403002
0.7342583999937726
0.5361420934789567
0.914406827508019
2.472755451580939
0.5598544994939944
0.7377107809461535
0.6177000618608877
1.6982463290787673
0.7515203047556773
0.6080886332894591
0.6561457761466019
0.6369229190037449
0.6657572047180305
0.6928298285652011
0.7308060190413916
0.4872833450589458
0.6177000618608877
0.6048848237656496
0.6997345904699631
0.6790203047556773
0.6273114904323162
0.6893774476128203
0.6755679238032963
1.0087617138381046
0.5952733951942211
0.8229554742547457
0.60168101424184
0.6755679238032963
0.5862016172884806
0.7673450978559664
1.9028336444566996
1.3653307886008974
0.60168101424184
0.6593495856704115
0.6997345904699631
0.8697124076674523
0.6625533951942211
0.7066393523747251
0.6593495856704115
0.5598544994939944
0.4851263817350166
0.6593495856704115
0.6305152999561257
1.1504149229643315
0.7480679238032963
0.6529419666227924
0.6962822095175821
0.541411517037854
0.44630104190429076
0.6241076809085068
0.7169964952318679
0.60168101424184
0.541411517037854
0.6337191094799353
0.5045390516503795
0.7342583999937726
0.4764985284392998
0.7630673765945218
0.5703933466117889
0.5023820883264504
1.1257612036532285
1.144251493136556
0.8144000317318566
0.5677586348323402
0.39193546429157766
0.5361420934789567
1.2303961656757587
0.5782974819501348
0.6790203047556773
0.5651239230528916
0.4268883719889279
2.2973948955427113
0.7273536380890105
0.5256032463611622
1.070290335203247
0.7066393523747251
0.6593495856704115
0.7135441142794868
0.4441440785803616
0.6241076809085068
0.9094407808590672
0.9591012473485859
0.7480679238032963
0.5888657761466018
0.5782974819501348
0.4592428218478661
0.810122310470412
0.5835669055090319
0.6962822095175821
0.4851263817350166
0.7377107809461535
1.014819466753265
0.60168101424184
0.7239012571366298
0.5862016172884806
0.8498482210716447
0.5572197877145457
0.6112924428132687
0.8498482210716447
0.7480679238032963
0.7169964952318679
0.6112924428132687
0.562489211273443
0.6657572047180305
0.7239012571366298
0.5651239230528916
0.5440462288173026
0.6369229190037449
0.6593495856704115
1.6352572625182835
0.5782974819501348
0.6755679238032963
0.6241076809085068
1.1817231603016376
1.2582093116038282
0.614496252337078
0.6273114904323162
0.4355162252846447
0.5782974819501348
0.614496252337078
0.5835669055090319
0.6561457761466019
0.9491691540506823
0.5862016172884806
0.6273114904323162
0.5782974819501348
0.6625533951942211
0.840066359300524
1.0271463264088165
0.7066393523747251
0.5229685345817136
0.6369229190037449
0.6433305380513639
0.5782974819501348
0.6241076809085068
0.6048848237656496
0.7587896553330772
0.5176991110228164
0.7377107809461535
0.6080886332894591
0.5651239230528916
0.5440462288173026
0.6529419666227924
0.6273114904323162
0.7273536380890105
0.9591012473485859
0.8058445892089675
0.7759005403788556
0.5756627701706861
0.9094407808590672
0.8448821744226929
0.5952733951942211
0.5677586348323402
0.6529419666227924
0.6401267285275543
0.8272331955161903
0.6177000618608877
0.7204488761842488
0.7801782616403002
0.6928298285652011
0.6433305380513639
0.6962822095175821
0.8846105476143078
0.9541352006996341
0.3937164892809889
0.5782974819501348
0.6112924428132687
0.7801782616403002
0.5703933466117889
0.6273114904323162
1.1627417826198831
0.6241076809085068
0.520333822802265
0.6928298285652011
0.879644500965356
0.8058445892089675
0.614496252337078
1.088780624686574
0.7135441142794868
0.7587896553330772
0.7342583999937726
1.3896723226095804
0.6177000618608877
0.6305152999561257
0.4915972717068043
0.6893774476128203
0.6209038713846973
1.0518000457199195
0.7066393523747251
0.5809321937295834
0.7446155428509154
0.5440462288173026
0.5835669055090319
0.6625533951942211
0.6305152999561257
0.3883734143127552
1.070290335203247
1.1750686422754346
0.6657572047180305
0.6593495856704115
0.541411517037854
0.6893774476128203
0.8448821744226929
0.8597803143695485
0.5984772047180306
0.6962822095175821
0.6337191094799353
0.7100917333271058
0.6401267285275543
0.6962822095175821
0.5888657761466018
0.6465343475751735
0.4355162252846447
0.6721648237656496
0.5952733951942211
0.5730280583912374
2.648116007619167
0.6625533951942211
1.0764537650310226
0.5002251250025211
0.6337191094799353
0.7587896553330772
0.5730280583912374
0.6962822095175821
0.6657572047180305
0.7801782616403002
0.7630673765945218
0.6593495856704115
0.7480679238032963
0.3937164892809889
1.1195977738254528
0.8895765942632597
0.5335073816995081
0.7169964952318679
0.9243389208059228
0.5703933466117889
0.614496252337078
0.5782974819501348
0.5440462288173026
1.0087617138381046
0.5387768052584052
0.5984772047180306
0.49375423503073346
0.801566867947523
0.6790203047556773
0.60168101424184
0.9442031074017303
0.614496252337078
1.1011074843421256
0.5440462288173026
0.6859250666604393
0.6465343475751735
0.5466809405967512
0.6048848237656496
1.2303961656757587
0.6337191094799353
0.4290453353128571
0.9442031074017303
0.8357886380390794
1.2373494521577761
0.6928298285652011
0.5493156523761998
0.6625533951942211
0.5920695856704115
0.6273114904323162
0.840066359300524
0.7100917333271058
0.6657572047180305
0.5677586348323402
0.5888657761466018
0.8186777529933011
0.5598544994939944
0.6048848237656496
0.7480679238032963
0.6824726857080583
0.6997345904699631
0.4268883719889279
0.9789654339443935
0.4700276384675121
0.4635567484957244
0.5782974819501348
1.2025830197476894
0.5598544994939944
0.5572197877145457
0.6721648237656496
0.5440462288173026
0.6721648237656496
0.5097949756844705
0.7630673765945218
0.6625533951942211
1.1504149229643315
0.5335073816995081
0.5545850759350972
0.8895765942632597
1.1565783527921074
0.6401267285275543
0.6625533951942211
1.1072709141699013
0.8995086875611634
0.5984772047180306
0.6048848237656496
0.5545850759350972
0.649738157098983
0.7515203047556773
0.6273114904323162
0.5308726699200594
0.8448821744226929
0.5888657761466018
0.5888657761466018
0.6824726857080583
0.614496252337078
0.47865549176322897
0.6112924428132687
0.5888657761466018
0.6859250666604393
0.5651239230528916
0.6928298285652011
0.6625533951942211
0.8895765942632597
0.6790203047556773
0.5888657761466018
0.6401267285275543
0.6369229190037449
0.7135441142794868
0.6112924428132687
0.60168101424184
0.6337191094799353
0.6433305380513639
0.3937164892809889
0.5756627701706861
0.649738157098983
0.6529419666227924
0.6337191094799353
0.5862016172884806
0.60168101424184
0.4872833450589458
0.7135441142794868
0.5651239230528916
0.6593495856704115
0.6433305380513639
0.6337191094799353
0.8697124076674523
0.5782974819501348
0.6893774476128203
1.039473186064368
0.6433305380513639
0.5984772047180306
0.5651239230528916
2.9257702213463603
0.7673450978559664
0.6928298285652011
0.5651239230528916
0.6529419666227924
0.6273114904323162
0.5176991110228164
1.1504149229643315
0.6112924428132687
0.5920695856704115
0.6112924428132687
0.6273114904323162
0.6593495856704115
0.5756627701706861
0.5888657761466018
0.5124296874639191
0.6997345904699631
0.9243389208059228
1.1504149229643315
1.1011074843421256
0.5782974819501348
1.0826171948587981
0.5361420934789567
0.60168101424184
0.5835669055090319
0.7308060190413916
0.5984772047180306
1.4383553906269464
0.541411517037854
0.6790203047556773
0.6529419666227924
0.5176991110228164
0.7411631618985346
0.5952733951942211
0.6790203047556773
0.649738157098983
0.5023820883264504
0.5519503641556486
0.6112924428132687
0.5335073816995081
0.541411517037854
0.6401267285275543
0.7135441142794868
0.5651239230528916
0.6529419666227924
0.41152673917510163
0.6721648237656496
0.5335073816995081
0.6112924428132687
0.6112924428132687
0.42043186412215794
0.5572197877145457
0.5920695856704115
0.6859250666604393
1.045636615892144
2.706569526298576
0.6625533951942211
0.5984772047180306
0.6561457761466019
0.7066393523747251
0.649738157098983
0.6997345904699631
0.9591012473485859
0.7204488761842488
0.489440308382875
0.6112924428132687
1.0209828965810408
1.070290335203247
0.8315109167776349
1.0518000457199195
0.6962822095175821
0.5308726699200594
0.5466809405967512
0.7549726857080583
0.4829694184110874
0.7066393523747251
0.6790203047556773
0.6209038713846973
0.5756627701706861
0.7446155428509154
0.37590623938687634
0.6465343475751735
0.8058445892089675
0.6529419666227924
0.9591012473485859
0.9988296205402009
0.6561457761466019
0.8186777529933011
0.6561457761466019
0.6859250666604393
2.5458223499302006
0.7480679238032963
0.6112924428132687
0.6177000618608877
0.6241076809085068
0.5572197877145457
0.614496252337078
0.38124931435511006
0.5440462288173026
0.6755679238032963
0.5440462288173026
0.541411517037854
0.60168101424184
0.60168101424184
0.9640672939975379
0.7100917333271058
0.9442031074017303
0.5862016172884806
0.6241076809085068
0.5124296874639191
0.614496252337078
0.9789654339443935
0.5361420934789567
0.7515203047556773
0.60168101424184
0.5361420934789567
0.9293049674548747
0.7273536380890105
0.9442031074017303
1.1750686422754346
0.614496252337078
0.5598544994939944
0.5361420934789567
0.6928298285652011
0.4355162252846447
0.6273114904323162
0.7239012571366298
0.4700276384675121
0.6401267285275543
1.1011074843421256
2.063580820825075
0.6112924428132687
0.649738157098983
1.0087617138381046
0.5124296874639191
0.5466809405967512
2.5896624889397577
1.039473186064368
0.5730280583912374
0.7930114254246338
0.6112924428132687
0.8144000317318566
0.5387768052584052
0.7342583999937726
0.3901544393021664
0.8186777529933011
0.5466809405967512
0.5984772047180306
0.7239012571366298
0.7446155428509154
1.1504149229643315
0.919372874156971
0.4592428218478661
0.6962822095175821
0.8144000317318566
0.6112924428132687
2.180487858183893
0.5572197877145457
0.60168101424184
0.6755679238032963
0.5952733951942211
1.7859266070978812
0.8058445892089675
0.6305152999561257
0.6112924428132687
0.5952733951942211
0.6433305380513639
0.6529419666227924
1.3815584779400192
0.6273114904323162
0.60168101424184
0.6401267285275543
0.649738157098983
0.5651239230528916
0.7587896553330772
0.5308726699200594
0.60168101424184
0.7342583999937726
0.7480679238032963
0.5862016172884806
0.5176991110228164
0.6529419666227924
1.2790691710498805
1.3734446332704584
0.7169964952318679
0.6433305380513639
0.6721648237656496
1.4464692352965074
0.6997345904699631
1.3416487493880362
0.6529419666227924
1.144251493136556
0.6593495856704115
0.4506149685521492
0.6112924428132687
0.5519503641556486
0.6337191094799353
0.5835669055090319
0.5335073816995081
1.1195977738254528
0.5862016172884806
1.2095363062297066
0.5677586348323402
