692.0
821.0
630.0
812.0
693.0
660.0
662.0
685.0
592.0
654.0
648.0
695.0
653.0
581.0
646.0
664.0
657.0
633.0
682.0
674.0
781.0
630.0
650.0
693.0
683.0
660.0
676.0
658.0
627.0
671.0
801.0
817.0
826.0
658.0
721.0
681.0
637.0
636.0
667.0
724.0
791.0
652.0
665.0
646.0
701.0
640.0
706.0
776.0
720.0
654.0
666.0
711.0
686.0
652.0
676.0
644.0
673.0
698.0
697.0
648.0
666.0
638.0
689.0
663.0
651.0
619.0
670.0
635.0
625.0
657.0
785.0
730.0
628.0
713.0
650.0
666.0
705.0
760.0
651.0
685.0
674.0
706.0
640.0
814.0
691.0
624.0
669.0
777.0
640.0
650.0
669.0
597.0
688.0
713.0
646.0
584.0
645.0
691.0
672.0
672.0
782.0
707.0
692.0
610.0
624.0
670.0
680.0
618.0
702.0
687.0
688.0
638.0
709.0
656.0
683.0
781.0
649.0
634.0
669.0
667.0
697.0
788.0
645.0
643.0
576.0
661.0
666.0
746.0
637.0
715.0
714.0
687.0
710.0
686.0
630.0
649.0
669.0
666.0
571.0
610.0
692.0
813.0
674.0
686.0
647.0
658.0
722.0
641.0
697.0
632.0
940.0
649.0
691.0
653.0
595.0
629.0
666.0
650.0
630.0
669.0
616.0
650.0
663.0
644.0
573.0
648.0
623.0
669.0
703.0
629.0
698.0
619.0
684.0
686.0
653.0
623.0
613.0
668.0
710.0
688.0
751.0
767.0
664.0
666.0
687.0
738.0
785.0
620.0
622.0
709.0
702.0
666.0
660.0
656.0
715.0
638.0
633.0
749.0
832.0
682.0
732.0
602.0
682.0
718.0
697.0
670.0
688.0
718.0
666.0
565.0
655.0
689.0
715.0
685.0
750.0
630.0
646.0
654.0
666.0
626.0
669.0
653.0
684.0
653.0
706.0
618.0
795.0
608.0
610.0
669.0
691.0
725.0
674.0
663.0
628.0
680.0
663.0
680.0
649.0
679.0
617.0
669.0
705.0
621.0
843.0
602.0
652.0
684.0
698.0
673.0
694.0
658.0
667.0
625.0
642.0
758.0
673.0
658.0
817.0
661.0
645.0
644.0
632.0
721.0
664.0
653.0
680.0
646.0
636.0
665.0
650.0
699.0
631.0
664.0
653.0
735.0
680.0
696.0
723.0
804.0
801.0
630.0
789.0
670.0
592.0
643.0
618.0
734.0
642.0
805.0
673.0
676.0
641.0
671.0
633.0
750.0
733.0
719.0
657.0
661.0
695.0
559.0
693.0
715.0
666.0
625.0
696.0
670.0
693.0
702.0
666.0
692.0
634.0
652.0
677.0
648.0
700.0
661.0
650.0
748.0
738.0
666.0
674.0
663.0
652.0
778.0
634.0
664.0
644.0
678.0
699.0
666.0
572.0
637.0
724.0
661.0
663.0
676.0
667.0
622.0
610.0
674.0
663.0
680.0
655.0
673.0
653.0
704.0
677.0
680.0
674.0
657.0
683.0
777.0
698.0
662.0
869.0
637.0
615.0
643.0
709.0
621.0
719.0
633.0
702.0
671.0
640.0
656.0
750.0
641.0
665.0
656.0
644.0
685.0
634.0
677.0
584.0
641.0
654.0
608.0
703.0
744.0
654.0
660.0
625.0
650.0
706.0
616.0
775.0
630.0
621.0
669.0
725.0
680.0
676.0
782.0
638.0
617.0
699.0
671.0
745.0
695.0
658.0
640.0
713.0
663.0
659.0
683.0
631.0
722.0
713.0
690.0
618.0
560.0
645.0
657.0
703.0
641.0
675.0
727.0
589.0
629.0
717.0
772.0
647.0
658.0
653.0
802.0
692.0
690.0
693.0
626.0
634.0
568.0
696.0
642.0
721.0
705.0
662.0
629.0
645.0
713.0
655.0
718.0
767.0
636.0
709.0
713.0
666.0
645.0
683.0
684.0
682.0
638.0
689.0
759.0
613.0
619.0
827.0
698.0
682.0
572.0
726.0
661.0
620.0
765.0
753.0
808.0
679.0
653.0
648.0
668.0
694.0
683.0
664.0
657.0
662.0
698.0
678.0
645.0
606.0
669.0
691.0
649.0
682.0
725.0
651.0
642.0
667.0
761.0
795.0
661.0
683.0
669.0
652.0
688.0
658.0
653.0
672.0
583.0
663.0
813.0
642.0
619.0
789.0
630.0
621.0
662.0
676.0
654.0
635.0
750.0
702.0
680.0
648.0
692.0
652.0
652.0
669.0
686.0
670.0
662.0
643.0
652.0
720.0
706.0
659.0
790.0
670.0
649.0
692.0
653.0
666.0
703.0
801.0
645.0
593.0
