773.0
752.0
722.0
917.0
801.0
752.0
680.0
649.0
702.0
769.0
789.0
886.0
706.0
713.0
752.0
728.0
723.0
685.0
735.0
732.0
733.0
638.0
721.0
695.0
825.0
705.0
779.0
805.0
810.0
760.0
707.0
746.0
742.0
648.0
737.0
768.0
842.0
712.0
763.0
800.0
705.0
693.0
752.0
712.0
824.0
711.0
714.0
754.0
783.0
725.0
721.0
687.0
736.0
812.0
702.0
710.0
838.0
667.0
724.0
740.0
757.0
790.0
803.0
755.0
697.0
683.0
782.0
765.0
750.0
806.0
765.0
727.0
713.0
701.0
870.0
730.0
712.0
724.0
692.0
754.0
749.0
717.0
718.0
715.0
762.0
723.0
772.0
778.0
706.0
778.0
723.0
729.0
848.0
696.0
693.0
758.0
693.0
813.0
714.0
797.0
667.0
725.0
730.0
711.0
853.0
702.0
691.0
699.0
712.0
746.0
639.0
877.0
755.0
714.0
756.0
703.0
870.0
721.0
716.0
732.0
674.0
699.0
730.0
735.0
691.0
718.0
740.0
744.0
638.0
935.0
709.0
897.0
734.0
730.0
877.0
701.0
907.0
754.0
716.0
733.0
702.0
634.0
700.0
625.0
785.0
685.0
793.0
739.0
733.0
774.0
682.0
748.0
732.0
705.0
797.0
669.0
729.0
698.0
730.0
840.0
777.0
714.0
733.0
784.0
840.0
761.0
727.0
698.0
737.0
718.0
689.0
714.0
746.0
713.0
993.0
714.0
690.0
735.0
776.0
720.0
693.0
793.0
802.0
718.0
729.0
857.0
937.0
704.0
740.0
731.0
914.0
720.0
859.0
693.0
717.0
842.0
630.0
703.0
721.0
703.0
717.0
747.0
699.0
674.0
748.0
877.0
680.0
708.0
816.0
714.0
785.0
707.0
745.0
741.0
827.0
721.0
750.0
1008.0
694.0
722.0
754.0
865.0
747.0
751.0
764.0
757.0
709.0
869.0
720.0
695.0
731.0
692.0
738.0
826.0
724.0
666.0
736.0
885.0
758.0
717.0
758.0
717.0
702.0
756.0
732.0
772.0
762.0
694.0
795.0
716.0
731.0
813.0
740.0
717.0
701.0
770.0
690.0
765.0
726.0
808.0
692.0
696.0
746.0
690.0
698.0
697.0
705.0
715.0
692.0
748.0
738.0
738.0
722.0
892.0
719.0
789.0
726.0
764.0
801.0
709.0
721.0
789.0
707.0
722.0
701.0
716.0
696.0
881.0
719.0
729.0
804.0
689.0
746.0
725.0
704.0
731.0
695.0
765.0
910.0
719.0
729.0
661.0
808.0
675.0
686.0
660.0
713.0
688.0
710.0
746.0
717.0
711.0
790.0
745.0
766.0
714.0
695.0
649.0
677.0
712.0
729.0
712.0
770.0
760.0
692.0
699.0
645.0
696.0
804.0
850.0
750.0
743.0
728.0
746.0
688.0
805.0
705.0
754.0
733.0
689.0
642.0
695.0
796.0
700.0
757.0
779.0
754.0
715.0
720.0
651.0
640.0
790.0
731.0
895.0
761.0
748.0
757.0
681.0
735.0
749.0
704.0
668.0
715.0
721.0
708.0
873.0
665.0
738.0
741.0
703.0
717.0
720.0
832.0
720.0
742.0
757.0
697.0
684.0
836.0
744.0
723.0
692.0
705.0
711.0
677.0
845.0
710.0
634.0
749.0
740.0
709.0
685.0
814.0
850.0
726.0
741.0
848.0
692.0
705.0
777.0
842.0
789.0
743.0
720.0
739.0
744.0
804.0
713.0
703.0
774.0
718.0
789.0
762.0
700.0
817.0
649.0
716.0
733.0
740.0
731.0
774.0
691.0
699.0
792.0
827.0
694.0
765.0
725.0
706.0
737.0
716.0
770.0
754.0
743.0
714.0
739.0
727.0
758.0
701.0
743.0
669.0
711.0
686.0
805.0
736.0
711.0
711.0
725.0
769.0
706.0
716.0
733.0
724.0
776.0
785.0
736.0
802.0
811.0
793.0
692.0
751.0
716.0
690.0
715.0
725.0
695.0
698.0
694.0
759.0
683.0
727.0
803.0
661.0
709.0
779.0
736.0
741.0
699.0
694.0
875.0
662.0
695.0
727.0
736.0
729.0
822.0
682.0
727.0
692.0
730.0
734.0
693.0
716.0
672.0
710.0
673.0
718.0
781.0
733.0
912.0
759.0
730.0
718.0
695.0
717.0
693.0
721.0
713.0
667.0
741.0
759.0
721.0
698.0
713.0
706.0
808.0
764.0
678.0
753.0
737.0
722.0
680.0
720.0
785.0
895.0
746.0
734.0
753.0
665.0
714.0
773.0
930.0
771.0
778.0
702.0
738.0
851.0
800.0
739.0
722.0
722.0
667.0
709.0
695.0
732.0
692.0
718.0
761.0
821.0
722.0
710.0
672.0
708.0
697.0
733.0
729.0
686.0
901.0
703.0
938.0
902.0
753.0
715.0
705.0
834.0
684.0
733.0
823.0
663.0
690.0
654.0
701.0
706.0
681.0
714.0
714.0
683.0
788.0
699.0
741.0
777.0
761.0
1167.0
733.0
658.0
702.0
802.0
772.0
664.0
737.0
804.0
738.0
634.0
736.0
774.0
802.0
713.0
904.0
694.0
729.0
756.0
