759.0
624.0
623.0
673.0
726.0
765.0
643.0
669.0
626.0
745.0
653.0
661.0
679.0
660.0
677.0
635.0
679.0
806.0
790.0
672.0
685.0
977.0
705.0
699.0
632.0
656.0
646.0
673.0
655.0
637.0
660.0
626.0
706.0
658.0
621.0
663.0
656.0
747.0
669.0
660.0
659.0
612.0
645.0
700.0
698.0
689.0
650.0
684.0
667.0
651.0
662.0
637.0
747.0
879.0
624.0
700.0
648.0
670.0
718.0
651.0
667.0
653.0
641.0
633.0
832.0
653.0
620.0
635.0
660.0
630.0
613.0
714.0
661.0
675.0
638.0
657.0
680.0
669.0
781.0
681.0
734.0
636.0
655.0
644.0
782.0
669.0
642.0
644.0
746.0
656.0
640.0
628.0
758.0
693.0
658.0
653.0
646.0
626.0
672.0
643.0
727.0
750.0
693.0
617.0
638.0
642.0
685.0
631.0
617.0
640.0
634.0
668.0
725.0
712.0
626.0
637.0
626.0
621.0
622.0
685.0
685.0
630.0
624.0
676.0
617.0
626.0
626.0
690.0
635.0
629.0
639.0
784.0
629.0
801.0
813.0
738.0
718.0
621.0
738.0
736.0
649.0
630.0
732.0
696.0
681.0
666.0
709.0
601.0
641.0
673.0
662.0
628.0
704.0
637.0
663.0
688.0
656.0
726.0
649.0
674.0
642.0
645.0
754.0
682.0
629.0
821.0
734.0
631.0
658.0
629.0
637.0
640.0
655.0
807.0
646.0
708.0
818.0
781.0
636.0
706.0
729.0
620.0
619.0
758.0
637.0
718.0
714.0
674.0
663.0
770.0
630.0
669.0
636.0
752.0
624.0
672.0
677.0
660.0
688.0
762.0
675.0
758.0
644.0
834.0
648.0
656.0
650.0
720.0
630.0
682.0
615.0
649.0
669.0
633.0
655.0
674.0
738.0
692.0
665.0
649.0
716.0
665.0
716.0
649.0
615.0
596.0
658.0
701.0
697.0
679.0
698.0
673.0
662.0
648.0
685.0
648.0
637.0
659.0
657.0
679.0
729.0
666.0
726.0
650.0
707.0
642.0
647.0
653.0
740.0
622.0
778.0
605.0
701.0
676.0
704.0
661.0
655.0
670.0
652.0
650.0
679.0
693.0
738.0
809.0
637.0
668.0
635.0
762.0
656.0
642.0
626.0
653.0
781.0
668.0
664.0
679.0
656.0
647.0
744.0
701.0
629.0
821.0
670.0
644.0
629.0
657.0
620.0
802.0
648.0
663.0
640.0
647.0
677.0
652.0
672.0
661.0
705.0
685.0
638.0
626.0
669.0
717.0
612.0
628.0
645.0
672.0
650.0
642.0
640.0
663.0
648.0
646.0
653.0
633.0
628.0
625.0
763.0
781.0
648.0
646.0
655.0
665.0
705.0
835.0
744.0
770.0
673.0
675.0
669.0
715.0
600.0
712.0
661.0
666.0
656.0
652.0
637.0
644.0
644.0
699.0
669.0
651.0
680.0
637.0
653.0
648.0
596.0
603.0
814.0
664.0
672.0
706.0
645.0
654.0
647.0
651.0
704.0
715.0
686.0
636.0
681.0
666.0
692.0
654.0
693.0
629.0
706.0
706.0
656.0
626.0
630.0
707.0
716.0
667.0
650.0
633.0
647.0
649.0
762.0
678.0
672.0
669.0
668.0
708.0
705.0
677.0
631.0
656.0
841.0
642.0
754.0
642.0
800.0
880.0
658.0
651.0
605.0
610.0
703.0
757.0
674.0
660.0
667.0
676.0
656.0
640.0
653.0
662.0
650.0
711.0
642.0
645.0
656.0
813.0
648.0
676.0
622.0
665.0
680.0
622.0
642.0
652.0
669.0
704.0
650.0
659.0
639.0
628.0
646.0
678.0
616.0
612.0
624.0
650.0
649.0
705.0
620.0
669.0
642.0
654.0
601.0
726.0
717.0
767.0
656.0
720.0
630.0
638.0
674.0
643.0
681.0
650.0
605.0
613.0
630.0
650.0
642.0
690.0
631.0
661.0
662.0
644.0
625.0
738.0
650.0
673.0
625.0
656.0
644.0
652.0
633.0
653.0
692.0
695.0
784.0
654.0
629.0
664.0
640.0
805.0
638.0
661.0
618.0
757.0
678.0
649.0
766.0
788.0
712.0
804.0
656.0
737.0
