672.0
628.0
619.0
631.0
629.0
645.0
597.0
674.0
627.0
814.0
635.0
637.0
653.0
746.0
669.0
678.0
629.0
613.0
618.0
592.0
622.0
593.0
600.0
624.0
695.0
705.0
648.0
660.0
636.0
645.0
647.0
658.0
670.0
628.0
633.0
624.0
608.0
665.0
624.0
670.0
613.0
617.0
600.0
642.0
634.0
685.0
653.0
632.0
774.0
645.0
623.0
809.0
624.0
621.0
605.0
670.0
628.0
595.0
610.0
634.0
749.0
631.0
642.0
652.0
733.0
710.0
791.0
618.0
626.0
630.0
629.0
610.0
596.0
629.0
658.0
615.0
726.0
661.0
636.0
628.0
600.0
633.0
646.0
728.0
621.0
636.0
650.0
697.0
605.0
624.0
648.0
631.0
703.0
608.0
632.0
623.0
610.0
637.0
715.0
643.0
621.0
592.0
621.0
786.0
609.0
622.0
741.0
644.0
592.0
649.0
730.0
811.0
650.0
612.0
686.0
776.0
787.0
650.0
622.0
659.0
722.0
605.0
598.0
670.0
634.0
613.0
717.0
614.0
660.0
632.0
690.0
614.0
641.0
646.0
606.0
644.0
669.0
625.0
630.0
749.0
637.0
620.0
789.0
698.0
616.0
632.0
610.0
614.0
608.0
674.0
802.0
635.0
640.0
714.0
696.0
674.0
603.0
685.0
641.0
625.0
691.0
626.0
650.0
628.0
656.0
621.0
608.0
629.0
610.0
588.0
630.0
690.0
733.0
633.0
601.0
634.0
653.0
624.0
650.0
676.0
759.0
596.0
625.0
624.0
641.0
615.0
610.0
748.0
714.0
689.0
664.0
753.0
638.0
823.0
650.0
641.0
616.0
655.0
647.0
688.0
638.0
631.0
657.0
651.0
613.0
728.0
629.0
655.0
628.0
584.0
620.0
665.0
638.0
659.0
622.0
604.0
657.0
619.0
656.0
724.0
808.0
584.0
650.0
640.0
616.0
664.0
689.0
626.0
611.0
663.0
697.0
698.0
628.0
633.0
630.0
629.0
660.0
675.0
652.0
722.0
679.0
617.0
620.0
650.0
620.0
630.0
630.0
658.0
621.0
695.0
694.0
641.0
670.0
621.0
594.0
678.0
649.0
610.0
612.0
607.0
661.0
771.0
630.0
590.0
656.0
615.0
648.0
644.0
745.0
591.0
705.0
654.0
714.0
649.0
630.0
702.0
606.0
701.0
622.0
605.0
645.0
650.0
644.0
653.0
609.0
613.0
632.0
640.0
697.0
674.0
642.0
665.0
630.0
604.0
613.0
667.0
633.0
587.0
685.0
617.0
634.0
686.0
672.0
746.0
675.0
623.0
663.0
634.0
627.0
649.0
622.0
753.0
616.0
619.0
649.0
650.0
628.0
646.0
592.0
618.0
690.0
617.0
627.0
601.0
608.0
679.0
694.0
634.0
693.0
628.0
672.0
705.0
623.0
612.0
642.0
731.0
622.0
675.0
663.0
640.0
650.0
643.0
674.0
607.0
649.0
781.0
597.0
594.0
608.0
776.0
806.0
586.0
658.0
654.0
617.0
738.0
651.0
701.0
649.0
695.0
610.0
634.0
729.0
631.0
624.0
657.0
621.0
646.0
621.0
642.0
592.0
648.0
627.0
613.0
705.0
683.0
586.0
669.0
865.0
646.0
621.0
630.0
645.0
612.0
644.0
612.0
633.0
664.0
644.0
668.0
824.0
767.0
653.0
644.0
640.0
774.0
648.0
645.0
617.0
678.0
610.0
609.0
606.0
644.0
608.0
634.0
637.0
604.0
682.0
604.0
601.0
676.0
653.0
743.0
641.0
676.0
632.0
694.0
675.0
638.0
636.0
637.0
669.0
731.0
678.0
608.0
648.0
762.0
676.0
656.0
667.0
730.0
600.0
644.0
625.0
674.0
608.0
599.0
598.0
770.0
658.0
697.0
584.0
630.0
642.0
738.0
625.0
644.0
672.0
638.0
602.0
692.0
624.0
713.0
632.0
657.0
619.0
668.0
639.0
705.0
620.0
617.0
605.0
617.0
606.0
596.0
789.0
680.0
703.0
635.0
629.0
619.0
594.0
646.0
651.0
673.0
657.0
603.0
664.0
603.0
