0.6172296381836342
0.7613682299209601
0.6104254310638931
0.8555311315132645
0.7613682299209601
0.42989629904018156
0.9326635069336253
1.0863052331365446
0.6716632951415629
0.6648590880218218
0.5059503160877509
0.9120948734881957
0.6172296381836342
0.5968170168244109
0.6206317417435047
0.5164202818518343
0.757215143501207
0.7108246144934055
0.5661526192312305
0.5661526192312305
1.130853095414259
0.6580548809020806
0.558300144908168
0.4367953966611824
1.4809848352604649
1.5435161155744526
0.7108246144934055
0.6614569844619512
1.8213036165089311
0.5556826534671472
0.7143896844382975
0.5870925507593974
0.5504476705851055
0.7696744027604663
0.5900128097046697
1.0163014495572786
0.8402768718962688
0.7179547543831895
0.6206317417435047
0.8361237854765157
0.6240338453033754
2.055282781968065
0.6376422595428575
0.6444464666625985
0.6546527773422102
1.5062653963827093
0.6070233275040225
0.6070233275040225
0.5968170168244109
0.5934149132645403
0.3869010404973113
0.6444464666625985
0.5687701106722515
0.6410443631027279
0.9840850905471988
0.6206317417435047
0.6512506737823396
0.5321252304979595
0.7250848942729733
0.7862867484394787
0.603621223944152
0.6580548809020806
0.5740050935542931
0.5844750593183764
0.5425951962620429
0.7108246144934055
0.7987460076987379
0.8278176126370095
1.1117611544380956
0.6648590880218218
0.692999264768946
0.7143896844382975
0.48048968159418753
1.0046537239926285
0.5792400764363348
0.7904398348592317
0.6546527773422102
0.5870925507593974
0.5844750593183764
0.558300144908168
0.735780104107649
0.603621223944152
1.0672132921603812
0.5452126877030637
0.5792400764363348
0.5556826534671472
1.105397174112708
0.6376422595428575
1.1563090167158105
0.9172370318495531
0.6858691248791622
0.7429102439974329
0.6410443631027279
0.5818575678773557
0.8153583533777503
0.5661526192312305
0.7613682299209601
0.6070233275040225
0.6002191203842815
0.5635351277902096
0.7738274891802194
0.8028990941184909
0.6858691248791622
0.6512506737823396
0.6648590880218218
1.5062653963827093
0.6787389849893785
0.5900128097046697
0.6823040549342702
1.2819793950803924
0.6716632951415629
0.6104254310638931
0.7179547543831895
0.7779805755999725
0.735780104107649
0.5740050935542931
0.5661526192312305
0.6308380524231163
0.6682611915816923
0.558300144908168
1.105397174112708
0.7429102439974329
0.692999264768946
0.9018105567654809
0.6580548809020806
0.7696744027604663
1.09903319378732
0.5478301791440846
0.5609176363491888
0.9275213485722678
0.6787389849893785
0.5766225849953139
0.7987460076987379
0.6240338453033754
0.6138275346237636
0.6648590880218218
0.94294782365634
0.603621223944152
0.5321252304979595
0.5870925507593974
1.1563090167158105
0.7779805755999725
0.9018105567654809
0.5452126877030637
0.8070521805382441
0.41315884602808745
1.3389480656985127
0.6376422595428575
0.5661526192312305
0.5792400764363348
0.7250848942729733
0.5059503160877509
1.4388505667233904
1.2677372274258623
0.5661526192312305
0.6580548809020806
0.7779805755999725
0.6240338453033754
0.5609176363491888
0.5687701106722515
0.634240155982987
0.6376422595428575
0.4075321734143497
0.7904398348592317
1.073577272485769
0.7001294046587299
0.6104254310638931
1.3247058980439823
0.603621223944152
0.5556826534671472
0.5766225849953139
0.6716632951415629
0.5900128097046697
0.8319706990567626
0.6002191203842815
0.6614569844619512
0.8606732898746219
0.5635351277902096
0.634240155982987
0.5870925507593974
0.7613682299209601
0.5818575678773557
0.8606732898746219
0.6858691248791622
0.7464753139423248
0.5085678075287718
0.6614569844619512
0.603621223944152
0.4436944942821832
0.6240338453033754
1.5243807344595495
0.5164202818518343
0.6546527773422102
0.5347427219389802
0.6274359488632458
0.6965643347138379
0.6823040549342702
1.189405305325947
0.5687701106722515
0.8195114397975033
0.5870925507593974
0.5968170168244109
0.5556826534671472
1.0290294102080544
0.7500403838872166
0.7072595445485138
0.5478301791440846
0.7179547543831895
1.1499450363904227
2.3185093431095916
0.6787389849893785
0.8503889731519072
1.1499450363904227
0.7286499642178651
0.44599419348918345
0.6002191203842815
0.6308380524231163
1.210768556807742
1.3247058980439823
0.5934149132645403
0.5968170168244109
0.6858691248791622
0.9635164571017695
0.7655213163407132
0.5556826534671472
0.5635351277902096
0.7322150341627571
0.5740050935542931
1.169036977366586
0.6614569844619512
0.7143896844382975
0.6546527773422102
0.6104254310638931
0.6002191203842815
0.6070233275040225
0.7500403838872166
0.6614569844619512
0.6308380524231163
0.5844750593183764
0.5556826534671472
0.6648590880218218
0.603621223944152
0.6648590880218218
0.5268902476159177
0.634240155982987
0.9840850905471988
1.1244891150888714
0.5452126877030637
0.5425951962620429
0.7779805755999725
0.6580548809020806
0.8153583533777503
0.5766225849953139
0.7072595445485138
0.9172370318495531
0.603621223944152
0.6614569844619512
0.757215143501207
0.6274359488632458
0.8812419233200514
0.5242727561748969
0.6410443631027279
0.5373602133800012
0.603621223944152
0.521655264733876
0.5635351277902096
0.5111852989697927
0.6206317417435047
0.5321252304979595
0.8195114397975033
0.692999264768946
0.6308380524231163
0.6546527773422102
0.8555311315132645
0.5968170168244109
0.5870925507593974
1.073577272485769
0.6580548809020806
0.6580548809020806
0.7655213163407132
0.7108246144934055
0.5740050935542931
0.7987460076987379
0.6410443631027279
0.9532321403790547
0.7429102439974329
0.9635164571017695
0.6716632951415629
1.0163014495572786
0.5870925507593974
0.5556826534671472
0.5792400764363348
0.6308380524231163
0.6858691248791622
0.3831499254214861
0.7696744027604663
0.9943694072699139
0.8760997649586941
0.44599419348918345
0.634240155982987
0.42989629904018156
1.5722191872468074
0.5661526192312305
0.5268902476159177
0.40378105833852446
0.5792400764363348
0.6546527773422102
0.6002191203842815
0.6308380524231163
0.6716632951415629
0.8361237854765157
0.5373602133800012
0.692999264768946
0.6274359488632458
0.634240155982987
4.3363405518182505
1.3714357370640717
0.5900128097046697
0.9018105567654809
0.6478485702224691
0.5870925507593974
0.7429102439974329
0.6376422595428575
0.5661526192312305
0.6858691248791622
0.5766225849953139
0.6965643347138379
0.5268902476159177
0.6580548809020806
0.5968170168244109
0.9840850905471988
0.6682611915816923
0.6376422595428575
0.6894341948240541
1.035393390533442
0.558300144908168
0.6858691248791622
0.7001294046587299
0.5740050935542931
0.6444464666625985
0.6546527773422102
1.04175737085883
1.514813043902098
0.6308380524231163
0.6858691248791622
0.7143896844382975
1.04175737085883
0.4187855186418252
0.634240155982987
0.5556826534671472
0.6002191203842815
0.6410443631027279
0.6274359488632458
0.6172296381836342
2.0406590841268692
0.7036944746036218
0.8195114397975033
0.6308380524231163
0.7215198243280813
0.5661526192312305
0.42989629904018156
0.5792400764363348
0.9480899820176973
0.6894341948240541
0.9018105567654809
0.4735905839731867
0.9840850905471988
0.5870925507593974
0.5661526192312305
0.8070521805382441
0.6858691248791622
0.7108246144934055
1.1244891150888714
0.43449569745418215
0.8606732898746219
3.3764804913374196
1.0672132921603812
0.558300144908168
0.6308380524231163
0.5792400764363348
0.6376422595428575
1.1563090167158105
0.9378056652949825
0.5792400764363348
0.6172296381836342
0.6965643347138379
0.8709576065973367
1.3714357370640717
0.5425951962620429
0.6206317417435047
0.7250848942729733
0.5373602133800012
0.6682611915816923
0.40565661587643703
0.6138275346237636
0.6410443631027279
0.8812419233200514
0.9480899820176973
0.7500403838872166
0.6410443631027279
0.6274359488632458
0.692999264768946
0.6274359488632458
0.6751739150444864
1.203647472980477
0.5900128097046697
0.5425951962620429
0.6546527773422102
1.0544853315096057
0.6002191203842815
0.6444464666625985
0.5740050935542931
0.6308380524231163
0.48508908000818807
0.7143896844382975
0.6274359488632458
0.6858691248791622
0.5687701106722515
0.6546527773422102
0.94294782365634
0.6580548809020806
0.634240155982987
1.203647472980477
1.6678960928213238
0.50118697445719
0.6444464666625985
0.4275965998331813
0.5900128097046697
2.3185093431095916
0.6274359488632458
0.6965643347138379
0.5190377732928552
0.6614569844619512
0.5934149132645403
1.2962215627349223
1.0926692134619325
0.6274359488632458
0.6682611915816923
0.5373602133800012
0.6965643347138379
0.5530651620261262
0.6308380524231163
0.558300144908168
0.692999264768946
0.539977704821022
5.852881683530093
0.603621223944152
0.8361237854765157
0.5900128097046697
0.5609176363491888
0.8452468147905497
0.6376422595428575
0.8070521805382441
0.6138275346237636
0.6512506737823396
0.5844750593183764
0.6070233275040225
0.5687701106722515
0.7036944746036218
0.8812419233200514
1.3033426465621873
0.6206317417435047
0.6138275346237636
0.7072595445485138
0.5452126877030637
0.5138027904108134
0.5661526192312305
0.5792400764363348
0.5034866736641903
0.5818575678773557
0.6546527773422102
0.5740050935542931
0.539977704821022
0.48508908000818807
0.5968170168244109
0.603621223944152
0.603621223944152
0.5635351277902096
0.5347427219389802
0.5059503160877509
0.5713876021132722
0.6138275346237636
0.6308380524231163
0.7738274891802194
0.9120948734881957
0.5844750593183764
0.7429102439974329
0.6894341948240541
0.6444464666625985
0.7738274891802194
0.6172296381836342
0.7536054538321086
0.5530651620261262
0.5687701106722515
0.6580548809020806
0.6614569844619512
0.5661526192312305
1.1563090167158105
0.6858691248791622
0.9789429321858416
0.521655264733876
0.9223791902109104
0.5268902476159177
0.5740050935542931
0.38877659803522385
1.514813043902098
0.7393451740525409
0.634240155982987
0.8452468147905497
0.5844750593183764
0.5934149132645403
0.6104254310638931
0.6858691248791622
0.5635351277902096
1.04175737085883
0.5425951962620429
0.6682611915816923
0.5934149132645403
1.4809848352604649
1.346155175941827
1.0046537239926285
0.8070521805382441
0.5968170168244109
0.7779805755999725
0.9223791902109104
0.757215143501207
1.4472774204308054
0.7536054538321086
0.9378056652949825
1.1435810560650348
1.1117611544380956
0.7464753139423248
