758.0
721.0
625.0
874.0
604.0
646.0
642.0
636.0
626.0
684.0
641.0
650.0
846.0
617.0
657.0
606.0
617.0
688.0
623.0
608.0
733.0
628.0
650.0
711.0
606.0
626.0
613.0
773.0
683.0
654.0
644.0
634.0
641.0
699.0
656.0
654.0
614.0
649.0
830.0
673.0
686.0
586.0
637.0
629.0
643.0
605.0
596.0
615.0
683.0
694.0
622.0
717.0
636.0
846.0
612.0
612.0
687.0
629.0
713.0
623.0
602.0
612.0
648.0
764.0
651.0
612.0
626.0
627.0
774.0
656.0
604.0
705.0
690.0
663.0
816.0
634.0
778.0
646.0
625.0
624.0
615.0
642.0
800.0
635.0
626.0
709.0
618.0
689.0
602.0
665.0
668.0
672.0
615.0
629.0
796.0
675.0
630.0
622.0
624.0
641.0
781.0
666.0
624.0
661.0
624.0
629.0
694.0
732.0
724.0
690.0
680.0
677.0
685.0
669.0
624.0
646.0
686.0
626.0
637.0
641.0
756.0
640.0
622.0
725.0
641.0
657.0
586.0
616.0
710.0
804.0
600.0
654.0
602.0
659.0
678.0
611.0
766.0
617.0
650.0
654.0
622.0
638.0
599.0
669.0
672.0
669.0
674.0
811.0
623.0
683.0
744.0
751.0
594.0
616.0
720.0
603.0
821.0
725.0
653.0
652.0
646.0
610.0
586.0
642.0
617.0
612.0
670.0
641.0
636.0
690.0
618.0
720.0
648.0
614.0
665.0
624.0
620.0
635.0
592.0
708.0
661.0
658.0
687.0
611.0
690.0
712.0
659.0
717.0
656.0
718.0
633.0
793.0
675.0
637.0
681.0
627.0
674.0
624.0
600.0
609.0
735.0
612.0
628.0
681.0
621.0
690.0
627.0
746.0
710.0
680.0
650.0
655.0
666.0
622.0
794.0
611.0
657.0
630.0
682.0
615.0
640.0
668.0
662.0
721.0
970.0
652.0
666.0
757.0
672.0
644.0
730.0
628.0
601.0
670.0
638.0
739.0
645.0
618.0
623.0
795.0
693.0
616.0
623.0
602.0
628.0
618.0
622.0
629.0
621.0
618.0
626.0
747.0
655.0
637.0
694.0
681.0
634.0
629.0
629.0
664.0
637.0
610.0
618.0
659.0
655.0
666.0
658.0
598.0
648.0
688.0
681.0
657.0
608.0
638.0
657.0
629.0
662.0
619.0
608.0
611.0
703.0
664.0
711.0
790.0
693.0
621.0
643.0
590.0
614.0
645.0
635.0
634.0
616.0
616.0
620.0
712.0
628.0
732.0
747.0
621.0
603.0
700.0
650.0
674.0
594.0
708.0
663.0
710.0
693.0
722.0
620.0
598.0
752.0
626.0
627.0
631.0
702.0
599.0
715.0
613.0
654.0
660.0
682.0
606.0
639.0
645.0
727.0
677.0
638.0
738.0
687.0
633.0
770.0
645.0
634.0
616.0
584.0
686.0
630.0
732.0
712.0
634.0
623.0
757.0
607.0
723.0
644.0
644.0
609.0
688.0
848.0
641.0
605.0
714.0
648.0
616.0
662.0
619.0
657.0
626.0
710.0
613.0
614.0
632.0
608.0
635.0
916.0
646.0
795.0
651.0
646.0
610.0
651.0
616.0
670.0
605.0
643.0
669.0
720.0
833.0
644.0
765.0
693.0
637.0
729.0
630.0
613.0
612.0
660.0
598.0
605.0
636.0
608.0
752.0
709.0
713.0
708.0
633.0
622.0
741.0
640.0
648.0
590.0
630.0
659.0
648.0
677.0
613.0
636.0
762.0
635.0
614.0
651.0
658.0
704.0
620.0
617.0
709.0
651.0
621.0
694.0
639.0
614.0
645.0
626.0
797.0
664.0
605.0
632.0
619.0
648.0
669.0
630.0
679.0
668.0
616.0
599.0
609.0
647.0
626.0
631.0
631.0
686.0
711.0
683.0
619.0
729.0
632.0
693.0
621.0
620.0
637.0
682.0
668.0
652.0
701.0
627.0
649.0
