712.0
822.0
745.0
798.0
739.0
750.0
707.0
761.0
784.0
700.0
790.0
822.0
745.0
840.0
722.0
745.0
726.0
745.0
724.0
720.0
665.0
724.0
684.0
741.0
712.0
762.0
654.0
762.0
744.0
748.0
722.0
839.0
704.0
755.0
813.0
756.0
765.0
769.0
653.0
700.0
802.0
730.0
750.0
764.0
762.0
786.0
718.0
730.0
725.0
731.0
806.0
732.0
760.0
627.0
726.0
731.0
756.0
692.0
776.0
775.0
733.0
599.0
733.0
760.0
766.0
720.0
745.0
770.0
697.0
701.0
597.0
897.0
753.0
809.0
747.0
752.0
753.0
722.0
724.0
894.0
784.0
750.0
748.0
737.0
752.0
677.0
713.0
744.0
669.0
751.0
761.0
775.0
767.0
772.0
748.0
589.0
731.0
745.0
871.0
718.0
726.0
787.0
891.0
810.0
834.0
698.0
705.0
751.0
645.0
646.0
806.0
710.0
736.0
717.0
765.0
726.0
738.0
725.0
717.0
724.0
781.0
740.0
738.0
747.0
720.0
756.0
818.0
722.0
782.0
733.0
770.0
934.0
724.0
724.0
744.0
724.0
720.0
589.0
779.0
737.0
674.0
822.0
722.0
661.0
800.0
890.0
791.0
714.0
774.0
709.0
736.0
772.0
788.0
778.0
757.0
738.0
754.0
796.0
794.0
739.0
760.0
818.0
602.0
747.0
704.0
681.0
614.0
802.0
729.0
738.0
718.0
800.0
713.0
737.0
775.0
826.0
737.0
744.0
764.0
717.0
740.0
730.0
794.0
869.0
744.0
733.0
711.0
730.0
723.0
850.0
738.0
801.0
794.0
760.0
958.0
752.0
696.0
590.0
752.0
996.0
762.0
775.0
725.0
814.0
725.0
662.0
786.0
731.0
712.0
798.0
757.0
781.0
678.0
731.0
720.0
702.0
752.0
747.0
726.0
758.0
750.0
737.0
917.0
705.0
721.0
776.0
714.0
712.0
766.0
901.0
780.0
757.0
762.0
826.0
698.0
742.0
776.0
725.0
706.0
777.0
714.0
747.0
750.0
717.0
714.0
793.0
745.0
803.0
731.0
735.0
717.0
762.0
849.0
762.0
737.0
796.0
760.0
730.0
695.0
718.0
736.0
630.0
740.0
702.0
853.0
790.0
694.0
752.0
799.0
817.0
787.0
726.0
930.0
823.0
832.0
751.0
747.0
748.0
699.0
885.0
761.0
730.0
820.0
740.0
685.0
773.0
654.0
706.0
731.0
737.0
754.0
742.0
741.0
723.0
744.0
692.0
815.0
733.0
790.0
757.0
630.0
775.0
717.0
711.0
819.0
774.0
842.0
791.0
779.0
779.0
728.0
739.0
887.0
699.0
753.0
755.0
728.0
738.0
801.0
769.0
767.0
590.0
598.0
614.0
862.0
850.0
746.0
739.0
734.0
715.0
746.0
740.0
840.0
716.0
733.0
758.0
784.0
747.0
714.0
763.0
679.0
770.0
733.0
737.0
814.0
890.0
699.0
653.0
756.0
710.0
757.0
716.0
861.0
730.0
677.0
729.0
741.0
791.0
772.0
715.0
590.0
674.0
737.0
706.0
834.0
698.0
641.0
743.0
725.0
831.0
766.0
759.0
720.0
765.0
808.0
778.0
737.0
762.0
717.0
794.0
869.0
797.0
604.0
794.0
714.0
730.0
698.0
606.0
793.0
877.0
721.0
839.0
733.0
719.0
738.0
706.0
718.0
765.0
704.0
786.0
836.0
850.0
773.0
754.0
689.0
749.0
727.0
739.0
744.0
810.0
740.0
732.0
632.0
753.0
756.0
714.0
710.0
748.0
701.0
746.0
734.0
720.0
731.0
765.0
752.0
712.0
814.0
838.0
829.0
736.0
806.0
710.0
758.0
747.0
721.0
730.0
683.0
729.0
767.0
686.0
945.0
771.0
802.0
759.0
729.0
762.0
732.0
786.0
753.0
714.0
727.0
735.0
836.0
749.0
715.0
756.0
832.0
710.0
761.0
773.0
757.0
850.0
770.0
720.0
729.0
784.0
795.0
708.0
791.0
735.0
771.0
781.0
703.0
706.0
714.0
666.0
773.0
848.0
735.0
779.0
735.0
727.0
714.0
720.0
716.0
744.0
719.0
757.0
806.0
1012.0
825.0
708.0
726.0
813.0
637.0
704.0
612.0
841.0
738.0
729.0
801.0
715.0
769.0
729.0
821.0
764.0
824.0
761.0
721.0
940.0
762.0
725.0
720.0
751.0
658.0
777.0
809.0
749.0
697.0
779.0
730.0
769.0
741.0
725.0
804.0
705.0
772.0
778.0
699.0
889.0
732.0
693.0
729.0
885.0
883.0
