0.7094217039966267
0.6474547539271971
0.5708728779278212
0.8680229957142604
0.6768878548670332
0.5369740138750546
0.8628392978491527
0.7862697702450359
0.5801180226694848
0.8141295661292586
0.5400557287889426
0.8141295661292586
0.7955563688731101
0.6003500576755813
0.7378888219850213
0.9665132551513066
3.26219342732247
0.5431374437028305
1.0497125047697764
0.6365844394075933
1.1199833453123014
0.9820643487466295
0.5894797431559775
0.5708728779278212
0.6619485066200019
0.6184672485415872
0.6293375630611909
0.6728211237258339
0.6583250684468007
0.552382588444494
0.5647094481000455
0.7378888219850213
0.552382588444494
0.69315477943183
0.6112203721951849
0.8628392978491527
0.6220906867147885
1.183117701885196
0.6474547539271971
0.7676965729888873
0.6148438103683861
1.421512734042084
0.6003500576755813
0.8732066935793681
0.6329610012343923
0.6329610012343923
1.2865450310777427
1.0707937569325339
1.4305121503592613
0.6768878548670332
0.729755359702623
0.6293375630611909
0.8472882042538298
0.552382588444494
1.7956865208609891
1.0918750090952916
0.6438313157539958
0.6402078775807947
0.6547016302735994
0.6850213171494315
1.0637666728782815
0.8373460626994443
0.6148438103683861
0.7584099743608129
0.7676965729888873
0.6365844394075933
0.5770363077555969
0.7723398723029244
0.6039734958487823
1.2244886335622145
0.5801180226694848
0.8094862668152215
1.0497125047697764
0.6148438103683861
0.5616277331861576
0.6583250684468007
0.6329610012343923
0.909492578635122
0.6438313157539958
0.7723398723029244
0.7216218974202245
0.6850213171494315
0.6438313157539958
0.7460222842674198
0.6438313157539958
0.7216218974202245
1.0027991402070604
0.5616277331861576
0.8141295661292586
0.5184837243917275
0.6257141248879898
0.5616277331861576
0.6184672485415872
0.49161199658938287
0.5647094481000455
1.252069254680227
0.6329610012343923
0.82805946407137
0.6293375630611909
0.6257141248879898
0.5708728779278212
0.5831997375833725
0.6728211237258339
0.6402078775807947
0.8732066935793681
1.3495174035046633
0.6075969340219837
0.7216218974202245
0.6148438103683861
1.0356583366612715
0.59672661950238
0.7816264709309986
0.5801180226694848
0.6850213171494315
0.6293375630611909
0.6583250684468007
0.5708728779278212
0.893941485039799
0.7676965729888873
0.6257141248879898
0.9716969530164143
0.8234161647573329
0.8991251829049066
0.9405947658257681
0.6039734958487823
0.5708728779278212
0.7175551662790254
1.66780662228863
0.69315477943183
0.6619485066200019
0.69315477943183
0.6039734958487823
0.6329610012343923
1.334811118034264
0.6890880482906309
0.7862697702450359
0.7723398723029244
0.6547016302735994
1.0216041685527664
0.5801180226694848
0.6184672485415872
0.6365844394075933
0.5154020094778397
0.7256886285614237
0.7216218974202245
0.6809545860082323
0.59672661950238
0.8327027633854072
0.6655719447932033
0.8628392978491527
0.69315477943183
0.6809545860082323
0.6850213171494315
0.7630532736748501
0.5034304339137224
0.5154020094778397
1.394514485090551
0.8141295661292586
0.9976154423419527
1.155118765583564
0.729755359702623
0.5862814524972605
0.925043672230445
0.7419555531262206
0.552382588444494
0.6809545860082323
1.5376249348785356
1.2106983230032082
0.5739545928417091
0.8094862668152215
0.7723398723029244
0.6583250684468007
0.8628392978491527
0.5708728779278212
0.5277288691333912
1.1340375134208063
0.6691953829664042
0.6655719447932033
0.6148438103683861
0.6474547539271971
0.6728211237258339
0.7378888219850213
0.6003500576755813
0.6365844394075933
0.5739545928417091
1.1762000177463214
0.6112203721951849
0.6003500576755813
0.6583250684468007
0.8234161647573329
0.4537929971514964
0.8048429675011842
0.7338220908438221
1.5463037140392086
0.8327027633854072
0.8628392978491527
0.6075969340219837
0.6438313157539958
0.8373460626994443
0.976880650881522
0.8524719021189373
0.7175551662790254
0.909492578635122
1.5289461557178627
0.7134884351378259
0.5831997375833725
0.6438313157539958
0.5585460182722698
0.6402078775807947
1.0497125047697764
1.2175934782827114
0.6850213171494315
0.7723398723029244
0.59672661950238
0.6220906867147885
0.6039734958487823
0.6850213171494315
0.7378888219850213
0.5400557287889426
0.8094862668152215
1.5463037140392086
0.6220906867147885
0.8048429675011842
0.976880650881522
0.59672661950238
0.6365844394075933
0.6148438103683861
0.7134884351378259
0.6329610012343923
0.552382588444494
0.7378888219850213
0.7816264709309986
0.7584099743608129
0.5770363077555969
0.5831997375833725
0.5894797431559775
0.7175551662790254
0.7419555531262206
0.6365844394075933
1.2382789441212207
0.5801180226694848
0.7378888219850213
0.6547016302735994
0.6003500576755813
0.6691953829664042
0.6329610012343923
0.6728211237258339
0.6438313157539958
1.321020807475258
0.6220906867147885
0.8094862668152215
0.5931031813291787
0.9665132551513066
2.197046305787289
0.6402078775807947
0.8048429675011842
0.6547016302735994
0.6184672485415872
0.6148438103683861
0.6148438103683861
0.5862814524972605
0.6438313157539958
1.190012857164699
2.768212153567024
0.6039734958487823
0.7012882417142283
0.6184672485415872
0.8187728654432959
0.8835740893095836
0.6329610012343923
0.7769831716169615
0.6039734958487823
0.7500890154086189
0.7256886285614237
0.7216218974202245
1.5463037140392086
0.7053549728554276
0.6850213171494315
0.82805946407137
0.6768878548670332
0.7862697702450359
0.6148438103683861
0.6438313157539958
0.6220906867147885
0.5369740138750546
0.6039734958487823
0.9354110679606605
0.5862814524972605
0.6583250684468007
0.7053549728554276
0.59672661950238
0.5277288691333912
0.7378888219850213
0.6691953829664042
0.7909130695590729
1.9037449244949927
0.5708728779278212
0.6220906867147885
0.69315477943183
0.8991251829049066
0.6655719447932033
0.6583250684468007
0.5400557287889426
0.7723398723029244
0.7816264709309986
1.5810188306819004
0.6293375630611909
0.6039734958487823
0.6293375630611909
0.7094217039966267
0.506156864736176
0.8048429675011842
0.6619485066200019
1.190012857164699
0.7094217039966267
0.7955563688731101
0.5801180226694848
0.8524719021189373
0.6728211237258339
0.7419555531262206
0.5708728779278212
0.9302273700955528
1.3003353416367487
2.0889879021532853
0.9509621615559835
0.6039734958487823
1.127010429366554
0.7134884351378259
0.6438313157539958
0.6039734958487823
0.6583250684468007
0.7630532736748501
0.7909130695590729
0.5801180226694848
0.7094217039966267
0.6329610012343923
0.5862814524972605
0.6619485066200019
0.7723398723029244
0.5770363077555969
0.5770363077555969
0.552382588444494
0.992431744476845
0.7816264709309986
0.8327027633854072
0.5739545928417091
0.6003500576755813
0.5801180226694848
0.5770363077555969
0.5739545928417091
0.5647094481000455
0.4845209341947792
0.6691953829664042
1.3279159627547612
0.59672661950238
0.6257141248879898
0.7012882417142283
0.8048429675011842
0.6075969340219837
0.5616277331861576
0.5862814524972605
0.7053549728554276
0.7862697702450359
0.6691953829664042
0.5801180226694848
0.7541557465498182
0.5831997375833725
1.2727547205187364
0.6583250684468007
0.6438313157539958
0.7630532736748501
0.8373460626994443
0.69315477943183
0.6293375630611909
0.925043672230445
0.7909130695590729
0.59672661950238
1.2106983230032082
1.0637666728782815
0.5554643033583818
0.6691953829664042
0.7955563688731101
0.7419555531262206
1.0497125047697764
0.5616277331861576
0.6184672485415872
0.9665132551513066
0.7094217039966267
0.9509621615559835
0.6003500576755813
0.48215724672991134
0.6474547539271971
0.5739545928417091
0.7256886285614237
0.7769831716169615
0.8001996681871473
0.7134884351378259
0.6474547539271971
0.842104506388722
0.6438313157539958
0.9146762765002296
1.127010429366554
0.8887577871746913
0.5369740138750546
0.7955563688731101
0.6474547539271971
0.729755359702623
0.729755359702623
0.6039734958487823
0.7419555531262206
0.992431744476845
0.7584099743608129
0.6728211237258339
0.729755359702623
0.6474547539271971
1.5549824931998817
0.48215724672991134
0.5894797431559775
0.5616277331861576
0.7584099743608129
0.59672661950238
0.552382588444494
0.5770363077555969
0.69315477943183
0.7175551662790254
0.7723398723029244
0.6184672485415872
2.05811407254357
0.6474547539271971
0.6474547539271971
0.6691953829664042
0.5862814524972605
0.5493008735306062
0.8094862668152215
0.5585460182722698
0.5894797431559775
1.8419972652755623
0.6728211237258339
0.6655719447932033
0.7584099743608129
0.6184672485415872
0.6438313157539958
0.8472882042538298
0.7676965729888873
0.7053549728554276
