0.6935261023587538
0.9516379887151255
0.7428627449580316
0.6238924561478286
0.6018602705190861
0.6973212287125443
0.4878652992574304
0.4769968577996893
0.6364822765071101
0.556760489340295
0.652219551956212
0.9763878415697459
0.7792475903894727
0.6144500908783675
0.44221784513491813
0.8971883124349607
0.559462931499678
0.627039911237649
0.6333348214172897
1.0684349814558425
0.6333348214172897
0.627039911237649
0.8298340565548864
0.6018602705190861
0.9367880770023532
0.739067618604241
0.7918942069308261
0.9912377532825181
0.5378433942246137
0.575677584455976
0.559462931499678
0.9516379887151255
0.559462931499678
1.376827156405201
0.7314773658966598
0.6050077256089064
0.6238924561478286
0.5270336255870816
0.6459246417765712
0.7834631292365904
1.169569893143178
0.8256185177077686
0.6553670070460323
0.6973212287125443
0.7276822395428691
0.6144500908783675
0.7238871131890785
0.4835179226743339
0.5924179052496249
0.6018602705190861
0.6459246417765712
0.6081551806987268
0.6113026357885472
0.5162238569495495
0.7750320515423549
0.6783455969435914
0.420484301540281
0.5351409520652307
0.7352724922504503
0.7200919868352881
0.6238924561478286
0.6301873663274694
0.6113026357885472
0.6207450010580082
0.567570257977827
0.6459246417765712
1.285115438461604
0.6081551806987268
0.6396297315969305
0.6859358496511726
0.5864873530935083
0.7918942069308261
0.9120382241477328
0.6745504705898008
0.8214029788606508
0.5729751422965931
0.559462931499678
0.5405458363839968
0.6144500908783675
0.6745504705898008
0.5513556050215288
0.5783800266153593
1.0011376944243662
0.6745504705898008
0.6301873663274694
0.575677584455976
0.6935261023587538
0.9565879592860497
0.49656005242362306
0.5783800266153593
0.39718293751641054
0.5702727001372101
0.44221784513491813
0.49656005242362306
0.6648093723154934
0.7961097457779439
0.6427771866867509
0.5486531628621458
0.8298340565548864
0.575677584455976
0.5432482785433798
0.6648093723154934
0.6711042824951342
0.402560175368073
0.9615379298569736
0.6144500908783675
0.7087066077739161
0.5924179052496249
0.9615379298569736
1.2413323582013
0.661661917225673
0.5459507207027627
0.6553670070460323
0.5621653736590609
0.7623854350010014
0.5729751422965931
0.6333348214172897
0.6113026357885472
0.5924179052496249
0.838265134249122
0.8575885478675682
0.5216287412683155
0.6050077256089064
0.49221267584052675
0.575677584455976
0.9961877238534422
0.6081551806987268
0.842738636154796
0.8087563623192974
0.7238871131890785
5.375977109805951
1.0810768454167592
0.8724384595803404
0.6050077256089064
0.5270336255870816
0.5810824687747422
0.9268881358605051
0.5702727001372101
0.5955653603394453
0.8214029788606508
0.5351409520652307
0.6490720968663916
0.7162968604814973
0.7623854350010014
1.1975492779409962
0.6207450010580082
0.7623854350010014
0.8476886067257201
0.49003898754897857
1.0178675256121745
0.5810824687747422
0.6427771866867509
1.226737998114532
0.5162238569495495
1.1190024372995102
0.7276822395428691
0.7087066077739161
0.559462931499678
0.6711042824951342
0.7504529976656128
0.6821407232973818
0.5837849109341252
0.7087066077739161
0.6897309760049631
0.7623854350010014
0.5324385099058477
0.5729751422965931
0.5783800266153593
0.402560175368073
0.9169881947186571
0.6711042824951342
0.6207450010580082
0.6333348214172897
0.7961097457779439
0.5810824687747422
0.5810824687747422
0.5621653736590609
0.4769968577996893
0.8773884301512646
0.6783455969435914
0.49221267584052675
0.6207450010580082
0.5955653603394453
1.226737998114532
0.575677584455976
1.4946260558549258
0.5270336255870816
0.6050077256089064
0.5621653736590609
0.5486531628621458
0.5924179052496249
0.6973212287125443
0.5189262991089324
0.48134423438278573
0.8476886067257201
0.9466880181442014
0.5810824687747422
0.6648093723154934
0.9763878415697459
0.8625385184384922
0.6301873663274694
0.5702727001372101
0.5513556050215288
0.8575885478675682
1.248629538244684
0.652219551956212
0.5621653736590609
1.41889819192296
0.5783800266153593
0.7428627449580316
0.6144500908783675
1.0873977773972177
0.6207450010580082
0.5955653603394453
0.5324385099058477
0.6396297315969305
0.6175975459681878
0.7011163550663351
0.5702727001372101
0.5955653603394453
0.6081551806987268
0.6113026357885472
0.6175975459681878
1.0178675256121745
0.6175975459681878
0.627039911237649
0.5378433942246137
0.7125017341277068
0.6427771866867509
0.5540580471809119
0.6459246417765712
0.6301873663274694
0.6427771866867509
0.48134423438278573
1.8745221900035214
0.9466880181442014
0.6745504705898008
0.6553670070460323
0.7708165126952371
0.5513556050215288
0.5513556050215288
0.4639547280504001
0.575677584455976
0.8087563623192974
0.6553670070460323
1.5965362017225022
0.5864873530935083
0.5837849109341252
0.6144500908783675
0.7708165126952371
0.5810824687747422
0.5486531628621458
0.7623854350010014
1.024188457592633
0.6935261023587538
0.9615379298569736
0.5216287412683155
0.6745504705898008
0.6018602705190861
0.5378433942246137
0.6207450010580082
0.7125017341277068
0.6018602705190861
0.41331465107139775
0.6301873663274694
0.556760489340295
0.5081165304714004
0.7961097457779439
1.1253233692799687
0.7581698961538835
1.1442861652213439
0.661661917225673
0.7834631292365904
1.0494721855144669
0.6679568274053138
0.5837849109341252
0.5297360677464645
0.48134423438278573
0.7162968604814973
0.6821407232973818
1.3143041586351396
0.6144500908783675
0.556760489340295
0.5081165304714004
0.9219381652895811
1.0305093895730915
0.6333348214172897
0.9070882535768089
0.5837849109341252
0.6050077256089064
0.6396297315969305
0.5054140883120173
0.6333348214172897
0.5243311834276986
0.575677584455976
0.5486531628621458
0.6238924561478286
0.9367880770023532
0.5513556050215288
0.6396297315969305
0.6144500908783675
0.6207450010580082
0.8971883124349607
0.567570257977827
0.5837849109341252
0.6113026357885472
0.6973212287125443
0.49003898754897857
0.6427771866867509
0.6018602705190861
0.567570257977827
1.024188457592633
0.7834631292365904
0.9565879592860497
0.6207450010580082
0.6553670070460323
0.6648093723154934
0.6175975459681878
0.6821407232973818
0.7834631292365904
0.8724384595803404
0.8823384007221886
0.7276822395428691
0.9466880181442014
0.5729751422965931
0.5810824687747422
0.6175975459681878
0.6427771866867509
0.4987337407151713
0.9367880770023532
0.5378433942246137
0.5351409520652307
0.564867815818444
0.5783800266153593
0.6585144621358526
1.3599987421980977
0.7542481240194033
0.48569161096588215
0.5924179052496249
0.6238924561478286
0.5135214147901664
0.559462931499678
0.661661917225673
1.1063605733385933
0.6490720968663916
0.7834631292365904
0.6081551806987268
0.7918942069308261
0.6207450010580082
0.8003252846250617
0.7623854350010014
0.44439153342646626
0.4378704685518217
0.5459507207027627
0.5987128154292657
0.6973212287125443
0.5297360677464645
0.6490720968663916
0.9664879004278977
0.6973212287125443
1.292412618504988
0.5783800266153593
0.8476886067257201
0.5189262991089324
0.4661284163419483
0.575677584455976
0.5810824687747422
1.5965362017225022
0.5837849109341252
0.5837849109341252
0.5702727001372101
0.44439153342646626
0.5513556050215288
0.8724384595803404
1.270521078374836
0.6935261023587538
0.7238871131890785
0.5513556050215288
0.7428627449580316
0.6081551806987268
0.575677584455976
0.9021382830058848
0.6711042824951342
0.5270336255870816
0.6175975459681878
0.7428627449580316
0.3900132870475273
0.49221267584052675
0.7961097457779439
0.6490720968663916
0.8625385184384922
0.5324385099058477
0.8971883124349607
0.3900132870475273
2.3783812208405255
0.6238924561478286
0.49003898754897857
0.627039911237649
0.8625385184384922
0.5486531628621458
0.746657871311822
0.5892704501598046
0.7961097457779439
1.2121436380277641
0.5297360677464645
0.5892704501598046
0.7428627449580316
0.7314773658966598
1.634483184238013
0.5486531628621458
0.6679568274053138
0.6238924561478286
0.7428627449580316
0.6050077256089064
0.567570257977827
0.5955653603394453
0.9021382830058848
0.7049114814201255
0.5459507207027627
0.6897309760049631
0.661661917225673
0.6821407232973818
0.6427771866867509
0.556760489340295
0.6364822765071101
0.6745504705898008
1.1253233692799687
0.5729751422965931
0.556760489340295
0.8773884301512646
0.6427771866867509
0.6935261023587538
0.6113026357885472
0.9516379887151255
0.6333348214172897
0.5540580471809119
0.5810824687747422
0.4313494036771771
0.7542481240194033
0.6050077256089064
0.41689947630583934
0.9961877238534422
0.5351409520652307
0.5924179052496249
0.661661917225673
0.9813378121406701
0.48569161096588215
0.6553670070460323
0.5864873530935083
1.1569280291822608
0.4726494812165929
0.556760489340295
0.7428627449580316
0.559462931499678
0.5432482785433798
0.6459246417765712
0.5459507207027627
0.9466880181442014
0.5864873530935083
0.6175975459681878
0.6207450010580082
0.5955653603394453
1.4693834345442707
0.6333348214172897
0.838265134249122
0.4987337407151713
0.5892704501598046
0.5162238569495495
0.5955653603394453
0.6018602705190861
0.4552599748842073
0.739067618604241
0.9268881358605051
0.5513556050215288
0.7581698961538835
0.575677584455976
0.556760489340295
0.6897309760049631
0.6427771866867509
0.627039911237649
1.0305093895730915
0.6301873663274694
0.7314773658966598
0.6490720968663916
0.6396297315969305
0.49656005242362306
0.567570257977827
0.5135214147901664
0.5243311834276986
0.5955653603394453
0.7542481240194033
1.1190024372995102
0.7504529976656128
0.5955653603394453
0.5729751422965931
0.5729751422965931
0.7087066077739161
0.7792475903894727
0.6175975459681878
0.5189262991089324
0.6821407232973818
