772.0
722.0
657.0
693.0
659.0
661.0
681.0
858.0
687.0
722.0
823.0
741.0
712.0
874.0
720.0
725.0
723.0
664.0
695.0
686.0
712.0
704.0
707.0
642.0
686.0
679.0
755.0
701.0
741.0
696.0
680.0
740.0
707.0
738.0
698.0
718.0
725.0
625.0
692.0
720.0
652.0
809.0
677.0
654.0
771.0
1530.0
695.0
733.0
681.0
692.0
814.0
678.0
682.0
698.0
693.0
804.0
728.0
721.0
697.0
713.0
650.0
739.0
843.0
762.0
728.0
677.0
672.0
710.0
736.0
667.0
645.0
744.0
684.0
689.0
766.0
779.0
692.0
759.0
747.0
759.0
802.0
702.0
807.0
767.0
740.0
666.0
809.0
658.0
659.0
709.0
731.0
699.0
695.0
762.0
730.0
740.0
745.0
685.0
670.0
661.0
674.0
686.0
693.0
693.0
742.0
670.0
670.0
706.0
708.0
695.0
736.0
709.0
849.0
694.0
738.0
745.0
795.0
739.0
692.0
662.0
677.0
650.0
731.0
690.0
773.0
744.0
706.0
690.0
731.0
715.0
677.0
656.0
667.0
669.0
674.0
699.0
677.0
753.0
687.0
863.0
696.0
652.0
710.0
678.0
674.0
700.0
694.0
782.0
758.0
730.0
634.0
689.0
762.0
881.0
771.0
701.0
690.0
801.0
869.0
821.0
684.0
729.0
762.0
618.0
681.0
733.0
731.0
702.0
673.0
672.0
673.0
689.0
692.0
800.0
667.0
690.0
813.0
708.0
693.0
698.0
672.0
708.0
686.0
682.0
814.0
729.0
728.0
672.0
712.0
851.0
657.0
771.0
823.0
745.0
758.0
678.0
698.0
721.0
708.0
800.0
680.0
666.0
746.0
718.0
758.0
656.0
689.0
692.0
644.0
674.0
691.0
693.0
671.0
720.0
757.0
693.0
661.0
682.0
716.0
822.0
714.0
686.0
667.0
732.0
881.0
711.0
662.0
686.0
682.0
810.0
725.0
690.0
661.0
693.0
794.0
712.0
793.0
681.0
690.0
713.0
677.0
675.0
666.0
704.0
837.0
661.0
677.0
668.0
706.0
731.0
742.0
676.0
661.0
642.0
653.0
765.0
628.0
656.0
682.0
786.0
726.0
691.0
649.0
681.0
672.0
873.0
725.0
660.0
756.0
677.0
712.0
697.0
714.0
757.0
800.0
661.0
714.0
878.0
702.0
667.0
693.0
691.0
785.0
717.0
713.0
649.0
658.0
729.0
743.0
687.0
656.0
840.0
785.0
662.0
721.0
650.0
749.0
756.0
653.0
665.0
721.0
814.0
680.0
693.0
701.0
865.0
844.0
642.0
692.0
670.0
663.0
721.0
676.0
714.0
732.0
706.0
744.0
674.0
755.0
686.0
699.0
685.0
669.0
740.0
961.0
700.0
711.0
688.0
687.0
695.0
666.0
730.0
694.0
685.0
695.0
757.0
779.0
744.0
725.0
656.0
690.0
656.0
837.0
657.0
722.0
687.0
681.0
667.0
657.0
721.0
813.0
708.0
688.0
690.0
658.0
825.0
802.0
978.0
720.0
688.0
682.0
674.0
687.0
755.0
761.0
696.0
705.0
802.0
725.0
662.0
711.0
662.0
687.0
728.0
650.0
727.0
646.0
741.0
658.0
715.0
808.0
672.0
733.0
657.0
707.0
682.0
689.0
755.0
796.0
675.0
740.0
664.0
744.0
661.0
726.0
680.0
674.0
672.0
777.0
696.0
708.0
705.0
677.0
703.0
732.0
655.0
687.0
639.0
809.0
976.0
702.0
687.0
671.0
740.0
782.0
695.0
678.0
651.0
840.0
701.0
730.0
727.0
712.0
718.0
681.0
694.0
745.0
708.0
727.0
697.0
686.0
673.0
771.0
689.0
738.0
659.0
725.0
786.0
657.0
985.0
678.0
709.0
805.0
793.0
723.0
678.0
664.0
775.0
717.0
706.0
681.0
708.0
692.0
690.0
761.0
680.0
670.0
682.0
661.0
757.0
753.0
700.0
704.0
754.0
735.0
