641.0
706.0
694.0
756.0
755.0
644.0
714.0
738.0
692.0
686.0
699.0
746.0
827.0
700.0
757.0
666.0
826.0
718.0
683.0
762.0
686.0
756.0
705.0
703.0
720.0
694.0
666.0
682.0
696.0
760.0
741.0
685.0
725.0
873.0
614.0
654.0
682.0
692.0
737.0
673.0
692.0
886.0
702.0
698.0
717.0
718.0
722.0
700.0
700.0
700.0
677.0
585.0
769.0
695.0
672.0
674.0
902.0
728.0
696.0
720.0
835.0
756.0
682.0
698.0
774.0
687.0
752.0
765.0
696.0
795.0
744.0
710.0
789.0
703.0
625.0
705.0
734.0
679.0
677.0
683.0
677.0
721.0
721.0
688.0
866.0
703.0
786.0
777.0
620.0
673.0
683.0
689.0
788.0
687.0
669.0
677.0
755.0
700.0
741.0
699.0
711.0
769.0
682.0
699.0
701.0
738.0
746.0
766.0
1416.0
704.0
742.0
762.0
856.0
700.0
656.0
693.0
662.0
763.0
757.0
664.0
598.0
706.0
830.0
708.0
583.0
732.0
592.0
811.0
761.0
699.0
737.0
707.0
709.0
707.0
720.0
676.0
693.0
739.0
792.0
754.0
706.0
802.0
720.0
732.0
780.0
1003.0
718.0
688.0
837.0
595.0
735.0
698.0
737.0
760.0
617.0
908.0
774.0
731.0
795.0
878.0
682.0
691.0
715.0
786.0
742.0
782.0
723.0
708.0
748.0
704.0
693.0
783.0
694.0
713.0
592.0
724.0
705.0
705.0
908.0
697.0
790.0
842.0
725.0
710.0
702.0
821.0
771.0
740.0
729.0
607.0
662.0
713.0
682.0
661.0
724.0
769.0
704.0
692.0
709.0
739.0
694.0
658.0
702.0
730.0
672.0
702.0
636.0
698.0
727.0
720.0
713.0
761.0
712.0
774.0
661.0
737.0
817.0
685.0
713.0
698.0
684.0
728.0
717.0
593.0
721.0
681.0
770.0
717.0
697.0
760.0
722.0
689.0
667.0
728.0
670.0
674.0
740.0
798.0
698.0
677.0
692.0
796.0
680.0
725.0
809.0
721.0
742.0
802.0
729.0
783.0
725.0
718.0
765.0
657.0
805.0
703.0
798.0
720.0
664.0
621.0
708.0
759.0
776.0
876.0
732.0
707.0
692.0
733.0
723.0
651.0
747.0
774.0
684.0
680.0
714.0
731.0
695.0
792.0
718.0
816.0
890.0
672.0
742.0
709.0
708.0
690.0
672.0
717.0
685.0
689.0
707.0
757.0
698.0
835.0
682.0
720.0
784.0
744.0
703.0
692.0
648.0
700.0
866.0
852.0
713.0
852.0
737.0
826.0
772.0
718.0
721.0
834.0
736.0
677.0
616.0
698.0
668.0
623.0
727.0
747.0
707.0
790.0
708.0
691.0
664.0
682.0
722.0
717.0
743.0
677.0
714.0
681.0
688.0
732.0
674.0
686.0
717.0
744.0
722.0
706.0
690.0
703.0
747.0
726.0
702.0
833.0
660.0
709.0
735.0
710.0
696.0
753.0
725.0
787.0
770.0
770.0
752.0
698.0
690.0
747.0
779.0
727.0
688.0
798.0
687.0
709.0
732.0
754.0
694.0
698.0
780.0
657.0
778.0
659.0
661.0
707.0
692.0
711.0
682.0
663.0
720.0
811.0
734.0
650.0
674.0
862.0
685.0
700.0
680.0
679.0
671.0
694.0
728.0
599.0
744.0
716.0
802.0
694.0
720.0
668.0
782.0
744.0
749.0
701.0
685.0
787.0
849.0
730.0
825.0
688.0
731.0
790.0
749.0
684.0
722.0
739.0
806.0
662.0
766.0
692.0
787.0
677.0
682.0
733.0
719.0
699.0
708.0
743.0
982.0
714.0
672.0
706.0
590.0
753.0
891.0
755.0
702.0
680.0
690.0
583.0
679.0
714.0
638.0
741.0
680.0
602.0
683.0
713.0
704.0
805.0
680.0
665.0
719.0
705.0
709.0
853.0
733.0
642.0
697.0
747.0
761.0
748.0
799.0
681.0
810.0
713.0
681.0
725.0
795.0
704.0
790.0
816.0
751.0
701.0
693.0
712.0
842.0
704.0
701.0
688.0
686.0
808.0
732.0
786.0
817.0
721.0
803.0
696.0
749.0
681.0
681.0
693.0
669.0
721.0
741.0
677.0
664.0
682.0
717.0
868.0
766.0
684.0
707.0
715.0
689.0
708.0
701.0
706.0
736.0
652.0
757.0
791.0
807.0
777.0
622.0
765.0
742.0
690.0
685.0
674.0
686.0
723.0
696.0
703.0
629.0
684.0
679.0
