667.0
797.0
725.0
748.0
668.0
716.0
666.0
694.0
728.0
689.0
682.0
703.0
814.0
736.0
640.0
656.0
745.0
709.0
686.0
723.0
717.0
693.0
786.0
819.0
817.0
740.0
674.0
696.0
675.0
740.0
782.0
874.0
761.0
698.0
720.0
709.0
823.0
679.0
745.0
694.0
704.0
625.0
727.0
719.0
701.0
981.0
787.0
763.0
730.0
674.0
769.0
725.0
726.0
670.0
720.0
759.0
714.0
804.0
709.0
660.0
677.0
683.0
703.0
707.0
745.0
672.0
700.0
714.0
667.0
841.0
749.0
673.0
850.0
646.0
916.0
745.0
757.0
689.0
692.0
725.0
721.0
781.0
699.0
709.0
882.0
654.0
743.0
715.0
745.0
701.0
776.0
689.0
697.0
769.0
711.0
732.0
711.0
684.0
685.0
693.0
691.0
717.0
684.0
680.0
729.0
695.0
699.0
738.0
792.0
709.0
678.0
685.0
728.0
711.0
807.0
692.0
672.0
669.0
733.0
700.0
721.0
653.0
683.0
714.0
714.0
680.0
694.0
709.0
698.0
749.0
701.0
648.0
757.0
700.0
829.0
685.0
696.0
747.0
697.0
750.0
678.0
734.0
701.0
732.0
714.0
682.0
681.0
699.0
702.0
698.0
720.0
685.0
697.0
715.0
715.0
689.0
712.0
711.0
781.0
713.0
677.0
706.0
719.0
661.0
704.0
663.0
741.0
689.0
629.0
725.0
689.0
703.0
770.0
676.0
746.0
708.0
773.0
721.0
713.0
694.0
717.0
730.0
686.0
707.0
690.0
722.0
665.0
765.0
685.0
692.0
751.0
683.0
717.0
691.0
785.0
702.0
689.0
714.0
694.0
725.0
694.0
692.0
691.0
811.0
696.0
703.0
631.0
718.0
682.0
709.0
815.0
693.0
676.0
882.0
761.0
682.0
726.0
706.0
658.0
690.0
668.0
714.0
708.0
645.0
792.0
698.0
693.0
685.0
811.0
674.0
730.0
695.0
738.0
801.0
645.0
737.0
683.0
730.0
683.0
704.0
720.0
743.0
723.0
676.0
696.0
656.0
794.0
706.0
730.0
700.0
684.0
838.0
690.0
727.0
667.0
781.0
764.0
741.0
732.0
803.0
728.0
690.0
779.0
685.0
689.0
706.0
698.0
708.0
693.0
698.0
668.0
875.0
757.0
714.0
732.0
704.0
708.0
654.0
669.0
668.0
713.0
663.0
802.0
786.0
853.0
660.0
672.0
690.0
712.0
736.0
666.0
670.0
738.0
705.0
704.0
690.0
701.0
710.0
740.0
714.0
642.0
784.0
758.0
749.0
706.0
758.0
704.0
682.0
668.0
684.0
762.0
696.0
718.0
709.0
736.0
721.0
708.0
701.0
719.0
713.0
672.0
675.0
742.0
810.0
693.0
714.0
656.0
680.0
802.0
684.0
674.0
866.0
689.0
729.0
698.0
855.0
688.0
730.0
681.0
824.0
721.0
709.0
678.0
695.0
672.0
697.0
706.0
670.0
770.0
687.0
797.0
703.0
733.0
741.0
708.0
647.0
772.0
682.0
781.0
775.0
707.0
718.0
681.0
667.0
705.0
685.0
698.0
797.0
709.0
820.0
808.0
720.0
672.0
708.0
688.0
680.0
762.0
790.0
686.0
702.0
722.0
667.0
649.0
752.0
674.0
672.0
797.0
671.0
772.0
672.0
672.0
632.0
844.0
698.0
666.0
706.0
741.0
741.0
807.0
705.0
725.0
852.0
701.0
710.0
711.0
761.0
683.0
774.0
690.0
745.0
675.0
862.0
683.0
706.0
682.0
754.0
743.0
681.0
712.0
675.0
698.0
704.0
784.0
693.0
742.0
685.0
716.0
686.0
725.0
718.0
774.0
827.0
690.0
654.0
692.0
724.0
708.0
811.0
746.0
718.0
666.0
745.0
731.0
863.0
676.0
723.0
730.0
776.0
708.0
678.0
724.0
666.0
733.0
673.0
710.0
779.0
875.0
681.0
801.0
714.0
699.0
842.0
669.0
930.0
730.0
660.0
749.0
685.0
729.0
751.0
895.0
744.0
736.0
709.0
689.0
