0.5037310066614303
0.3807641186005956
0.8145161734282043
0.6011072876550386
0.9149546539320986
0.5309539928393608
0.5885072442095284
0.5720634581037661
0.5748040891213934
0.5979499497710795
0.8230676616885112
0.7240401470121929
0.5857666131919014
0.5254727308041068
0.5748040891213934
0.6516246937983833
0.5775447201390203
0.7086218136788595
0.8230676616885112
1.1938662632608374
0.5117695757159717
0.55013840996275
0.6739305636788596
0.539175885892242
0.6263659907267108
1.2151036369982113
0.552879040980377
0.3470642076477906
0.8016889410377439
0.6011072876550386
0.555619671998004
0.4380986062308599
0.6263659907267108
0.5227320997864798
0.49467826177445506
0.5857666131919014
0.541916516909869
1.0727742625906915
0.8550158460995011
0.6705687211021375
0.6200513149587927
0.6137366391908747
0.7548768136788593
0.6674113832181785
0.47430958577876076
1.2151036369982113
0.6011072876550386
0.6739305636788596
0.5857666131919014
0.5857666131919014
0.547397778945123
0.5775447201390203
0.6642540453342194
0.55013840996275
0.5802853511566473
0.7356038970121928
0.7086218136788595
0.552879040980377
0.555619671998004
0.7433130636788594
0.3732752494999723
1.5134026015624666
0.5199914687688527
0.6932034803455261
1.022575902527988
0.6326806664946291
0.5227320997864798
0.5802853511566473
0.6932034803455261
0.5117695757159717
0.5830259821742741
0.5665821960685122
0.7163309803455261
1.1229726226533947
0.9599087598065467
0.6168939770748337
0.8016889410377439
0.7086218136788595
0.6326806664946291
0.6516246937983833
0.5309539928393608
1.3778303285909461
0.6739305636788596
0.7086218136788595
0.563841565050885
0.5336946238569878
0.4810991444439922
0.6105793013069157
0.7047672303455261
0.8059646851678974
0.8949750513212328
0.5336946238569878
0.6263659907267108
0.9049648526266658
0.5665821960685122
0.6074219634229566
1.9228993291510672
0.5916352740031614
0.6263659907267108
0.4403617924526037
0.7717587321266698
0.6893488970121929
0.7356038970121928
0.5720634581037661
0.8600107467522177
0.6168939770748337
0.6453100180304653
0.6295233286106698
0.6263659907267108
0.547397778945123
0.555619671998004
0.5947926118871205
0.6263659907267108
0.6074219634229566
0.7845859645171301
0.5665821960685122
0.9549138591538303
0.5611009340332581
0.3770196840502839
0.5446571479274959
0.4992046342179426
0.5830259821742741
0.6358380043785881
1.504364450031032
0.5282133618217338
0.5802853511566473
0.6042646255389976
0.9149546539320986
0.4380986062308599
0.7394584803455262
0.555619671998004
0.5916352740031614
0.5090289446983447
0.677785147012193
0.7201855636788594
0.5254727308041068
0.7674829879965163
0.6074219634229566
0.5693228270861391
0.7394584803455262
0.5916352740031614
0.5117695757159717
0.555619671998004
0.5254727308041068
0.5979499497710795
0.5254727308041068
0.7548768136788593
0.7674829879965163
0.7201855636788594
0.6295233286106698
0.7717587321266698
0.5979499497710795
1.6190429705926617
0.7510222303455261
0.5775447201390203
0.5665821960685122
0.5254727308041068
0.6516246937983833
0.5720634581037661
0.5748040891213934
0.7356038970121928
0.6326806664946291
0.8059646851678974
0.5979499497710795
0.6579393695663014
1.2575783844729589
0.5830259821742741
0.8316191499488181
1.1480718026847465
0.7717587321266698
0.6168939770748337
0.6674113832181785
0.5830259821742741
0.5748040891213934
0.7201855636788594
0.6326806664946291
0.6295233286106698
0.4924150755527112
1.0476750825593397
0.5775447201390203
0.5979499497710795
0.9049648526266658
1.186787138681713
1.0414002875515016
0.5583603030156311
0.6011072876550386
1.0539498775671776
0.6105793013069157
0.5775447201390203
0.6389953422625472
0.4924150755527112
0.6739305636788596
0.4969414479961989
0.6105793013069157
0.5446571479274959
0.8401706382091251
1.0288506975358258
0.4992046342179426
0.6295233286106698
0.7433130636788594
1.5134026015624666
0.5748040891213934
0.5282133618217338
0.6263659907267108
0.6893488970121929
0.5802853511566473
0.6011072876550386
0.7394584803455262
0.55013840996275
0.6610967074502604
0.6105793013069157
0.8999699519739492
0.6358380043785881
0.7433130636788594
0.6358380043785881
0.8899801506685164
0.555619671998004
0.4992046342179426
0.7240401470121929
0.6453100180304653
0.6105793013069157
0.6326806664946291
0.49467826177445506
0.6674113832181785
0.40510294317762147
0.6295233286106698
0.6358380043785881
0.5583603030156311
0.6854943136788595
0.5979499497710795
0.6516246937983833
0.6516246937983833
0.7394584803455262
2.4941662709384986
0.552879040980377
0.33292815279589233
0.4426249786743476
0.7717587321266698
1.022575902527988
0.5117695757159717
0.5916352740031614
0.6674113832181785
0.5227320997864798
0.6137366391908747
1.085323852606367
0.8849852500158
0.3901252049763747
0.6610967074502604
0.5665821960685122
0.7317493136788595
0.7086218136788595
0.6893488970121929
0.5665821960685122
0.6263659907267108
0.5857666131919014
0.7845859645171301
0.6816397303455263
0.5775447201390203
0.5885072442095284
0.541916516909869
0.5720634581037661
0.5857666131919014
0.6516246937983833
1.1668961877082602
0.5720634581037661
0.7471676470121926
0.6453100180304653
0.8949750513212328
0.3807641186005956
0.5748040891213934
0.6932034803455261
0.8749954487103669
0.6074219634229566
0.4992046342179426
0.6011072876550386
0.5857666131919014
0.7086218136788595
0.5336946238569878
0.563841565050885
0.6105793013069157
0.6011072876550386
0.6970580636788595
0.40323072590246556
0.6137366391908747
0.8102404292980508
0.4901518893309674
0.5665821960685122
0.6389953422625472
0.5720634581037661
0.6168939770748337
0.4878887031092236
0.7240401470121929
0.5364352548746149
0.6579393695663014
0.7317493136788595
0.6232086528427518
0.6453100180304653
0.6642540453342194
0.7047672303455261
0.677785147012193
0.7240401470121929
0.9149546539320986
0.994873064375562
0.5748040891213934
0.7674829879965163
0.6893488970121929
0.7510222303455261
0.5947926118871205
0.5254727308041068
0.6932034803455261
0.7047672303455261
1.0915986476142052
0.5254727308041068
0.6295233286106698
0.677785147012193
0.6358380043785881
0.5583603030156311
0.5665821960685122
0.5309539928393608
2.8896587690990287
0.6484673559144243
0.8749954487103669
0.6547820316823423
0.4313090475656285
0.7009126470121928
0.5857666131919014
0.7086218136788595
0.7394584803455262
0.6674113832181785
0.7047672303455261
0.541916516909869
0.6739305636788596
0.5748040891213934
0.33594194960649976
0.6263659907267108
0.5364352548746149
0.4992046342179426
0.5802853511566473
0.5336946238569878
0.7510222303455261
1.7764206261286484
0.8102404292980508
0.55013840996275
0.6105793013069157
2.4502226600317734
0.6200513149587927
0.46073046844829796
0.552879040980377
0.39761407407699806
0.6074219634229566
0.5885072442095284
0.6105793013069157
0.6579393695663014
0.9549138591538303
0.6705687211021375
0.6263659907267108
0.5364352548746149
0.6389953422625472
0.5802853511566473
0.8550158460995011
0.7803102203869766
0.6358380043785881
0.8059646851678974
0.8450260447940684
0.6547820316823423
0.5857666131919014
0.5802853511566473
0.6579393695663014
0.5611009340332581
0.6453100180304653
0.6105793013069157
0.5199914687688527
0.8949750513212328
0.7394584803455262
0.5979499497710795
0.5802853511566473
0.9898781637228454
0.552879040980377
1.1417970076769086
1.0915986476142052
0.6893488970121929
0.6358380043785881
0.5611009340332581
0.6854943136788595
0.6358380043785881
0.5885072442095284
0.6579393695663014
0.4924150755527112
0.5802853511566473
0.4245194889003971
1.0978734426220431
0.55013840996275
0.6674113832181785
0.5775447201390203
0.6970580636788595
0.8550158460995011
0.6516246937983833
1.5614073338136782
0.4335722337873723
0.6358380043785881
1.4682118439052931
0.4901518893309674
0.5665821960685122
0.8187919175583578
1.0602246725750155
0.8749954487103669
0.552879040980377
1.4049447831852502
0.4222563026786533
0.6705687211021375
0.6516246937983833
0.5309539928393608
0.9099597532793823
0.6610967074502604
0.563841565050885
0.6854943136788595
0.7510222303455261
0.6011072876550386
0.4901518893309674
0.5336946238569878
0.7163309803455261
0.547397778945123
0.34519199037263476
0.44488816489609134
1.1543465976925844
0.6232086528427518
0.8949750513212328
0.55013840996275
1.5229835759610226
0.8799903493630835
0.5979499497710795
0.8650056474049341
0.7674829879965163
0.555619671998004
0.5775447201390203
0.8550158460995011
0.5857666131919014
0.4245194889003971
0.6358380043785881
0.5775447201390203
1.5998310916663339
0.5885072442095284
0.6816397303455263
0.6516246937983833
0.9599087598065467
0.5227320997864798
0.555619671998004
0.5775447201390203
0.8016889410377439
0.7589314997362094
0.38825298770121897
0.6011072876550386
0.5446571479274959
0.8016889410377439
0.6642540453342194
0.6200513149587927
0.6042646255389976
0.8849852500158
0.6263659907267108
0.33292815279589233
0.677785147012193
0.5583603030156311
0.6389953422625472
0.41259181227824476
1.0414002875515016
0.9698985611119797
0.6516246937983833
0.541916516909869
0.6389953422625472
0.6011072876550386
0.3601697285738814
0.5665821960685122
0.5583603030156311
1.580619212740006
0.5199914687688527
0.6610967074502604
0.6932034803455261
0.9649036604592631
0.4901518893309674
0.7047672303455261
1.01630110752015
0.541916516909869
0.552879040980377
0.4878887031092236
0.6610967074502604
0.6074219634229566
0.8230676616885112
0.5979499497710795
0.9599087598065467
0.6263659907267108
0.5979499497710795
0.7394584803455262
0.6893488970121929
0.6421526801465062
0.6516246937983833
0.41820846410371226
0.7974131969075905
0.6105793013069157
0.7974131969075905
0.5364352548746149
1.1668961877082602
0.5748040891213934
0.563841565050885
0.541916516909869
0.6295233286106698
0.6232086528427518
0.5665821960685122
0.6893488970121929
0.6547820316823423
0.7888617086472836
0.7163309803455261
0.5916352740031614
0.5748040891213934
0.5947926118871205
0.5364352548746149
0.6168939770748337
0.552879040980377
0.3714030322248164
0.6893488970121929
0.38825298770121897
0.7394584803455262
0.6074219634229566
0.6200513149587927
0.6326806664946291
0.6105793013069157
0.5775447201390203
0.563841565050885
0.8016889410377439
0.5947926118871205
0.5309539928393608
0.6484673559144243
0.5309539928393608
0.5090289446983447
0.5090289446983447
1.110423032637719
1.3597540255280764
0.6011072876550386
0.5857666131919014
0.6137366391908747
0.5947926118871205
0.6579393695663014
0.9499189585011139
0.9399291571956809
0.5199914687688527
0.5947926118871205
0.7086218136788595
0.6389953422625472
0.9449240578483973
0.6105793013069157
0.8187919175583578
0.6932034803455261
0.36391416312419306
0.5199914687688527
0.5947926118871205
0.8500209454467849
0.8500209454467849
0.55013840996275
0.6295233286106698
0.6232086528427518
1.6670726679084813
0.6042646255389976
