0.6129544611777628
0.8841144709004933
0.6263997049827186
0.507629893458393
0.5864912464389693
0.8585599282083024
0.5927865954703287
0.5808582926546425
0.6499288816413916
0.7974037191689767
1.0879601957882332
0.5414276161643543
0.5894252845190897
0.7036948730913319
1.5924112246386048
0.6028705283240458
1.0816723453209436
0.5414276161643543
0.5498770468408446
0.6633741254463477
0.7564694136561013
0.8065202503342883
0.7150037032123541
0.76093759450773
0.5555100006251714
0.6700967473488256
0.6263997049827186
0.6230383940314795
0.8065202503342883
0.6848468228896287
0.6297610159339576
0.7150037032123541
0.7489301935754199
0.6600128144951086
0.6263997049827186
0.7700541256730418
0.9096690135926842
0.6432062597389137
0.6230383940314795
0.5667759081938252
1.0628087939190742
0.7451605835350793
0.6532901925926307
0.583674769546806
0.5555100006251714
0.7074644831316727
0.7564694136561013
0.5555100006251714
1.050233092984495
0.6095931502265237
0.737621363454398
0.5414276161643543
0.7300821433737167
1.069096644386364
0.7928454535863207
0.9198908306695605
0.8994471965158077
1.1068237471901023
0.5695923850859886
0.6499288816413916
0.578041815762479
0.7451605835350793
0.583674769546806
0.8943362879773697
0.6566515035438696
0.965889007515504
0.6633741254463477
0.6062318392752847
0.5188958010270468
0.726312533333376
1.2784503810438397
0.7300821433737167
0.9301126477464369
0.6961556530106506
0.583674769546806
0.7338517534140573
0.9403344648233133
1.4733268152089636
0.7526998036157606
0.5961479064215677
0.7837289224210092
0.7526998036157606
1.1571265509284203
0.6095931502265237
0.5470605699486811
0.5927865954703287
0.6499288816413916
0.6129544611777628
0.4811224365307347
0.8156367814996
2.7255141357255517
0.8338698438302231
0.904558105054246
0.6667354363975867
0.6961556530106506
0.7564694136561013
0.6028705283240458
0.6297610159339576
0.5995092173728067
0.9505562819001895
1.0879601957882332
0.6465675706901526
0.6230383940314795
0.6499288816413916
0.6566515035438696
0.5555100006251714
0.49058516508207084
1.7344491458389972
0.7150037032123541
0.5961479064215677
0.5724088619781521
1.2197674329409176
0.7074644831316727
0.7882871880036649
0.6886164329299694
0.6566515035438696
0.6923860429703099
0.7564694136561013
0.5808582926546425
0.6700967473488256
0.5498770468408446
0.5555100006251714
0.737621363454398
0.6886164329299694
0.5695923850859886
0.8201950470822557
0.6499288816413916
0.6331223268851965
0.5995092173728067
0.6398449487876746
0.578041815762479
0.765495860090386
0.6432062597389137
0.8738926538236169
0.904558105054246
0.5864912464389693
0.6600128144951086
0.6062318392752847
0.6398449487876746
0.6263997049827186
0.6129544611777628
0.6499288816413916
1.0016653672845712
0.6062318392752847
0.5894252845190897
0.583674769546806
1.6492675626667739
0.7150037032123541
0.7187733132526946
0.7837289224210092
0.5667759081938252
0.7837289224210092
0.9250017392079987
0.6532901925926307
0.9505562819001895
1.6682196753428302
0.6263997049827186
0.578041815762479
0.7112340931720134
0.8384281094128789
0.6196770830802405
0.7564694136561013
0.5442440930565178
0.7837289224210092
1.6113633373146612
0.5695923850859886
0.5386111392721908
1.1830905903765914
0.5808582926546425
0.6999252630509913
0.5414276161643543
1.0376573920499155
1.3872910095823656
0.7338517534140573
0.8201950470822557
0.9709999160539422
0.5583264775173349
0.7074644831316727
0.8943362879773697
0.7882871880036649
0.6700967473488256
0.6297610159339576
0.5752253388703156
0.6499288816413916
0.5752253388703156
0.4953165293577389
0.6465675706901526
0.8483381111314261
0.9352235562848751
1.658743619004802
0.6129544611777628
0.9301126477464369
0.6999252630509913
0.5386111392721908
0.5048134165662296
0.6432062597389137
0.7036948730913319
0.6331223268851965
0.5639594313016618
0.6600128144951086
0.6364836378364356
0.7187733132526946
0.5667759081938252
0.7974037191689767
1.3004564865824355
0.8156367814996
0.5752253388703156
0.8943362879773697
0.9914435502076948
0.5329781854878639
0.6297610159339576
0.5995092173728067
0.5583264775173349
0.6230383940314795
0.5995092173728067
0.5667759081938252
0.6028705283240458
0.6499288816413916
0.811078515916944
0.9914435502076948
0.6848468228896287
0.7837289224210092
0.726312533333376
0.7564694136561013
0.6773076028089473
0.5724088619781521
0.4669283437037305
0.5470605699486811
0.6886164329299694
1.1830905903765914
0.5724088619781521
0.6263997049827186
0.6062318392752847
0.681077212849288
0.6297610159339576
0.5752253388703156
0.6700967473488256
0.6700967473488256
0.583674769546806
0.9709999160539422
0.6398449487876746
0.6773076028089473
0.7526998036157606
0.6028705283240458
0.5961479064215677
0.7791706568383534
0.6263997049827186
0.6999252630509913
0.726312533333376
0.6263997049827186
0.5611429544094984
0.8019619847516324
0.5639594313016618
0.583674769546806
0.6364836378364356
0.6163157721290018
0.681077212849288
0.7300821433737167
0.6432062597389137
0.9812217331308186
0.6886164329299694
0.904558105054246
0.5583264775173349
0.5414276161643543
0.6062318392752847
0.6773076028089473
1.0439452425172053
0.6432062597389137
0.6961556530106506
1.138262999526551
0.7489301935754199
0.6600128144951086
0.6163157721290018
0.6465675706901526
0.5864912464389693
0.6364836378364356
0.5864912464389693
0.9454453733617514
1.0753844948536537
0.8687817452851788
0.583674769546806
0.9812217331308186
0.765495860090386
0.7974037191689767
0.5894252845190897
0.6465675706901526
0.5442440930565178
0.6848468228896287
0.7074644831316727
0.6700967473488256
0.6999252630509913
0.5864912464389693
0.7791706568383534
0.5611429544094984
0.6633741254463477
0.7150037032123541
0.6364836378364356
0.9454453733617514
0.6961556530106506
0.8065202503342883
0.765495860090386
0.6499288816413916
0.6095931502265237
0.8687817452851788
0.6773076028089473
0.5752253388703156
0.6163157721290018
0.5864912464389693
0.8247533126649115
0.5470605699486811
0.5724088619781521
0.5894252845190897
0.6364836378364356
0.4929508472199048
0.6600128144951086
0.7489301935754199
0.6532901925926307
0.8065202503342883
0.8293115782475674
0.9709999160539422
0.7974037191689767
0.5329781854878639
0.583674769546806
0.5414276161643543
0.6633741254463477
0.6364836378364356
0.6667354363975867
0.6999252630509913
0.6163157721290018
0.5995092173728067
1.4475160735209842
0.7413909734947387
0.8483381111314261
0.6735379927686067
0.6364836378364356
0.5894252845190897
0.7564694136561013
0.6331223268851965
0.6999252630509913
0.6600128144951086
0.737621363454398
0.5894252845190897
0.4811224365307347
0.6062318392752847
0.49768221149557285
0.7225429232930353
0.6163157721290018
0.6028705283240458
0.6499288816413916
0.6062318392752847
0.5894252845190897
0.7413909734947387
0.6667354363975867
0.726312533333376
1.16341440139571
0.5301617085957004
0.6667354363975867
0.6297610159339576
0.8338698438302231
0.5667759081938252
0.6465675706901526
0.6364836378364356
0.6432062597389137
0.6667354363975867
0.6773076028089473
0.9454453733617514
0.737621363454398
0.527345231703537
0.5927865954703287
0.6848468228896287
0.9301126477464369
0.5188958010270468
0.5894252845190897
0.6230383940314795
0.6532901925926307
0.6129544611777628
0.7300821433737167
0.6499288816413916
0.7036948730913319
0.7928454535863207
0.843227202592988
0.8943362879773697
0.6499288816413916
0.6633741254463477
0.6999252630509913
0.5498770468408446
0.5611429544094984
0.6230383940314795
0.5301617085957004
0.6773076028089473
0.6566515035438696
0.583674769546806
1.3004564865824355
0.5864912464389693
0.578041815762479
0.5894252845190897
0.6961556530106506
0.6700967473488256
0.578041815762479
1.0313695415826258
0.5188958010270468
0.6566515035438696
0.6532901925926307
0.5498770468408446
0.5386111392721908
0.8293115782475674
0.6773076028089473
0.6129544611777628
0.6886164329299694
0.6773076028089473
0.4953165293577389
0.6398449487876746
0.6163157721290018
0.6364836378364356
1.0879601957882332
0.4953165293577389
0.578041815762479
0.7300821433737167
0.6566515035438696
0.500047893633407
0.6028705283240458
0.6398449487876746
0.7225429232930353
0.5667759081938252
0.6028705283240458
0.6028705283240458
0.7974037191689767
0.6263997049827186
0.5442440930565178
0.5301617085957004
0.6028705283240458
0.5188958010270468
0.6961556530106506
0.7300821433737167
0.7746123912556976
0.6499288816413916
0.7974037191689767
1.0628087939190742
0.8247533126649115
1.2197674329409176
1.0187938406480463
0.8293115782475674
0.5583264775173349
0.5695923850859886
0.6848468228896287
0.5217122779192103
0.6196770830802405
0.5752253388703156
0.7526998036157606
0.6297610159339576
0.6028705283240458
0.5442440930565178
1.138262999526551
0.6633741254463477
0.6848468228896287
0.6566515035438696
0.6848468228896287
0.5808582926546425
0.7074644831316727
0.5894252845190897
0.578041815762479
0.6499288816413916
0.6961556530106506
0.8892253794389315
0.6700967473488256
0.6163157721290018
1.6303154499907175
0.5864912464389693
0.6230383940314795
0.5894252845190897
0.6364836378364356
0.6331223268851965
0.578041815762479
0.8636708367467407
0.6633741254463477
0.5752253388703156
0.6028705283240458
0.5386111392721908
0.6163157721290018
0.6923860429703099
0.6163157721290018
0.8156367814996
0.6432062597389137
0.6095931502265237
2.0746654856507996
0.9863326416692567
0.6331223268851965
0.6028705283240458
