1.0368836441923868
0.537911126682577
0.9564206786612905
0.6582245622997294
0.7084475734774032
0.5238436608336781
0.8351751550993101
0.603948067734512
0.6790076668262944
0.5261882384751613
0.6125180405605989
0.6268013286040772
0.7477007823455478
0.36612154754848725
0.9564206786612905
0.5261882384751613
0.5824581018707564
0.5848026795122396
0.8235430665792546
1.123435959801306
1.2509200422088695
0.5472894372485095
0.5308773937581276
0.8951713789414024
0.5953780949084251
0.6920920697823428
0.7248030771724634
0.6667945351258162
0.6268013286040772
0.5355665490410938
0.5777689465877902
0.6068047253432077
1.013803026696675
0.7964015266991256
0.7117186742164151
0.5637014807388914
0.9187288019105903
0.7117186742164151
0.6467979318649468
0.34872918056221164
0.6790076668262944
0.6496545894736424
0.7847694381790703
0.6182313557779903
1.1292061141752339
0.6696511927345119
0.8351751550993101
0.7149897749554273
0.6096613829519033
0.6467979318649468
0.6986342712603668
0.5285328161166444
0.6153746981692947
0.7576278982989413
0.6353713014301642
0.6855498683043186
0.5896647796910338
0.7925241638591073
0.6068047253432077
0.603948067734512
1.0541941073141707
0.6410846166475554
0.6382279590388598
0.7248030771724634
0.6610812199084249
0.7149897749554273
0.7378874801285117
0.5332219713996107
0.44105553258304225
0.7346163793894996
0.6182313557779903
0.573079791304824
0.9705551324428031
1.0888150335577382
0.6822787675653066
0.6467979318649468
0.42749101645401
0.7280741779114754
0.6296579862127729
0.6582245622997294
0.5214990831921951
0.6382279590388598
0.44880668465677503
0.4198797727787936
0.537911126682577
0.8904598943475649
0.5871472571537227
0.6986342712603668
0.75097188308456
0.6439412742562511
0.7248030771724634
0.537911126682577
0.6696511927345119
0.8763254405660524
0.6125180405605989
0.410393027149916
0.5660460583803746
0.6125180405605989
0.7964015266991256
0.5848026795122396
0.5590123254559252
0.6757365660872824
0.5660460583803746
0.573079791304824
0.6822787675653066
0.7215319764334513
0.6410846166475554
0.9187288019105903
0.6268013286040772
0.7964015266991256
0.6010914101258165
0.7576278982989413
0.6467979318649468
0.8041562523791626
0.41671752423583447
0.8904598943475649
0.75097188308456
0.621088013386686
0.6182313557779903
0.7346163793894996
0.75097188308456
0.9705551324428031
0.6822787675653066
0.46430898880424043
0.5871472571537227
0.573079791304824
0.6268013286040772
0.4507444726752082
0.8763254405660524
0.994112555411991
2.9031477763122475
0.5519785925314757
0.9705551324428031
0.705176472738391
0.9705551324428031
0.6268013286040772
0.5925214372997294
0.54025570432406
0.8574795021907021
1.2440152803041076
0.7215319764334513
0.8196657037392363
0.6239446709953815
0.6525112470823381
1.6221198795801473
1.6813849300300738
0.8235430665792546
0.5777689465877902
0.6153746981692947
0.575424368946307
0.7808920753390519
0.5871472571537227
0.7964015266991256
0.6153746981692947
0.5925214372997294
0.6239446709953815
0.4565578367305077
0.6010914101258165
0.603948067734512
0.5637014807388914
0.603948067734512
0.6610812199084249
0.6553679046910337
0.6268013286040772
0.6953631705213549
0.8196657037392363
0.5543231701729588
0.503064749172904
1.1956819469707742
0.5613569030974083
0.6268013286040772
0.6010914101258165
0.6096613829519033
1.4532632606242133
0.54025570432406
0.6496545894736424
0.5074316173432963
0.6822787675653066
0.6667945351258162
0.5896647796910338
1.100355342305594
0.6268013286040772
0.4040685300639976
0.6239446709953815
0.6353713014301642
0.5074316173432963
0.7378874801285117
0.7847694381790703
0.8235430665792546
0.4056496543354772
0.5896647796910338
0.6553679046910337
0.6182313557779903
0.6296579862127729
0.6467979318649468
0.6010914101258165
0.5472894372485095
0.7248030771724634
1.2371105183993456
0.6610812199084249
1.1292061141752339
0.6353713014301642
1.1887771850660125
0.5543231701729588
0.6410846166475554
0.5848026795122396
0.8002788895391441
0.8857484097537273
0.6296579862127729
0.603948067734512
0.54025570432406
0.6125180405605989
0.6467979318649468
0.7477007823455478
0.6610812199084249
0.5896647796910338
0.5238436608336781
0.7149897749554273
0.5097761949847794
0.5707352136633408
0.5543231701729588
0.8080336152191809
0.6496545894736424
0.621088013386686
0.6496545894736424
0.4449311086199086
0.5332219713996107
0.7280741779114754
0.5896647796910338
0.9328632556921028
0.6582245622997294
0.6353713014301642
1.0484239529402428
0.7084475734774032
0.575424368946307
0.6382279590388598
0.6696511927345119
0.6986342712603668
0.6725078503432076
0.4604334127673741
0.40723077860695683
0.5683906360218578
0.6153746981692947
0.6325146438214686
0.6696511927345119
0.5896647796910338
0.5637014807388914
0.6496545894736424
0.603948067734512
0.573079791304824
0.5801135242292733
0.573079791304824
0.5777689465877902
0.88103692515989
0.6496545894736424
0.6268013286040772
0.6353713014301642
0.5925214372997294
0.6239446709953815
0.5982347525171207
0.6496545894736424
0.6496545894736424
1.100355342305594
0.5543231701729588
0.6496545894736424
0.6096613829519033
0.537911126682577
0.5637014807388914
0.5566677478144421
0.573079791304824
0.6822787675653066
0.5896647796910338
0.5543231701729588
0.8196657037392363
0.6582245622997294
0.6696511927345119
1.0311134898184589
1.271634327923155
0.5801135242292733
0.4798112929517059
0.5896647796910338
0.5332219713996107
0.5925214372997294
1.264729566018393
0.6268013286040772
0.6953631705213549
0.7149897749554273
0.5637014807388914
0.6725078503432076
0.6239446709953815
0.5801135242292733
0.6410846166475554
0.9093058327229152
0.603948067734512
0.9469977094736155
0.5683906360218578
0.5121207726262624
0.5925214372997294
0.35189142910517085
0.951709194067453
0.5896647796910338
0.6822787675653066
0.6986342712603668
0.6822787675653066
0.4040685300639976
0.6268013286040772
1.7805829372482955
0.7576278982989413
0.6667945351258162
0.37244604463440567
0.621088013386686
0.6725078503432076
1.1522867316709455
0.6496545894736424
0.5332219713996107
0.5824581018707564
0.9140173173167527
0.6096613829519033
0.6582245622997294
0.5801135242292733
0.6757365660872824
0.5896647796910338
0.6757365660872824
0.6639378775171205
3.002615546862218
1.5430998123135782
1.0888150335577382
0.537911126682577
0.6325146438214686
0.5777689465877902
0.6382279590388598
0.6920920697823428
0.3850950388062424
1.21639623268506
0.5777689465877902
0.6553679046910337
0.7847694381790703
0.8621909867845396
0.5871472571537227
0.6182313557779903
0.603948067734512
0.42942880447244325
0.6790076668262944
1.46079862549556
0.5953780949084251
0.773137349659015
0.6553679046910337
1.1292061141752339
0.8904598943475649
0.6353713014301642
0.8312977922592915
0.621088013386686
0.603948067734512
0.7084475734774032
0.6125180405605989
0.7182608756944393
0.6325146438214686
0.6439412742562511
0.6553679046910337
0.9611321632551282
0.6757365660872824
0.6496545894736424
0.6725078503432076
0.6125180405605989
0.5848026795122396
0.5896647796910338
0.575424368946307
1.019573181070603
0.5637014807388914
0.6296579862127729
0.6153746981692947
0.8196657037392363
1.0541941073141707
0.6010914101258165
0.5824581018707564
0.9045943481290776
0.75097188308456
0.8763254405660524
0.8480565330030271
0.6986342712603668
0.5590123254559252
0.6855498683043186
0.7692599868189965
1.3061581374469646
0.40723077860695683
0.705176472738391
0.6296579862127729
0.5683906360218578
0.8857484097537273
0.5332219713996107
0.5472894372485095
0.773137349659015
0.7346163793894996
0.9140173173167527
0.9611321632551282
0.6953631705213549
0.7808920753390519
0.6953631705213549
0.994112555411991
0.6096613829519033
0.5801135242292733
0.5355665490410938
0.6757365660872824
0.4662467768226736
0.5144653502677456
0.7248030771724634
0.5683906360218578
0.6353713014301642
0.5590123254559252
0.701905371999379
0.6757365660872824
0.6582245622997294
0.5801135242292733
0.6855498683043186
0.6582245622997294
0.7346163793894996
0.4720601408779732
1.0945851879316664
0.4429933206014755
0.6582245622997294
0.5426002819655432
0.6610812199084249
0.621088013386686
0.7215319764334513
0.5660460583803746
0.6667945351258162
1.4532632606242133
0.6439412742562511
0.6888209690433307
0.8312977922592915
0.5824581018707564
0.6553679046910337
0.6582245622997294
0.7886468010190887
0.6553679046910337
0.7215319764334513
0.6268013286040772
0.7886468010190887
1.0484239529402428
0.7215319764334513
0.5683906360218578
0.6325146438214686
0.701905371999379
0.5824581018707564
0.5896647796910338
0.7847694381790703
1.0715045704359543
0.6096613829519033
0.5982347525171207
0.575424368946307
0.603948067734512
0.5168099279092286
0.7411585808675237
0.7770147124990335
0.6153746981692947
0.7378874801285117
0.5953780949084251
1.285443851732679
0.5707352136633408
0.6353713014301642
0.6296579862127729
0.5871472571537227
0.6410846166475554
0.8119109780591993
0.5982347525171207
0.7925241638591073
0.6382279590388598
0.5925214372997294
0.75097188308456
0.7346163793894996
0.4895002330438718
0.5121207726262624
0.7280741779114754
1.3130628993517266
0.5896647796910338
0.6353713014301642
0.6639378775171205
0.4798112929517059
0.6496545894736424
0.5543231701729588
0.42749101645401
0.8480565330030271
0.6888209690433307
0.5472894372485095
0.5590123254559252
0.537911126682577
0.7925241638591073
0.5261882384751613
0.5543231701729588
0.5355665490410938
0.7084475734774032
1.11189565105345
0.4333043805093096
0.54025570432406
0.6553679046910337
0.6268013286040772
0.6125180405605989
0.8080336152191809
0.7084475734774032
0.6125180405605989
0.7182608756944393
1.1753673491666572
0.43524216852774267
0.6353713014301642
0.5953780949084251
0.6920920697823428
0.5824581018707564
0.7280741779114754
0.5332219713996107
0.5660460583803746
1.0888150335577382
0.6920920697823428
0.6757365660872824
0.7248030771724634
0.3566348019196096
0.7149897749554273
0.5519785925314757
1.0830448791838103
0.8763254405660524
0.5848026795122396
0.7084475734774032
0.8119109780591993
1.9368894338268206
0.5824581018707564
0.6822787675653066
0.4216776523987104
0.6855498683043186
0.6639378775171205
0.5896647796910338
0.3914195358921609
0.6296579862127729
0.5637014807388914
1.123435959801306
1.7521635742340185
0.5097761949847794
0.6010914101258165
0.3756082931773649
0.6725078503432076
0.9564206786612905
0.6239446709953815
0.503064749172904
0.6667945351258162
0.7248030771724634
0.8002788895391441
0.41513639996435486
0.6467979318649468
0.6582245622997294
0.6496545894736424
0.7117186742164151
0.6153746981692947
0.49725138511760447
0.37718941744884443
0.8433450484091896
0.7117186742164151
0.6920920697823428
