0.5783316535767353
0.6916177626867788
0.7062629520642275
0.5864311720358044
0.6701221320842082
0.8095745758577102
0.6296595118029351
0.7026016547198654
0.8895251190115704
0.7062629520642275
0.6916177626867788
1.1930727359267712
0.6842951679980543
0.7538598175409363
0.6701221320842082
0.9692407588219966
1.935048130847586
0.6545595858221801
0.5864311720358044
1.0278796875822065
1.6168961136805982
0.5405339007677465
0.6203219840457183
0.7355533308191252
0.7465372228522118
0.7749477101860683
0.8009178594397998
0.6576720950745858
0.7062629520642275
0.731892033474763
0.6607846043269914
0.56753229563131
0.9841874412864515
0.6078719470360958
0.8268880086935311
0.6265470025505294
0.4965783150404576
0.6545595858221801
0.5486334192268156
0.5540330981995283
0.543233740254103
0.5621326166585973
0.543233740254103
0.663897113579397
0.614096965540907
0.5810314930630918
0.94931184886939
0.6203219840457183
0.8895251190115704
0.5648324561449537
0.6016469285312845
1.2586904212323626
1.2513995673095193
1.2805629830008933
1.1595308243693854
0.8596317540826606
0.5459335797404592
0.9692407588219966
0.7355533308191252
0.623434493298124
0.5351342217950339
0.4987520033320058
0.589196891521662
0.6483345673173688
0.4617993023756864
0.5567329376858846
0.575631814090379
0.6670096228318027
1.046686992837518
0.6203219840457183
0.5648324561449537
0.8139029340666654
0.5243348638496085
0.9941518962627549
1.004116351239058
0.5135355059041831
0.6421095488125576
0.6452220580649632
0.551333258713172
0.56753229563131
0.5923094007740676
0.6483345673173688
0.6733112759649678
0.559432777172241
0.5378340612813902
0.6172094747933127
0.6047594377836901
0.7619626355592025
0.5621326166585973
1.0592251963410588
0.7965895012308445
0.750198520196574
0.583731332549448
0.5405339007677465
0.6016469285312845
0.589196891521662
0.663897113579397
0.6806338706536921
0.5243348638496085
0.6989403573755031
0.6172094747933127
0.5486334192268156
0.638997039560152
0.6514470765697745
0.6989403573755031
0.6514470765697745
1.1930727359267712
0.6203219840457183
0.5648324561449537
0.5540330981995283
0.5297345428223211
0.5567329376858846
0.5297345428223211
0.4248466014193669
0.5864311720358044
0.638997039560152
0.4291939780024634
0.9244007114286318
0.5954219100264733
0.6016469285312845
0.8646139815708122
0.500925691623554
0.49223093845736116
1.3315989604607978
0.6733112759649678
0.6358845303077463
0.6769725733093298
0.8496672991063572
0.6047594377836901
1.5410876629763728
0.7792760683950235
0.5702321351176663
0.6670096228318027
0.5189351848768958
1.004116351239058
0.6358845303077463
0.583731332549448
0.4026588886066039
0.5567329376858846
1.1857818820039276
1.2586904212323626
0.6483345673173688
0.575631814090379
0.614096965540907
0.7428759255078496
1.065494298092829
0.7465372228522118
0.6607846043269914
0.5864311720358044
0.5702321351176663
0.559432777172241
0.6670096228318027
1.0404178910857473
0.6545595858221801
0.5540330981995283
0.5729319746040227
1.2951446908465802
0.5729319746040227
0.5810314930630918
0.5378340612813902
0.7922611430218892
0.7026016547198654
0.5135355059041831
0.6327720210553407
0.5702321351176663
0.6358845303077463
0.7172468440973141
0.551333258713172
0.6078719470360958
0.56753229563131
0.8496672991063572
0.6358845303077463
0.5783316535767353
0.6265470025505294
0.6016469285312845
0.6607846043269914
0.5459335797404592
0.5324343823086776
0.7172468440973141
0.5540330981995283
0.8052462176487548
0.5378340612813902
0.575631814090379
0.6769725733093298
0.7392146281634874
0.731892033474763
0.5729319746040227
1.2076544437724583
0.8052462176487548
0.5567329376858846
0.8745784365471154
0.5985344192788788
0.6047594377836901
0.4097950786787295
0.6265470025505294
0.614096965540907
0.5729319746040227
0.5243348638496085
0.6047594377836901
0.638997039560152
0.5486334192268156
0.5405339007677465
0.5216350243632522
0.614096965540907
0.5459335797404592
1.4711641592985452
0.48570987358271656
0.5729319746040227
0.5810314930630918
0.623434493298124
0.543233740254103
0.614096965540907
0.8355447251114416
0.551333258713172
0.551333258713172
0.7135855467529519
0.8052462176487548
0.5270347033359649
0.5648324561449537
0.5216350243632522
0.5567329376858846
0.8268880086935311
0.5270347033359649
0.6421095488125576
2.0236832968409115
0.6514470765697745
1.8759580201853694
0.7135855467529519
0.6670096228318027
0.7026016547198654
0.6203219840457183
0.6483345673173688
0.9094540289641769
0.5954219100264733
0.5486334192268156
0.7172468440973141
0.5923094007740676
0.5135355059041831
0.7965895012308445
0.6265470025505294
0.5985344192788788
0.5621326166585973
0.551333258713172
0.7355533308191252
0.5923094007740676
0.4965783150404576
0.9393473938930869
0.8646139815708122
0.575631814090379
0.6047594377836901
0.5783316535767353
0.7355533308191252
0.5351342217950339
0.4770151204165239
0.623434493298124
0.7209081414416765
1.140723519114074
0.7836044266039787
0.6358845303077463
0.9393473938930869
0.6701221320842082
0.45745192579259
0.6078719470360958
0.94931184886939
0.6047594377836901
0.5954219100264733
0.6109844562885014
0.5648324561449537
0.5729319746040227
0.750198520196574
0.6109844562885014
0.8225596504845758
0.6452220580649632
1.2368178594638324
0.5729319746040227
0.6576720950745858
0.551333258713172
0.879560664035267
0.6514470765697745
0.6701221320842082
0.9841874412864515
0.6265470025505294
0.7662909937681578
0.6514470765697745
0.6265470025505294
0.5864311720358044
0.5243348638496085
0.8745784365471154
1.1930727359267712
0.6078719470360958
0.6879564653424165
0.4062269836426667
0.8945073464997219
0.5783316535767353
0.7465372228522118
0.6109844562885014
0.6989403573755031
0.663897113579397
0.5540330981995283
1.065494298092829
0.44875717262639714
0.5378340612813902
0.6842951679980543
0.589196891521662
1.4295304959322086
1.8759580201853694
0.7465372228522118
0.663897113579397
0.9393473938930869
0.6203219840457183
0.575631814090379
0.787932784812934
0.5864311720358044
0.4444097960433008
0.7135855467529519
0.5486334192268156
0.6016469285312845
0.5324343823086776
0.5702321351176663
0.583731332549448
0.7576342773502474
0.6327720210553407
0.45745192579259
0.6916177626867788
0.6916177626867788
0.6701221320842082
0.56753229563131
0.7965895012308445
0.6607846043269914
0.6296595118029351
1.034148789333977
0.543233740254103
0.6514470765697745
0.6016469285312845
0.9891696687746032
0.6989403573755031
0.7749477101860683
0.5864311720358044
0.6452220580649632
0.5567329376858846
0.9094540289641769
0.5297345428223211
0.7965895012308445
0.5351342217950339
0.7172468440973141
0.6358845303077463
0.9742229863101483
0.7282307361304008
0.6203219840457183
0.49005725016581303
0.46397299066723463
0.5351342217950339
0.7619626355592025
0.9194184839404801
0.9443296213812385
0.5540330981995283
0.5378340612813902
0.6421095488125576
0.9542940763575417
0.879560664035267
0.56753229563131
0.6172094747933127
0.6514470765697745
0.6733112759649678
0.6806338706536921
0.7026016547198654
0.5135355059041831
0.5297345428223211
0.6701221320842082
0.6916177626867788
0.6607846043269914
0.6701221320842082
1.0968398068516814
0.6358845303077463
0.5540330981995283
0.7282307361304008
0.6806338706536921
0.56753229563131
0.7282307361304008
0.6576720950745858
0.8225596504845758
0.6670096228318027
0.6842951679980543
0.56753229563131
0.5985344192788788
0.5864311720358044
0.750198520196574
0.5540330981995283
0.40444293612463533
0.5783316535767353
0.6203219840457183
0.9293829389167835
1.0843016033481405
0.6483345673173688
0.6047594377836901
0.7209081414416765
1.0968398068516814
0.9742229863101483
0.5810314930630918
0.5540330981995283
0.6452220580649632
0.49005725016581303
0.6806338706536921
0.575631814090379
0.5783316535767353
0.5729319746040227
0.6842951679980543
0.5297345428223211
0.6421095488125576
0.9941518962627549
0.5621326166585973
0.6733112759649678
0.7662909937681578
1.200363589849615
0.7062629520642275
0.6806338706536921
0.6701221320842082
0.6576720950745858
0.6421095488125576
0.6576720950745858
1.2368178594638324
0.6047594377836901
0.8745784365471154
0.5405339007677465
0.6607846043269914
0.4097950786787295
0.6265470025505294
0.4378887311686561
0.5810314930630918
0.638997039560152
0.5621326166585973
0.8695962090589637
0.500925691623554
0.56753229563131
0.56753229563131
0.7209081414416765
0.5810314930630918
0.575631814090379
0.6806338706536921
0.7172468440973141
0.7965895012308445
0.623434493298124
0.5108356664178269
0.5702321351176663
0.614096965540907
0.5864311720358044
0.9244007114286318
0.787932784812934
0.5810314930630918
0.5405339007677465
0.5621326166585973
0.8646139815708122
0.5216350243632522
0.5324343823086776
0.5783316535767353
0.614096965540907
0.8945073464997219
0.543233740254103
0.5783316535767353
0.5864311720358044
0.6203219840457183
0.8446850716182056
1.7282327435298273
0.6769725733093298
0.9542940763575417
1.034148789333977
0.5783316535767353
0.8009178594397998
1.5600397756524291
0.559432777172241
1.6263721700186262
0.5324343823086776
0.663897113579397
0.5621326166585973
0.6576720950745858
0.6916177626867788
0.575631814090379
0.6265470025505294
0.7392146281634874
0.6733112759649678
0.5985344192788788
0.446583484334849
0.7355533308191252
0.7662909937681578
0.6733112759649678
0.6769725733093298
0.5162353453905395
1.5410876629763728
0.5783316535767353
0.623434493298124
0.5216350243632522
0.5351342217950339
0.5864311720358044
0.7135855467529519
1.8020953818575987
0.589196891521662
0.5621326166585973
0.6576720950745858
0.7062629520642275
0.5621326166585973
0.6989403573755031
0.7576342773502474
0.47049405554187923
0.6879564653424165
0.5486334192268156
0.5108356664178269
0.7062629520642275
0.6989403573755031
1.1031089086034518
0.5783316535767353
0.8139029340666654
0.7282307361304008
0.6047594377836901
0.6327720210553407
0.5351342217950339
0.5405339007677465
0.7355533308191252
1.683915160533165
0.623434493298124
0.42702028971091516
2.614584403463078
0.5351342217950339
0.5405339007677465
0.7538598175409363
1.3170172526151107
0.8496672991063572
0.6769725733093298
1.1930727359267712
0.6265470025505294
0.6452220580649632
0.446583484334849
0.4596256140841382
0.8182312922756206
0.6172094747933127
0.551333258713172
0.575631814090379
0.6327720210553407
1.1281853156105335
0.7172468440973141
0.45745192579259
0.6452220580649632
0.638997039560152
