0.5735544363405921
0.5982093285465665
0.5268610372042565
1.0839710908300357
0.6102408020801859
0.8749816873065626
0.7677588488648573
0.6222722756138054
0.6583666962146636
0.5346432703936458
1.4234497780579176
2.205117003218973
0.5865248249895744
0.6222722756138054
0.628288012380615
1.3189537619613703
0.37507068782456654
0.9813092008526191
0.6433273542976394
0.6842621041363133
0.3095246352433861
1.900485696621302
0.7487065485807579
0.5450195813128316
0.6553588278312589
0.6493430910644491
1.018127674459929
0.5553958922320172
0.5216728817446638
0.28121766789232583
0.2713102293194547
0.5242669594744601
1.1198856815773666
0.40845067529062046
0.5657722031512029
0.3803412121613119
0.35925911481433054
0.6312958807640199
0.831835039341048
0.680681857222733
0.6012171969299713
0.5216728817446638
0.7236448201856962
0.680681857222733
0.7487065485807579
0.3399338589129309
0.5952014601631617
0.7797731345791432
0.7451263016671777
0.6433273542976394
0.6771016103091527
0.4505631654742669
0.6222722756138054
0.8901713320988565
0.5605840476916101
0.6842621041363133
0.5631781254214066
0.6343037491474248
0.5657722031512029
0.6222722756138054
0.6403194859142345
0.7597493250553335
0.5015843990435287
0.5787425918001851
0.5242669594744601
0.40318015095387505
0.5605840476916101
0.7957921821981907
0.5320491926638494
0.40493699239945685
0.5553958922320172
0.5657722031512029
0.8078064679124763
0.6583666962146636
0.6102408020801859
0.6042250653133763
0.7164843263585355
0.7677588488648573
0.5242669594744601
0.5683662808809994
0.6673903013648783
0.6132486704635909
0.7637540869600955
0.5450195813128316
0.6643824329814734
0.6222722756138054
0.5553958922320172
0.6403194859142345
0.7487065485807579
0.5320491926638494
0.5061084153658851
0.5346432703936458
0.40845067529062046
0.4378078570819515
0.6162565388469957
0.5398314258532386
0.36452963915107583
0.5787425918001851
0.6192644072304004
0.5982093285465665
0.5502077367724244
0.6072329336967812
0.5528018145022209
0.7717636107696193
0.6463352226810444
0.5502077367724244
0.9661195560603253
0.5528018145022209
0.5320491926638494
0.7558670424079186
0.9357402664757377
0.6042250653133763
0.6735213633955724
0.5268610372042565
0.4569408196704246
0.6703981697482831
0.5761485140703886
0.7129040794449554
1.006625275506442
0.542425503583035
0.6583666962146636
0.6102408020801859
0.5631781254214066
0.7415460547535975
0.7522867954943382
0.355745431923167
0.6373116175308298
0.3698001634878212
0.5320491926638494
0.5921935917797567
0.7236448201856962
0.9357402664757377
0.3926391022803844
0.2783869711572198
0.8851081171680919
0.5502077367724244
0.5921935917797567
1.187059416109121
6.691860840564538
0.5268610372042565
0.7308053140128566
0.7236448201856962
0.7487065485807579
0.9813092008526191
0.7957921821981907
0.5891857233963519
0.9053609768911501
0.6985830917906343
0.6463352226810444
0.7129040794449554
0.6914225979634737
0.9661195560603253
0.9914356307141483
1.1737575676983631
0.5037102837755812
0.2911251064651969
0.5982093285465665
0.36452963915107583
0.628288012380615
0.695002844877054
0.6072329336967812
0.5921935917797567
0.9813092008526191
0.7164843263585355
0.5709603586107957
0.5709603586107957
1.1498145072001424
0.5735544363405921
0.5605840476916101
0.652350959447854
0.7797731345791432
0.5450195813128316
0.6673903013648783
0.5952014601631617
0.6735213633955724
1.0360849698335943
0.6583666962146636
0.5813366695299814
0.28404836462743177
0.6553588278312589
0.45906670440247715
0.695002844877054
0.7021633387042145
0.5735544363405921
0.652350959447854
0.6463352226810444
0.5839307472597779
0.6493430910644491
0.5735544363405921
0.38736857794363905
0.5735544363405921
0.5709603586107957
0.7093238325313751
0.5398314258532386
0.5631781254214066
0.5346432703936458
0.6842621041363133
0.6343037491474248
0.33075486075668126
0.5657722031512029
0.495206744847371
0.547613659042628
0.5372373481234421
0.511296570825478
1.3979572565868086
0.8118112298172383
0.547613659042628
0.6735213633955724
0.8158159917220003
0.5346432703936458
0.6042250653133763
0.37507068782456654
0.6072329336967812
0.5839307472597779
0.7522867954943382
0.6132486704635909
0.5683662808809994
0.6192644072304004
0.5190788040148673
1.0839710908300357
0.8358398012458098
0.652350959447854
0.6192644072304004
0.9408034814065025
0.6072329336967812
0.28263301625987886
0.6553588278312589
0.7837778964839051
0.6132486704635909
0.5372373481234421
0.7558670424079186
0.6343037491474248
0.542425503583035
0.628288012380615
0.5268610372042565
0.5891857233963519
0.5865248249895744
1.0121419093353738
2.6548108367679166
0.3399338589129309
1.4149522709008813
0.6433273542976394
0.5839307472597779
0.5346432703936458
0.5839307472597779
0.5450195813128316
0.5346432703936458
0.6914225979634737
0.6703981697482831
0.4994585143114761
0.7717636107696193
0.6985830917906343
0.5605840476916101
0.5865248249895744
0.5657722031512029
1.187059416109121
0.5502077367724244
0.35750227336874874
0.6343037491474248
0.8038017060077145
0.5242669594744601
1.089956855954591
0.5605840476916101
0.5865248249895744
0.4994585143114761
0.5528018145022209
0.6433273542976394
0.5320491926638494
1.0600280303318153
0.7717636107696193
0.7917874202934287
0.5450195813128316
0.5450195813128316
0.3908822608348026
0.5528018145022209
0.7522867954943382
0.7677588488648573
0.6403194859142345
0.7164843263585355
0.6583666962146636
0.6703981697482831
0.5450195813128316
0.7379658078400172
0.5921935917797567
0.7757683726743813
0.5268610372042565
1.4149522709008813
0.8118112298172383
0.6252801439972102
0.6842621041363133
0.5813366695299814
0.3662864805966577
0.36452963915107583
0.47394789752684524
0.930677051544973
0.7558670424079186
1.457439806686063
0.6192644072304004
0.5528018145022209
0.5268610372042565
0.7236448201856962
0.5952014601631617
0.7757683726743813
0.5839307472597779
0.4314302028857938
0.5346432703936458
0.6343037491474248
1.0959426210791459
0.6703981697482831
0.5709603586107957
0.7093238325313751
0.5952014601631617
0.9104241918219148
0.5528018145022209
0.680681857222733
0.5450195813128316
0.680681857222733
0.6343037491474248
0.6072329336967812
0.7487065485807579
0.5015843990435287
0.7236448201856962
0.5138906485552744
0.5982093285465665
0.6985830917906343
0.6403194859142345
1.0660137954563704
0.6433273542976394
0.5657722031512029
0.6312958807640199
0.4781996669909504
0.7200645732721159
0.7415460547535975
0.5631781254214066
0.5683662808809994
0.6583666962146636
0.5320491926638494
0.7415460547535975
0.7451263016671777
0.9154874067526795
1.1438287420755873
0.7957921821981907
0.5761485140703886
0.4909549753832658
0.40845067529062046
0.7236448201856962
0.5398314258532386
0.6042250653133763
0.9104241918219148
0.5865248249895744
0.5839307472597779
0.36804332204223944
0.8648552574450336
0.5735544363405921
0.6842621041363133
0.6012171969299713
1.2078848391384236
1.4149522709008813
0.628288012380615
0.2713102293194547
0.5372373481234421
0.5735544363405921
0.7272250670992764
0.5952014601631617
0.28121766789232583
0.6842621041363133
0.3979096266171298
0.8952345470296209
0.3662864805966577
0.5865248249895744
0.4548149349383721
0.5761485140703886
0.680681857222733
0.7837778964839051
0.6252801439972102
0.8648552574450336
0.5683662808809994
0.3820980536068937
0.5657722031512029
0.920550621683444
0.6192644072304004
0.7164843263585355
0.6132486704635909
0.5528018145022209
0.8648552574450336
0.6403194859142345
0.5579899699618136
0.8749816873065626
0.5346432703936458
0.27414092605456075
0.8952345470296209
0.5502077367724244
1.137842976951032
0.6878423510498936
0.5605840476916101
0.511296570825478
0.7129040794449554
0.5709603586107957
0.6042250653133763
0.6072329336967812
0.5657722031512029
0.5528018145022209
0.6914225979634737
0.5320491926638494
0.2911251064651969
0.6403194859142345
0.495206744847371
0.6842621041363133
0.5865248249895744
0.5528018145022209
0.6192644072304004
0.6433273542976394
0.542425503583035
0.6583666962146636
0.5242669594744601
0.7129040794449554
0.5952014601631617
0.8597920425142688
0.6102408020801859
0.5761485140703886
0.5631781254214066
0.3364201760217673
2.205117003218973
0.5553958922320172
0.5865248249895744
0.7308053140128566
0.8901713320988565
0.6222722756138054
0.8496656126527395
0.9154874067526795
0.7129040794449554
0.33075486075668126
0.8038017060077145
0.5735544363405921
0.6703981697482831
0.37858437071573015
0.7717636107696193
2.3646857828653722
0.7093238325313751
0.6673903013648783
0.5015843990435287
0.8648552574450336
0.831835039341048
0.39615278517154795
0.542425503583035
0.5605840476916101
0.7415460547535975
0.6433273542976394
0.5216728817446638
1.0121419093353738
0.6162565388469957
0.5952014601631617
0.6403194859142345
0.4696961280627401
0.5891857233963519
1.6182470816370864
0.5087024930956815
0.5735544363405921
0.5735544363405921
0.5839307472597779
0.5761485140703886
0.547613659042628
0.5242669594744601
0.827830277436286
0.7129040794449554
1.465937313843099
0.7164843263585355
0.547613659042628
0.5952014601631617
0.7957921821981907
0.5553958922320172
0.6102408020801859
0.787782658388667
0.6132486704635909
1.05404226520726
0.5891857233963519
0.6132486704635909
0.6192644072304004
1.5539292296376828
0.6312958807640199
1.131857211826477
0.3610159562599123
0.5709603586107957
0.6403194859142345
0.9711827709910901
0.7129040794449554
0.8358398012458098
0.7837778964839051
0.7487065485807579
0.628288012380615
0.5865248249895744
0.8398445631505718
0.5398314258532386
0.4994585143114761
0.8238255155315242
0.6703981697482831
0.529455114934053
0.44205962654605657
0.6373116175308298
0.5952014601631617
0.5015843990435287
0.5553958922320172
0.695002844877054
0.5579899699618136
0.6012171969299713
1.2634193005498968
0.6252801439972102
0.5921935917797567
0.30527859014072706
0.5372373481234421
0.5735544363405921
0.4930808601153184
0.6553588278312589
0.6072329336967812
0.6012171969299713
0.6433273542976394
0.5982093285465665
0.3399338589129309
1.187059416109121
0.5761485140703886
0.6403194859142345
0.6132486704635909
0.6012171969299713
0.6102408020801859
0.8496656126527395
0.5528018145022209
1.7119044115846482
0.8851081171680919
0.652350959447854
0.5952014601631617
0.5346432703936458
1.1079141513282564
0.5528018145022209
0.3166013770811511
0.8496656126527395
0.6643824329814734
0.6985830917906343
0.6102408020801859
0.4066938338450386
0.5921935917797567
1.842460685840793
