0.7589591319364166
0.7930594867260768
0.9264158031588661
0.7216412631324008
0.9977950089788115
2.228334410528246
1.1156784496303245
2.545066835205434
0.8703321414431948
1.2600573757060538
0.7253461089473788
0.699412188242533
0.9926964942773868
0.8356849302131524
0.9723024354716882
0.6808879591676432
0.6882976507975992
0.8907262002488934
1.2234284558454265
0.6606361755629216
0.9111202590545922
0.6223944173211634
0.763221676285124
0.8907262002488934
0.9213172884574413
0.5765964783194246
0.6255812305079765
0.6319548568816029
0.9519083766659894
1.0585107759143122
0.6882976507975992
0.5847986889826235
1.3040120795388066
0.6920024966125772
0.7512800296522246
0.9774009501731128
0.8754306561446193
1.1601421958538896
0.5793305485404909
0.5937130986398447
0.7512800296522246
0.7930594867260768
1.3040120795388066
1.0140470296907476
0.4267694777661001
0.7290509547623568
0.5656601974351593
0.6882976507975992
1.0394548846756417
0.801584575423492
0.7512800296522246
0.7142315715024449
0.7717467649825391
0.7973220310747844
1.0585107759143122
0.7327558005773348
0.6845928049826212
1.1347343408689952
2.499819345965836
0.9060217443531674
1.0775666671529829
0.6920024966125772
0.9111202590545922
1.230754239817552
0.6319548568816029
0.7512800296522246
1.340640999399434
0.6808879591676432
0.7589591319364166
0.7973220310747844
0.6957073424275552
0.710526725687467
0.8356849302131524
1.3333152154273085
1.4478061807796347
0.6510757360024821
1.0140470296907476
0.7930594867260768
0.6638229887497349
0.7401654922072907
0.9366128325617156
1.311337863510932
1.0140470296907476
0.5383194952244961
0.6351416700684162
0.4944160787001946
1.7155295324794655
1.1410863046152184
0.6351416700684162
0.6734782675376874
0.6128339777607238
0.763221676285124
0.6478889228156689
0.9060217443531674
0.49659822711742346
0.9009232296517427
0.38437034521036284
0.7973220310747844
1.0966225583916538
0.6160207909475369
0.8958247149503181
1.052158812168089
0.8652336267417701
3.1634491881466107
0.6957073424275552
0.7216412631324008
0.7142315715024449
1.5642307578008914
0.8228972971670298
0.9774009501731128
0.6701966151233612
0.6319548568816029
0.5937130986398447
0.6192076041343502
0.8958247149503181
0.710526725687467
0.7179364173174229
0.6957073424275552
1.033102920929418
0.6383284832552293
0.8754306561446193
0.7327558005773348
0.7327558005773348
0.7802718536799542
1.0267509571831948
0.8356849302131524
0.6383284832552293
0.7512800296522246
0.8958247149503181
0.7401654922072907
1.6542307578008915
0.667009801936548
1.4063367527717452
0.7216412631324008
1.1156784496303245
0.7290509547623568
0.7887969423773693
0.6771831133526653
0.7973220310747844
0.7401654922072907
0.8754306561446193
0.48786963344850803
0.7973220310747844
0.7549848754672026
0.7253461089473788
0.7142315715024449
0.7142315715024449
0.8856276855474687
0.7031170340575111
0.6882976507975992
0.7475751838372466
4.961801572652999
0.8805291708460441
0.5574579867719603
0.7973220310747844
1.1156784496303245
0.8448395679360714
1.3333152154273085
0.42895162618332894
1.3897489815685897
1.6042307578008914
0.7253461089473788
0.6478889228156689
0.42240518093164237
0.9774009501731128
0.7031170340575111
0.5847986889826235
0.763221676285124
0.5437876356666288
9.215871329626612
0.6734782675376874
0.7031170340575111
0.6383284832552293
0.667009801936548
0.49659822711742346
0.7216412631324008
1.4146306383733234
0.7845343980286619
5.198353754625637
0.6845928049826212
1.020398993436971
0.7031170340575111
0.6882976507975992
1.489275608787524
0.9672039207702634
0.6542625491892952
0.801584575423492
0.7216412631324008
0.7802718536799542
0.7760093093312468
0.8652336267417701
0.6415152964420424
1.1283823771227715
1.6642307578008915
0.6287680436947898
0.7887969423773693
0.8958247149503181
0.6771831133526653
0.801584575423492
0.42240518093164237
0.9519083766659894
0.8271598415157373
0.7475751838372466
1.0585107759143122
0.7760093093312468
1.2527315917339283
0.801584575423492
0.9774009501731128
0.706821879872489
0.6845928049826212
1.0585107759143122
0.6383284832552293
0.706821879872489
0.6920024966125772
1.033102920929418
2.499819345965836
0.6882976507975992
0.7674842206338317
1.3186636474830575
1.3482795535607004
0.6510757360024821
0.4059114337909391
0.8448395679360714
0.8058471197721996
0.9824994648745375
0.7717467649825391
0.7674842206338317
0.8703321414431948
0.8143722084696147
0.7253461089473788
0.8601351120403453
0.6845928049826212
0.9315143178602908
0.6638229887497349
0.7290509547623568
0.7549848754672026
1.2527315917339283
0.8703321414431948
0.7512800296522246
2.3188293890074423
0.7973220310747844
3.2388616702126076
0.9977950089788115
0.7717467649825391
0.5937130986398447
0.7930594867260768
0.699412188242533
1.4063367527717452
0.7364606463923128
0.8550365973389206
0.6255812305079765
0.7179364173174229
0.6383284832552293
1.1601421958538896
0.7179364173174229
1.007992038381661
0.9875979795759622
0.7031170340575111
0.7760093093312468
0.6542625491892952
1.7758595181322632
0.7475751838372466
0.6845928049826212
0.7674842206338317
0.7674842206338317
0.6542625491892952
0.9315143178602908
0.7802718536799542
2.12275693563585
0.6447021096288558
1.2747089436503047
0.667009801936548
0.5191810036770319
0.699412188242533
1.1601421958538896
0.8186347528183222
0.9774009501731128
0.7475751838372466
0.4900517818657369
0.554723916550894
0.9824994648745375
0.8314223858644447
0.6415152964420424
1.0775666671529829
0.8907262002488934
0.6734782675376874
0.7216412631324008
1.1794737520126737
0.5905262854530315
0.763221676285124
0.7475751838372466
1.0140470296907476
0.6882976507975992
3.0427892168410153
0.8652336267417701
0.8958247149503181
0.6542625491892952
1.0140470296907476
0.8856276855474687
0.7216412631324008
0.8652336267417701
0.3825752544953148
0.8314223858644447
1.1283823771227715
0.6096471645739105
0.8652336267417701
0.6383284832552293
0.8754306561446193
0.6319548568816029
2.3188293890074423
0.801584575423492
0.6351416700684162
0.849938082637496
0.6734782675376874
0.9926964942773868
1.4146306383733234
2.1076744392226505
1.311337863510932
0.8754306561446193
1.1664941596001128
0.9009232296517427
0.7717467649825391
0.6845928049826212
0.6415152964420424
0.7327558005773348
0.6510757360024821
0.7549848754672026
0.7845343980286619
0.9417113472631401
0.7031170340575111
1.0585107759143122
1.0775666671529829
0.6638229887497349
0.6383284832552293
0.7142315715024449
0.7327558005773348
1.0902705946454303
0.7438703380222687
0.7327558005773348
0.6223944173211634
0.6255812305079765
0.7438703380222687
0.7216412631324008
0.8271598415157373
0.6510757360024821
3.3444391451050035
0.6192076041343502
0.8550365973389206
0.7973220310747844
0.8314223858644447
0.6510757360024821
1.2747089436503047
0.6064603513870975
0.8186347528183222
0.6255812305079765
1.0140470296907476
0.6096471645739105
0.6701966151233612
0.6319548568816029
0.6957073424275552
2.499819345965836
0.6319548568816029
0.9723024354716882
0.8356849302131524
0.6447021096288558
1.5842307578008914
0.8058471197721996
0.9111202590545922
0.7401654922072907
1.2454058077618029
1.4643939519827904
0.8314223858644447
2.1378394320490495
0.3807801637802668
0.8356849302131524
0.6542625491892952
0.7364606463923128
0.6128339777607238
0.706821879872489
1.2820347276224302
0.801584575423492
0.9774009501731128
0.7290509547623568
0.849938082637496
1.2454058077618029
0.8448395679360714
0.9977950089788115
1.7909420145454626
4.109013025083657
0.8805291708460441
0.7512800296522246
1.5442307578008911
1.340640999399434
0.9366128325617156
1.033102920929418
0.8186347528183222
0.5328513547823635
1.0458068484218652
0.7216412631324008
0.6351416700684162
0.3915507080705549
0.6478889228156689
1.230754239817552
0.6638229887497349
1.0458068484218652
0.6920024966125772
0.6032735382002843
1.4063367527717452
1.3186636474830575
1.0140470296907476
0.706821879872489
0.4551374071900752
0.8271598415157373
0.6223944173211634
0.7253461089473788
1.2234284558454265
0.7674842206338317
0.710526725687467
0.7179364173174229
5.428045522085644
0.6734782675376874
0.8186347528183222
0.706821879872489
0.6096471645739105
0.5492557761087614
0.9315143178602908
0.49223393028296575
0.7216412631324008
1.1410863046152184
0.8448395679360714
0.7674842206338317
0.8550365973389206
0.849938082637496
0.5847986889826235
0.801584575423492
0.8271598415157373
0.6223944173211634
0.40232125236084304
0.8958247149503181
0.5246491441191645
0.8186347528183222
1.6853645396530665
0.7674842206338317
0.7290509547623568
1.020398993436971
1.064862739660536
1.6542307578008915
2.65064431009783
0.7512800296522246
0.6920024966125772
1.0902705946454303
0.7364606463923128
0.7717467649825391
0.7142315715024449
0.6415152964420424
0.8356849302131524
0.801584575423492
0.8601351120403453
1.052158812168089
1.2966862955666811
1.5342307578008911
