665.0
712.0
725.0
685.0
853.0
744.0
694.0
816.0
767.0
717.0
720.0
698.0
690.0
676.0
702.0
732.0
666.0
687.0
765.0
834.0
743.0
687.0
740.0
678.0
673.0
640.0
773.0
806.0
757.0
739.0
677.0
714.0
713.0
742.0
651.0
701.0
650.0
682.0
750.0
712.0
701.0
719.0
744.0
782.0
681.0
741.0
698.0
684.0
834.0
661.0
718.0
741.0
691.0
648.0
674.0
716.0
690.0
717.0
766.0
734.0
698.0
789.0
699.0
673.0
714.0
722.0
711.0
701.0
661.0
699.0
658.0
689.0
626.0
712.0
702.0
675.0
764.0
621.0
770.0
936.0
709.0
735.0
734.0
717.0
682.0
701.0
746.0
709.0
724.0
680.0
696.0
698.0
656.0
713.0
699.0
753.0
666.0
705.0
662.0
717.0
740.0
677.0
730.0
727.0
759.0
707.0
706.0
710.0
867.0
659.0
694.0
724.0
699.0
798.0
733.0
690.0
660.0
698.0
672.0
703.0
718.0
679.0
667.0
663.0
643.0
694.0
683.0
668.0
797.0
702.0
674.0
669.0
670.0
829.0
708.0
714.0
622.0
693.0
749.0
710.0
720.0
734.0
736.0
694.0
664.0
619.0
691.0
669.0
758.0
693.0
770.0
690.0
664.0
661.0
667.0
861.0
734.0
677.0
693.0
759.0
678.0
809.0
708.0
706.0
778.0
719.0
698.0
696.0
698.0
727.0
722.0
618.0
679.0
714.0
616.0
724.0
659.0
691.0
722.0
682.0
738.0
714.0
723.0
645.0
739.0
715.0
769.0
683.0
682.0
733.0
727.0
740.0
742.0
751.0
663.0
736.0
695.0
681.0
666.0
748.0
705.0
672.0
696.0
758.0
692.0
708.0
690.0
690.0
689.0
728.0
676.0
776.0
650.0
711.0
654.0
741.0
657.0
684.0
708.0
666.0
781.0
680.0
687.0
674.0
711.0
677.0
687.0
618.0
672.0
739.0
673.0
686.0
737.0
669.0
674.0
710.0
684.0
695.0
707.0
730.0
682.0
682.0
700.0
686.0
682.0
657.0
626.0
687.0
792.0
795.0
708.0
770.0
708.0
738.0
762.0
685.0
735.0
678.0
663.0
695.0
753.0
690.0
681.0
729.0
668.0
784.0
697.0
714.0
762.0
850.0
802.0
688.0
742.0
748.0
729.0
779.0
678.0
773.0
712.0
672.0
666.0
742.0
697.0
645.0
709.0
685.0
785.0
688.0
745.0
689.0
711.0
774.0
672.0
832.0
813.0
691.0
710.0
771.0
634.0
656.0
689.0
706.0
755.0
710.0
677.0
739.0
677.0
685.0
703.0
712.0
682.0
682.0
694.0
685.0
714.0
694.0
776.0
717.0
771.0
897.0
755.0
693.0
672.0
773.0
688.0
736.0
672.0
678.0
761.0
682.0
686.0
717.0
686.0
697.0
829.0
654.0
700.0
770.0
721.0
803.0
729.0
672.0
657.0
669.0
708.0
658.0
746.0
667.0
681.0
683.0
716.0
946.0
728.0
662.0
738.0
683.0
660.0
731.0
694.0
676.0
743.0
680.0
744.0
655.0
658.0
697.0
722.0
693.0
674.0
694.0
692.0
797.0
733.0
744.0
727.0
688.0
695.0
663.0
787.0
785.0
657.0
782.0
755.0
678.0
777.0
698.0
717.0
724.0
762.0
674.0
669.0
746.0
715.0
694.0
695.0
722.0
692.0
725.0
686.0
697.0
827.0
861.0
678.0
690.0
850.0
660.0
705.0
680.0
922.0
737.0
717.0
659.0
727.0
681.0
699.0
692.0
653.0
765.0
712.0
710.0
665.0
697.0
696.0
734.0
677.0
760.0
714.0
705.0
697.0
689.0
727.0
738.0
682.0
650.0
766.0
686.0
677.0
677.0
733.0
702.0
666.0
681.0
677.0
689.0
693.0
681.0
712.0
699.0
668.0
698.0
762.0
669.0
687.0
678.0
681.0
694.0
683.0
721.0
719.0
712.0
673.0
681.0
761.0
661.0
657.0
754.0
706.0
699.0
693.0
679.0
654.0
718.0
704.0
690.0
786.0
766.0
703.0
702.0
745.0
682.0
674.0
721.0
738.0
734.0
720.0
706.0
697.0
787.0
714.0
737.0
727.0
754.0
673.0
742.0
700.0
650.0
798.0
673.0
700.0
692.0
716.0
741.0
710.0
680.0
