751.0
708.0
730.0
758.0
709.0
683.0
713.0
681.0
748.0
669.0
688.0
749.0
717.0
812.0
709.0
723.0
677.0
640.0
758.0
675.0
727.0
743.0
686.0
883.0
589.0
651.0
820.0
709.0
700.0
763.0
645.0
729.0
705.0
682.0
660.0
771.0
661.0
690.0
714.0
590.0
692.0
676.0
738.0
697.0
755.0
736.0
714.0
596.0
607.0
763.0
744.0
697.0
691.0
845.0
693.0
685.0
774.0
630.0
690.0
715.0
777.0
684.0
689.0
779.0
673.0
700.0
775.0
725.0
618.0
788.0
725.0
649.0
660.0
712.0
711.0
693.0
776.0
660.0
654.0
698.0
708.0
725.0
853.0
689.0
668.0
813.0
733.0
598.0
688.0
682.0
786.0
769.0
726.0
853.0
702.0
737.0
732.0
711.0
680.0
705.0
712.0
731.0
667.0
669.0
749.0
938.0
781.0
683.0
709.0
716.0
765.0
688.0
605.0
718.0
812.0
670.0
712.0
597.0
759.0
777.0
648.0
888.0
657.0
692.0
779.0
731.0
670.0
693.0
652.0
692.0
716.0
674.0
744.0
740.0
680.0
676.0
658.0
692.0
687.0
747.0
698.0
694.0
976.0
692.0
651.0
752.0
860.0
822.0
742.0
709.0
594.0
694.0
693.0
699.0
595.0
738.0
673.0
675.0
759.0
792.0
742.0
677.0
677.0
690.0
708.0
699.0
724.0
704.0
608.0
673.0
685.0
682.0
1013.0
668.0
749.0
733.0
773.0
762.0
693.0
767.0
592.0
675.0
687.0
608.0
676.0
723.0
741.0
685.0
686.0
731.0
731.0
698.0
704.0
709.0
693.0
694.0
606.0
701.0
710.0
684.0
712.0
800.0
714.0
716.0
687.0
673.0
742.0
682.0
694.0
771.0
780.0
678.0
689.0
680.0
772.0
746.0
685.0
685.0
706.0
734.0
725.0
694.0
718.0
653.0
689.0
702.0
826.0
701.0
757.0
746.0
701.0
687.0
708.0
677.0
744.0
674.0
692.0
680.0
836.0
666.0
687.0
681.0
689.0
680.0
602.0
731.0
588.0
677.0
679.0
790.0
697.0
694.0
695.0
772.0
744.0
669.0
844.0
718.0
637.0
674.0
787.0
593.0
814.0
690.0
665.0
688.0
708.0
718.0
765.0
795.0
717.0
690.0
682.0
739.0
674.0
763.0
724.0
676.0
675.0
790.0
667.0
659.0
729.0
692.0
699.0
702.0
734.0
722.0
711.0
701.0
698.0
661.0
657.0
703.0
629.0
709.0
723.0
677.0
649.0
826.0
672.0
706.0
656.0
725.0
607.0
673.0
765.0
694.0
709.0
599.0
604.0
777.0
685.0
681.0
713.0
679.0
709.0
836.0
700.0
710.0
680.0
688.0
829.0
735.0
586.0
677.0
847.0
655.0
708.0
666.0
688.0
716.0
685.0
704.0
705.0
670.0
676.0
771.0
740.0
690.0
939.0
733.0
714.0
735.0
825.0
702.0
658.0
685.0
727.0
692.0
685.0
703.0
666.0
690.0
729.0
594.0
763.0
680.0
736.0
676.0
677.0
586.0
589.0
682.0
647.0
745.0
698.0
738.0
706.0
697.0
756.0
698.0
701.0
813.0
590.0
716.0
686.0
865.0
833.0
680.0
833.0
713.0
826.0
722.0
691.0
750.0
691.0
707.0
708.0
691.0
693.0
697.0
647.0
676.0
841.0
811.0
692.0
686.0
677.0
617.0
733.0
792.0
724.0
764.0
714.0
680.0
679.0
757.0
749.0
679.0
680.0
706.0
729.0
708.0
701.0
733.0
693.0
676.0
725.0
679.0
759.0
667.0
695.0
658.0
703.0
694.0
701.0
671.0
727.0
668.0
745.0
675.0
704.0
706.0
796.0
738.0
645.0
590.0
660.0
709.0
703.0
733.0
811.0
690.0
678.0
769.0
842.0
628.0
693.0
706.0
685.0
726.0
768.0
677.0
765.0
667.0
722.0
736.0
660.0
778.0
710.0
690.0
703.0
677.0
683.0
673.0
694.0
751.0
782.0
709.0
668.0
704.0
750.0
637.0
705.0
747.0
730.0
685.0
687.0
750.0
678.0
688.0
693.0
776.0
663.0
707.0
777.0
613.0
705.0
835.0
810.0
840.0
717.0
717.0
676.0
725.0
692.0
679.0
739.0
731.0
720.0
683.0
674.0
710.0
614.0
962.0
686.0
661.0
723.0
676.0
685.0
812.0
684.0
827.0
