734.0
731.0
715.0
694.0
786.0
728.0
752.0
757.0
713.0
773.0
871.0
666.0
697.0
811.0
718.0
675.0
854.0
715.0
699.0
676.0
677.0
647.0
831.0
668.0
689.0
729.0
791.0
744.0
826.0
669.0
695.0
737.0
687.0
706.0
658.0
692.0
761.0
705.0
726.0
751.0
699.0
739.0
668.0
674.0
690.0
692.0
641.0
718.0
678.0
673.0
874.0
720.0
802.0
681.0
686.0
686.0
929.0
782.0
703.0
838.0
733.0
741.0
828.0
803.0
725.0
715.0
726.0
792.0
708.0
702.0
700.0
772.0
829.0
690.0
742.0
729.0
747.0
744.0
708.0
709.0
726.0
674.0
712.0
710.0
706.0
675.0
689.0
661.0
1088.0
757.0
728.0
719.0
739.0
697.0
815.0
732.0
735.0
692.0
633.0
703.0
685.0
783.0
611.0
720.0
712.0
706.0
759.0
626.0
827.0
795.0
834.0
861.0
700.0
708.0
708.0
674.0
833.0
766.0
779.0
692.0
736.0
754.0
728.0
693.0
765.0
762.0
778.0
731.0
673.0
686.0
708.0
765.0
742.0
712.0
706.0
687.0
736.0
680.0
764.0
717.0
726.0
687.0
735.0
747.0
757.0
738.0
811.0
722.0
744.0
810.0
726.0
738.0
767.0
680.0
694.0
741.0
701.0
692.0
690.0
714.0
672.0
709.0
678.0
720.0
725.0
806.0
669.0
661.0
756.0
716.0
749.0
1008.0
725.0
717.0
650.0
677.0
678.0
721.0
744.0
709.0
696.0
740.0
813.0
720.0
668.0
753.0
677.0
738.0
694.0
717.0
685.0
690.0
694.0
674.0
706.0
643.0
720.0
710.0
670.0
746.0
769.0
754.0
624.0
776.0
660.0
730.0
686.0
744.0
690.0
712.0
714.0
730.0
678.0
721.0
749.0
836.0
688.0
710.0
736.0
752.0
735.0
730.0
764.0
683.0
733.0
750.0
685.0
733.0
725.0
726.0
717.0
687.0
718.0
712.0
747.0
714.0
791.0
737.0
729.0
694.0
682.0
778.0
661.0
680.0
733.0
861.0
696.0
763.0
696.0
717.0
696.0
737.0
763.0
680.0
714.0
683.0
738.0
734.0
631.0
688.0
811.0
716.0
613.0
771.0
685.0
743.0
741.0
721.0
698.0
680.0
694.0
697.0
650.0
688.0
731.0
699.0
731.0
685.0
715.0
713.0
736.0
702.0
695.0
691.0
679.0
714.0
774.0
725.0
717.0
797.0
722.0
734.0
847.0
704.0
669.0
723.0
700.0
667.0
705.0
702.0
708.0
687.0
690.0
746.0
663.0
666.0
719.0
752.0
812.0
832.0
769.0
720.0
722.0
727.0
672.0
713.0
731.0
715.0
748.0
693.0
677.0
689.0
735.0
694.0
729.0
666.0
699.0
709.0
612.0
666.0
747.0
750.0
732.0
901.0
690.0
710.0
769.0
1009.0
754.0
708.0
770.0
693.0
703.0
743.0
720.0
660.0
752.0
628.0
690.0
731.0
709.0
802.0
683.0
735.0
658.0
725.0
805.0
810.0
685.0
694.0
845.0
645.0
706.0
654.0
665.0
810.0
724.0
668.0
755.0
770.0
765.0
613.0
744.0
697.0
697.0
684.0
907.0
694.0
728.0
686.0
747.0
714.0
741.0
750.0
756.0
804.0
690.0
672.0
672.0
653.0
681.0
715.0
890.0
948.0
673.0
652.0
836.0
686.0
761.0
687.0
698.0
669.0
680.0
714.0
697.0
709.0
848.0
673.0
802.0
682.0
685.0
716.0
705.0
658.0
606.0
705.0
682.0
709.0
682.0
672.0
766.0
687.0
660.0
693.0
690.0
648.0
712.0
734.0
717.0
862.0
705.0
823.0
683.0
727.0
689.0
692.0
713.0
693.0
685.0
846.0
714.0
789.0
738.0
708.0
762.0
619.0
694.0
720.0
778.0
706.0
705.0
704.0
720.0
684.0
701.0
669.0
685.0
691.0
683.0
700.0
760.0
706.0
685.0
703.0
733.0
666.0
618.0
717.0
730.0
773.0
681.0
755.0
690.0
720.0
709.0
733.0
724.0
714.0
772.0
705.0
608.0
779.0
654.0
825.0
668.0
706.0
770.0
698.0
741.0
621.0
681.0
783.0
825.0
732.0
706.0
658.0
735.0
745.0
688.0
702.0
780.0
764.0
850.0
703.0
