657.0
677.0
686.0
722.0
751.0
666.0
700.0
672.0
688.0
642.0
670.0
688.0
681.0
758.0
769.0
688.0
673.0
658.0
623.0
740.0
720.0
984.0
677.0
693.0
689.0
688.0
692.0
677.0
714.0
656.0
640.0
653.0
691.0
778.0
826.0
682.0
665.0
800.0
626.0
778.0
687.0
670.0
684.0
669.0
647.0
648.0
692.0
706.0
665.0
676.0
633.0
659.0
651.0
756.0
663.0
629.0
663.0
791.0
666.0
786.0
670.0
753.0
713.0
676.0
705.0
658.0
717.0
659.0
781.0
718.0
780.0
777.0
680.0
667.0
721.0
650.0
590.0
672.0
669.0
700.0
648.0
627.0
685.0
693.0
644.0
674.0
599.0
681.0
660.0
687.0
716.0
785.0
676.0
737.0
660.0
690.0
680.0
674.0
741.0
669.0
640.0
692.0
606.0
669.0
637.0
594.0
736.0
677.0
761.0
730.0
641.0
715.0
656.0
663.0
707.0
653.0
729.0
661.0
666.0
680.0
656.0
682.0
699.0
793.0
672.0
691.0
714.0
727.0
651.0
705.0
705.0
682.0
766.0
663.0
654.0
690.0
776.0
692.0
690.0
638.0
662.0
665.0
677.0
710.0
650.0
640.0
666.0
633.0
660.0
752.0
819.0
654.0
660.0
705.0
705.0
649.0
633.0
738.0
658.0
686.0
696.0
742.0
718.0
634.0
685.0
673.0
702.0
629.0
620.0
651.0
659.0
718.0
668.0
731.0
759.0
753.0
811.0
733.0
627.0
698.0
676.0
773.0
727.0
699.0
691.0
665.0
796.0
708.0
744.0
781.0
633.0
654.0
763.0
648.0
739.0
656.0
688.0
666.0
654.0
668.0
686.0
719.0
693.0
674.0
672.0
648.0
684.0
669.0
648.0
641.0
706.0
644.0
674.0
667.0
672.0
688.0
660.0
685.0
672.0
762.0
698.0
695.0
698.0
594.0
642.0
656.0
628.0
624.0
693.0
705.0
676.0
740.0
666.0
673.0
687.0
829.0
656.0
660.0
697.0
706.0
647.0
702.0
664.0
744.0
755.0
650.0
637.0
599.0
688.0
668.0
702.0
670.0
682.0
669.0
661.0
672.0
687.0
687.0
665.0
715.0
709.0
649.0
708.0
678.0
665.0
666.0
647.0
768.0
740.0
642.0
682.0
730.0
842.0
808.0
777.0
826.0
647.0
699.0
747.0
682.0
644.0
648.0
677.0
638.0
648.0
661.0
638.0
672.0
680.0
722.0
653.0
646.0
664.0
677.0
669.0
733.0
671.0
738.0
772.0
697.0
679.0
738.0
636.0
713.0
648.0
686.0
694.0
635.0
652.0
795.0
666.0
670.0
650.0
834.0
614.0
604.0
743.0
685.0
808.0
590.0
724.0
695.0
662.0
792.0
682.0
664.0
686.0
634.0
642.0
771.0
680.0
686.0
744.0
654.0
679.0
716.0
812.0
635.0
730.0
753.0
658.0
682.0
680.0
684.0
644.0
801.0
821.0
941.0
658.0
686.0
666.0
692.0
670.0
706.0
688.0
722.0
682.0
631.0
731.0
834.0
669.0
692.0
651.0
680.0
654.0
695.0
669.0
707.0
590.0
655.0
647.0
673.0
692.0
599.0
682.0
644.0
700.0
661.0
758.0
679.0
673.0
812.0
674.0
647.0
679.0
664.0
674.0
676.0
763.0
704.0
674.0
718.0
604.0
631.0
606.0
681.0
654.0
737.0
628.0
733.0
724.0
816.0
650.0
650.0
662.0
656.0
670.0
663.0
683.0
710.0
699.0
683.0
714.0
800.0
692.0
645.0
792.0
654.0
666.0
599.0
726.0
658.0
653.0
736.0
681.0
657.0
672.0
635.0
677.0
666.0
650.0
832.0
649.0
702.0
685.0
660.0
640.0
744.0
674.0
720.0
644.0
645.0
654.0
648.0
654.0
667.0
673.0
691.0
674.0
689.0
697.0
717.0
714.0
682.0
782.0
674.0
634.0
716.0
649.0
678.0
661.0
664.0
725.0
702.0
1145.0
693.0
682.0
705.0
654.0
708.0
654.0
747.0
687.0
726.0
714.0
652.0
646.0
656.0
625.0
663.0
650.0
677.0
692.0
674.0
666.0
739.0
642.0
651.0
745.0
653.0
633.0
694.0
855.0
658.0
725.0
791.0
899.0
822.0
706.0
