675.0
720.0
756.0
672.0
722.0
666.0
802.0
693.0
682.0
695.0
861.0
709.0
734.0
781.0
636.0
688.0
686.0
658.0
677.0
874.0
681.0
749.0
716.0
665.0
731.0
690.0
663.0
676.0
763.0
765.0
712.0
714.0
776.0
684.0
690.0
674.0
790.0
660.0
669.0
631.0
720.0
667.0
672.0
692.0
702.0
674.0
754.0
690.0
730.0
797.0
593.0
695.0
706.0
705.0
840.0
730.0
651.0
730.0
707.0
740.0
706.0
683.0
869.0
709.0
853.0
722.0
867.0
788.0
689.0
685.0
748.0
815.0
686.0
733.0
684.0
898.0
716.0
820.0
981.0
727.0
672.0
725.0
705.0
631.0
808.0
675.0
743.0
699.0
655.0
682.0
714.0
691.0
680.0
811.0
698.0
766.0
656.0
918.0
896.0
692.0
672.0
839.0
769.0
661.0
700.0
724.0
670.0
682.0
681.0
722.0
801.0
731.0
730.0
615.0
776.0
696.0
695.0
786.0
692.0
695.0
715.0
693.0
744.0
695.0
754.0
666.0
785.0
747.0
756.0
736.0
602.0
677.0
705.0
703.0
682.0
644.0
713.0
680.0
686.0
674.0
698.0
680.0
712.0
686.0
699.0
709.0
629.0
608.0
728.0
660.0
694.0
706.0
702.0
672.0
756.0
714.0
700.0
728.0
745.0
651.0
681.0
707.0
722.0
692.0
681.0
720.0
710.0
701.0
752.0
682.0
692.0
766.0
589.0
791.0
744.0
693.0
946.0
699.0
717.0
735.0
720.0
669.0
645.0
757.0
666.0
680.0
692.0
793.0
759.0
640.0
682.0
705.0
708.0
674.0
679.0
749.0
630.0
625.0
653.0
825.0
691.0
766.0
674.0
734.0
691.0
762.0
666.0
678.0
687.0
850.0
858.0
686.0
725.0
779.0
701.0
790.0
740.0
723.0
839.0
734.0
705.0
687.0
688.0
733.0
758.0
767.0
690.0
663.0
732.0
731.0
696.0
787.0
796.0
650.0
655.0
722.0
712.0
703.0
667.0
818.0
672.0
752.0
680.0
800.0
663.0
725.0
874.0
759.0
720.0
644.0
782.0
709.0
698.0
683.0
766.0
821.0
644.0
867.0
750.0
762.0
761.0
698.0
740.0
710.0
710.0
710.0
709.0
662.0
700.0
785.0
705.0
753.0
659.0
759.0
664.0
714.0
690.0
665.0
700.0
648.0
657.0
696.0
638.0
764.0
701.0
709.0
676.0
666.0
668.0
665.0
696.0
674.0
715.0
788.0
672.0
909.0
765.0
890.0
719.0
799.0
676.0
669.0
686.0
712.0
661.0
669.0
905.0
662.0
785.0
656.0
716.0
703.0
733.0
672.0
675.0
682.0
749.0
744.0
705.0
725.0
749.0
702.0
686.0
713.0
708.0
730.0
758.0
679.0
688.0
706.0
815.0
842.0
659.0
692.0
714.0
701.0
690.0
671.0
663.0
687.0
808.0
656.0
668.0
661.0
693.0
801.0
679.0
779.0
706.0
766.0
692.0
806.0
784.0
717.0
753.0
729.0
773.0
784.0
685.0
724.0
702.0
685.0
611.0
704.0
679.0
750.0
702.0
682.0
665.0
717.0
666.0
685.0
682.0
763.0
658.0
708.0
702.0
710.0
778.0
727.0
684.0
709.0
676.0
707.0
680.0
697.0
673.0
809.0
744.0
697.0
831.0
817.0
653.0
806.0
681.0
675.0
703.0
658.0
683.0
656.0
694.0
742.0
714.0
840.0
822.0
676.0
652.0
706.0
664.0
781.0
667.0
669.0
720.0
731.0
689.0
778.0
666.0
747.0
631.0
907.0
685.0
705.0
729.0
660.0
688.0
736.0
751.0
712.0
729.0
687.0
689.0
674.0
777.0
589.0
800.0
766.0
716.0
698.0
677.0
694.0
715.0
725.0
669.0
628.0
681.0
689.0
682.0
722.0
734.0
701.0
930.0
654.0
692.0
812.0
696.0
725.0
677.0
679.0
746.0
680.0
699.0
921.0
674.0
624.0
694.0
666.0
662.0
741.0
644.0
696.0
713.0
746.0
686.0
753.0
680.0
680.0
690.0
660.0
657.0
677.0
721.0
700.0
661.0
665.0
753.0
698.0
701.0
646.0
686.0
730.0
703.0
697.0
692.0
762.0
730.0
730.0
643.0
630.0
821.0
797.0
695.0
818.0
719.0
701.0
724.0
772.0
689.0
716.0
821.0
678.0
676.0
697.0
836.0
678.0
813.0
614.0
708.0
673.0
690.0
689.0
712.0
685.0
772.0
1314.0
688.0
626.0
868.0
689.0
750.0
