697.0
766.0
794.0
803.0
753.0
743.0
634.0
742.0
831.0
757.0
802.0
714.0
726.0
732.0
732.0
717.0
744.0
739.0
744.0
982.0
851.0
780.0
787.0
748.0
712.0
838.0
739.0
814.0
769.0
783.0
747.0
701.0
730.0
781.0
746.0
616.0
855.0
775.0
712.0
725.0
730.0
717.0
646.0
825.0
726.0
782.0
784.0
680.0
693.0
734.0
745.0
819.0
803.0
861.0
712.0
762.0
739.0
722.0
689.0
724.0
760.0
771.0
710.0
729.0
772.0
766.0
747.0
815.0
753.0
727.0
821.0
766.0
785.0
733.0
724.0
761.0
728.0
709.0
823.0
746.0
805.0
846.0
774.0
803.0
776.0
753.0
784.0
763.0
721.0
713.0
695.0
732.0
790.0
735.0
712.0
754.0
737.0
744.0
810.0
798.0
783.0
801.0
786.0
783.0
726.0
838.0
758.0
822.0
726.0
777.0
789.0
821.0
859.0
746.0
773.0
739.0
665.0
758.0
699.0
709.0
710.0
869.0
738.0
859.0
719.0
737.0
716.0
798.0
722.0
767.0
787.0
746.0
733.0
776.0
712.0
725.0
724.0
758.0
696.0
758.0
790.0
775.0
707.0
762.0
699.0
742.0
817.0
725.0
750.0
772.0
798.0
775.0
696.0
759.0
640.0
748.0
720.0
810.0
814.0
793.0
741.0
730.0
708.0
731.0
692.0
793.0
687.0
640.0
714.0
715.0
687.0
737.0
773.0
795.0
703.0
716.0
708.0
712.0
781.0
844.0
731.0
732.0
734.0
881.0
904.0
725.0
740.0
730.0
701.0
726.0
842.0
761.0
746.0
649.0
757.0
695.0
714.0
721.0
797.0
763.0
737.0
855.0
693.0
729.0
852.0
758.0
729.0
793.0
728.0
768.0
867.0
720.0
697.0
713.0
756.0
773.0
819.0
829.0
876.0
709.0
792.0
769.0
723.0
755.0
717.0
687.0
732.0
743.0
734.0
802.0
738.0
800.0
726.0
859.0
730.0
745.0
725.0
811.0
715.0
699.0
741.0
694.0
698.0
793.0
810.0
714.0
784.0
823.0
773.0
727.0
762.0
696.0
805.0
806.0
749.0
784.0
737.0
789.0
725.0
718.0
720.0
719.0
630.0
730.0
766.0
733.0
793.0
731.0
795.0
816.0
726.0
928.0
716.0
717.0
863.0
708.0
816.0
733.0
695.0
712.0
773.0
649.0
768.0
878.0
808.0
725.0
774.0
798.0
796.0
708.0
701.0
720.0
778.0
746.0
740.0
793.0
765.0
786.0
751.0
726.0
696.0
762.0
770.0
769.0
708.0
757.0
736.0
1011.0
805.0
744.0
723.0
747.0
749.0
782.0
925.0
801.0
714.0
805.0
716.0
721.0
754.0
923.0
714.0
766.0
699.0
758.0
757.0
793.0
712.0
697.0
743.0
706.0
825.0
751.0
862.0
703.0
772.0
706.0
778.0
916.0
752.0
734.0
710.0
741.0
700.0
754.0
793.0
718.0
869.0
912.0
742.0
709.0
810.0
625.0
695.0
724.0
852.0
673.0
720.0
819.0
786.0
969.0
741.0
719.0
740.0
822.0
682.0
731.0
738.0
715.0
765.0
820.0
748.0
815.0
909.0
753.0
806.0
713.0
766.0
859.0
787.0
817.0
718.0
707.0
708.0
834.0
737.0
733.0
726.0
778.0
626.0
742.0
725.0
1070.0
920.0
727.0
837.0
738.0
695.0
725.0
745.0
756.0
729.0
724.0
726.0
707.0
725.0
901.0
754.0
823.0
756.0
795.0
756.0
740.0
886.0
741.0
742.0
717.0
754.0
781.0
774.0
756.0
754.0
729.0
831.0
770.0
710.0
741.0
804.0
861.0
777.0
806.0
727.0
740.0
776.0
761.0
695.0
858.0
822.0
805.0
751.0
781.0
736.0
826.0
757.0
636.0
624.0
816.0
716.0
800.0
685.0
747.0
757.0
770.0
882.0
714.0
710.0
713.0
979.0
733.0
801.0
696.0
797.0
748.0
742.0
796.0
699.0
738.0
734.0
762.0
812.0
819.0
729.0
708.0
757.0
794.0
703.0
841.0
