1.3523515295776698
0.7319577436898581
0.6293016071762282
1.2195788902854603
0.9085889412082996
0.3841742996203432
0.8411354894752717
1.0671457929037025
0.98567860033176
0.7616221629863358
0.8941346301226506
0.8411354894752717
0.98567860033176
0.7775200835912507
1.7056057494179486
0.8700441116465693
0.5780826017085685
0.6413244806572862
0.773545603440022
0.6202844520654349
0.5591731019896253
0.8411354894752717
1.1945770322401243
0.7000291180254695
0.6172787336951704
0.6683759459896664
0.6503416357680797
0.6904505303261528
0.614273015324906
0.8796803190370018
0.7096077057247862
0.5780826017085685
2.101836609253049
0.5686278518490969
0.6776790800603973
0.6293016071762282
0.671381664359931
0.6232901704356995
1.8329656686506595
0.8796803190370018
0.98567860033176
0.5875373515680401
0.39523385250405546
0.6776790800603973
0.5828099766383045
0.7223791559905416
0.6776790800603973
0.7655966431375645
1.021330334953413
0.6232901704356995
0.7223791559905416
0.570991539313965
0.7287648811234194
0.6653702276194019
0.9423156670748135
0.8507716968657043
0.6683759459896664
1.2883339999101353
1.0614188606599164
0.715993430857664
0.5520820395950217
0.5804462891734365
0.4492899063731884
0.6776790800603973
0.6808719426268363
0.7616221629863358
1.7763612601027878
0.6262958888059639
0.4189328943977244
0.5780826017085685
0.7351506062562971
0.7032219805919084
0.6683759459896664
0.5932329867330547
0.6776790800603973
0.6262958888059639
0.6202844520654349
0.8748622153417857
0.6052558602141126
0.7383434688227359
2.5122185712251173
0.6353130439167572
0.6383187622870218
0.6683759459896664
0.6293016071762282
0.7775200835912507
0.7854690438937082
0.6563530725086085
0.6052558602141126
0.46984220353838885
0.6383187622870218
0.6563530725086085
0.6653702276194019
0.6593587908788731
1.2695826063761333
0.6262958888059639
0.6593587908788731
0.6503416357680797
0.6262958888059639
0.6904505303261528
0.7543077816549303
0.8331628057084531
1.118688183097778
0.6323073255464927
0.7447291939556137
0.7351506062562971
0.7096077057247862
0.6593587908788731
0.7096077057247862
0.614273015324906
0.715993430857664
1.2820835353988014
0.7695711232887933
0.8212393652547669
0.5992444234735835
0.7775200835912507
0.6653702276194019
0.5166267276220031
0.6172787336951704
0.9085889412082996
0.6808719426268363
0.6533473541383441
0.46573174410534873
0.7096077057247862
1.4973515295776696
0.7543077816549303
0.5902272683627903
0.6744862174939585
0.6840648051932752
1.7339079536918842
0.5780826017085685
0.4472346766566684
0.6653702276194019
0.8013669644986232
0.6840648051932752
0.7351506062562971
1.084326589635061
0.7255720185569805
0.9423156670748135
1.1587767088042813
0.6202844520654349
0.8507716968657043
0.46984220353838885
0.4842288115540291
0.9085889412082996
1.0156034027096268
0.6653702276194019
0.687257667759714
0.5544457270598896
0.7319577436898581
0.6936433928925918
0.7695711232887933
0.6022501418438481
0.671381664359931
0.6413244806572862
0.5733552267788328
1.2195788902854603
1.257081677353465
0.8893165264274344
0.6968362554590307
0.6968362554590307
0.6744862174939585
0.6653702276194019
0.5615367894544933
0.6744862174939585
0.5544457270598896
0.7655966431375645
0.9326794596843809
0.608261578584377
0.6503416357680797
0.687257667759714
0.5932329867330547
0.7511149190884915
0.6293016071762282
0.5828099766383045
0.7383434688227359
1.0614188606599164
1.7763612601027878
1.1759575055356397
1.1883265677287902
1.0614188606599164
0.9760423929413274
0.7479220565220526
0.6840648051932752
0.6563530725086085
0.7695711232887933
0.9230432522939483
0.789443524044937
1.0614188606599164
1.0900535218788472
0.715993430857664
0.7854690438937082
0.9423156670748135
0.6936433928925918
0.7032219805919084
1.8612678729245948
0.7854690438937082
0.7511149190884915
0.4094532776402568
1.2195788902854603
0.8604079042561368
0.7351506062562971
0.608261578584377
0.7479220565220526
0.5686278518490969
0.6653702276194019
0.5932329867330547
0.8844984227322181
0.7351506062562971
0.7191862934241027
0.7223791559905416
1.0327841994409852
0.44517944694014827
0.6473359173978152
0.5804462891734365
0.6232901704356995
0.6112672969546414
0.9278613559891647
1.4570737517998922
0.715993430857664
0.9374975633795973
0.6904505303261528
0.6968362554590307
0.7543077816549303
2.0027788942942735
0.6383187622870218
0.5048082902976636
0.4883392709870692
0.9374975633795973
0.5426272897355501
0.6968362554590307
0.46573174410534873
0.712800568291225
0.8893165264274344
0.6623645092491376
0.5902272683627903
0.6473359173978152
1.2633321418647991
0.6808719426268363
1.2883339999101353
0.5686278518490969
0.671381664359931
0.6936433928925918
1.0957804541226333
1.118688183097778
0.5757189142437006
1.0900535218788472
0.712800568291225
0.7032219805919084
0.8013669644986232
0.6744862174939585
2.399009754129374
0.8371372858596818
0.6808719426268363
0.9664061855508949
0.39365391637781083
0.5591731019896253
0.8411354894752717
0.8013669644986232
0.6744862174939585
0.7255720185569805
0.5006706492861894
0.46984220353838885
0.8371372858596818
0.7775200835912507
0.7415363313891749
0.608261578584377
0.6744862174939585
0.6936433928925918
0.6593587908788731
0.6503416357680797
0.7223791559905416
0.7255720185569805
0.9374975633795973
0.6353130439167572
0.5962387051033191
1.3195863224668058
0.6262958888059639
0.6936433928925918
0.7319577436898581
0.6503416357680797
0.3825943634940987
0.671381664359931
0.9808604966365436
0.9423156670748135
0.7383434688227359
0.7000291180254695
0.9423156670748135
0.7616221629863358
0.6112672969546414
0.8252138454059956
0.5804462891734365
0.7415363313891749
0.7191862934241027
0.7695711232887933
0.9182251485987322
0.6904505303261528
0.7032219805919084
0.5932329867330547
0.8844984227322181
0.570991539313965
0.7415363313891749
0.7479220565220526
0.8013669644986232
0.6533473541383441
0.5378999148058142
0.8053414446498519
0.6744862174939585
0.7255720185569805
1.021330334953413
0.6293016071762282
0.8331628057084531
0.7032219805919084
0.7415363313891749
0.7319577436898581
0.9904967040269762
1.7905123622397554
0.7032219805919084
1.0270572671971994
0.6503416357680797
1.5054070851332255
0.6840648051932752
0.5992444234735835
1.4490181962443365
1.3133358579554717
0.5932329867330547
0.7934180041961657
0.608261578584377
0.8796803190370018
0.6443301990275507
0.6968362554590307
0.6232901704356995
0.687257667759714
0.845953593170488
0.6776790800603973
0.7319577436898581
0.570991539313965
0.7616221629863358
0.7000291180254695
0.614273015324906
0.5962387051033191
0.8700441116465693
0.6353130439167572
0.8172648851035382
0.8893165264274344
0.4554555955227485
0.6473359173978152
0.6293016071762282
0.6503416357680797
0.7511149190884915
0.5828099766383045
1.0270572671971994
0.7000291180254695
0.7973924843473944
0.6533473541383441
0.41103321376650137
0.6936433928925918
0.9326794596843809
0.8796803190370018
0.6112672969546414
0.5260814774814747
0.5166267276220031
0.7223791559905416
0.7191862934241027
0.6413244806572862
0.608261578584377
0.6052558602141126
0.6840648051932752
0.715993430857664
0.5875373515680401
0.6172787336951704
0.6323073255464927
0.7223791559905416
1.344588180512142
0.9326794596843809
0.8013669644986232
0.6202844520654349
0.5804462891734365
0.7479220565220526
0.9953148077221924
0.3825943634940987
0.6443301990275507
0.8844984227322181
1.021330334953413
0.6653702276194019
0.7511149190884915
0.8252138454059956
0.6563530725086085
0.6353130439167572
1.2883339999101353
0.5780826017085685
0.6172787336951704
0.6653702276194019
0.6172787336951704
0.7511149190884915
0.8013669644986232
0.9085889412082996
0.98567860033176
2.667880694731764
0.5615367894544933
0.608261578584377
1.0900535218788472
0.7319577436898581
0.5992444234735835
0.7479220565220526
0.7511149190884915
0.5902272683627903
0.7191862934241027
0.5828099766383045
1.1945770322401243
1.344588180512142
0.3968137886303
0.8555898005609205
0.5449909772004179
0.6293016071762282
0.773545603440022
0.3873341718728324
0.8411354894752717
0.4842288115540291
0.6840648051932752
0.7000291180254695
0.7854690438937082
0.6443301990275507
0.5992444234735835
0.6473359173978152
1.0270572671971994
0.6413244806572862
0.5591731019896253
0.9953148077221924
0.6232901704356995
0.7000291180254695
0.6413244806572862
0.7223791559905416
0.6172787336951704
0.5757189142437006
0.46778697382186885
1.0001329114174087
1.2008274967514583
1.2320798193081286
0.6473359173978152
0.7854690438937082
0.6443301990275507
0.7383434688227359
0.614273015324906
0.712800568291225
0.6683759459896664
0.7000291180254695
0.6968362554590307
0.6683759459896664
1.1587767088042813
0.8172648851035382
0.6262958888059639
0.5804462891734365
0.98567860033176
0.7223791559905416
0.6172787336951704
0.9230432522939483
0.6353130439167572
0.7255720185569805
0.6262958888059639
0.6172787336951704
0.8291883255572243
0.6232901704356995
0.6776790800603973
0.8893165264274344
0.6653702276194019
0.5902272683627903
0.7775200835912507
0.5733552267788328
0.6383187622870218
0.789443524044937
1.338337716000808
4.0138091049710685
0.7255720185569805
1.1645036410480674
0.6022501418438481
0.8172648851035382
1.2133284257741264
0.7191862934241027
1.1645036410480674
1.4087404184665586
0.7511149190884915
0.687257667759714
0.8989527338178672
0.7191862934241027
0.7511149190884915
0.6022501418438481
0.7319577436898581
0.8252138454059956
0.6473359173978152
