0.6321940663180154
0.6629623590009422
0.6219379687570398
0.6595436598139504
2.3207304627132315
0.697562051733079
0.6697997573749259
0.6595436598139504
0.6697997573749259
0.642450163878991
0.6287753671310234
1.3443304744091102
0.753188343589218
0.6732255490460182
0.6321940663180154
0.760969280302189
0.6253566679440318
0.6253566679440318
0.5459204384819744
0.718421911179131
0.7392817706251832
0.6801788355280355
0.8948078626716582
1.0292325254769965
0.5459204384819744
0.5064985634819744
0.9452729091763086
0.7427584138661919
0.8897613580211932
0.6629623590009422
0.5827141884819743
0.7253751976611484
0.5879704384819744
0.697562051733079
0.6836554787690442
0.8002479518123085
0.6321940663180154
0.6356127655050072
0.7462350571072005
1.0412553989580542
0.6663810581879341
0.5117548134819744
1.3443304744091102
0.618519269570048
1.0232210887364674
0.6663810581879341
0.6629623590009422
0.5669454384819743
0.615100570383056
0.6356127655050072
1.101369766363344
0.6048444728220805
1.272847261489433
0.7045153382150964
0.9654589277781687
0.6356127655050072
0.618519269570048
0.5853423134819743
1.2371056550295945
1.5259283843787788
0.753188343589218
0.8443428161670079
0.5538048134819743
0.5774579384819744
0.7358051273841745
0.6287753671310234
0.6697997573749259
0.6595436598139504
0.7218985544201398
0.5774579384819744
0.7653335771366468
0.7253751976611484
0.8443428161670079
0.8264337328190547
0.7358051273841745
0.5695735634819744
0.6287753671310234
0.5853423134819743
0.5485485634819743
0.6663810581879341
0.6732255490460182
0.707991981456105
0.7696978739711046
0.6287753671310234
0.615100570383056
1.4585702654444297
0.6321940663180154
0.7497117003482092
0.5722016884819743
0.7427584138661919
0.6906087652510616
0.5564329384819744
0.7253751976611484
0.8089765454812239
0.9250868905744485
0.5980070744480968
1.0472668356985833
1.2085123698617237
0.8645288347688679
0.6116818711960642
0.6116818711960642
1.0773240194012281
0.6356127655050072
0.6732255490460182
0.5590610634819743
0.5117548134819744
0.6906087652510616
0.6906087652510616
1.0532782724391123
1.0713125826606993
1.0953583296228149
0.5669454384819743
1.1674955705091623
0.8443428161670079
0.8133408423156816
0.6836554787690442
0.8443428161670079
0.5827141884819743
0.6116818711960642
0.5275235634819744
0.9402264045258435
0.6595436598139504
0.791519358143393
0.5722016884819743
0.5853423134819743
0.6940854084920703
0.6871321220100529
1.2871439040733688
0.618519269570048
0.8046122486467663
0.5695735634819744
0.5980070744480968
0.995737955680959
0.697562051733079
0.6356127655050072
0.5564329384819744
0.7427584138661919
0.8594823301184028
0.8307980296535123
0.5485485634819743
1.0592897091796412
0.7497117003482092
1.083335456141757
0.5669454384819743
0.5853423134819743
0.6048444728220805
0.7653335771366468
1.0953583296228149
0.6219379687570398
0.8544358254679378
0.6219379687570398
0.6767021922870269
0.5879704384819744
0.6697997573749259
0.5774579384819744
1.5356904273271246
1.005830964981889
0.5248954384819743
0.5879704384819744
0.8177051391501393
0.591169676074113
1.279995582781401
0.7958836549778507
0.6871321220100529
1.0352439622175253
0.8133408423156816
1.0773240194012281
0.7871550613089353
1.0592897091796412
0.5669454384819743
0.5380360634819743
0.9452729091763086
0.5380360634819743
0.5459204384819744
0.6014257736350886
0.5564329384819744
0.618519269570048
0.5853423134819743
0.6629623590009422
0.707991981456105
0.5945883752611049
0.6082631720090723
0.8089765454812239
0.6663810581879341
0.7696978739711046
0.9250868905744485
0.995737955680959
0.6014257736350886
0.7218985544201398
0.6732255490460182
0.7149452679381224
0.645868863065983
0.7218985544201398
0.6048444728220805
0.822069435984597
0.5196391884819743
0.8177051391501393
0.8948078626716582
0.7566649868302266
0.7149452679381224
0.5800860634819743
0.6767021922870269
0.5695735634819744
0.6697997573749259
0.5748298134819744
0.6561249606269585
1.1314269500659886
0.6356127655050072
1.409532364569794
0.8998543673221233
0.5590610634819743
0.8264337328190547
0.5800860634819743
0.6697997573749259
1.0292325254769965
0.5722016884819743
1.2228090124456592
0.9402264045258435
0.7392817706251832
0.707991981456105
0.5590610634819743
0.5564329384819744
0.9149938812735183
0.5222673134819744
0.5695735634819744
0.6906087652510616
1.0292325254769965
0.5853423134819743
0.618519269570048
0.6287753671310234
0.6356127655050072
0.6906087652510616
0.5538048134819743
0.5774579384819744
0.5945883752611049
0.591169676074113
0.6697997573749259
0.6629623590009422
0.5380360634819743
0.7114686246971137
0.6356127655050072
0.8264337328190547
0.6595436598139504
0.645868863065983
0.7358051273841745
0.7871550613089353
0.6767021922870269
0.5800860634819743
0.6287753671310234
0.5459204384819744
0.6287753671310234
1.0352439622175253
0.9805984417295639
0.642450163878991
0.5406641884819744
0.5459204384819744
0.5590610634819743
0.6801788355280355
0.6595436598139504
1.0172096519959386
0.5327798134819743
0.591169676074113
0.6390314646919992
0.5980070744480968
0.995737955680959
1.0773240194012281
0.6082631720090723
0.6595436598139504
0.5945883752611049
0.9553659184772387
1.0472668356985833
0.6871321220100529
0.7740621708055623
0.5827141884819743
0.5695735634819744
0.5039710676568745
0.6732255490460182
0.6390314646919992
0.6663810581879341
0.6697997573749259
0.7740621708055623
0.5980070744480968
0.6287753671310234
0.6906087652510616
0.5853423134819743
0.5980070744480968
0.6048444728220805
0.618519269570048
1.0232210887364674
0.6356127655050072
0.6732255490460182
0.5301516884819744
0.7253751976611484
1.1494612602875751
1.6821799881662083
0.5380360634819743
0.6732255490460182
0.5327798134819743
0.615100570383056
0.5695735634819744
0.8177051391501393
0.5327798134819743
0.6253566679440318
1.201364048569756
0.615100570383056
0.5643173134819743
0.615100570383056
0.707991981456105
0.9856449463800289
0.6629623590009422
0.6082631720090723
0.5406641884819744
0.5695735634819744
0.9654589277781687
1.2871439040733688
0.718421911179131
0.645868863065983
1.0352439622175253
0.615100570383056
2.4513430597796684
0.7114686246971137
0.707991981456105
0.7253751976611484
0.7740621708055623
0.8046122486467663
0.5643173134819743
0.6663810581879341
0.7827907644744776
0.7149452679381224
1.0773240194012281
0.6219379687570398
1.3371821531171424
0.7358051273841745
0.5800860634819743
0.5827141884819743
0.8645288347688679
0.6663810581879341
0.6940854084920703
0.6732255490460182
0.8351623264879701
0.5327798134819743
0.6014257736350886
0.7497117003482092
0.697562051733079
0.7288518409021572
0.5748298134819744
0.5432923134819744
0.6116818711960642
0.6219379687570398
0.5669454384819743
0.6801788355280355
0.5485485634819743
0.6697997573749259
1.1494612602875751
0.7462350571072005
0.5643173134819743
0.7045153382150964
0.7323284841431659
1.3371821531171424
0.5879704384819744
0.645868863065983
0.6801788355280355
0.5774579384819744
0.753188343589218
0.6048444728220805
0.5616891884819744
0.6663810581879341
1.5161663414304327
0.7045153382150964
0.5800860634819743
0.6253566679440318
1.4749162324026412
0.5301516884819744
0.6116818711960642
0.5774579384819744
0.8133408423156816
0.9503194138267738
0.5695735634819744
0.5695735634819744
0.615100570383056
0.7958836549778507
0.5327798134819743
0.6527062614399666
0.5669454384819743
0.6663810581879341
0.5669454384819743
0.6253566679440318
1.1614841337686332
0.7114686246971137
0.8351623264879701
0.6732255490460182
0.618519269570048
0.642450163878991
0.7218985544201398
0.7427584138661919
0.6801788355280355
0.642450163878991
0.8307980296535123
0.5669454384819743
0.753188343589218
0.6906087652510616
0.5117548134819744
0.6836554787690442
0.5643173134819743
0.697562051733079
0.5980070744480968
0.5980070744480968
0.5196391884819743
0.6629623590009422
0.6287753671310234
0.5800860634819743
0.5538048134819743
0.7010386949740877
0.5643173134819743
0.7566649868302266
0.697562051733079
0.6801788355280355
0.5980070744480968
0.8948078626716582
0.6082631720090723
0.874621844069798
0.6595436598139504
0.7653335771366468
0.6767021922870269
0.6253566679440318
0.6390314646919992
0.618519269570048
1.005830964981889
0.6801788355280355
0.5380360634819743
0.5748298134819744
0.697562051733079
0.5643173134819743
0.7218985544201398
0.6287753671310234
0.8847148533707281
0.6287753671310234
0.8307980296535123
0.9755519370790988
0.5748298134819744
0.6116818711960642
0.6048444728220805
0.6801788355280355
1.201364048569756
0.6116818711960642
0.5590610634819743
0.6629623590009422
0.6732255490460182
1.1735070072496911
0.6732255490460182
0.5827141884819743
0.6219379687570398
1.5845006420688539
0.5354079384819744
0.6663810581879341
1.1942157272777882
0.8351623264879701
0.6014257736350886
0.7253751976611484
0.6082631720090723
0.5827141884819743
0.8998543673221233
0.6048444728220805
0.6253566679440318
0.5695735634819744
0.6048444728220805
0.6253566679440318
1.0532782724391123
0.6287753671310234
0.6253566679440318
0.8443428161670079
0.7045153382150964
0.6287753671310234
0.5538048134819743
0.591169676074113
0.8002479518123085
0.5196391884819743
0.7149452679381224
0.5879704384819744
0.8443428161670079
1.4830892158817472
1.279995582781401
1.6333108568105836
0.645868863065983
0.5669454384819743
0.6663810581879341
