673.0
663.0
622.0
776.0
677.0
667.0
700.0
634.0
714.0
661.0
660.0
655.0
700.0
666.0
680.0
636.0
679.0
681.0
666.0
706.0
686.0
690.0
772.0
682.0
657.0
804.0
710.0
720.0
657.0
769.0
854.0
777.0
663.0
678.0
690.0
846.0
682.0
751.0
677.0
715.0
650.0
703.0
697.0
736.0
831.0
710.0
714.0
636.0
681.0
706.0
657.0
788.0
649.0
844.0
648.0
621.0
709.0
672.0
677.0
658.0
669.0
733.0
733.0
658.0
703.0
770.0
645.0
683.0
626.0
814.0
642.0
660.0
644.0
681.0
651.0
846.0
740.0
666.0
772.0
694.0
712.0
673.0
683.0
654.0
662.0
672.0
654.0
686.0
709.0
682.0
717.0
795.0
752.0
682.0
674.0
881.0
736.0
720.0
670.0
693.0
675.0
686.0
702.0
735.0
677.0
692.0
654.0
657.0
668.0
666.0
815.0
758.0
715.0
686.0
692.0
676.0
693.0
713.0
633.0
661.0
642.0
740.0
644.0
672.0
749.0
650.0
672.0
668.0
722.0
734.0
701.0
713.0
668.0
795.0
702.0
696.0
640.0
672.0
689.0
650.0
702.0
691.0
714.0
896.0
705.0
726.0
664.0
747.0
737.0
778.0
784.0
654.0
660.0
702.0
661.0
653.0
716.0
655.0
737.0
674.0
686.0
666.0
701.0
708.0
656.0
884.0
673.0
682.0
679.0
653.0
678.0
705.0
781.0
662.0
699.0
685.0
734.0
673.0
673.0
790.0
685.0
685.0
633.0
716.0
762.0
663.0
654.0
733.0
682.0
648.0
646.0
733.0
670.0
754.0
656.0
717.0
698.0
668.0
645.0
769.0
642.0
692.0
680.0
703.0
674.0
649.0
636.0
656.0
792.0
653.0
673.0
966.0
670.0
664.0
686.0
717.0
689.0
661.0
660.0
653.0
680.0
677.0
717.0
678.0
646.0
681.0
645.0
699.0
661.0
683.0
738.0
679.0
653.0
672.0
802.0
648.0
757.0
681.0
653.0
703.0
657.0
645.0
745.0
760.0
707.0
770.0
672.0
698.0
759.0
652.0
658.0
640.0
772.0
660.0
658.0
643.0
666.0
645.0
700.0
718.0
700.0
651.0
680.0
831.0
748.0
717.0
700.0
752.0
768.0
653.0
688.0
757.0
711.0
659.0
656.0
687.0
639.0
788.0
716.0
723.0
672.0
669.0
750.0
724.0
697.0
644.0
658.0
739.0
691.0
642.0
777.0
695.0
702.0
813.0
708.0
782.0
631.0
722.0
682.0
782.0
675.0
650.0
676.0
697.0
653.0
740.0
735.0
676.0
667.0
662.0
691.0
700.0
667.0
662.0
769.0
837.0
706.0
656.0
646.0
692.0
686.0
682.0
675.0
702.0
673.0
702.0
653.0
690.0
658.0
656.0
672.0
762.0
680.0
658.0
649.0
735.0
661.0
692.0
698.0
768.0
853.0
777.0
727.0
740.0
659.0
647.0
656.0
652.0
657.0
706.0
653.0
664.0
843.0
646.0
665.0
685.0
653.0
702.0
725.0
619.0
682.0
688.0
645.0
667.0
701.0
747.0
736.0
658.0
677.0
655.0
660.0
677.0
685.0
694.0
669.0
631.0
682.0
673.0
677.0
642.0
670.0
658.0
688.0
667.0
645.0
713.0
694.0
771.0
698.0
673.0
694.0
705.0
699.0
751.0
694.0
750.0
741.0
750.0
624.0
642.0
672.0
634.0
648.0
811.0
702.0
659.0
691.0
717.0
677.0
818.0
747.0
665.0
713.0
681.0
668.0
801.0
714.0
662.0
668.0
714.0
683.0
656.0
669.0
653.0
698.0
653.0
661.0
674.0
682.0
719.0
668.0
639.0
687.0
664.0
643.0
673.0
672.0
678.0
685.0
810.0
649.0
625.0
672.0
654.0
946.0
658.0
679.0
698.0
643.0
644.0
645.0
655.0
674.0
642.0
653.0
673.0
686.0
676.0
670.0
733.0
710.0
669.0
681.0
735.0
766.0
670.0
686.0
666.0
635.0
750.0
692.0
781.0
706.0
669.0
641.0
725.0
666.0
690.0
745.0
682.0
710.0
697.0
703.0
701.0
843.0
672.0
642.0
688.0
