746.0
711.0
810.0
704.0
716.0
749.0
707.0
731.0
728.0
718.0
724.0
585.0
746.0
731.0
781.0
939.0
874.0
731.0
719.0
756.0
699.0
760.0
728.0
689.0
763.0
975.0
754.0
720.0
730.0
683.0
660.0
714.0
736.0
675.0
842.0
818.0
753.0
758.0
769.0
727.0
847.0
729.0
757.0
883.0
802.0
760.0
748.0
737.0
722.0
713.0
730.0
720.0
746.0
912.0
946.0
732.0
697.0
786.0
648.0
598.0
678.0
702.0
853.0
711.0
746.0
763.0
724.0
726.0
730.0
800.0
693.0
706.0
801.0
811.0
711.0
757.0
817.0
655.0
733.0
734.0
741.0
717.0
753.0
785.0
770.0
795.0
784.0
754.0
748.0
718.0
708.0
741.0
800.0
725.0
711.0
716.0
780.0
790.0
699.0
797.0
754.0
615.0
726.0
721.0
886.0
730.0
862.0
682.0
779.0
738.0
753.0
712.0
756.0
720.0
800.0
766.0
709.0
955.0
849.0
747.0
706.0
718.0
716.0
708.0
738.0
773.0
792.0
811.0
832.0
718.0
907.0
711.0
640.0
728.0
675.0
731.0
701.0
725.0
744.0
744.0
713.0
749.0
828.0
846.0
707.0
713.0
766.0
732.0
731.0
806.0
745.0
711.0
722.0
729.0
707.0
619.0
913.0
775.0
724.0
718.0
720.0
629.0
794.0
700.0
716.0
717.0
808.0
718.0
717.0
725.0
714.0
738.0
707.0
727.0
727.0
704.0
761.0
701.0
736.0
768.0
791.0
741.0
824.0
776.0
735.0
808.0
716.0
699.0
705.0
741.0
839.0
796.0
760.0
716.0
726.0
772.0
718.0
798.0
676.0
821.0
598.0
714.0
753.0
750.0
732.0
733.0
824.0
709.0
722.0
792.0
844.0
722.0
706.0
744.0
774.0
774.0
810.0
730.0
759.0
809.0
759.0
758.0
739.0
739.0
710.0
741.0
860.0
606.0
710.0
769.0
772.0
734.0
726.0
803.0
760.0
741.0
748.0
752.0
705.0
738.0
730.0
748.0
829.0
689.0
734.0
797.0
734.0
729.0
777.0
852.0
778.0
823.0
714.0
716.0
932.0
740.0
689.0
777.0
724.0
937.0
786.0
750.0
695.0
740.0
718.0
699.0
703.0
711.0
772.0
735.0
815.0
761.0
637.0
733.0
704.0
742.0
776.0
912.0
713.0
751.0
750.0
730.0
788.0
762.0
772.0
717.0
775.0
720.0
691.0
750.0
707.0
642.0
812.0
592.0
740.0
727.0
783.0
779.0
707.0
812.0
610.0
703.0
633.0
737.0
636.0
706.0
740.0
713.0
712.0
827.0
720.0
737.0
740.0
712.0
850.0
734.0
734.0
742.0
745.0
593.0
893.0
869.0
744.0
714.0
732.0
652.0
700.0
712.0
725.0
763.0
710.0
914.0
1064.0
713.0
741.0
749.0
887.0
712.0
763.0
717.0
752.0
767.0
770.0
720.0
665.0
710.0
765.0
717.0
701.0
640.0
722.0
707.0
865.0
694.0
726.0
891.0
928.0
811.0
722.0
682.0
662.0
654.0
790.0
716.0
724.0
704.0
611.0
725.0
723.0
802.0
762.0
749.0
753.0
716.0
698.0
736.0
702.0
743.0
735.0
716.0
708.0
662.0
785.0
712.0
701.0
712.0
744.0
717.0
635.0
708.0
760.0
795.0
736.0
769.0
627.0
850.0
698.0
751.0
797.0
650.0
722.0
771.0
710.0
682.0
672.0
720.0
731.0
752.0
695.0
753.0
592.0
744.0
673.0
724.0
683.0
745.0
775.0
709.0
685.0
768.0
685.0
818.0
762.0
743.0
733.0
734.0
695.0
691.0
743.0
738.0
709.0
746.0
756.0
742.0
772.0
714.0
740.0
706.0
742.0
687.0
695.0
833.0
811.0
770.0
830.0
802.0
730.0
693.0
700.0
729.0
786.0
714.0
708.0
808.0
741.0
596.0
680.0
772.0
818.0
712.0
762.0
732.0
722.0
863.0
731.0
691.0
726.0
870.0
709.0
697.0
717.0
697.0
722.0
826.0
759.0
693.0
781.0
745.0
1120.0
684.0
740.0
867.0
734.0
804.0
730.0
746.0
856.0
677.0
715.0
685.0
733.0
772.0
715.0
719.0
722.0
721.0
706.0
726.0
846.0
797.0
907.0
729.0
