0.9803654923565931
1.230292527440784
0.5718673845491206
0.6525762734998148
0.6795688458234248
0.5641470663116664
1.0473934362677444
0.551279869249243
0.6328807231485268
1.115716922235248
0.7568598742698142
0.6033373976215948
0.7237351477927902
0.6558588652250296
0.60005480589638
1.2761771728032159
0.6427284983241708
0.8265860030891414
0.5718673845491206
0.4780636373254924
0.6906104213157661
0.6230329479728828
0.5934896224459508
0.6164677645224534
1.3581801621088387
0.8343335848486992
0.8473036699129951
0.6263155396980975
0.6689892321258883
0.709013047136335
0.9557244141262973
0.5564267480742123
0.799469466930689
0.6230329479728828
1.4385304805801762
0.9360115515420605
0.6795688458234248
0.8033432578104679
1.034970984273653
0.5615736268991817
0.675888320659311
0.7384572484492454
0.6427284983241708
0.7684791398924578
1.961815475013337
0.7126935723004488
0.799469466930689
0.5847345816115439
0.5847345816115439
0.8473036699129951
0.675888320659311
0.517825156886942
0.7684791398924578
0.6394459065989562
0.7053325219722212
0.8382073757284783
0.9162986889578237
0.6722718238511031
0.7531793491057005
0.9803654923565931
0.6328807231485268
0.7762267216520155
0.5590001874866971
0.49148742024648207
0.8818011794354094
0.590207030720736
0.7646053490126787
0.6869298961516525
0.6230329479728828
0.566720505724151
0.5538533086617277
0.7384572484492454
0.6869298961516525
0.5384126721868194
0.6492936817746001
0.45792796294400795
0.6525762734998148
0.5409861115993042
0.8072170486902469
0.709013047136335
0.6722718238511031
0.8149646304498046
0.6263155396980975
0.5615736268991817
0.6295981314233121
0.6394459065989562
0.8670165324972319
0.7646053490126787
0.7531793491057005
0.6832493709875387
0.8423754542669359
1.4385304805801762
0.6624240486754588
0.42436850564153383
0.7568598742698142
0.7801005125317944
2.452236536671856
0.7684791398924578
1.5375821823957359
0.6657066404006735
0.8265860030891414
0.5744408239616052
0.7016519968081074
0.6624240486754588
0.6164677645224534
0.7646053490126787
0.6624240486754588
0.6460110900493855
0.6492936817746001
0.6525762734998148
0.675888320659311
1.3581801621088387
0.49148742024648207
0.6295981314233121
1.3023969701531768
0.709013047136335
0.6197503562476682
0.8227122122093625
0.7607315581328997
0.7568598742698142
0.7607315581328997
0.7607315581328997
0.6558588652250296
0.8265860030891414
1.1281393742293397
0.8110908395700258
0.7016519968081074
0.8072170486902469
0.6230329479728828
0.7237351477927902
1.1405618262234314
0.5332657933618501
0.7347767232851315
0.5847345816115439
0.5821611421990592
0.6295981314233121
0.6328807231485268
0.6869298961516525
0.8423754542669359
0.7723529307722367
0.9458679828341788
0.47582634017199416
0.5967722141711654
0.6066199893468095
0.57701426337409
0.5873080210240287
1.01012608028547
0.5934896224459508
1.0050065705868891
0.60005480589638
0.9606526297723563
0.5821611421990592
0.482538231632489
1.1467730522204769
0.590207030720736
0.6722718238511031
1.474241733234104
0.7684791398924578
0.6361633148737414
1.3351717168406283
0.727415672956904
0.9705090610644748
1.3351717168406283
0.6033373976215948
0.43555499140902515
0.7762267216520155
0.5718673845491206
0.6099025810720241
0.482538231632489
0.7494988239415866
1.0784495662529734
0.5847345816115439
0.709013047136335
0.5590001874866971
0.6492936817746001
0.6197503562476682
0.5101048386494879
1.1281393742293397
0.5847345816115439
0.7917218851711312
1.1405618262234314
0.6558588652250296
0.6492936817746001
0.5744408239616052
1.1343506002263855
0.551279869249243
0.8867293950814686
0.5967722141711654
0.6295981314233121
0.6492936817746001
0.7762267216520155
0.7531793491057005
0.7384572484492454
0.5795877027865746
0.6591414569502442
0.6525762734998148
0.7646053490126787
0.5934896224459508
0.5718673845491206
0.8571601012051135
0.7762267216520155
0.6164677645224534
0.6131851727972387
0.6263155396980975
0.6099025810720241
0.9064422576657054
0.6361633148737414
0.7568598742698142
0.7200546226286764
1.1716179562086602
0.7237351477927902
0.7126935723004488
0.6099025810720241
0.6624240486754588
0.7607315581328997
1.2761771728032159
0.6657066404006735
0.5847345816115439
0.8382073757284783
0.871944748143291
0.40068225229072246
0.4165070484437645
0.9458679828341788
0.40068225229072246
1.204072730090823
0.6066199893468095
0.7607315581328997
0.7607315581328997
0.6099025810720241
0.6328807231485268
0.6657066404006735
1.0970832442441107
0.551279869249243
0.6832493709875387
0.44002958571602174
0.6361633148737414
0.7347767232851315
0.5934896224459508
2.077208665991812
0.5873080210240287
0.43108039710202867
0.7310961981210178
0.6263155396980975
0.5718673845491206
0.8620883168511726
0.6295981314233121
0.6230329479728828
0.7053325219722212
0.7016519968081074
0.6492936817746001
0.6492936817746001
0.5281189145368806
0.7568598742698142
0.8768729637893502
0.6525762734998148
0.5821611421990592
2.048360368247193
0.7839743034115734
0.6906104213157661
0.7200546226286764
0.8110908395700258
1.0411822102706987
0.6558588652250296
0.9064422576657054
0.6295981314233121
0.675888320659311
0.8670165324972319
1.6301523530066329
0.7237351477927902
0.8304597939689203
0.6689892321258883
0.6832493709875387
0.6722718238511031
0.5718673845491206
0.709013047136335
1.0287597582766073
0.8670165324972319
0.7310961981210178
0.6197503562476682
0.9162986889578237
0.6197503562476682
0.5152517174744572
0.7163740974645626
0.5358392327743349
0.6525762734998148
0.5847345816115439
0.6361633148737414
0.709013047136335
0.8382073757284783
0.7310961981210178
0.6591414569502442
0.7237351477927902
1.1467730522204769
0.7200546226286764
2.5820538765226404
0.7801005125317944
0.6492936817746001
0.6427284983241708
0.7310961981210178
0.7126935723004488
0.6066199893468095
0.6795688458234248
0.6624240486754588
0.9557244141262973
0.57701426337409
0.6657066404006735
0.6657066404006735
1.2696222234657257
0.5435595510117888
0.6869298961516525
0.8670165324972319
0.6197503562476682
0.7878480942913523
0.6492936817746001
0.7839743034115734
0.7237351477927902
0.7955956760509101
0.57701426337409
1.4028192279262484
1.066027114258882
0.7200546226286764
0.5538533086617277
0.675888320659311
0.60005480589638
2.755143662990353
0.6795688458234248
0.6492936817746001
0.42213120848803554
0.7347767232851315
1.1778529327408618
2.7695678118626623
0.60005480589638
0.7646053490126787
0.6624240486754588
0.6906104213157661
0.6295981314233121
0.57701426337409
0.6230329479728828
0.5821611421990592
0.7458182987774729
0.4847755287859873
0.6832493709875387
0.7494988239415866
0.5203985962994266
0.727415672956904
0.5692939451366358
0.709013047136335
0.7494988239415866
0.5967722141711654
1.2434024261157643
0.6591414569502442
0.5967722141711654
0.7163740974645626
0.799469466930689
0.709013047136335
0.4467414771765166
0.6832493709875387
0.7607315581328997
0.6460110900493855
0.4668771515580011
0.4847755287859873
0.6230329479728828
1.01012608028547
0.5538533086617277
0.5718673845491206
0.6033373976215948
0.6525762734998148
1.115716922235248
0.36024110656628183
1.465313920070622
0.6795688458234248
0.5718673845491206
0.709013047136335
1.6579234041899023
0.9754372767105339
0.8423754542669359
0.6591414569502442
0.7684791398924578
0.6328807231485268
0.6295981314233121
0.6197503562476682
0.7163740974645626
0.5564267480742123
0.6492936817746001
0.7016519968081074
0.6197503562476682
0.799469466930689
0.709013047136335
0.9113704733117645
0.3619994172499531
0.6263155396980975
0.7200546226286764
0.8818011794354094
0.41474873776009313
0.7016519968081074
0.7494988239415866
0.7917218851711312
0.7163740974645626
1.0163373062825156
0.6099025810720241
0.8473036699129951
0.6492936817746001
0.5718673845491206
1.0163373062825156
0.8571601012051135
0.6394459065989562
0.7016519968081074
0.6869298961516525
0.60005480589638
0.7684791398924578
0.727415672956904
0.5821611421990592
0.8867293950814686
0.7494988239415866
1.5838672677011842
1.0473934362677444
0.8571601012051135
0.675888320659311
1.3492523489453567
0.871944748143291
0.6066199893468095
1.204072730090823
0.9852937080026524
0.7917218851711312
1.2171826287658036
1.602381301823364
49.39014529314711
0.5615736268991817
0.40947380570907915
1.4206748542532124
0.5229720357119113
0.5590001874866971
0.7053325219722212
0.6722718238511031
0.7955956760509101
0.6295981314233121
0.7347767232851315
0.7494988239415866
0.3637577279336245
0.6722718238511031
0.6525762734998148
0.6906104213157661
1.204072730090823
0.7684791398924578
0.5847345816115439
0.6099025810720241
0.7568598742698142
0.6942909464798799
0.7200546226286764
0.8382073757284783
0.6230329479728828
0.6164677645224534
0.9360115515420605
0.8768729637893502
0.7347767232851315
0.8265860030891414
1.2827321221407062
0.8382073757284783
0.8522318855590543
0.38661576682135185
0.590207030720736
0.7237351477927902
0.6979714716439938
0.950796198480238
1.2827321221407062
1.0846607922500193
0.9212269046038829
0.8423754542669359
0.6906104213157661
0.6361633148737414
0.6263155396980975
0.4512160714835131
0.5873080210240287
0.6832493709875387
0.7053325219722212
0.4467414771765166
0.6492936817746001
0.8382073757284783
0.7955956760509101
0.7917218851711312
2.509933132161094
0.5821611421990592
0.5358392327743349
0.4059571843417365
0.60005480589638
0.8768729637893502
0.5255454751243959
0.6131851727972387
0.6164677645224534
1.2368474767782742
0.7684791398924578
0.6591414569502442
0.6033373976215948
0.5718673845491206
0.6295981314233121
0.6906104213157661
0.7384572484492454
0.6942909464798799
0.7723529307722367
1.1405618262234314
0.6361633148737414
0.675888320659311
0.6832493709875387
0.7016519968081074
0.6099025810720241
0.9606526297723563
0.6099025810720241
1.01012608028547
0.7646053490126787
0.9310833358960012
0.6591414569502442
0.60005480589638
0.709013047136335
0.6460110900493855
0.551279869249243
1.0287597582766073
0.9409397671881197
0.9754372767105339
0.8423754542669359
0.6427284983241708
1.1778529327408618
0.8188384213295835
0.8916576107275278
0.7646053490126787
0.8670165324972319
0.6230329479728828
0.6131851727972387
0.5641470663116664
0.6263155396980975
0.6624240486754588
0.57701426337409
0.7684791398924578
0.6361633148737414
0.7016519968081074
0.9212269046038829
0.6263155396980975
0.47582634017199416
0.8110908395700258
0.4024405629743938
0.8768729637893502
0.6394459065989562
