737.0
778.0
757.0
783.0
812.0
856.0
740.0
736.0
722.0
708.0
733.0
749.0
731.0
730.0
746.0
724.0
1128.0
740.0
850.0
797.0
727.0
729.0
766.0
770.0
778.0
641.0
827.0
756.0
774.0
695.0
756.0
827.0
802.0
757.0
964.0
736.0
793.0
750.0
750.0
749.0
617.0
741.0
626.0
775.0
750.0
752.0
723.0
805.0
888.0
751.0
724.0
775.0
723.0
835.0
829.0
866.0
753.0
757.0
789.0
778.0
739.0
757.0
750.0
738.0
795.0
783.0
705.0
824.0
777.0
736.0
756.0
845.0
769.0
765.0
791.0
794.0
721.0
784.0
731.0
744.0
784.0
750.0
803.0
790.0
782.0
709.0
898.0
882.0
712.0
800.0
833.0
766.0
784.0
806.0
669.0
821.0
773.0
693.0
772.0
786.0
739.0
763.0
813.0
734.0
757.0
716.0
772.0
861.0
777.0
761.0
791.0
746.0
716.0
778.0
820.0
698.0
769.0
878.0
753.0
703.0
825.0
728.0
813.0
742.0
767.0
765.0
708.0
733.0
638.0
741.0
744.0
820.0
703.0
738.0
727.0
749.0
785.0
837.0
893.0
726.0
690.0
716.0
750.0
734.0
848.0
737.0
618.0
773.0
728.0
773.0
733.0
829.0
707.0
729.0
720.0
755.0
797.0
890.0
826.0
726.0
729.0
713.0
793.0
725.0
748.0
724.0
847.0
865.0
773.0
734.0
759.0
861.0
714.0
763.0
773.0
749.0
765.0
780.0
717.0
718.0
838.0
829.0
713.0
748.0
720.0
718.0
706.0
612.0
786.0
756.0
762.0
631.0
773.0
746.0
765.0
724.0
808.0
720.0
810.0
738.0
712.0
725.0
642.0
772.0
854.0
738.0
790.0
762.0
701.0
726.0
757.0
923.0
751.0
805.0
732.0
811.0
719.0
666.0
712.0
801.0
782.0
746.0
759.0
752.0
783.0
721.0
710.0
773.0
715.0
773.0
729.0
709.0
761.0
756.0
753.0
739.0
730.0
728.0
706.0
800.0
794.0
784.0
656.0
813.0
775.0
769.0
835.0
859.0
776.0
827.0
755.0
729.0
738.0
708.0
729.0
722.0
954.0
748.0
782.0
729.0
722.0
727.0
745.0
711.0
906.0
749.0
786.0
920.0
784.0
781.0
722.0
737.0
774.0
964.0
766.0
882.0
790.0
762.0
714.0
822.0
738.0
761.0
746.0
729.0
781.0
731.0
735.0
742.0
740.0
695.0
729.0
773.0
745.0
791.0
749.0
749.0
726.0
666.0
772.0
772.0
817.0
730.0
794.0
748.0
802.0
800.0
732.0
769.0
722.0
738.0
778.0
722.0
850.0
734.0
741.0
701.0
727.0
766.0
769.0
849.0
744.0
903.0
744.0
762.0
745.0
738.0
759.0
734.0
824.0
718.0
726.0
741.0
634.0
669.0
729.0
620.0
765.0
747.0
733.0
760.0
717.0
742.0
838.0
732.0
802.0
744.0
750.0
859.0
710.0
717.0
803.0
772.0
765.0
811.0
731.0
748.0
720.0
914.0
709.0
763.0
742.0
724.0
829.0
709.0
715.0
815.0
776.0
741.0
704.0
733.0
764.0
771.0
788.0
716.0
772.0
765.0
751.0
741.0
729.0
879.0
711.0
715.0
726.0
731.0
734.0
744.0
738.0
702.0
849.0
730.0
710.0
759.0
765.0
746.0
742.0
818.0
777.0
785.0
870.0
778.0
741.0
758.0
784.0
794.0
770.0
722.0
798.0
753.0
794.0
745.0
747.0
770.0
730.0
774.0
757.0
738.0
663.0
686.0
735.0
754.0
720.0
834.0
773.0
709.0
698.0
737.0
793.0
765.0
822.0
686.0
738.0
842.0
808.0
761.0
629.0
873.0
744.0
811.0
754.0
689.0
822.0
794.0
748.0
864.0
725.0
696.0
756.0
717.0
776.0
758.0
716.0
817.0
757.0
