673.0
686.0
795.0
660.0
735.0
733.0
698.0
685.0
649.0
673.0
664.0
688.0
682.0
704.0
789.0
714.0
701.0
699.0
684.0
645.0
698.0
653.0
658.0
819.0
690.0
693.0
612.0
648.0
660.0
720.0
694.0
673.0
676.0
724.0
665.0
695.0
686.0
673.0
637.0
667.0
652.0
699.0
722.0
759.0
642.0
707.0
648.0
677.0
731.0
761.0
690.0
744.0
761.0
730.0
626.0
865.0
660.0
851.0
637.0
670.0
666.0
682.0
733.0
653.0
723.0
720.0
713.0
620.0
669.0
717.0
672.0
669.0
663.0
650.0
727.0
658.0
685.0
741.0
680.0
663.0
680.0
653.0
774.0
661.0
752.0
712.0
672.0
815.0
722.0
672.0
825.0
688.0
674.0
650.0
702.0
670.0
719.0
717.0
756.0
679.0
650.0
662.0
685.0
686.0
658.0
665.0
645.0
698.0
644.0
648.0
705.0
669.0
676.0
619.0
629.0
701.0
781.0
718.0
676.0
717.0
673.0
652.0
702.0
847.0
721.0
658.0
650.0
689.0
637.0
691.0
724.0
622.0
686.0
682.0
693.0
715.0
660.0
669.0
807.0
764.0
658.0
631.0
660.0
712.0
709.0
662.0
653.0
725.0
677.0
666.0
642.0
682.0
726.0
730.0
686.0
709.0
688.0
648.0
731.0
781.0
666.0
730.0
661.0
813.0
650.0
694.0
678.0
706.0
790.0
703.0
669.0
672.0
822.0
807.0
817.0
643.0
654.0
689.0
680.0
720.0
657.0
733.0
731.0
737.0
645.0
738.0
702.0
728.0
637.0
661.0
658.0
682.0
751.0
670.0
770.0
660.0
739.0
667.0
648.0
705.0
663.0
661.0
619.0
678.0
706.0
674.0
649.0
785.0
661.0
713.0
672.0
723.0
612.0
713.0
660.0
657.0
701.0
653.0
726.0
728.0
626.0
734.0
674.0
748.0
697.0
664.0
625.0
672.0
787.0
672.0
676.0
714.0
659.0
701.0
723.0
704.0
656.0
649.0
685.0
667.0
685.0
686.0
671.0
692.0
685.0
674.0
747.0
673.0
661.0
698.0
635.0
721.0
715.0
647.0
650.0
648.0
748.0
619.0
818.0
762.0
733.0
631.0
666.0
650.0
650.0
695.0
665.0
732.0
675.0
720.0
690.0
716.0
781.0
674.0
674.0
672.0
682.0
846.0
677.0
858.0
679.0
686.0
643.0
702.0
710.0
742.0
654.0
673.0
673.0
651.0
843.0
669.0
662.0
654.0
808.0
680.0
741.0
664.0
712.0
652.0
757.0
693.0
723.0
693.0
662.0
738.0
722.0
691.0
679.0
750.0
810.0
675.0
681.0
636.0
652.0
719.0
742.0
673.0
699.0
704.0
656.0
782.0
625.0
617.0
706.0
658.0
669.0
673.0
670.0
681.0
802.0
665.0
683.0
717.0
651.0
679.0
665.0
790.0
645.0
800.0
672.0
715.0
654.0
700.0
662.0
757.0
657.0
656.0
692.0
695.0
673.0
749.0
720.0
663.0
635.0
661.0
666.0
700.0
712.0
713.0
848.0
661.0
672.0
718.0
672.0
648.0
676.0
747.0
691.0
690.0
649.0
656.0
672.0
703.0
671.0
820.0
690.0
665.0
660.0
634.0
723.0
651.0
672.0
654.0
643.0
672.0
652.0
642.0
664.0
727.0
759.0
745.0
746.0
674.0
642.0
697.0
737.0
678.0
741.0
665.0
691.0
609.0
739.0
672.0
658.0
717.0
663.0
650.0
705.0
661.0
673.0
667.0
674.0
779.0
826.0
899.0
673.0
697.0
663.0
685.0
691.0
656.0
668.0
683.0
658.0
753.0
652.0
791.0
652.0
699.0
645.0
692.0
679.0
703.0
666.0
739.0
