683.0
747.0
711.0
689.0
796.0
677.0
694.0
701.0
694.0
686.0
801.0
711.0
665.0
653.0
693.0
658.0
706.0
667.0
664.0
718.0
823.0
681.0
711.0
662.0
658.0
662.0
710.0
658.0
694.0
810.0
790.0
703.0
698.0
684.0
776.0
831.0
700.0
793.0
676.0
798.0
646.0
683.0
667.0
645.0
714.0
680.0
663.0
673.0
784.0
661.0
674.0
694.0
694.0
677.0
706.0
662.0
661.0
661.0
737.0
717.0
761.0
694.0
724.0
718.0
738.0
702.0
731.0
699.0
784.0
868.0
795.0
685.0
716.0
716.0
663.0
645.0
673.0
780.0
690.0
665.0
753.0
745.0
715.0
666.0
698.0
645.0
665.0
670.0
680.0
818.0
678.0
716.0
654.0
706.0
708.0
673.0
685.0
672.0
654.0
649.0
708.0
764.0
713.0
663.0
700.0
790.0
706.0
789.0
712.0
712.0
742.0
661.0
680.0
689.0
683.0
650.0
677.0
726.0
753.0
779.0
680.0
715.0
659.0
680.0
677.0
752.0
661.0
797.0
683.0
794.0
674.0
686.0
684.0
677.0
651.0
668.0
678.0
678.0
648.0
677.0
867.0
692.0
709.0
700.0
690.0
682.0
664.0
660.0
730.0
628.0
688.0
694.0
645.0
740.0
725.0
707.0
659.0
652.0
651.0
635.0
667.0
744.0
650.0
692.0
741.0
724.0
666.0
671.0
687.0
890.0
678.0
715.0
724.0
680.0
698.0
734.0
716.0
726.0
672.0
684.0
666.0
667.0
825.0
697.0
714.0
703.0
644.0
688.0
719.0
669.0
703.0
612.0
629.0
759.0
693.0
845.0
738.0
677.0
644.0
706.0
672.0
673.0
815.0
713.0
744.0
689.0
730.0
637.0
674.0
616.0
709.0
642.0
695.0
646.0
713.0
690.0
825.0
666.0
625.0
724.0
714.0
770.0
631.0
691.0
680.0
762.0
629.0
706.0
676.0
682.0
766.0
648.0
673.0
714.0
754.0
662.0
680.0
708.0
714.0
717.0
699.0
731.0
673.0
697.0
692.0
693.0
653.0
642.0
679.0
689.0
786.0
697.0
667.0
666.0
628.0
761.0
661.0
679.0
702.0
714.0
654.0
732.0
688.0
675.0
704.0
662.0
673.0
658.0
708.0
700.0
685.0
621.0
677.0
731.0
740.0
660.0
716.0
740.0
668.0
648.0
650.0
689.0
700.0
680.0
697.0
667.0
644.0
644.0
651.0
669.0
685.0
648.0
868.0
894.0
698.0
664.0
697.0
654.0
746.0
742.0
677.0
645.0
734.0
721.0
720.0
799.0
809.0
691.0
660.0
660.0
638.0
666.0
651.0
684.0
733.0
766.0
693.0
616.0
784.0
705.0
683.0
689.0
674.0
650.0
650.0
646.0
682.0
708.0
657.0
720.0
667.0
866.0
800.0
745.0
628.0
690.0
691.0
797.0
625.0
690.0
658.0
938.0
676.0
674.0
718.0
631.0
731.0
707.0
681.0
753.0
800.0
685.0
741.0
726.0
802.0
758.0
662.0
682.0
655.0
650.0
684.0
789.0
700.0
682.0
625.0
709.0
927.0
774.0
689.0
701.0
667.0
708.0
741.0
720.0
686.0
661.0
676.0
661.0
672.0
1000.0
714.0
698.0
670.0
642.0
674.0
681.0
705.0
680.0
653.0
657.0
683.0
693.0
665.0
650.0
827.0
682.0
770.0
674.0
675.0
666.0
691.0
882.0
762.0
701.0
789.0
674.0
658.0
701.0
680.0
650.0
668.0
691.0
653.0
677.0
684.0
693.0
644.0
706.0
712.0
699.0
692.0
698.0
691.0
710.0
682.0
733.0
686.0
736.0
611.0
719.0
695.0
681.0
686.0
714.0
689.0
714.0
723.0
715.0
738.0
739.0
722.0
681.0
703.0
662.0
681.0
705.0
682.0
761.0
692.0
670.0
693.0
662.0
626.0
732.0
723.0
745.0
689.0
680.0
777.0
647.0
673.0
734.0
698.0
769.0
774.0
747.0
705.0
698.0
645.0
720.0
696.0
669.0
658.0
793.0
738.0
659.0
781.0
734.0
717.0
771.0
693.0
672.0
659.0
730.0
726.0
787.0
697.0
680.0
724.0
698.0
733.0
659.0
685.0
641.0
705.0
674.0
666.0
743.0
646.0
800.0
642.0
676.0
686.0
708.0
