709.0
814.0
649.0
668.0
669.0
772.0
853.0
648.0
654.0
745.0
638.0
662.0
698.0
807.0
731.0
770.0
702.0
687.0
770.0
720.0
657.0
735.0
687.0
662.0
777.0
658.0
840.0
691.0
663.0
604.0
696.0
669.0
766.0
666.0
676.0
650.0
675.0
670.0
625.0
677.0
683.0
737.0
676.0
690.0
673.0
642.0
682.0
715.0
694.0
671.0
771.0
674.0
661.0
637.0
672.0
683.0
651.0
689.0
737.0
701.0
723.0
680.0
654.0
641.0
667.0
674.0
716.0
683.0
691.0
765.0
606.0
677.0
608.0
664.0
723.0
673.0
686.0
706.0
683.0
700.0
666.0
625.0
715.0
698.0
672.0
754.0
746.0
670.0
730.0
660.0
717.0
774.0
650.0
664.0
655.0
681.0
687.0
814.0
736.0
690.0
682.0
682.0
681.0
683.0
709.0
705.0
666.0
660.0
679.0
839.0
659.0
670.0
690.0
762.0
680.0
689.0
658.0
755.0
732.0
679.0
796.0
693.0
663.0
676.0
744.0
689.0
693.0
667.0
699.0
693.0
828.0
767.0
692.0
720.0
705.0
763.0
698.0
770.0
659.0
664.0
669.0
644.0
694.0
685.0
706.0
666.0
706.0
658.0
731.0
702.0
756.0
672.0
658.0
650.0
666.0
693.0
666.0
721.0
682.0
743.0
683.0
708.0
658.0
648.0
866.0
677.0
677.0
638.0
646.0
644.0
687.0
649.0
681.0
689.0
720.0
719.0
660.0
680.0
681.0
637.0
692.0
711.0
657.0
725.0
875.0
741.0
773.0
758.0
686.0
669.0
789.0
715.0
663.0
720.0
698.0
713.0
813.0
677.0
672.0
669.0
702.0
648.0
673.0
667.0
760.0
664.0
672.0
672.0
704.0
720.0
715.0
682.0
753.0
694.0
704.0
678.0
690.0
666.0
675.0
711.0
661.0
738.0
672.0
689.0
845.0
708.0
793.0
699.0
648.0
666.0
676.0
639.0
717.0
685.0
789.0
724.0
646.0
707.0
661.0
725.0
697.0
643.0
688.0
652.0
670.0
701.0
669.0
674.0
800.0
673.0
660.0
834.0
685.0
691.0
677.0
642.0
762.0
708.0
670.0
672.0
669.0
744.0
837.0
659.0
689.0
665.0
653.0
870.0
663.0
642.0
679.0
732.0
662.0
699.0
724.0
668.0
667.0
634.0
680.0
769.0
687.0
665.0
686.0
657.0
674.0
685.0
652.0
686.0
680.0
730.0
666.0
673.0
628.0
763.0
654.0
674.0
735.0
633.0
692.0
676.0
717.0
905.0
718.0
709.0
794.0
682.0
749.0
717.0
810.0
714.0
840.0
670.0
698.0
649.0
693.0
706.0
624.0
717.0
648.0
898.0
672.0
812.0
732.0
718.0
699.0
683.0
695.0
677.0
722.0
718.0
651.0
686.0
678.0
632.0
642.0
678.0
694.0
782.0
710.0
717.0
676.0
706.0
672.0
762.0
663.0
640.0
687.0
751.0
692.0
727.0
639.0
658.0
691.0
692.0
682.0
628.0
699.0
672.0
701.0
617.0
731.0
706.0
673.0
644.0
712.0
649.0
693.0
746.0
680.0
661.0
717.0
645.0
777.0
737.0
630.0
852.0
653.0
741.0
649.0
757.0
693.0
657.0
676.0
680.0
733.0
650.0
641.0
692.0
756.0
658.0
777.0
616.0
674.0
654.0
664.0
685.0
733.0
706.0
687.0
779.0
715.0
686.0
721.0
635.0
709.0
672.0
654.0
694.0
700.0
700.0
658.0
679.0
685.0
658.0
708.0
650.0
713.0
642.0
716.0
795.0
810.0
690.0
738.0
765.0
708.0
659.0
686.0
718.0
692.0
677.0
687.0
682.0
744.0
669.0
645.0
664.0
746.0
693.0
703.0
730.0
675.0
675.0
694.0
657.0
668.0
805.0
661.0
674.0
685.0
681.0
682.0
688.0
646.0
688.0
715.0
718.0
658.0
656.0
678.0
741.0
696.0
765.0
717.0
672.0
660.0
666.0
679.0
648.0
698.0
658.0
734.0
696.0
669.0
702.0
654.0
698.0
696.0
729.0
665.0
686.0
677.0
677.0
749.0
734.0
674.0
629.0
715.0
699.0
713.0
660.0
695.0
676.0
640.0
709.0
758.0
786.0
741.0
673.0
694.0
731.0
697.0
