NaN	165.070582822086	164.988312883436	164.673987730061	164.336840490798	164.313895705521	164.353496932515	164.630582822086	164.381380368098	163.942852760736	163.877147239264	164.158251533742	163.999478527607	163.86773006135	164.08226993865	164.071104294479	164.123036809816	164.049478527607	163.963190184049	163.987852760736	164.366411042945	164.123098159509	164.051963190184	164.25509202454	164.360337423313	164.216319018405	164.326963190184	164.443773006135	164.21027607362	163.942699386503	164.064049079755	164.406656441718
147.76754601227	NaN	150.051104294478	148.880245398773	148.586656441718	148.645920245399	148.399785276074	148.677944785276	148.566042944785	147.998834355828	148.066901840491	148.363773006135	147.930858895705	147.887515337423	148.073680981595	147.813987730061	148.245950920245	148.345490797546	148.270368098159	148.373680981595	148.447024539877	148.114570552147	148.192484662577	148.476196319019	148.475950920245	148.314110429448	148.392392638037	148.537392638037	148.551503067485	148.355122699386	148.307392638037	148.559263803681
120.760858895705	120.331380368098	NaN	121.711717791411	120.621595092025	120.681411042945	120.352208588957	120.62773006135	120.894233128834	120.521687116565	120.565030674847	120.753190184049	120.409110429448	120.211349693252	120.531748466258	120.304202453988	120.324877300613	120.336871165644	120.454754601227	120.433435582822	120.510490797546	120.252392638037	120.455766871166	120.299662576687	120.479171779141	120.415153374233	120.371564417178	120.351288343558	120.645674846626	120.204018404908	120.340490797546	120.354662576687
136.078006134969	136.063680981595	136.227331288344	NaN	136.819018404908	136.246687116564	136.055	136.240460122699	136.346717791411	135.934693251534	136.020920245399	136.260981595092	135.874478527607	135.912055214724	135.952791411043	135.881625766871	135.793711656442	135.74736196319	135.818711656442	136.01773006135	136.043374233129	135.80481595092	135.641288343558	135.813987730061	135.81263803681	135.879938650307	135.886564417178	136.06027607362	135.930030674847	135.820828220859	135.834938650307	136.036564417178
162.254049079755	162.401319018405	162.87236196319	161.964509202454	NaN	163.391533742331	162.174079754601	162.516012269939	162.887576687116	162.200705521472	162.40282208589	162.92254601227	162.168987730061	162.266840490798	162.408128834356	162.276840490798	162.084141104294	162.142239263804	162.163527607362	161.990429447853	162.551472392638	161.991564417178	162.265368098159	162.059049079754	162.145797546012	162.403711656442	162.143803680982	162.241656441718	162.34263803681	162.143895705521	162.019233128834	162.238987730061
110.799079754601	110.966012269939	111.531625766871	111.459110429448	110.684171779141	NaN	111.753711656442	111.441319018405	111.663619631902	111.23472392638	111.215306748466	111.659601226994	111.053159509203	111.338803680982	111.146134969325	111.041196319018	110.817085889571	110.712147239264	110.924969325153	111.132331288344	110.874079754601	110.697822085889	110.712944785276	110.843036809816	110.99736196319	110.878435582822	110.618282208589	111.103834355828	110.717331288344	110.538527607362	111.025552147239	110.853558282209
173.077300613497	173.259969325153	173.882239263804	173.590306748466	173.604570552147	172.736717791411	NaN	174.286441717792	174.01282208589	173.533711656442	173.883190184049	174.014938650307	173.453865030675	173.549539877301	173.566073619632	173.466472392638	173.141319018405	173.202331288344	173.193036809816	173.269386503067	173.226165644172	172.898496932515	173.185582822086	173.269570552147	173.073036809816	172.945214723926	173.246441717792	173.31754601227	173.278190184049	172.999693251534	173.180368098159	173.236809815951
109.545797546012	109.434325153374	110.09717791411	109.958773006135	109.806963190184	110.14490797546	109.456196319018	NaN	110.125368098159	109.525828220859	109.806932515337	110.035920245399	109.487515337423	109.568098159509	109.719601226994	109.595521472393	108.842668711656	108.971165644172	109.071288343558	108.859294478528	109.209202453988	109.066349693251	109.008680981595	109.158190184049	109.405552147239	109.201226993865	109.221595092025	109.31717791411	109.249601226994	108.960766871166	108.942914110429	109.250981595092
104.511687116564	104.512147239264	105.309141104294	105.293343558282	105.156380368098	105.50708588957	105.240736196319	104.944509202454	NaN	106.336319018405	105.946871165644	106.27509202454	105.539171779141	105.569754601227	105.605920245399	105.298619631902	104.816257668712	104.717024539877	104.745858895706	104.754294478528	104.820552147239	104.579263803681	104.664969325153	104.70509202454	104.798374233129	104.691411042945	104.576871165644	104.600582822086	104.749202453988	104.37518404908	104.381656441718	104.706165644172
130.713220858896	130.727147239264	131.305306748466	131.24217791411	131.215521472393	131.485490797546	131.294447852761	131.736257668712	129.757852760736	NaN	132.419693251534	132.249693251534	131.553067484663	131.764969325153	131.916809815951	131.696104294478	130.811012269939	130.819601226994	130.793588957055	130.832515337423	130.940889570552	130.627607361963	130.655122699387	130.823282208589	130.798742331288	130.742085889571	130.606595092024	130.909325153374	130.801042944785	130.464233128834	130.501932515337	130.639631901841
166.276134969325	166.305766871166	166.894662576687	166.843711656442	166.900552147239	167.035490797546	166.863803680982	167.370582822086	167.901840490798	166.696625766871	NaN	168.958466257669	167.486993865031	167.590644171779	167.838619631902	167.422300613497	166.537576687117	166.706104294478	166.649846625767	166.636012269939	166.802791411043	166.544171779141	166.450460122699	166.598650306748	166.711073619632	166.507883435583	166.459509202454	166.557239263804	166.516411042945	166.206533742331	166.306687116564	166.533312883436
130.060674846626	129.93509202454	130.49527607362	130.617852760736	130.422883435583	130.808404907976	130.461748466258	130.852055214724	131.107392638037	130.867085889571	130.953619631902	NaN	131.851932515337	131.218834355828	131.372147239264	131.024233128834	130.288466257669	130.194693251534	130.122515337423	130.305766871166	130.404049079755	129.969447852761	130.046963190184	130.089386503067	130.218773006135	130.087024539877	129.990122699387	130.157392638037	130.147607361963	129.794171779141	129.991779141104	130.011871165644
168.070030674847	168.235736196319	168.842607361963	168.665644171779	168.700766871166	168.879478527607	168.645460122699	169.187147239264	169.471226993865	169.091226993865	169.460429447853	169.261319018405	NaN	170.11791411043	169.800337423313	169.49018404908	168.599263803681	168.536748466258	168.568374233129	168.689662576687	168.850981595092	168.619938650307	168.553558282208	168.614417177914	168.523067484663	168.553159509202	168.254754601227	168.422116564417	168.296871165644	167.984938650307	167.976411042945	168.238159509202
127.881871165644	127.867883435583	128.506226993865	128.488343558282	128.438957055215	128.743159509202	128.563466257669	128.786901840491	129.170521472393	128.739754601227	129.175889570552	129.729969325153	128.842147239264	NaN	130.273957055215	129.255766871166	128.338159509202	128.446165644172	128.465552147239	128.511073619632	128.562239263804	128.24745398773	128.279509202454	128.53018404908	128.414601226994	128.272055214724	128.260122699387	128.256380368098	128.27773006135	127.925644171779	127.985736196319	128.315030674847
138.059049079755	138.317024539877	138.735122699386	138.761380368098	138.590214723926	138.778466257669	138.67981595092	139.142852760736	139.481472392638	139.057239263804	139.290306748466	139.981319018405	139.301411042945	138.808895705522	NaN	140.116134969325	138.522607361963	138.579141104295	138.35273006135	138.475858895706	138.629693251534	138.320490797546	138.295521472393	138.419325153374	138.438865030675	138.263251533742	138.302883435583	138.416165644172	138.299110429448	137.974969325153	137.986134969325	138.400889570552
145.29509202454	145.364938650307	145.936288343558	145.911319018405	145.915552147239	146.032055214724	145.778619631902	146.191134969325	146.496993865031	146.167515337423	146.380613496933	147.100030674847	146.382024539877	146.591411042945	146.198987730061	NaN	145.837300613497	145.710920245399	145.813711656442	145.721963190184	145.797024539877	145.54791411043	145.547576687117	145.683435582822	145.569171779141	145.559693251534	145.543496932515	145.625368098159	145.504785276074	145.203128834356	145.270429447853	145.708834355828
152.450061349693	152.440245398773	152.258773006135	152.196717791411	152.108803680982	152.291564417178	152.516717791411	152.576042944785	152.766687116565	152.542208588957	152.27472392638	152.485521472393	152.447791411043	152.429294478528	152.51518404908	151.068312883436	NaN	154.62745398773	153.921595092025	154.261595092025	154.210306748466	153.337239263804	153.601779141104	153.757208588957	153.313190184049	153.310460122699	153.151165644172	153.135306748466	153.113680981595	152.366717791411	152.273251533742	152.533220858896
120.128374233129	119.947423312883	120.372668711656	120.357699386503	120.133895705521	120.247331288343	120.102300613497	120.370368098159	120.596319018405	120.403957055215	120.489662576687	120.633036809816	120.457331288344	120.446441717791	120.65018404908	120.508036809816	121.564417177914	NaN	122.801380368098	122.136226993865	122.309386503068	121.54018404908	121.473282208589	121.687208588957	121.526134969325	121.240950920245	121.156441717792	121.061441717791	121.04981595092	120.282300613497	120.196779141104	120.613834355828
130.214601226994	130.17763803681	130.437515337423	130.317484662577	130.150736196319	130.109754601227	130.088650306748	130.473190184049	130.531840490797	130.495736196319	130.293067484663	130.436687116564	130.198128834356	130.561104294479	130.714294478528	130.839386503067	131.93745398773	132.010306748466	NaN	133.020828220859	132.30726993865	131.632239263804	131.506533742331	131.75009202454	131.449233128834	131.174018404908	131.030153374233	130.825674846626	130.658558282209	130.133343558282	130.101257668712	130.389509202454
115.985858895705	115.84472392638	116.060030674847	115.972576687117	115.878404907975	115.931349693252	115.803282208589	115.860705521472	116.421809815951	116.345460122699	116.266993865031	116.467024539877	116.306717791411	116.306411042945	116.391257668712	116.365306748466	118.064631901841	118.271104294478	118.007116564417	NaN	119.23990797546	117.839754601227	117.642607361963	117.999049079755	117.733098159509	117.613895705521	117.415920245399	117.398895705522	117.187239263804	116.501472392638	116.336319018405	116.529662576687
128.655552147239	128.491165644172	128.717423312883	128.71981595092	128.541687116564	128.533895705521	128.446993865031	128.747607361963	129.013404907975	128.719785276074	128.834202453988	129.010398773006	128.810797546012	128.872208588957	128.744846625767	128.782116564417	130.386993865031	130.544969325153	130.773834355828	130.438742331288	NaN	131.210613496932	130.226319018405	130.645337423313	130.43226993865	130.098496932515	129.812423312884	129.931779141104	129.803865030675	128.974754601227	128.738312883436	129.263251533742
136.02963190184	135.885552147239	136.027331288344	135.830889570552	135.809417177914	135.908680981595	135.755245398773	135.955582822086	136.358895705521	136.197484662577	136.207914110429	136.386656441718	136.298650306749	136.356349693252	136.354846625767	136.345582822086	137.767024539877	138.063650306748	138.009171779141	138.283711656442	137.811993865031	NaN	138.466748466258	138.258742331288	137.784325153374	137.499294478528	137.321165644172	137.444693251534	137.355736196319	136.380644171779	136.332791411043	136.553404907975
160.215490797546	160.098680981595	160.086687116564	160.176564417178	159.984386503068	160.085644171779	159.797331288343	160.134570552147	160.59027607362	160.336656441718	160.285644171779	160.296042944785	160.233343558282	160.165705521472	160.538435582822	160.197883435583	162.120245398773	161.927055214724	162.085214723926	162.232699386503	162.579233128834	161.330122699387	NaN	162.992208588957	161.875920245399	161.746993865031	161.718650306748	161.503865030675	161.590122699387	160.798282208589	160.487300613497	160.764785276074
122.200736196319	122.278036809816	122.331165644172	122.434631901841	122.289417177914	122.450766871166	122.379754601227	122.487914110429	122.989417177914	122.647300613497	122.739785276074	123.076349693251	122.736809815951	122.812699386503	122.819018404908	122.85481595092	124.438312883436	124.481840490798	124.617699386503	124.840889570552	124.863803680982	124.612392638037	123.983527607362	NaN	124.515214723926	124.24226993865	124.007760736196	123.884417177914	123.849570552147	122.905306748466	122.771042944785	123.195122699386
107.704785276074	107.619355828221	108.007331288344	107.661257668712	107.675	107.684202453988	107.606871165644	107.796165644172	108.231165644172	107.872300613497	107.815337423313	107.923312883436	107.854325153374	107.963496932515	107.81472392638	107.776901840491	108.732852760736	108.829079754601	109.064662576687	109.239601226994	109.327484662577	108.983312883436	108.713190184049	108.382668711656	NaN	109.525889570552	108.948036809816	109.059785276074	108.745061349693	108.006871165644	107.886472392638	108.539478527607
144.571533742331	144.465582822086	144.702331288344	144.52773006135	144.441932515337	144.582024539877	144.495306748466	144.508803680982	144.578803680981	144.525552147239	144.692699386503	144.742852760736	144.39463190184	144.450122699387	144.462300613497	144.42782208589	145.011901840491	145.199693251534	145.408374233129	145.595705521472	145.74273006135	145.311595092025	145.341779141104	145.869263803681	145.075889570552	NaN	146.00009202454	145.479846625767	145.514785276074	144.745030674847	144.743558282209	145.348312883436
144.579355828221	144.473496932515	144.682331288344	144.63	144.575644171779	144.658006134969	144.529478527607	144.829969325153	144.726717791411	144.625214723926	144.437423312883	144.81717791411	144.566257668712	144.61527607362	144.796134969325	144.645122699386	145.189601226994	145.335306748466	145.431042944785	145.608282208589	145.705337423313	145.38027607362	145.352239263804	145.874233128834	145.929877300614	145.023987730061	NaN	146.502576687117	145.865	145.055337423313	144.793650306748	145.64036809816
151.854355828221	151.911625766871	152.133803680982	152.061319018405	151.99208588957	151.996687116564	152.058404907976	152.061932515337	152.011042944785	151.947331288344	151.990460122699	152.049263803681	151.900061349693	151.867392638037	151.548128834356	151.53018404908	151.860214723926	152.08509202454	152.105950920245	152.391748466258	152.626748466258	152.112515337423	152.214386503067	152.632484662577	152.600490797546	152.463803680981	152.436656441718	NaN	153.440460122699	151.901625766871	151.911871165644	152.667239263804
116.456472392638	116.264693251534	116.387607361963	116.391472392638	116.377024539877	116.103159509202	116.184049079755	116.356319018405	116.564785276074	116.404355828221	116.384693251534	116.661564417178	116.326042944785	116.269938650307	116.494202453988	116.298680981595	116.607300613497	116.658036809816	116.875828220859	116.929693251534	117.106134969325	116.865950920245	116.752668711656	117.307085889571	117.325766871166	116.842515337423	117.125613496933	117.061319018405	NaN	117.042944785276	116.756441717791	117.441134969325
206.916380368098	206.081748466257	207.120705521472	207.119846625767	206.783374233129	206.275490797546	206.889877300614	206.949785276074	207.626871165644	207.195245398773	207.326533742331	207.533865030675	206.843067484663	206.908067484663	206.72963190184	206.715736196319	206.939539877301	206.889171779141	207.47736196319	206.991871165644	207.58726993865	207.633742331288	206.889877300613	207.574325153374	208.481932515337	208.250245398773	207.945153374233	208.489693251534	207.672975460123	NaN	208.512024539877	208.974601226994
196.696809815951	196.938404907975	197.070368098159	196.660705521473	196.958650306749	196.924509202454	196.390429447853	196.91018404908	197.287515337423	197.024662576687	197.333619631902	197.575214723926	197.305736196319	197.094386503068	197.186564417178	197.189601226994	197.62282208589	197.745920245399	197.833435582822	197.941441717791	198.23509202454	197.87263803681	198.03273006135	197.871932515337	197.989386503067	197.70726993865	197.871932515338	197.862239263804	198.202515337423	196.489631901841	NaN	199.084877300614
90.3758895705522	90.4150613496932	90.7139877300613	90.616717791411	90.2839263803681	90.4233742331289	90.3308588957055	90.4449693251534	92.053036809816	91.8358588957054	91.9503067484662	92.1624233128834	91.8394785276074	91.6856134969325	92.0860736196318	91.747944785276	91.7437423312884	91.5843558282208	91.9142024539877	91.9307055214723	91.9768711656441	91.779263803681	91.8634049079755	92.2427607361963	92.8284049079754	92.4194171779141	92.5680674846625	92.8322699386503	93.0707361963191	92.3968098159509	92.4572392638037	NaN
