# ASIC configuration for the measurements:
# ------------------------------------------------------------------------------
# Mode = 000 
# Bias = 0101 
# CSArefs = 0111 
# Shaper = 010 
# Leakage mask = 00000000000000000000000000000000 
# Discr. enable mask = 11111111111111111111111111111111 
# Calibration mask = 00000000000000000000000000000000 
# Threshold = 255 
# FineTHR[0] = 011 
# FineTHR[1] = 011 
# FineTHR[2] = 011 
# FineTHR[3] = 011 
# FineTHR[4] = 011 
# FineTHR[5] = 011 
# FineTHR[6] = 011 
# FineTHR[7] = 011 
# FineTHR[8] = 011 
# FineTHR[9] = 011 
# FineTHR[10] = 011 
# FineTHR[11] = 011 
# FineTHR[12] = 011 
# FineTHR[13] = 011 
# FineTHR[14] = 011 
# FineTHR[15] = 011 
# FineTHR[16] = 011 
# FineTHR[17] = 011 
# FineTHR[18] = 011 
# FineTHR[19] = 011 
# FineTHR[20] = 011 
# FineTHR[21] = 011 
# FineTHR[22] = 011 
# FineTHR[23] = 011 
# FineTHR[24] = 011 
# FineTHR[25] = 011 
# FineTHR[26] = 011 
# FineTHR[27] = 011 
# FineTHR[28] = 011 
# FineTHR[29] = 011 
# FineTHR[30] = 011 
# FineTHR[31] = 011 
# ------------------------------------------------------------------------------
# Event data block #1
# Threshold	DAC	Events	Triggered	CH#
200	0	1000	0	0
200	0	1000	0	1
200	0	1000	0	2
200	0	1000	0	3
200	0	1000	1	4
200	0	1000	0	5
200	0	1000	0	6
200	0	1000	1	7
200	0	1000	0	8
200	0	1000	0	9
200	0	1000	0	10
200	0	1000	0	11
200	0	1000	0	12
200	0	1000	0	13
200	0	1000	0	14
200	0	1000	0	15
200	0	1000	0	16
200	0	1000	0	17
200	0	1000	0	18
200	0	1000	0	19
200	0	1000	0	20
200	0	1000	0	21
200	0	1000	0	22
200	0	1000	0	23
200	0	1000	0	24
200	0	1000	0	25
200	0	1000	0	26
200	0	1000	0	27
200	0	1000	0	28
200	0	1000	0	29
200	0	1000	0	30
200	0	1000	0	31
# Event data block #2
# Threshold	DAC	Events	Triggered	CH#
201	0	1000	0	0
201	0	1000	0	1
201	0	1000	0	2
201	0	1000	0	3
201	0	1000	1	4
201	0	1000	0	5
201	0	1000	0	6
201	0	1000	0	7
201	0	1000	0	8
201	0	1000	0	9
201	0	1000	0	10
201	0	1000	0	11
201	0	1000	0	12
201	0	1000	0	13
201	0	1000	0	14
201	0	1000	0	15
201	0	1000	0	16
201	0	1000	0	17
201	0	1000	0	18
201	0	1000	0	19
201	0	1000	0	20
201	0	1000	0	21
201	0	1000	0	22
201	0	1000	0	23
201	0	1000	0	24
201	0	1000	0	25
201	0	1000	0	26
201	0	1000	0	27
201	0	1000	0	28
201	0	1000	0	29
201	0	1000	0	30
201	0	1000	0	31
# Event data block #3
# Threshold	DAC	Events	Triggered	CH#
202	0	1000	0	0
202	0	1000	0	1
202	0	1000	0	2
202	0	1000	0	3
202	0	1000	6	4
202	0	1000	0	5
202	0	1000	0	6
202	0	1000	2	7
202	0	1000	0	8
202	0	1000	0	9
202	0	1000	0	10
202	0	1000	0	11
202	0	1000	0	12
202	0	1000	0	13
202	0	1000	0	14
202	0	1000	0	15
202	0	1000	0	16
202	0	1000	0	17
202	0	1000	0	18
202	0	1000	0	19
202	0	1000	0	20
202	0	1000	0	21
202	0	1000	0	22
202	0	1000	1	23
202	0	1000	0	24
202	0	1000	0	25
202	0	1000	0	26
202	0	1000	0	27
202	0	1000	0	28
202	0	1000	0	29
202	0	1000	0	30
202	0	1000	0	31
# Event data block #4
# Threshold	DAC	Events	Triggered	CH#
203	0	1000	0	0
203	0	1000	0	1
203	0	1000	0	2
203	0	1000	0	3
203	0	1000	7	4
203	0	1000	0	5
203	0	1000	0	6
203	0	1000	2	7
203	0	1000	0	8
203	0	1000	0	9
203	0	1000	0	10
203	0	1000	0	11
203	0	1000	0	12
203	0	1000	0	13
203	0	1000	0	14
203	0	1000	0	15
203	0	1000	0	16
203	0	1000	0	17
203	0	1000	0	18
203	0	1000	0	19
203	0	1000	0	20
203	0	1000	0	21
203	0	1000	0	22
203	0	1000	1	23
203	0	1000	0	24
203	0	1000	0	25
203	0	1000	0	26
203	0	1000	0	27
203	0	1000	0	28
203	0	1000	0	29
203	0	1000	0	30
203	0	1000	0	31
# Event data block #5
# Threshold	DAC	Events	Triggered	CH#
204	0	1000	0	0
204	0	1000	0	1
204	0	1000	0	2
204	0	1000	0	3
204	0	1000	7	4
204	0	1000	0	5
204	0	1000	0	6
204	0	1000	4	7
204	0	1000	0	8
204	0	1000	0	9
204	0	1000	0	10
204	0	1000	0	11
204	0	1000	0	12
204	0	1000	2	13
204	0	1000	1	14
204	0	1000	0	15
204	0	1000	0	16
204	0	1000	0	17
204	0	1000	0	18
204	0	1000	0	19
204	0	1000	2	20
204	0	1000	0	21
204	0	1000	0	22
204	0	1000	4	23
204	0	1000	0	24
204	0	1000	0	25
204	0	1000	0	26
204	0	1000	0	27
204	0	1000	0	28
204	0	1000	0	29
204	0	1000	1	30
204	0	1000	0	31
# Event data block #6
# Threshold	DAC	Events	Triggered	CH#
205	0	1000	1	0
205	0	1000	0	1
205	0	1000	1	2
205	0	1000	0	3
205	0	1000	9	4
205	0	1000	0	5
205	0	1000	0	6
205	0	1000	5	7
205	0	1000	0	8
205	0	1000	0	9
205	0	1000	0	10
205	0	1000	0	11
205	0	1000	0	12
205	0	1000	4	13
205	0	1000	0	14
205	0	1000	0	15
205	0	1000	0	16
205	0	1000	0	17
205	0	1000	0	18
205	0	1000	0	19
205	0	1000	4	20
205	0	1000	0	21
205	0	1000	0	22
205	0	1000	5	23
205	0	1000	0	24
205	0	1000	0	25
205	0	1000	0	26
205	0	1000	0	27
205	0	1000	0	28
205	0	1000	0	29
205	0	1000	0	30
205	0	1000	0	31
# Event data block #7
# Threshold	DAC	Events	Triggered	CH#
206	0	1000	3	0
206	0	1000	3	1
206	0	1000	5	2
206	0	1000	4	3
206	0	1000	18	4
206	0	1000	0	5
206	0	1000	0	6
206	0	1000	15	7
206	0	1000	0	8
206	0	1000	0	9
206	0	1000	0	10
206	0	1000	0	11
206	0	1000	0	12
206	0	1000	12	13
206	0	1000	5	14
206	0	1000	0	15
206	0	1000	0	16
206	0	1000	0	17
206	0	1000	0	18
206	0	1000	0	19
206	0	1000	12	20
206	0	1000	0	21
206	0	1000	0	22
206	0	1000	13	23
206	0	1000	0	24
206	0	1000	0	25
206	0	1000	0	26
206	0	1000	0	27
206	0	1000	0	28
206	0	1000	0	29
206	0	1000	2	30
206	0	1000	0	31
# Event data block #8
# Threshold	DAC	Events	Triggered	CH#
207	0	1000	4	0
207	0	1000	4	1
207	0	1000	4	2
207	0	1000	2	3
207	0	1000	14	4
207	0	1000	0	5
207	0	1000	0	6
207	0	1000	9	7
207	0	1000	0	8
207	0	1000	0	9
207	0	1000	0	10
207	0	1000	0	11
207	0	1000	0	12
207	0	1000	10	13
207	0	1000	4	14
207	0	1000	0	15
207	0	1000	0	16
207	0	1000	0	17
207	0	1000	0	18
207	0	1000	1	19
207	0	1000	12	20
207	0	1000	0	21
207	0	1000	0	22
207	0	1000	14	23
207	0	1000	0	24
207	0	1000	0	25
207	0	1000	0	26
207	0	1000	0	27
207	0	1000	0	28
207	0	1000	0	29
207	0	1000	4	30
207	0	1000	0	31
# Event data block #9
# Threshold	DAC	Events	Triggered	CH#
208	0	1000	4	0
208	0	1000	3	1
208	0	1000	5	2
208	0	1000	2	3
208	0	1000	9	4
208	0	1000	1	5
208	0	1000	1	6
208	0	1000	7	7
208	0	1000	0	8
208	0	1000	1	9
208	0	1000	1	10
208	0	1000	1	11
208	0	1000	1	12
208	0	1000	5	13
208	0	1000	3	14
208	0	1000	1	15
208	0	1000	1	16
208	0	1000	0	17
208	0	1000	1	18
208	0	1000	2	19
208	0	1000	7	20
208	0	1000	0	21
208	0	1000	1	22
208	0	1000	13	23
208	0	1000	1	24
208	0	1000	1	25
208	0	1000	1	26
208	0	1000	0	27
208	0	1000	1	28
208	0	1000	1	29
208	0	1000	3	30
208	0	1000	0	31
# Event data block #10
# Threshold	DAC	Events	Triggered	CH#
209	0	1000	6	0
209	0	1000	7	1
209	0	1000	8	2
209	0	1000	5	3
209	0	1000	19	4
209	0	1000	0	5
209	0	1000	0	6
209	0	1000	15	7
209	0	1000	0	8
209	0	1000	3	9
209	0	1000	0	10
209	0	1000	0	11
209	0	1000	4	12
209	0	1000	15	13
209	0	1000	8	14
209	0	1000	0	15
209	0	1000	0	16
209	0	1000	0	17
209	0	1000	0	18
209	0	1000	5	19
209	0	1000	15	20
209	0	1000	0	21
209	0	1000	5	22
209	0	1000	22	23
209	0	1000	0	24
209	0	1000	6	25
209	0	1000	0	26
209	0	1000	0	27
209	0	1000	3	28
209	0	1000	4	29
209	0	1000	8	30
209	0	1000	0	31
# Event data block #11
# Threshold	DAC	Events	Triggered	CH#
210	0	1000	8	0
210	0	1000	8	1
210	0	1000	11	2
210	0	1000	6	3
210	0	1000	27	4
210	0	1000	0	5
210	0	1000	0	6
210	0	1000	21	7
210	0	1000	0	8
210	0	1000	1	9
210	0	1000	0	10
210	0	1000	0	11
210	0	1000	5	12
210	0	1000	24	13
210	0	1000	10	14
210	0	1000	1	15
210	0	1000	0	16
210	0	1000	0	17
210	0	1000	0	18
210	0	1000	8	19
210	0	1000	30	20
210	0	1000	0	21
210	0	1000	7	22
210	0	1000	39	23
210	0	1000	0	24
210	0	1000	8	25
210	0	1000	0	26
210	0	1000	0	27
210	0	1000	3	28
210	0	1000	4	29
210	0	1000	10	30
210	0	1000	0	31
# Event data block #12
# Threshold	DAC	Events	Triggered	CH#
211	0	1000	16	0
211	0	1000	15	1
211	0	1000	18	2
211	0	1000	15	3
211	0	1000	38	4
211	0	1000	0	5
211	0	1000	0	6
211	0	1000	30	7
211	0	1000	0	8
211	0	1000	6	9
211	0	1000	0	10
211	0	1000	0	11
211	0	1000	9	12
211	0	1000	42	13
211	0	1000	17	14
211	0	1000	3	15
211	0	1000	1	16
211	0	1000	0	17
211	0	1000	0	18
211	0	1000	15	19
211	0	1000	49	20
211	0	1000	0	21
211	0	1000	13	22
211	0	1000	62	23
211	0	1000	0	24
211	0	1000	14	25
211	0	1000	0	26
211	0	1000	0	27
211	0	1000	8	28
211	0	1000	8	29
211	0	1000	16	30
211	0	1000	0	31
# Event data block #13
# Threshold	DAC	Events	Triggered	CH#
212	0	1000	16	0
212	0	1000	15	1
212	0	1000	22	2
212	0	1000	15	3
212	0	1000	42	4
212	0	1000	1	5
212	0	1000	1	6
212	0	1000	38	7
212	0	1000	1	8
212	0	1000	8	9
212	0	1000	2	10
212	0	1000	1	11
212	0	1000	11	12
212	0	1000	57	13
212	0	1000	17	14
212	0	1000	5	15
212	0	1000	5	16
212	0	1000	1	17
212	0	1000	1	18
212	0	1000	22	19
212	0	1000	65	20
212	0	1000	1	21
212	0	1000	19	22
212	0	1000	73	23
212	0	1000	5	24
212	0	1000	18	25
212	0	1000	2	26
212	0	1000	1	27
212	0	1000	12	28
212	0	1000	12	29
212	0	1000	21	30
212	0	1000	0	31
# Event data block #14
# Threshold	DAC	Events	Triggered	CH#
213	0	1000	13	0
213	0	1000	16	1
213	0	1000	28	2
213	0	1000	14	3
213	0	1000	55	4
213	0	1000	0	5
213	0	1000	0	6
213	0	1000	50	7
213	0	1000	0	8
213	0	1000	7	9
213	0	1000	0	10
213	0	1000	0	11
213	0	1000	9	12
213	0	1000	74	13
213	0	1000	21	14
213	0	1000	3	15
213	0	1000	1	16
213	0	1000	0	17
213	0	1000	0	18
213	0	1000	28	19
213	0	1000	84	20
213	0	1000	0	21
213	0	1000	24	22
213	0	1000	120	23
213	0	1000	1	24
213	0	1000	23	25
213	0	1000	0	26
213	0	1000	0	27
213	0	1000	9	28
213	0	1000	10	29
213	0	1000	23	30
213	0	1000	0	31
# Event data block #15
# Threshold	DAC	Events	Triggered	CH#
214	0	1000	20	0
214	0	1000	26	1
214	0	1000	36	2
214	0	1000	20	3
214	0	1000	56	4
214	0	1000	1	5
214	0	1000	0	6
214	0	1000	56	7
214	0	1000	0	8
214	0	1000	12	9
214	0	1000	0	10
214	0	1000	1	11
214	0	1000	20	12
214	0	1000	100	13
214	0	1000	27	14
214	0	1000	10	15
214	0	1000	6	16
214	0	1000	0	17
214	0	1000	0	18
214	0	1000	41	19
214	0	1000	131	20
214	0	1000	0	21
214	0	1000	36	22
214	0	1000	381	23
214	0	1000	7	24
214	0	1000	33	25
214	0	1000	2	26
214	0	1000	0	27
214	0	1000	19	28
214	0	1000	19	29
214	0	1000	32	30
214	0	1000	0	31
# Event data block #16
# Threshold	DAC	Events	Triggered	CH#
215	0	1000	17	0
215	0	1000	20	1
215	0	1000	29	2
215	0	1000	18	3
215	0	1000	42	4
215	0	1000	0	5
215	0	1000	1	6
215	0	1000	45	7
215	0	1000	0	8
215	0	1000	11	9
215	0	1000	1	10
215	0	1000	2	11
215	0	1000	18	12
215	0	1000	213	13
215	0	1000	23	14
215	0	1000	9	15
215	0	1000	6	16
215	0	1000	0	17
215	0	1000	1	18
215	0	1000	43	19
215	0	1000	446	20
215	0	1000	0	21
215	0	1000	37	22
215	0	1000	805	23
215	0	1000	7	24
215	0	1000	30	25
215	0	1000	3	26
215	0	1000	0	27
215	0	1000	15	28
215	0	1000	14	29
215	0	1000	28	30
215	0	1000	0	31
# Event data block #17
# Threshold	DAC	Events	Triggered	CH#
216	0	1000	27	0
216	0	1000	33	1
216	0	1000	45	2
216	0	1000	31	3
216	0	1000	71	4
216	0	1000	4	5
216	0	1000	2	6
216	0	1000	70	7
216	0	1000	0	8
216	0	1000	24	9
216	0	1000	3	10
216	0	1000	4	11
216	0	1000	37	12
216	0	1000	696	13
216	0	1000	45	14
216	0	1000	22	15
216	0	1000	13	16
216	0	1000	0	17
216	0	1000	1	18
216	0	1000	75	19
216	0	1000	832	20
216	0	1000	0	21
216	0	1000	71	22
216	0	1000	917	23
216	0	1000	16	24
216	0	1000	58	25
216	0	1000	9	26
216	0	1000	0	27
216	0	1000	32	28
216	0	1000	31	29
216	0	1000	53	30
216	0	1000	0	31
# Event data block #18
# Threshold	DAC	Events	Triggered	CH#
217	0	1000	29	0
217	0	1000	50	1
217	0	1000	60	2
217	0	1000	39	3
217	0	1000	102	4
217	0	1000	5	5
217	0	1000	2	6
217	0	1000	112	7
217	0	1000	0	8
217	0	1000	25	9
217	0	1000	4	10
217	0	1000	5	11
217	0	1000	50	12
217	0	1000	866	13
217	0	1000	58	14
217	0	1000	22	15
217	0	1000	14	16
217	0	1000	0	17
217	0	1000	5	18
217	0	1000	213	19
217	0	1000	900	20
217	0	1000	0	21
217	0	1000	171	22
217	0	1000	921	23
217	0	1000	17	24
217	0	1000	87	25
217	0	1000	11	26
217	0	1000	1	27
217	0	1000	41	28
217	0	1000	33	29
217	0	1000	70	30
217	0	1000	0	31
# Event data block #19
# Threshold	DAC	Events	Triggered	CH#
218	0	1000	34	0
218	0	1000	34	1
218	0	1000	50	2
218	0	1000	30	3
218	0	1000	141	4
218	0	1000	5	5
218	0	1000	4	6
218	0	1000	191	7
218	0	1000	0	8
218	0	1000	25	9
218	0	1000	5	10
218	0	1000	6	11
218	0	1000	48	12
218	0	1000	928	13
218	0	1000	47	14
218	0	1000	28	15
218	0	1000	19	16
218	0	1000	0	17
218	0	1000	6	18
218	0	1000	662	19
218	0	1000	940	20
218	0	1000	0	21
218	0	1000	652	22
218	0	1000	952	23
218	0	1000	23	24
218	0	1000	177	25
218	0	1000	11	26
218	0	1000	0	27
218	0	1000	42	28
218	0	1000	33	29
218	0	1000	79	30
218	0	1000	0	31
# Event data block #20
# Threshold	DAC	Events	Triggered	CH#
219	0	1000	32	0
219	0	1000	49	1
219	0	1000	74	2
219	0	1000	38	3
219	0	1000	320	4
219	0	1000	8	5
219	0	1000	9	6
219	0	1000	518	7
219	0	1000	2	8
219	0	1000	35	9
219	0	1000	9	10
219	0	1000	10	11
219	0	1000	78	12
219	0	1000	935	13
219	0	1000	60	14
219	0	1000	41	15
219	0	1000	22	16
219	0	1000	2	17
219	0	1000	11	18
219	0	1000	884	19
219	0	1000	942	20
219	0	1000	2	21
219	0	1000	894	22
219	0	1000	961	23
219	0	1000	36	24
219	0	1000	754	25
219	0	1000	17	26
219	0	1000	2	27
219	0	1000	61	28
219	0	1000	49	29
219	0	1000	211	30
219	0	1000	0	31
# Event data block #21
# Threshold	DAC	Events	Triggered	CH#
220	0	1000	60	0
220	0	1000	124	1
220	0	1000	243	2
220	0	1000	70	3
220	0	1000	683	4
220	0	1000	13	5
220	0	1000	12	6
220	0	1000	802	7
220	0	1000	1	8
220	0	1000	67	9
220	0	1000	14	10
220	0	1000	16	11
220	0	1000	366	12
220	0	1000	948	13
220	0	1000	172	14
220	0	1000	75	15
220	0	1000	35	16
220	0	1000	4	17
220	0	1000	20	18
220	0	1000	925	19
220	0	1000	957	20
220	0	1000	2	21
220	0	1000	929	22
220	0	1000	970	23
220	0	1000	65	24
220	0	1000	887	25
220	0	1000	28	26
220	0	1000	2	27
220	0	1000	218	28
220	0	1000	101	29
220	0	1000	747	30
220	0	1000	1	31
# Event data block #22
# Threshold	DAC	Events	Triggered	CH#
221	0	1000	42	0
221	0	1000	247	1
221	0	1000	562	2
221	0	1000	95	3
221	0	1000	823	4
221	0	1000	13	5
221	0	1000	13	6
221	0	1000	878	7
221	0	1000	7	8
221	0	1000	77	9
221	0	1000	16	10
221	0	1000	21	11
221	0	1000	797	12
221	0	1000	974	13
221	0	1000	457	14
221	0	1000	91	15
221	0	1000	51	16
221	0	1000	12	17
221	0	1000	25	18
221	0	1000	946	19
221	0	1000	976	20
221	0	1000	7	21
221	0	1000	948	22
221	0	1000	984	23
221	0	1000	85	24
221	0	1000	922	25
221	0	1000	38	26
221	0	1000	7	27
221	0	1000	701	28
221	0	1000	214	29
221	0	1000	864	30
221	0	1000	1	31
# Event data block #23
# Threshold	DAC	Events	Triggered	CH#
222	0	1000	60	0
222	0	1000	557	1
222	0	1000	796	2
222	0	1000	151	3
222	0	1000	877	4
222	0	1000	11	5
222	0	1000	15	6
222	0	1000	910	7
222	0	1000	7	8
222	0	1000	133	9
222	0	1000	19	10
222	0	1000	27	11
222	0	1000	890	12
222	0	1000	974	13
222	0	1000	768	14
222	0	1000	193	15
222	0	1000	62	16
222	0	1000	10	17
222	0	1000	39	18
222	0	1000	961	19
222	0	1000	977	20
222	0	1000	7	21
222	0	1000	961	22
222	0	1000	982	23
222	0	1000	184	24
222	0	1000	943	25
222	0	1000	53	26
222	0	1000	7	27
222	0	1000	872	28
222	0	1000	671	29
222	0	1000	915	30
222	0	1000	0	31
# Event data block #24
# Threshold	DAC	Events	Triggered	CH#
223	0	1000	95	0
223	0	1000	768	1
223	0	1000	842	2
223	0	1000	426	3
223	0	1000	890	4
223	0	1000	17	5
223	0	1000	21	6
223	0	1000	928	7
223	0	1000	8	8
223	0	1000	361	9
223	0	1000	25	10
223	0	1000	40	11
223	0	1000	921	12
223	0	1000	978	13
223	0	1000	868	14
223	0	1000	674	15
223	0	1000	86	16
223	0	1000	20	17
223	0	1000	56	18
223	0	1000	971	19
223	0	1000	982	20
223	0	1000	16	21
223	0	1000	971	22
223	0	1000	988	23
223	0	1000	706	24
223	0	1000	962	25
223	0	1000	74	26
223	0	1000	11	27
223	0	1000	923	28
223	0	1000	857	29
223	0	1000	928	30
223	0	1000	6	31
# Event data block #25
# Threshold	DAC	Events	Triggered	CH#
224	0	1000	239	0
224	0	1000	737	1
224	0	1000	826	2
224	0	1000	637	3
224	0	1000	909	4
224	0	1000	21	5
224	0	1000	23	6
224	0	1000	930	7
224	0	1000	16	8
224	0	1000	765	9
224	0	1000	23	10
224	0	1000	53	11
224	0	1000	937	12
224	0	1000	975	13
224	0	1000	913	14
224	0	1000	875	15
224	0	1000	204	16
224	0	1000	25	17
224	0	1000	85	18
224	0	1000	969	19
224	0	1000	981	20
224	0	1000	21	21
224	0	1000	971	22
224	0	1000	987	23
224	0	1000	887	24
224	0	1000	960	25
224	0	1000	163	26
224	0	1000	17	27
224	0	1000	935	28
224	0	1000	918	29
224	0	1000	942	30
224	0	1000	1	31
# Event data block #26
# Threshold	DAC	Events	Triggered	CH#
225	0	1000	286	0
225	0	1000	753	1
225	0	1000	879	2
225	0	1000	670	3
225	0	1000	931	4
225	0	1000	28	5
225	0	1000	37	6
225	0	1000	955	7
225	0	1000	25	8
225	0	1000	872	9
225	0	1000	42	10
225	0	1000	73	11
225	0	1000	960	12
225	0	1000	988	13
225	0	1000	932	14
225	0	1000	922	15
225	0	1000	595	16
225	0	1000	51	17
225	0	1000	270	18
225	0	1000	986	19
225	0	1000	991	20
225	0	1000	35	21
225	0	1000	985	22
225	0	1000	994	23
225	0	1000	929	24
225	0	1000	975	25
225	0	1000	473	26
225	0	1000	26	27
225	0	1000	960	28
225	0	1000	937	29
225	0	1000	959	30
225	0	1000	3	31
# Event data block #27
# Threshold	DAC	Events	Triggered	CH#
226	0	1000	317	0
226	0	1000	819	1
226	0	1000	921	2
226	0	1000	732	3
226	0	1000	939	4
226	0	1000	33	5
226	0	1000	51	6
226	0	1000	950	7
226	0	1000	27	8
226	0	1000	899	9
226	0	1000	54	10
226	0	1000	135	11
226	0	1000	963	12
226	0	1000	986	13
226	0	1000	931	14
226	0	1000	922	15
226	0	1000	834	16
226	0	1000	69	17
226	0	1000	751	18
226	0	1000	986	19
226	0	1000	987	20
226	0	1000	59	21
226	0	1000	986	22
226	0	1000	992	23
226	0	1000	936	24
226	0	1000	979	25
226	0	1000	813	26
226	0	1000	23	27
226	0	1000	958	28
226	0	1000	939	29
226	0	1000	960	30
226	0	1000	7	31
# Event data block #28
# Threshold	DAC	Events	Triggered	CH#
227	0	1000	393	0
227	0	1000	916	1
227	0	1000	944	2
227	0	1000	880	3
227	0	1000	946	4
227	0	1000	37	5
227	0	1000	79	6
227	0	1000	958	7
227	0	1000	38	8
227	0	1000	928	9
227	0	1000	76	10
227	0	1000	458	11
227	0	1000	968	12
227	0	1000	993	13
227	0	1000	940	14
227	0	1000	946	15
227	0	1000	902	16
227	0	1000	171	17
227	0	1000	902	18
227	0	1000	994	19
227	0	1000	996	20
227	0	1000	93	21
227	0	1000	994	22
227	0	1000	999	23
227	0	1000	955	24
227	0	1000	984	25
227	0	1000	907	26
227	0	1000	34	27
227	0	1000	967	28
227	0	1000	952	29
227	0	1000	967	30
227	0	1000	25	31
# Event data block #29
# Threshold	DAC	Events	Triggered	CH#
228	0	1000	405	0
228	0	1000	938	1
228	0	1000	949	2
228	0	1000	908	3
228	0	1000	952	4
228	0	1000	50	5
228	0	1000	157	6
228	0	1000	962	7
228	0	1000	73	8
228	0	1000	928	9
228	0	1000	101	10
228	0	1000	754	11
228	0	1000	979	12
228	0	1000	997	13
228	0	1000	944	14
228	0	1000	950	15
228	0	1000	908	16
228	0	1000	608	17
228	0	1000	907	18
228	0	1000	998	19
228	0	1000	999	20
228	0	1000	274	21
228	0	1000	999	22
228	0	1000	1000	23
228	0	1000	962	24
228	0	1000	988	25
228	0	1000	906	26
228	0	1000	53	27
228	0	1000	976	28
228	0	1000	960	29
228	0	1000	976	30
228	0	1000	27	31
# Event data block #30
# Threshold	DAC	Events	Triggered	CH#
229	0	1000	424	0
229	0	1000	966	1
229	0	1000	969	2
229	0	1000	948	3
229	0	1000	969	4
229	0	1000	82	5
229	0	1000	355	6
229	0	1000	976	7
229	0	1000	106	8
229	0	1000	969	9
229	0	1000	149	10
229	0	1000	893	11
229	0	1000	986	12
229	0	1000	1000	13
229	0	1000	970	14
229	0	1000	980	15
229	0	1000	954	16
229	0	1000	893	17
229	0	1000	962	18
229	0	1000	1000	19
229	0	1000	1000	20
229	0	1000	799	21
229	0	1000	1000	22
229	0	1000	1000	23
229	0	1000	983	24
229	0	1000	997	25
229	0	1000	954	26
229	0	1000	73	27
229	0	1000	985	28
229	0	1000	982	29
229	0	1000	987	30
229	0	1000	52	31
# Event data block #31
# Threshold	DAC	Events	Triggered	CH#
230	0	1000	420	0
230	0	1000	983	1
230	0	1000	983	2
230	0	1000	968	3
230	0	1000	980	4
230	0	1000	129	5
230	0	1000	589	6
230	0	1000	988	7
230	0	1000	381	8
230	0	1000	981	9
230	0	1000	391	10
230	0	1000	948	11
230	0	1000	991	12
230	0	1000	999	13
230	0	1000	982	14
230	0	1000	987	15
230	0	1000	973	16
230	0	1000	955	17
230	0	1000	980	18
230	0	1000	999	19
230	0	1000	1000	20
230	0	1000	938	21
230	0	1000	998	22
230	0	1000	1000	23
230	0	1000	989	24
230	0	1000	997	25
230	0	1000	978	26
230	0	1000	132	27
230	0	1000	991	28
230	0	1000	987	29
230	0	1000	991	30
230	0	1000	50	31
# Event data block #32
# Threshold	DAC	Events	Triggered	CH#
231	0	1000	412	0
231	0	1000	980	1
231	0	1000	980	2
231	0	1000	971	3
231	0	1000	979	4
231	0	1000	231	5
231	0	1000	814	6
231	0	1000	983	7
231	0	1000	820	8
231	0	1000	976	9
231	0	1000	774	10
231	0	1000	956	11
231	0	1000	990	12
231	0	1000	1000	13
231	0	1000	976	14
231	0	1000	982	15
231	0	1000	973	16
231	0	1000	967	17
231	0	1000	975	18
231	0	1000	1000	19
231	0	1000	1000	20
231	0	1000	957	21
231	0	1000	1000	22
231	0	1000	1000	23
231	0	1000	990	24
231	0	1000	999	25
231	0	1000	973	26
231	0	1000	405	27
231	0	1000	990	28
231	0	1000	986	29
231	0	1000	990	30
231	0	1000	40	31
# Event data block #33
# Threshold	DAC	Events	Triggered	CH#
232	0	1000	404	0
232	0	1000	981	1
232	0	1000	982	2
232	0	1000	973	3
232	0	1000	981	4
232	0	1000	394	5
232	0	1000	897	6
232	0	1000	985	7
232	0	1000	907	8
232	0	1000	979	9
232	0	1000	867	10
232	0	1000	956	11
232	0	1000	991	12
232	0	1000	1000	13
232	0	1000	981	14
232	0	1000	985	15
232	0	1000	977	16
232	0	1000	971	17
232	0	1000	980	18
232	0	1000	1000	19
232	0	1000	1000	20
232	0	1000	963	21
232	0	1000	1000	22
232	0	1000	1000	23
232	0	1000	989	24
232	0	1000	998	25
232	0	1000	978	26
232	0	1000	809	27
232	0	1000	994	28
232	0	1000	987	29
232	0	1000	992	30
232	0	1000	80	31
# Event data block #34
# Threshold	DAC	Events	Triggered	CH#
233	0	1000	426	0
233	0	1000	970	1
233	0	1000	976	2
233	0	1000	962	3
233	0	1000	969	4
233	0	1000	651	5
233	0	1000	912	6
233	0	1000	982	7
233	0	1000	914	8
233	0	1000	975	9
233	0	1000	891	10
233	0	1000	957	11
233	0	1000	995	12
233	0	1000	998	13
233	0	1000	973	14
233	0	1000	984	15
233	0	1000	971	16
233	0	1000	972	17
233	0	1000	980	18
233	0	1000	998	19
233	0	1000	998	20
233	0	1000	962	21
233	0	1000	998	22
233	0	1000	1000	23
233	0	1000	993	24
233	0	1000	998	25
233	0	1000	974	26
233	0	1000	882	27
233	0	1000	994	28
233	0	1000	984	29
233	0	1000	994	30
233	0	1000	105	31
# Event data block #35
# Threshold	DAC	Events	Triggered	CH#
234	0	1000	404	0
234	0	1000	978	1
234	0	1000	981	2
234	0	1000	970	3
234	0	1000	977	4
234	0	1000	835	5
234	0	1000	941	6
234	0	1000	984	7
234	0	1000	941	8
234	0	1000	983	9
234	0	1000	918	10
234	0	1000	968	11
234	0	1000	999	12
234	0	1000	1000	13
234	0	1000	983	14
234	0	1000	991	15
234	0	1000	983	16
234	0	1000	983	17
234	0	1000	987	18
234	0	1000	1000	19
234	0	1000	1000	20
234	0	1000	976	21
234	0	1000	1000	22
234	0	1000	1000	23
234	0	1000	997	24
234	0	1000	1000	25
234	0	1000	983	26
234	0	1000	914	27
234	0	1000	998	28
234	0	1000	989	29
234	0	1000	997	30
234	0	1000	133	31
# Event data block #36
# Threshold	DAC	Events	Triggered	CH#
235	0	1000	401	0
235	0	1000	977	1
235	0	1000	979	2
235	0	1000	971	3
235	0	1000	975	4
235	0	1000	903	5
235	0	1000	955	6
235	0	1000	987	7
235	0	1000	961	8
235	0	1000	985	9
235	0	1000	937	10
235	0	1000	975	11
235	0	1000	998	12
235	0	1000	999	13
235	0	1000	981	14
235	0	1000	992	15
235	0	1000	982	16
235	0	1000	986	17
235	0	1000	991	18
235	0	1000	1000	19
235	0	1000	999	20
235	0	1000	982	21
235	0	1000	1000	22
235	0	1000	1000	23
235	0	1000	996	24
235	0	1000	999	25
235	0	1000	985	26
235	0	1000	945	27
235	0	1000	999	28
235	0	1000	993	29
235	0	1000	999	30
235	0	1000	151	31
# Event data block #37
# Threshold	DAC	Events	Triggered	CH#
236	0	1000	459	0
236	0	1000	994	1
236	0	1000	995	2
236	0	1000	992	3
236	0	1000	993	4
236	0	1000	922	5
236	0	1000	983	6
236	0	1000	998	7
236	0	1000	987	8
236	0	1000	999	9
236	0	1000	970	10
236	0	1000	994	11
236	0	1000	1000	12
236	0	1000	1000	13
236	0	1000	998	14
236	0	1000	1000	15
236	0	1000	1000	16
236	0	1000	1000	17
236	0	1000	1000	18
236	0	1000	1000	19
236	0	1000	1000	20
236	0	1000	1000	21
236	0	1000	1000	22
236	0	1000	1000	23
236	0	1000	1000	24
236	0	1000	1000	25
236	0	1000	1000	26
236	0	1000	979	27
236	0	1000	1000	28
236	0	1000	1000	29
236	0	1000	1000	30
236	0	1000	216	31
# Event data block #38
# Threshold	DAC	Events	Triggered	CH#
237	0	1000	550	0
237	0	1000	985	1
237	0	1000	987	2
237	0	1000	981	3
237	0	1000	983	4
237	0	1000	919	5
237	0	1000	968	6
237	0	1000	990	7
237	0	1000	979	8
237	0	1000	990	9
237	0	1000	966	10
237	0	1000	982	11
237	0	1000	999	12
237	0	1000	1000	13
237	0	1000	992	14
237	0	1000	998	15
237	0	1000	992	16
237	0	1000	997	17
237	0	1000	999	18
237	0	1000	1000	19
237	0	1000	1000	20
237	0	1000	993	21
237	0	1000	1000	22
237	0	1000	1000	23
237	0	1000	999	24
237	0	1000	1000	25
237	0	1000	993	26
237	0	1000	970	27
237	0	1000	999	28
237	0	1000	999	29
237	0	1000	999	30
237	0	1000	359	31
# Event data block #39
# Threshold	DAC	Events	Triggered	CH#
238	0	1000	607	0
238	0	1000	988	1
238	0	1000	991	2
238	0	1000	983	3
238	0	1000	990	4
238	0	1000	929	5
238	0	1000	973	6
238	0	1000	995	7
238	0	1000	989	8
238	0	1000	997	9
238	0	1000	969	10
238	0	1000	993	11
238	0	1000	1000	12
238	0	1000	1000	13
238	0	1000	996	14
238	0	1000	999	15
238	0	1000	998	16
238	0	1000	999	17
238	0	1000	999	18
238	0	1000	1000	19
238	0	1000	1000	20
238	0	1000	999	21
238	0	1000	1000	22
238	0	1000	1000	23
238	0	1000	1000	24
238	0	1000	1000	25
238	0	1000	999	26
238	0	1000	976	27
238	0	1000	1000	28
238	0	1000	999	29
238	0	1000	1000	30
238	0	1000	517	31
# Event data block #40
# Threshold	DAC	Events	Triggered	CH#
239	0	1000	635	0
239	0	1000	986	1
239	0	1000	990	2
239	0	1000	984	3
239	0	1000	987	4
239	0	1000	948	5
239	0	1000	976	6
239	0	1000	995	7
239	0	1000	987	8
239	0	1000	997	9
239	0	1000	972	10
239	0	1000	993	11
239	0	1000	1000	12
239	0	1000	1000	13
239	0	1000	995	14
239	0	1000	1000	15
239	0	1000	999	16
239	0	1000	1000	17
239	0	1000	1000	18
239	0	1000	1000	19
239	0	1000	1000	20
239	0	1000	1000	21
239	0	1000	1000	22
239	0	1000	1000	23
239	0	1000	1000	24
239	0	1000	1000	25
239	0	1000	1000	26
239	0	1000	978	27
239	0	1000	1000	28
239	0	1000	1000	29
239	0	1000	1000	30
239	0	1000	653	31
# Event data block #41
# Threshold	DAC	Events	Triggered	CH#
240	0	1000	670	0
240	0	1000	991	1
240	0	1000	995	2
240	0	1000	989	3
240	0	1000	992	4
240	0	1000	965	5
240	0	1000	988	6
240	0	1000	1000	7
240	0	1000	997	8
240	0	1000	1000	9
240	0	1000	987	10
240	0	1000	999	11
240	0	1000	1000	12
240	0	1000	1000	13
240	0	1000	1000	14
240	0	1000	1000	15
240	0	1000	1000	16
240	0	1000	1000	17
240	0	1000	1000	18
240	0	1000	1000	19
240	0	1000	1000	20
240	0	1000	1000	21
240	0	1000	1000	22
240	0	1000	1000	23
240	0	1000	1000	24
240	0	1000	1000	25
240	0	1000	1000	26
240	0	1000	990	27
240	0	1000	1000	28
240	0	1000	1000	29
240	0	1000	1000	30
240	0	1000	764	31
# Event data block #42
# Threshold	DAC	Events	Triggered	CH#
241	0	1000	661	0
241	0	1000	989	1
241	0	1000	991	2
241	0	1000	988	3
241	0	1000	989	4
241	0	1000	964	5
241	0	1000	986	6
241	0	1000	993	7
241	0	1000	991	8
241	0	1000	997	9
241	0	1000	984	10
241	0	1000	992	11
241	0	1000	999	12
241	0	1000	1000	13
241	0	1000	995	14
241	0	1000	999	15
241	0	1000	998	16
241	0	1000	999	17
241	0	1000	999	18
241	0	1000	1000	19
241	0	1000	1000	20
241	0	1000	999	21
241	0	1000	1000	22
241	0	1000	1000	23
241	0	1000	999	24
241	0	1000	1000	25
241	0	1000	998	26
241	0	1000	987	27
241	0	1000	999	28
241	0	1000	999	29
241	0	1000	1000	30
241	0	1000	833	31
# Event data block #43
# Threshold	DAC	Events	Triggered	CH#
242	0	1000	686	0
242	0	1000	993	1
242	0	1000	996	2
242	0	1000	990	3
242	0	1000	994	4
242	0	1000	962	5
242	0	1000	987	6
242	0	1000	1000	7
242	0	1000	999	8
242	0	1000	1000	9
242	0	1000	989	10
242	0	1000	1000	11
242	0	1000	1000	12
242	0	1000	1000	13
242	0	1000	1000	14
242	0	1000	1000	15
242	0	1000	1000	16
242	0	1000	1000	17
242	0	1000	1000	18
242	0	1000	1000	19
242	0	1000	1000	20
242	0	1000	1000	21
242	0	1000	1000	22
242	0	1000	1000	23
242	0	1000	1000	24
242	0	1000	1000	25
242	0	1000	1000	26
242	0	1000	997	27
242	0	1000	1000	28
242	0	1000	1000	29
242	0	1000	1000	30
242	0	1000	865	31
# Event data block #44
# Threshold	DAC	Events	Triggered	CH#
243	0	1000	701	0
243	0	1000	993	1
243	0	1000	995	2
243	0	1000	989	3
243	0	1000	991	4
243	0	1000	967	5
243	0	1000	992	6
243	0	1000	998	7
243	0	1000	998	8
243	0	1000	999	9
243	0	1000	990	10
243	0	1000	998	11
243	0	1000	999	12
243	0	1000	999	13
243	0	1000	998	14
243	0	1000	999	15
243	0	1000	998	16
243	0	1000	999	17
243	0	1000	999	18
243	0	1000	1000	19
243	0	1000	1000	20
243	0	1000	999	21
243	0	1000	1000	22
243	0	1000	1000	23
243	0	1000	999	24
243	0	1000	999	25
243	0	1000	999	26
243	0	1000	995	27
243	0	1000	999	28
243	0	1000	999	29
243	0	1000	999	30
243	0	1000	870	31
# Event data block #45
# Threshold	DAC	Events	Triggered	CH#
244	0	1000	694	0
244	0	1000	997	1
244	0	1000	998	2
244	0	1000	997	3
244	0	1000	998	4
244	0	1000	981	5
244	0	1000	996	6
244	0	1000	1000	7
244	0	1000	1000	8
244	0	1000	1000	9
244	0	1000	997	10
244	0	1000	1000	11
244	0	1000	1000	12
244	0	1000	1000	13
244	0	1000	1000	14
244	0	1000	1000	15
244	0	1000	1000	16
244	0	1000	1000	17
244	0	1000	1000	18
244	0	1000	1000	19
244	0	1000	1000	20
244	0	1000	1000	21
244	0	1000	1000	22
244	0	1000	1000	23
244	0	1000	1000	24
244	0	1000	1000	25
244	0	1000	1000	26
244	0	1000	999	27
244	0	1000	1000	28
244	0	1000	1000	29
244	0	1000	1000	30
244	0	1000	919	31
# Event data block #46
# Threshold	DAC	Events	Triggered	CH#
245	0	1000	690	0
245	0	1000	996	1
245	0	1000	998	2
245	0	1000	995	3
245	0	1000	996	4
245	0	1000	980	5
245	0	1000	996	6
245	0	1000	999	7
245	0	1000	999	8
245	0	1000	999	9
245	0	1000	995	10
245	0	1000	999	11
245	0	1000	999	12
245	0	1000	999	13
245	0	1000	999	14
245	0	1000	999	15
245	0	1000	999	16
245	0	1000	999	17
245	0	1000	999	18
245	0	1000	1000	19
245	0	1000	1000	20
245	0	1000	999	21
245	0	1000	1000	22
245	0	1000	1000	23
245	0	1000	999	24
245	0	1000	1000	25
245	0	1000	999	26
245	0	1000	999	27
245	0	1000	999	28
245	0	1000	999	29
245	0	1000	999	30
245	0	1000	921	31
# Event data block #47
# Threshold	DAC	Events	Triggered	CH#
246	0	1000	682	0
246	0	1000	998	1
246	0	1000	997	2
246	0	1000	995	3
246	0	1000	996	4
246	0	1000	985	5
246	0	1000	995	6
246	0	1000	999	7
246	0	1000	999	8
246	0	1000	999	9
246	0	1000	994	10
246	0	1000	999	11
246	0	1000	999	12
246	0	1000	1000	13
246	0	1000	999	14
246	0	1000	999	15
246	0	1000	999	16
246	0	1000	1000	17
246	0	1000	1000	18
246	0	1000	1000	19
246	0	1000	1000	20
246	0	1000	1000	21
246	0	1000	1000	22
246	0	1000	1000	23
246	0	1000	1000	24
246	0	1000	1000	25
246	0	1000	999	26
246	0	1000	999	27
246	0	1000	1000	28
246	0	1000	999	29
246	0	1000	1000	30
246	0	1000	950	31
# Event data block #48
# Threshold	DAC	Events	Triggered	CH#
247	0	1000	698	0
247	0	1000	999	1
247	0	1000	1000	2
247	0	1000	997	3
247	0	1000	997	4
247	0	1000	988	5
247	0	1000	998	6
247	0	1000	1000	7
247	0	1000	1000	8
247	0	1000	1000	9
247	0	1000	997	10
247	0	1000	1000	11
247	0	1000	1000	12
247	0	1000	1000	13
247	0	1000	1000	14
247	0	1000	1000	15
247	0	1000	1000	16
247	0	1000	1000	17
247	0	1000	1000	18
247	0	1000	1000	19
247	0	1000	1000	20
247	0	1000	1000	21
247	0	1000	1000	22
247	0	1000	1000	23
247	0	1000	1000	24
247	0	1000	1000	25
247	0	1000	1000	26
247	0	1000	999	27
247	0	1000	1000	28
247	0	1000	1000	29
247	0	1000	1000	30
247	0	1000	947	31
# Event data block #49
# Threshold	DAC	Events	Triggered	CH#
248	0	1000	730	0
248	0	1000	999	1
248	0	1000	1000	2
248	0	1000	997	3
248	0	1000	998	4
248	0	1000	980	5
248	0	1000	1000	6
248	0	1000	1000	7
248	0	1000	1000	8
248	0	1000	1000	9
248	0	1000	995	10
248	0	1000	1000	11
248	0	1000	1000	12
248	0	1000	1000	13
248	0	1000	1000	14
248	0	1000	1000	15
248	0	1000	1000	16
248	0	1000	1000	17
248	0	1000	1000	18
248	0	1000	1000	19
248	0	1000	1000	20
248	0	1000	1000	21
248	0	1000	1000	22
248	0	1000	1000	23
248	0	1000	1000	24
248	0	1000	1000	25
248	0	1000	1000	26
248	0	1000	1000	27
248	0	1000	1000	28
248	0	1000	1000	29
248	0	1000	1000	30
248	0	1000	948	31
# Event data block #50
# Threshold	DAC	Events	Triggered	CH#
249	0	1000	696	0
249	0	1000	998	1
249	0	1000	999	2
249	0	1000	996	3
249	0	1000	996	4
249	0	1000	987	5
249	0	1000	999	6
249	0	1000	999	7
249	0	1000	1000	8
249	0	1000	1000	9
249	0	1000	997	10
249	0	1000	1000	11
249	0	1000	1000	12
249	0	1000	1000	13
249	0	1000	1000	14
249	0	1000	1000	15
249	0	1000	1000	16
249	0	1000	1000	17
249	0	1000	1000	18
249	0	1000	1000	19
249	0	1000	1000	20
249	0	1000	1000	21
249	0	1000	1000	22
249	0	1000	1000	23
249	0	1000	1000	24
249	0	1000	1000	25
249	0	1000	1000	26
249	0	1000	1000	27
249	0	1000	1000	28
249	0	1000	1000	29
249	0	1000	1000	30
249	0	1000	967	31
# Event data block #51
# Threshold	DAC	Events	Triggered	CH#
250	0	1000	692	0
250	0	1000	1000	1
250	0	1000	1000	2
250	0	1000	1000	3
250	0	1000	999	4
250	0	1000	993	5
250	0	1000	1000	6
250	0	1000	1000	7
250	0	1000	1000	8
250	0	1000	1000	9
250	0	1000	1000	10
250	0	1000	1000	11
250	0	1000	1000	12
250	0	1000	1000	13
250	0	1000	1000	14
250	0	1000	1000	15
250	0	1000	1000	16
250	0	1000	1000	17
250	0	1000	1000	18
250	0	1000	1000	19
250	0	1000	1000	20
250	0	1000	1000	21
250	0	1000	1000	22
250	0	1000	1000	23
250	0	1000	1000	24
250	0	1000	1000	25
250	0	1000	1000	26
250	0	1000	1000	27
250	0	1000	1000	28
250	0	1000	1000	29
250	0	1000	1000	30
250	0	1000	971	31
# Event data block #52
# Threshold	DAC	Events	Triggered	CH#
251	0	1000	716	0
251	0	1000	998	1
251	0	1000	999	2
251	0	1000	997	3
251	0	1000	998	4
251	0	1000	987	5
251	0	1000	999	6
251	0	1000	999	7
251	0	1000	1000	8
251	0	1000	1000	9
251	0	1000	999	10
251	0	1000	1000	11
251	0	1000	1000	12
251	0	1000	1000	13
251	0	1000	1000	14
251	0	1000	1000	15
251	0	1000	1000	16
251	0	1000	1000	17
251	0	1000	1000	18
251	0	1000	1000	19
251	0	1000	1000	20
251	0	1000	1000	21
251	0	1000	1000	22
251	0	1000	1000	23
251	0	1000	1000	24
251	0	1000	1000	25
251	0	1000	1000	26
251	0	1000	1000	27
251	0	1000	1000	28
251	0	1000	1000	29
251	0	1000	1000	30
251	0	1000	983	31
# Event data block #53
# Threshold	DAC	Events	Triggered	CH#
252	0	1000	726	0
252	0	1000	1000	1
252	0	1000	1000	2
252	0	1000	1000	3
252	0	1000	1000	4
252	0	1000	995	5
252	0	1000	1000	6
252	0	1000	1000	7
252	0	1000	1000	8
252	0	1000	1000	9
252	0	1000	1000	10
252	0	1000	1000	11
252	0	1000	1000	12
252	0	1000	1000	13
252	0	1000	1000	14
252	0	1000	1000	15
252	0	1000	1000	16
252	0	1000	1000	17
252	0	1000	1000	18
252	0	1000	1000	19
252	0	1000	1000	20
252	0	1000	1000	21
252	0	1000	1000	22
252	0	1000	1000	23
252	0	1000	1000	24
252	0	1000	1000	25
252	0	1000	1000	26
252	0	1000	1000	27
252	0	1000	1000	28
252	0	1000	1000	29
252	0	1000	1000	30
252	0	1000	989	31
# Event data block #54
# Threshold	DAC	Events	Triggered	CH#
253	0	1000	733	0
253	0	1000	1000	1
253	0	1000	1000	2
253	0	1000	1000	3
253	0	1000	1000	4
253	0	1000	994	5
253	0	1000	1000	6
253	0	1000	1000	7
253	0	1000	1000	8
253	0	1000	1000	9
253	0	1000	1000	10
253	0	1000	1000	11
253	0	1000	1000	12
253	0	1000	1000	13
253	0	1000	1000	14
253	0	1000	1000	15
253	0	1000	1000	16
253	0	1000	1000	17
253	0	1000	1000	18
253	0	1000	1000	19
253	0	1000	1000	20
253	0	1000	1000	21
253	0	1000	1000	22
253	0	1000	1000	23
253	0	1000	1000	24
253	0	1000	1000	25
253	0	1000	1000	26
253	0	1000	1000	27
253	0	1000	1000	28
253	0	1000	1000	29
253	0	1000	1000	30
253	0	1000	990	31
# Event data block #55
# Threshold	DAC	Events	Triggered	CH#
254	0	1000	716	0
254	0	1000	999	1
254	0	1000	999	2
254	0	1000	999	3
254	0	1000	999	4
254	0	1000	996	5
254	0	1000	999	6
254	0	1000	999	7
254	0	1000	1000	8
254	0	1000	999	9
254	0	1000	999	10
254	0	1000	999	11
254	0	1000	1000	12
254	0	1000	1000	13
254	0	1000	999	14
254	0	1000	1000	15
254	0	1000	1000	16
254	0	1000	1000	17
254	0	1000	1000	18
254	0	1000	1000	19
254	0	1000	1000	20
254	0	1000	1000	21
254	0	1000	1000	22
254	0	1000	1000	23
254	0	1000	1000	24
254	0	1000	1000	25
254	0	1000	1000	26
254	0	1000	1000	27
254	0	1000	1000	28
254	0	1000	1000	29
254	0	1000	1000	30
254	0	1000	987	31
# Event data block #56
# Threshold	DAC	Events	Triggered	CH#
255	0	1000	713	0
255	0	1000	1000	1
255	0	1000	1000	2
255	0	1000	999	3
255	0	1000	999	4
255	0	1000	997	5
255	0	1000	1000	6
255	0	1000	1000	7
255	0	1000	1000	8
255	0	1000	1000	9
255	0	1000	1000	10
255	0	1000	1000	11
255	0	1000	1000	12
255	0	1000	1000	13
255	0	1000	1000	14
255	0	1000	1000	15
255	0	1000	1000	16
255	0	1000	1000	17
255	0	1000	1000	18
255	0	1000	1000	19
255	0	1000	1000	20
255	0	1000	1000	21
255	0	1000	1000	22
255	0	1000	1000	23
255	0	1000	1000	24
255	0	1000	1000	25
255	0	1000	1000	26
255	0	1000	1000	27
255	0	1000	1000	28
255	0	1000	1000	29
255	0	1000	1000	30
255	0	1000	988	31
