INDEX
ENC_l_m: ENC obtained with pedestal rms and linear gain fit with mean values
ENC_l_mwo: ENC obtained with pedestal rms and linear gain fit with mean values without outliers
ENC_3_m: ENC obtained with pedestal rms and cubic gain fit with mean values
ENC_3_mwo: ENC obtained with pedestal rms and cubic gain fit with mean values without outliers
-----------------------------------------------------------------
ch	pt	ENC_l_m	ENC_l_mwo	ENC_3_m	ENC_3_mwo
 0	 0	7.878	6.608	8.716	7.374
 0	 1	17.520	6.688	15.108	6.373
 0	 2	14.700	6.611	13.297	6.287
 0	 3	11.779	6.562	11.379	6.006
 0	 4	10.851	6.588	10.648	6.086
 0	 5	8.883	6.121	8.619	6.045
 0	 6	9.253	6.503	9.094	6.195
 0	 7	7.091	6.187	6.941	6.266
 1	 0	5.927	5.700	4.681	4.445
 1	 1	9.831	6.158	7.324	4.763
 1	 2	7.698	5.771	6.485	5.019
 1	 3	6.286	5.633	5.658	4.949
 1	 4	5.841	5.225	5.332	4.624
 1	 5	5.401	5.066	4.863	4.539
 1	 6	5.245	5.220	4.769	4.711
 1	 7	5.352	5.252	4.658	4.699
 2	 0	6.416	6.191	5.044	4.752
 2	 1	12.026	6.701	9.023	5.311
 2	 2	10.090	6.439	8.234	5.569
 2	 3	7.961	6.487	7.125	5.758
 2	 4	7.611	6.526	6.724	5.514
 2	 5	6.180	5.819	5.487	5.094
 2	 6	5.992	5.666	5.334	4.999
 2	 7	5.523	5.123	4.812	4.612
 3	 0	6.210	5.948	4.903	4.611
 3	 1	12.778	6.437	9.467	5.105
 3	 2	10.166	6.551	8.265	5.582
 3	 3	8.614	6.343	7.378	5.316
 3	 4	7.853	6.228	6.930	5.318
 3	 5	6.699	5.622	5.754	4.917
 3	 6	5.982	5.720	5.519	5.295
 3	 7	5.682	5.393	5.159	5.020
 4	 0	8.106	7.576	6.486	5.955
 4	 1	20.025	8.619	15.200	6.823
 4	 2	18.051	8.128	14.390	6.868
 4	 3	13.633	7.811	12.203	6.790
 4	 4	13.884	7.902	12.371	6.709
 4	 5	10.555	7.362	9.496	6.603
 4	 6	9.205	7.531	8.482	6.886
 4	 7	8.348	7.032	7.384	6.541
 5	 0	4.483	4.244	3.673	3.489
 5	 1	8.019	4.807	6.174	3.840
 5	 2	6.821	4.768	5.579	4.107
 5	 3	4.761	4.596	4.400	4.058
 5	 4	4.995	4.649	4.569	4.070
 5	 5	4.567	4.193	4.191	3.759
 5	 6	4.260	4.209	4.019	3.978
 5	 7	4.277	4.161	3.989	3.937
 6	 0	5.378	5.390	4.216	4.122
 6	 1	6.901	5.042	5.073	3.901
 6	 2	6.055	4.847	4.954	4.214
 6	 3	5.437	5.272	4.774	4.494
 6	 4	5.954	5.790	5.046	4.663
 6	 5	5.359	5.122	4.528	4.320
 6	 6	5.298	5.135	4.494	4.364
 6	 7	5.079	5.006	4.344	4.290
 7	 0	6.622	6.192	5.237	4.845
 7	 1	13.558	6.894	10.024	5.269
 7	 2	11.449	6.955	9.289	5.929
 7	 3	9.028	6.792	8.020	5.922
 7	 4	8.553	7.111	7.559	5.970
 7	 5	6.416	5.739	5.716	5.072
 7	 6	6.312	5.871	5.712	5.267
 7	 7	5.697	5.215	5.049	4.685
 8	 0	4.712	4.223	4.167	3.605
 8	 1	12.206	4.336	10.261	3.767
 8	 2	11.396	4.526	9.862	4.078
 8	 3	8.511	4.603	7.971	4.216
 8	 4	8.445	4.586	7.982	4.146
 8	 5	6.386	4.729	5.933	4.373
 8	 6	5.647	4.467	5.393	4.269
 8	 7	5.098	4.634	4.709	4.325
 9	 0	3.652	3.624	3.089	3.014
 9	 1	5.098	3.991	4.030	3.241
 9	 2	5.143	3.963	4.373	3.512
 9	 3	4.618	4.017	4.230	3.652
 9	 4	4.676	4.284	4.290	3.806
 9	 5	4.278	3.886	3.927	3.560
 9	 6	4.411	4.274	4.047	3.917
 9	 7	4.408	4.012	3.958	3.724
10	 0	3.351	3.314	2.860	2.691
10	 1	5.415	3.590	4.301	2.866
10	 2	4.515	3.376	3.818	2.973
10	 3	3.937	3.428	3.574	3.007
10	 4	3.738	3.299	3.427	2.951
10	 5	3.495	3.270	3.166	3.004
10	 6	3.261	3.217	3.107	3.052
10	 7	3.484	3.345	3.117	3.091
11	 0	3.342	3.296	2.723	2.595
11	 1	4.678	3.577	3.699	2.879
11	 2	4.328	3.506	3.672	3.070
11	 3	3.776	3.531	3.422	3.172
11	 4	3.668	3.462	3.296	3.023
11	 5	3.539	3.451	3.225	3.104
11	 6	3.816	3.648	3.422	3.267
11	 7	3.593	3.456	3.205	3.171
12	 0	3.762	3.580	3.158	2.960
12	 1	4.894	3.753	4.003	3.161
12	 2	4.413	3.656	3.724	3.252
12	 3	3.921	3.786	3.572	3.456
12	 4	3.795	3.793	3.465	3.340
12	 5	3.716	3.628	3.350	3.298
12	 6	3.677	3.531	3.482	3.387
12	 7	3.791	3.708	3.362	3.384
13	 0	3.895	3.866	3.215	3.122
13	 1	4.816	3.633	3.935	3.126
13	 2	4.414	3.595	3.800	3.300
13	 3	3.555	3.624	3.237	3.281
13	 4	3.903	3.678	3.528	3.269
13	 5	3.736	3.587	3.363	3.171
13	 6	3.579	3.596	3.292	3.279
13	 7	3.823	3.652	3.343	3.307
14	 0	4.369	4.322	3.705	3.588
14	 1	8.017	4.508	6.384	3.677
14	 2	8.014	4.687	6.660	4.115
14	 3	6.791	4.480	6.336	4.084
14	 4	7.070	4.588	6.589	4.182
14	 5	6.028	4.615	5.512	4.216
14	 6	5.341	4.858	5.086	4.580
14	 7	5.159	4.602	4.515	4.203
15	 0	3.648	3.428	3.038	2.805
15	 1	4.678	3.745	3.734	3.076
15	 2	4.203	3.667	3.537	3.238
15	 3	3.893	3.773	3.517	3.416
15	 4	4.074	3.978	3.683	3.444
15	 5	3.943	3.782	3.509	3.369
15	 6	3.978	3.959	3.642	3.605
15	 7	4.258	4.139	3.746	3.699
16	 0	3.400	3.330	2.814	2.724
16	 1	3.939	3.528	3.149	2.888
16	 2	3.561	3.282	2.990	2.834
16	 3	3.266	3.251	2.937	2.969
16	 4	3.269	3.316	2.974	2.911
16	 5	3.355	3.164	3.045	2.860
16	 6	3.543	3.538	3.254	3.213
16	 7	3.695	3.606	3.265	3.245
17	 0	4.788	4.160	3.981	3.457
17	 1	11.348	5.122	9.161	4.170
17	 2	10.185	5.194	8.492	4.374
17	 3	8.969	4.615	7.809	3.964
17	 4	8.200	5.439	7.231	4.561
17	 5	6.172	4.511	5.476	3.963
17	 6	5.628	4.841	5.169	4.407
17	 7	5.159	4.692	4.594	4.228
18	 0	3.946	3.773	3.204	3.025
18	 1	8.288	4.308	6.649	3.492
18	 2	7.176	4.087	6.105	3.583
18	 3	6.418	4.075	5.674	3.596
18	 4	6.062	4.332	5.415	3.770
18	 5	4.967	4.098	4.453	3.635
18	 6	4.543	4.109	4.086	3.660
18	 7	4.315	4.063	3.738	3.567
19	 0	3.883	3.919	3.105	3.045
19	 1	6.456	4.213	5.069	3.406
19	 2	4.970	3.887	4.334	3.521
19	 3	4.598	4.001	4.215	3.725
19	 4	4.215	3.932	3.938	3.561
19	 5	3.988	3.905	3.620	3.544
19	 6	4.072	3.960	3.807	3.731
19	 7	4.144	3.979	3.774	3.722
20	 0	4.083	4.115	3.352	3.278
20	 1	5.700	4.104	4.478	3.311
20	 2	4.889	4.046	4.060	3.494
20	 3	3.757	3.717	3.368	3.372
20	 4	4.044	3.880	3.643	3.415
20	 5	4.003	3.862	3.588	3.502
20	 6	3.971	3.863	3.718	3.632
20	 7	4.097	3.991	3.638	3.631
21	 0	4.740	4.414	3.943	3.613
21	 1	12.025	4.695	9.598	3.824
21	 2	10.709	4.665	9.296	4.143
21	 3	8.807	4.384	8.144	3.988
21	 4	8.407	4.433	7.713	3.930
21	 5	6.425	4.443	5.850	4.047
21	 6	5.664	4.718	5.274	4.375
21	 7	5.210	4.446	4.749	4.056
22	 0	3.952	3.916	3.254	3.225
22	 1	6.066	3.857	4.951	3.220
22	 2	5.120	3.974	4.513	3.566
22	 3	4.490	3.807	4.132	3.526
22	 4	4.279	4.049	4.039	3.739
22	 5	3.937	3.777	3.613	3.477
22	 6	4.064	3.976	3.828	3.770
22	 7	3.885	3.754	3.508	3.445
23	 0	3.635	3.643	2.975	2.934
23	 1	5.688	4.106	4.631	3.397
23	 2	4.996	4.015	4.201	3.458
23	 3	4.193	4.149	3.765	3.689
23	 4	4.506	4.496	3.965	3.879
23	 5	4.028	3.919	3.673	3.563
23	 6	4.476	4.407	4.105	3.988
23	 7	4.248	4.224	3.807	3.800
24	 0	3.603	3.592	2.988	2.880
24	 1	5.891	4.177	4.755	3.451
24	 2	4.930	3.964	4.181	3.444
24	 3	4.466	4.160	4.060	3.762
24	 4	4.212	4.201	3.873	3.733
24	 5	3.893	3.643	3.470	3.245
24	 6	3.866	3.846	3.573	3.528
24	 7	4.013	3.914	3.585	3.584
25	 0	3.690	3.648	3.005	2.905
25	 1	4.917	3.550	4.011	2.988
25	 2	4.270	3.487	3.617	3.098
25	 3	3.731	3.626	3.359	3.272
25	 4	3.595	3.481	3.304	3.118
25	 5	3.768	3.615	3.487	3.325
25	 6	3.620	3.537	3.443	3.349
25	 7	3.691	3.667	3.387	3.383
26	 0	3.972	3.809	3.361	3.188
26	 1	6.923	4.498	5.479	3.633
26	 2	5.728	4.134	4.744	3.549
26	 3	4.783	4.064	4.128	3.442
26	 4	4.320	3.915	3.919	3.420
26	 5	4.002	3.733	3.544	3.315
26	 6	3.773	3.515	3.439	3.212
26	 7	3.793	3.627	3.306	3.272
27	 0	3.516	3.158	2.976	2.586
27	 1	8.894	3.673	7.486	3.173
27	 2	8.324	3.431	7.579	3.231
27	 3	5.911	3.578	5.778	3.489
27	 4	6.553	3.641	6.458	3.513
27	 5	4.911	3.646	4.918	3.691
27	 6	4.588	3.585	4.608	3.608
27	 7	4.271	3.589	4.089	3.496
28	 0	3.601	3.573	2.921	2.834
28	 1	4.726	3.622	3.872	3.034
28	 2	4.194	3.632	3.526	3.151
28	 3	3.507	3.507	3.213	3.252
28	 4	3.875	3.793	3.557	3.431
28	 5	3.867	3.674	3.494	3.329
28	 6	3.773	3.661	3.550	3.453
28	 7	3.983	3.903	3.568	3.524
29	 0	3.589	3.484	2.967	2.833
29	 1	4.098	3.616	3.322	3.024
29	 2	4.134	3.627	3.564	3.273
29	 3	3.930	3.814	3.594	3.510
29	 4	3.934	3.749	3.682	3.441
29	 5	3.980	3.813	3.689	3.571
29	 6	4.020	3.987	3.742	3.666
29	 7	3.966	3.796	3.597	3.540
30	 0	3.875	3.852	3.229	3.130
30	 1	4.965	4.042	3.989	3.341
30	 2	4.861	4.079	4.053	3.590
30	 3	4.534	4.277	4.016	3.756
30	 4	4.578	4.525	4.147	3.956
30	 5	4.743	4.605	4.299	4.170
30	 6	4.645	4.557	4.235	4.053
30	 7	4.391	4.363	3.801	3.783
31	 0	3.819	3.346	3.239	2.808
31	 1	9.612	3.978	8.138	3.446
31	 2	9.117	4.070	8.339	3.885
31	 3	6.523	4.099	6.249	3.959
31	 4	7.309	4.174	7.166	3.916
31	 5	5.638	3.709	5.548	3.669
31	 6	5.517	4.324	5.451	4.159
31	 7	4.820	3.921	4.660	3.860
