fdt_allch_tau1	fdt_allch_tau2	fdt_allch_tau3	fdt_allch_tau4	fdt_allch_tau5	fdt_allch_tau6	fdt_allch_tau7	fdt_allch_tau8	fdt_allch_tau9	fdt_allch_tau10	fdt_allch_tau11	fdt_allch_tau12	fdt_allch_tau13	fdt_allch_tau14	fdt_allch_tau15	fdt_allch_tau16	fdt_allch_tau17	fdt_allch_tau18	fdt_allch_tau19	fdt_allch_tau20	fdt_allch_tau21	fdt_allch_tau22	fdt_allch_tau23	fdt_allch_tau24	fdt_allch_tau25	fdt_allch_tau26	fdt_allch_tau27	fdt_allch_tau28	fdt_allch_tau29	fdt_allch_tau30	fdt_allch_tau31	fdt_allch_tau32
169.3	170.95	142.56	157.56	189.03	137.34	196.82	135.54	111.67	152.07	196.49	152.51	193.14	154.32	167.3	166.09	160.07	150.35	157.24	143.37	155.17	166.4	179.31	150.64	135.33	167.95	165.35	180.75	138.01	235.16	223.44	114.04
170.05	158.92	129.01	144.99	172.82	120.43	183.79	118.89	113.03	138.14	174.5	137.7	179.64	139.62	149	154.58	158.2	130.72	139.07	129.14	139.92	146.08	169.72	130.95	118.97	154.7	154.65	161.05	126.7	217.64	208.99	100.21
170.53	157.77	129.81	143.61	173.75	119.66	184.57	117	116.92	139.26	178.41	141.43	179.62	140.02	149.61	156.56	164.4	131.31	138.45	125.57	140.56	149.22	174.47	133.41	120.74	157.66	157.34	162.79	125.97	217.48	210.1	101.21
173.43	159.85	129.34	145.33	174.86	122.27	186.25	119.62	114.68	139.58	179.81	140.75	177.86	140.21	149.98	159.39	160.27	133.5	140.65	129.28	140.8	148.84	173.22	133.39	120.6	157.35	158.08	164.54	128.03	220.43	210.76	102.08
174.03	160.87	131.8	146.93	174.89	122.96	183.86	120.7	117.69	142.52	180.19	141.8	180.87	139.91	153.85	160	163.92	131.88	141.39	130.09	142.92	149.44	173.36	135.47	123.71	157.83	156.68	166.86	129.09	219.86	211.04	102.77
173.84	162.64	134.38	148.55	177.51	123.39	186.47	122.8	116.5	140.51	178.86	142.59	180.75	142.02	152.39	161.75	166.63	135.43	143.79	127.62	144.24	153.61	174.82	138.63	121.22	158.78	160.87	166.04	130.79	221.77	213.46	105.02
174.72	161.54	136.02	151.14	178.19	125.6	187.14	124.3	119.97	141.18	182.82	143.67	184.55	144.26	158.05	161.83	164.11	138.21	148	129.44	146.11	153.22	176.86	138.71	124.61	161.75	159.7	168.19	131.19	224.6	213.87	105.67
177.01	163.83	133.78	151.97	179.12	127.72	189.12	125.94	119.69	142.46	184.18	148.04	182.95	142.98	157.36	164.61	169.62	136.16	145.8	132.73	146.36	153.82	178.47	139.45	124.66	161.1	161.11	168.62	132.72	223.89	215.64	108.35
177.65	165.17	137.92	153.49	180.84	126.53	191.04	123.74	120.72	144.83	185.39	145.11	185	144.56	156.96	164.78	171.39	142.24	148.84	132.99	150.13	155.75	179.89	141.99	128.26	160.35	162.59	170.33	134.39	225.97	217.02	108.07
179.31	168.19	139.38	154.3	183.36	128.27	191.18	128.58	119.39	144.38	186.92	150.42	186.35	147.79	159.5	167.11	173.01	139.92	149.89	135.35	148.94	156.56	182.11	144.15	126.03	163.8	163.37	171.92	136.06	227.94	218.71	109.12
179.9	168.66	139.44	154.32	182.13	129.9	194.41	129.01	123.9	146.27	186.22	149.06	187.31	146.94	158.11	165.93	172.35	140.72	151.65	135.34	149.22	157.11	183.58	143.42	128.72	163.75	165.23	172.5	136.53	229.34	218.85	111.44
181.79	170.3	140.82	155.48	184.3	130.66	194.29	129.65	124.81	147.98	189.48	149.45	187.02	150.84	162.15	170.91	172.61	143	152.41	140.53	150.26	158.48	187.61	142.84	131.7	165.07	167.88	175.2	137.25	229.1	220.16	111.37
183.99	171.54	142.63	157.62	186.07	133.53	196.01	132.28	125.4	148.28	188.69	151.33	191.19	150.53	165.09	170.99	172.79	146.83	156.44	140.22	153.43	158.49	187.28	146.64	133.97	167	167.34	177.44	137.74	231.35	221.59	112.36
183.33	172.84	143.38	157.19	187.09	134.04	196.35	131.97	128.34	152.5	192.75	152.81	191.31	150.66	165.6	170.39	172.73	146.22	154.24	142.09	153.77	160.9	188.54	147.72	134.1	166.58	170.64	176.8	140.35	230.98	222.12	115.64
184.48	172.44	145.47	159.01	188.38	136.03	196.92	133.98	128.96	153.11	192.08	155.24	190.32	151.66	167.2	172.57	174.21	147.97	156	141.53	156.42	161.43	190.44	147.05	133.37	167.79	169.92	177.46	141.8	233.28	223.68	115.78
185.59	176.44	146.56	160.52	188.35	135.58	199.57	135.4	130.14	152.77	193.26	155.22	194.11	155.75	169.4	174.56	177.8	145.68	157.22	140.14	155.63	164.92	187.67	146.11	134.22	169.39	170.55	179.24	141.22	233.43	226.25	116.9
187.68	177.11	148.74	162.37	191.28	136.42	199.78	136.38	131.72	153.38	196.7	156.32	193.62	157.06	167.41	174.23	178.42	148.72	157.47	146.82	157.11	163.24	189.11	149.98	136.87	172.18	173.77	180.72	142.12	236.17	226.52	116.12
189.19	176.77	147.56	162.51	192.58	137.36	203.07	137.7	131.4	154.78	197.14	157.86	194.02	156.74	169.23	178.62	179.1	153.44	159.23	147.57	162.76	165.7	191.89	152	136.34	172.56	174.75	182.25	144.65	239.72	228.66	120.12
188.3	178.17	151.11	163.34	193.65	139.59	201.88	138.14	130.44	155.62	196.05	157.87	198.28	155.69	171.77	178.44	178.45	151.49	160.03	146.23	159.75	167.31	192.01	152.73	140.85	173.62	176.27	184.51	145.11	239.94	230.29	121.42
190.9	179.8	152	163.75	193.45	140.75	204.7	140.57	135.06	156.62	197.06	158.53	200.83	157.82	171.43	177.73	181.78	152.5	162.23	148.35	164.17	170.59	192	153.75	141.41	174.95	176.4	183.13	147.16	237.82	230.64	123.15
193.07	182.94	153.52	165.42	196.33	141.47	206.98	141.75	135.21	158.51	201.55	162.45	198.35	159.92	173.24	178.04	183.71	153.34	163.98	150.43	164.93	168.56	193.89	155.65	140.87	175.41	177.91	184.88	147.59	241.36	232.28	123.85
193.58	182.67	155.01	166.84	197.45	142.54	207	141.78	136.58	159.97	200.78	164.47	198.39	161.11	172.34	180.58	185.7	156.17	162.99	148.14	167.27	170.95	194.41	155.76	141.47	175.48	179.26	186.97	149.66	244	232.84	125.01
193.13	183.28	155.31	168.54	199.03	144.79	208.87	143.15	139.62	161.29	200.49	162.06	202	162.75	177.27	181.59	184.25	156.56	163.56	150.95	166.64	171.97	193.79	155.93	144.69	177.31	179.08	186.44	151.17	244.2	235.32	126.33
195.23	186.06	156.16	168.61	198.57	145.83	211.62	142.84	139.59	163.02	204.33	166.32	202.76	163.57	178.48	182.71	185.4	156.07	166.51	151.73	165.28	173.79	200.63	159.6	146.76	179.56	182.01	187.95	151.22	244.06	238.08	127.03
197.5	186.05	158.15	170.93	201.99	146.25	211.52	144.97	140.54	160.85	206.29	166.82	202.92	164.01	178.88	185.35	187.19	160.15	168.36	153.23	169.47	175.18	196.94	158.06	145.41	180.7	183.91	190.43	151.84	244.38	236.36	127.2
197.98	186.39	158.66	171.67	201.68	146.99	212.12	146.62	140.98	162.28	209.1	168.64	205.01	163.59	180.26	189.27	188.24	157.52	168.77	156.13	171.8	178.09	199.88	160.54	145.97	180.63	183.99	191.35	154.41	246.91	238.47	129.08
200.14	187.78	159.55	173.61	204.68	148.99	213.12	148.81	141.43	164.86	206.22	168.58	204.6	166.07	181.5	187.21	188.73	160.68	169.1	157.45	174.53	178.06	200.84	162.49	148.88	182.09	184.46	192.62	154.86	246.85	240.3	130.6
199.24	190.33	160.96	174.14	202.63	149.45	214.8	149.93	141.88	165.2	207.48	170.8	207.66	166.6	185.28	188.07	188.62	164.59	170.67	157.06	173.42	180.91	202.97	164.96	148.87	184.06	186.65	193.54	156.17	250.17	241.59	133.72
202.84	191.84	163.37	175.07	206.36	150.88	214.63	150.39	146.39	165.39	209.05	172.63	208.44	167.28	183.87	190.75	189.79	165.54	172.55	157.45	172.96	182.09	203.58	164.91	152.24	184.8	187	194.1	157.85	251.39	243.36	133.46
202.95	193.45	163.52	176.39	207.52	151.83	216.54	150.81	145.55	167.36	208.34	173.01	210.06	168.6	185.71	191.73	193.54	166.58	172.15	157.87	175.6	181.69	206.7	165.71	153.57	186.17	189.73	197.08	156.56	251.51	244.55	134.04
204.99	193.88	165.14	177.58	208.2	153.69	215.98	150.65	147.4	166.31	212.32	173.47	208.75	168.17	186.49	192.53	194.48	164.92	173.99	161.31	176.67	182.76	207.28	167.67	153.86	186.45	189.6	198.88	158.92	253.66	244.67	135.1
204.68	195.06	164.99	179.24	207.25	153.62	219.42	155.24	148.27	169.55	211.91	174.79	210.45	170.56	185.95	193.41	196.67	165.58	174.36	163.3	175.88	183.64	210.93	166.37	154.94	187.98	191.35	197.28	161.06	255.93	246.1	135.74
205.34	197.07	167.63	180.08	212.45	152.86	219.77	153.84	150.43	170.22	214.37	176.19	212.08	173.9	190.61	194.52	196.11	169.21	178.34	159.57	177.74	184.77	209.27	170.19	157.39	189.22	192.19	198.27	162.22	255.96	248.52	136.78
206.01	197.51	167.78	181.49	212.67	157.16	221.76	154.39	150.64	169.17	215.84	176.7	213.14	173.92	188.87	196.27	193.66	171.17	178.17	167.28	180.6	185.95	210.27	172.19	157.69	187.83	193.58	200.95	163.16	258.37	249.87	141.61
206.95	198.79	170.69	183	213.04	157.55	222.31	157.48	151.5	172.84	217.39	179.86	214.77	174.49	189.72	197.97	199.03	170.46	179.45	164.27	180.41	187.45	212.11	170.12	159.44	191.61	195.28	201.53	164.42	259.26	251.01	140.09
209.31	200.07	172.7	183.79	213.93	157.58	223.93	158.18	150.42	174.16	218.91	179.45	216.44	174.24	192.75	197.81	196.27	171.5	182.38	167.59	181.17	188.58	212.37	173.36	159.16	189.73	197.81	204.04	164.51	259.59	253.52	141.46
210.61	201.32	171.88	184.75	216.03	158.91	223.67	159.2	153.57	172.24	214.74	179.53	215.92	178.33	193.09	200.85	201.91	171.86	182.02	167.6	183.48	188.07	219.4	175.02	160.88	193.64	196.06	204.97	165.35	261.68	253.81	143.98
211.1	203.23	174.61	186.32	216.46	161.44	226.97	159.71	156.59	174.11	222.04	182.22	218.78	176.5	195.27	199.5	202.68	175.39	180.62	167.62	185.56	190.79	217.98	174.19	162.02	193.18	199.23	204.75	167.72	260.45	254.03	144.62
211.06	203.21	176.21	186.89	218.15	160.1	227.64	161.06	157.43	175.17	219.09	182.73	217.92	179.47	197.19	201.94	198.5	176.94	184.52	168.59	185.49	192.63	218.78	179.42	162.01	194.91	197.64	205.52	167.9	262.43	254.22	145.14
214.88	204.59	176.36	187.71	219.52	163.69	228.2	162.57	158.82	176.7	223.62	185.98	219.24	181.23	195.54	205.22	202.07	178.81	184.45	169.72	187.62	194.9	218.64	176.95	164.38	196.19	199.99	208.53	169.07	264.62	255.44	146.07
214.57	206.33	177.35	188.88	220.77	163.18	228.46	162.23	155.01	177.34	224.25	185.75	220.37	182.67	197.31	208.18	204.88	181.2	183.72	172.12	188.6	194.5	217.85	177.09	167.61	197.55	201.44	209.12	169.64	265.08	256.31	147.95
216.89	206.86	178.56	192.03	221.16	163.85	230.3	164.18	161.8	177.45	224.46	185.15	221.49	181.08	200.6	206.72	203.56	182.32	188.02	170.77	190.17	196.65	220.87	181.59	168.64	199.07	202.2	210.78	172.05	266.05	259.02	148.11
217.16	209	178.99	191.36	224.44	166.93	230.11	166.72	159.68	178.74	225.07	187.85	222.05	183.96	203.03	207.42	205.75	182.12	187.98	175.43	188.88	198.71	219.34	181.64	169.38	199.22	204.99	212.06	172.91	267.58	259.81	150.12
218.62	208.27	182.04	192.83	223.35	167.9	233.14	167.52	161.66	181.19	227.74	186.62	224.5	184.01	202.53	212.13	203.31	181.1	190.72	174.9	191.78	198.23	222.33	182.2	168.96	199.69	205.56	211.39	173.03	270.09	262.16	152.01
218.52	210.73	181.45	192.98	225.45	168.9	233.36	168.64	163.52	181.36	227.49	190.15	222.51	185.09	204.53	209.98	206.22	182.52	187.03	175.46	193.01	200.44	221.72	183.36	170.56	203.43	207.44	212.45	174.48	268.64	265.09	152.73
219.12	211.99	184.5	194.4	227.91	168.99	234.06	170.95	164.11	182.68	229.68	191.31	227.17	185.74	204.23	209.09	206.49	182.5	188.93	178.2	194.59	203.67	223.81	184.06	173.06	202.54	207.69	213.89	175.7	272.63	266.25	152.81
222.21	212.61	185.44	195.63	227.99	171.21	235.72	171.86	164.68	183.55	229.56	192.5	226.04	186.12	205.32	213.4	208.79	182.99	190.87	177.31	196.92	203.41	225.53	185.62	173.56	203.75	208.54	215.59	176.94	272.69	266.6	154.68
222.95	215.95	186.46	196.61	228.33	171.15	236.74	171.76	166.27	186	228.58	193.7	227.73	186.63	207.09	213.47	211.18	186.17	194.25	176.49	196.89	203.49	227.27	188.92	174.82	206.2	210.86	216.86	178.33	274.12	268.28	157.11
225.35	214.73	186.93	197.76	230.94	172.86	238.21	173.26	166.08	184.13	229.98	194.17	229.08	191.74	207.99	214.91	213.08	189.08	194.24	179.57	201.19	204.15	227.82	186.74	176.29	205.25	209.46	217.64	177.77	273.64	268.63	157.28
225.42	215.41	189.58	198.04	230.86	173.65	239.49	174.15	165.35	187.5	234.73	193.73	228.98	191.18	207.89	213.13	212.97	187.4	195.5	178.89	199.29	204.08	228.42	192.6	178.1	206.82	211.94	219.1	180.8	277.96	271.33	158.56
223.97	218.4	190.06	199.78	233.75	174.67	240.66	175.38	167.21	187.74	235.15	196.84	231.66	191.61	209.37	218.99	211.75	188.42	197.1	181.94	203.47	209.58	232.81	191.89	177.37	207	212.43	219.59	179.65	277.16	271.25	160.55
226.53	218.99	189.46	200.51	233.46	174.98	241.33	177.17	166.63	188.39	235.46	200.39	233.03	193.64	210.49	217.37	213.29	190.98	196.66	184.7	203.12	207.28	231.91	191.88	180.05	209.13	215.2	221.82	181.87	276.11	272.75	160.23
228.18	221.46	192	203.05	234.58	177.74	243.25	177.76	171.16	190.68	235.09	199.93	230.8	193.05	213.06	219.84	215.85	190.88	198.37	186.95	204.72	207.27	236.06	192.23	180.16	209.1	213.81	222.26	184.38	279.37	275.65	161.59
229.71	220.16	193.21	202.24	236.37	178.13	244.7	180.59	174.17	190.02	238.12	200.91	232.47	197.58	214.83	220.7	216.86	194.09	199.21	187.74	205.83	211.28	238.35	194.79	180.91	208.79	216.28	222.35	185.75	280.56	276.72	162.87
230.47	222.77	196.26	204.48	236.45	178.19	245.39	180.92	172.98	189.62	237.69	202.21	235.96	196.67	217.43	224.31	217.5	194.51	203.63	189.09	205.9	208.33	235.76	195.06	183.59	212.56	217.77	225.24	185.44	280.29	275.36	163.33
232.9	223.09	195.71	205.99	238.29	179.93	247.49	180.68	174.15	192.04	239.73	201.67	236.68	196.93	217.47	223.75	218.68	196.6	202.4	186.76	208.98	212.34	239.13	194.3	183.36	212.38	218.76	225	188.32	283.25	277.86	165.73
231.8	224.49	197.13	205.82	237.87	180.89	247.65	183.22	174.49	193.79	239.23	202.71	235.64	197.53	218.04	226.03	219.41	197.66	201.67	188.3	206.93	214.35	239.87	196.78	186.78	214.07	219.06	228.72	186.06	283.94	277.5	166.57
235.23	226.03	198.44	208.35	240.9	182.39	248.14	182.41	177.35	194.86	241.49	203.3	236.55	198.65	221	225.39	220.99	197.28	204.91	191.31	208.34	215.12	240.77	198.21	185.71	214.67	219.2	228.27	188.17	283.43	280.08	168.52
234.95	228.02	200.21	207.68	241.09	182.65	250.96	186.29	177.06	195.52	244.32	206.28	239.21	199.73	222.02	226.66	220.11	199.23	203.77	191.05	212.05	215.75	238.27	197.01	186.76	216.76	221.03	226.91	189.86	285.57	281.02	169.62
236.02	229.04	200.67	209.42	243.73	185.1	251.63	186.58	178.67	195.25	243.39	205.81	239.85	202.59	222.32	228.11	219.9	199.86	205.12	192.61	211.19	214.55	238.69	201.26	188.22	216.48	221.43	231.03	191.35	285.3	281.61	169.29
238.09	230.67	202.76	210.54	245.03	185.66	251.08	185.77	181.13	198.65	245	207.98	242.68	201.02	222.14	229.33	222.38	201.9	207.77	195.94	212.24	219.29	244.18	202.04	189.8	218.18	221.77	230.8	192.64	287.44	282.16	172.16
238.44	229.52	204.03	212.3	246.97	185.96	251.45	186.76	180.52	199.36	246.73	208.74	241.89	202.77	224.74	228.17	223.9	202.6	211.07	196.33	213.64	218.89	244.55	202.5	190.03	218.53	224.82	231.37	194.03	289.12	284.06	171.56
240.67	232.01	203.37	212.33	247.24	186.15	255.56	189.77	181.72	199.53	247.88	211.14	242.74	201.64	227.02	230.06	223.48	201.66	210.67	196.13	217.15	220.31	245.59	203.91	194.39	218.57	225.81	233.42	195.24	289.88	285.6	173.36
240.09	233.61	205.66	213.21	246.61	188.65	256.8	188.84	182.22	199.89	248.43	210.48	245.16	206.42	228.3	233.55	224.29	203.4	209.94	198.93	217.03	221.8	248.72	205.02	193.19	220.62	226.89	233.16	195.8	291.02	285.53	175.24
241.86	234.17	208.24	213.83	249.14	190	256.04	190.58	185.64	202.22	249.71	212.68	242.86	203.69	226.77	232.37	226.73	203.63	211.3	198.43	217.29	222.3	248.08	206.24	192.23	220.71	227.71	235.95	195.75	291.71	288.18	176.34
242.3	236.96	209.28	215.14	248.61	190.77	258.08	192.96	186.02	201.73	248.54	214.87	245.33	206.46	230.26	235.33	225.54	205.97	210.58	199.28	217.8	221.55	248.37	206.95	197.85	223.13	229.58	235.86	196.81	291.79	287.51	176.78
244.86	235.81	209.23	217.09	250.75	191.99	257.76	191	183.08	201.05	250.36	214.54	246.84	208.05	230.95	234.12	227.75	206.94	215.46	200.01	221.69	223.84	249.94	208.83	197.11	224.5	229.83	237.02	197.59	293.38	290.14	178.02
245.02	239.67	209.19	219.59	252.13	192.15	258.57	193.7	188.65	202.52	253.16	214.33	247.72	207.63	228.89	235.71	229.06	210.15	214.09	200.4	221.71	225.79	251.11	212.22	197.87	222.64	230.8	239.04	198.31	295.15	291.57	179.66
247.06	239.59	210.57	218.99	254.2	192.32	260.9	196.27	188.73	206.47	253.26	217.25	247.86	210.25	232.27	239.19	230.35	210.91	217.37	204.61	222.73	227.49	253.06	207.85	198.41	225.56	233.66	238.52	200.8	298.05	292.08	179.7
246.58	240.19	211.59	219.57	252.34	194.49	263.26	197.57	186.09	203.99	254.13	216.72	250.04	210.7	233.46	236.64	231.22	210.85	216.58	202.33	222.69	227.68	254.92	212.48	200.51	226.58	234.1	241.64	201.17	297.24	295.19	181.39
247.54	241.34	213.89	219.64	256.43	194.81	262.87	197.11	191.53	206.8	255.99	217.24	251.39	213.17	236.01	240.62	232.62	213.95	218.35	202.54	226.64	227.56	253.45	211.95	201.94	227.76	233.32	241.42	201.33	298.72	294.65	180.87
248.24	241.46	215.18	221.82	256.07	194.84	264.73	199.35	191.17	207	258.59	219.57	249.44	214.93	236.1	239.51	229.52	213.56	219.33	205.19	226.29	230.02	253.08	211.11	200.8	228.2	236.18	243.66	205.39	299.3	297.33	183.03
250.51	243.91	215.04	221.99	258.49	196.9	265.85	199.81	193.45	207.75	257.53	218.69	251.84	212.77	237.58	240.59	231.96	214.56	217.96	203.26	226.82	232.89	254.69	215.55	201.63	229.3	237.61	244.5	204.92	300.36	298.77	184.65
252.41	243.96	217.19	225.24	259.37	198.31	266.6	200.04	192.84	209.25	259.11	220.7	253.4	214.72	235.13	239.19	232.59	214.08	222.18	205.64	228.74	232.8	259.43	214.13	205.3	228.93	239.64	243.67	205.01	302.24	298.67	185.96
252.81	246.07	217.93	224.57	260.34	199.41	265.37	201.73	192.91	209.38	260.03	223.49	253.42	215.62	239.85	244.8	231.4	219.05	222.04	208.13	232.64	233.39	259.71	217.41	206.06	229.05	238.29	246.17	205.25	302.76	299.16	186.54
252.87	246.12	219.09	225.26	260.55	199.55	268.15	202.86	195.65	210.49	261.8	223.24	252.61	215.72	237.55	246.67	234.6	217.87	223.23	210.27	232.91	234.25	260.23	218.11	206.22	231.74	240.75	246.28	205.38	304.39	300.54	188.28
254.91	248.36	221.24	227.43	262.67	201.75	271.76	205.25	196.93	211.57	262.56	224.28	255.64	217.53	240.67	245.34	234.65	215.61	221.19	210.98	231.26	236.22	264.97	221.85	209.08	232.7	238.62	248.23	210.52	305.7	302.5	189.4
256.26	250.37	221.78	228.63	264.64	202.5	270.11	204.93	196.99	210.54	263.71	225.08	257.63	218.63	241.16	247.39	237.94	219.22	225.11	209.08	233.71	236.66	262.8	217.81	209.44	232.26	241.34	250.65	208.85	307.95	302.84	189.45
259.31	250.52	223.77	229.87	265.5	205.03	271.72	204.56	197.75	210.45	265.58	225.89	258.69	219.76	243.49	250.28	237.12	221.15	224.91	214.37	232.83	239.9	264.42	222.88	211.59	233.12	243.17	249.34	209.35	305.97	305.88	191.9
257.32	253.24	223.16	231.04	264.69	204.21	271.95	206.77	199.11	212.79	263.56	227.46	257.29	219.31	244.89	247.46	238.6	221.19	225.13	211.19	236.32	238.02	264.44	223	210.44	235.68	243.49	252.26	212.54	308.76	305.51	190.51
259.21	253.46	225.05	230.89	265.76	204.95	274.75	205.97	199.92	215.54	267.94	227.59	260.46	219.7	245.55	249.28	241.88	224.02	228.56	216.47	238.25	239.62	267.45	222.18	211.15	235.16	244.76	251.76	213.14	307.49	304.97	193.64
260.43	254.4	227.8	231.51	267.62	206.81	275.96	210.31	200.88	215.36	267.66	229.81	259.51	222.04	246.65	253.64	242.46	223.96	228.77	213.88	237.02	243.06	264.2	223.99	212.38	237.18	245.82	254.01	213.09	309.32	307.41	194.54
261.62	256.7	227.07	232.15	271.16	206.5	276.23	210.08	201.46	215.72	270.76	229.69	261.18	221.94	247.79	255.25	239.07	223.1	231.22	217.01	237.66	240.84	268.61	224.34	214.17	238.87	245.98	254.58	214.68	311.06	309.29	194.76
264.26	256.39	226.56	234.52	270.15	208.19	277.12	211.64	204.65	216.35	268.9	231.97	262.32	224.28	251.93	255.27	243.9	228.6	229.94	217.76	239.18	242.93	271.12	226.58	214.19	238.59	247.34	254.34	214.03	312.36	310.48	194.92
264.15	258.57	228.81	234.36	272.05	208.15	278.51	212.4	203.46	217.06	269.83	232.1	261.77	224.39	251.59	255.77	244.5	227.01	230.36	219.27	239.72	243.48	269.43	229.45	215.67	239.85	250.47	258.16	216.19	313.05	310.52	198.17
264	258.8	229.69	236.03	273.05	211.05	279.14	212.6	205	218.25	273.49	234.71	262.75	224.36	252.86	254.78	242.72	227.15	233.36	217.59	240.98	246.64	270.81	230.11	216.62	241.17	249.88	257.64	216.39	316.03	312.21	198.77
266.48	258.95	230.3	235.61	273.59	211.22	279.27	214.82	206.21	220.63	272.59	235.61	265.05	226.3	251.19	256.22	246.8	228.1	232.3	220.68	240.74	247.88	271.83	230.15	217.79	241.59	250.68	259.39	218.24	316.17	312.84	200.55
266.98	259.37	233.03	237.49	274.22	211.82	282.22	215.23	208.34	218.97	269.86	238.29	266.98	227.45	252.82	258.44	245.32	228.27	233.49	221.62	243.57	249.54	271.86	230.62	221.34	242.23	251.53	259.46	219.56	315.95	315.3	198.65
268.88	260.67	234.46	238.86	277.04	212.48	282.26	217.08	206.84	222.93	274.94	235.59	267.91	227.99	255.01	258.47	248.45	229.87	235.77	221.41	244.71	249.73	271.75	230.03	220.51	244.53	254.46	261.12	218.93	316.79	316.23	202.46
269.4	263.69	235.29	238.42	276.29	213.48	282.6	217.39	208.05	221.46	276.09	237.95	269.54	231.19	256.54	257.49	248.83	231.68	234.54	223.81	246.09	250.84	273.05	232.59	220.36	245.27	255.46	262.24	220.78	320.41	317.8	202.63
270.12	264.09	234.5	239.79	278.23	213.88	283.85	217.86	209.91	220.82	274.4	236.85	269.79	231.91	255.81	262.66	247.29	232.71	236.22	224.34	246.41	249.41	273.18	232.08	221.25	243.88	255.61	262.04	222.56	319.08	318.86	202.47
272.22	264.65	235.43	241.92	277.24	215.61	284.18	220.05	212.02	223.5	278.28	237.54	270.25	230.7	257.3	264.6	251.41	234.85	237.97	227.36	248.44	253.64	279.28	235.53	222.88	246.27	258.82	263.29	222.26	320.89	318.55	205.24
273.78	265.66	240.3	242.14	281.39	215.56	285.95	220.25	209.77	222.88	276.81	238.85	272.27	231.85	260.67	262.58	248.33	234.77	239.43	226.47	249.49	253.66	278.92	234.5	223.39	246.25	257.61	265.24	223.9	322.87	320.32	205.12
273.8	267.29	236.62	243.51	280.75	217.23	287.75	222.7	212.29	225.74	277.24	240.29	271.4	232.8	258.84	263.52	251.98	233.97	240.08	227.29	254.43	256.65	279.42	235.98	224.2	248.97	258.24	265.09	225.6	321.79	321.68	205.35
276.43	269.03	240.37	243.83	282.45	218.31	288.59	221.61	212.38	227.29	280.96	240.78	271.87	231.9	262.78	267.52	253.24	237.09	240.88	227.37	250.46	253.44	280.28	239.53	226.43	249.43	260.04	267.84	224.2	323.66	320.45	206.62
277.15	268.98	240.81	243.77	283.12	218.66	289.28	223.24	211.54	225.88	282.74	243.13	273.29	234.53	261.7	267.4	252.35	237.4	241.54	227.11	253.13	256.27	283.69	235.77	225.03	250.54	259.99	268.82	226.42	325.35	322.76	210.68
277.7	271.09	243.56	246.43	284.01	219.36	288.69	224.03	212	225.61	282.09	243.35	272.11	236.98	264.28	268.65	253.38	239.01	242.68	228.15	255.46	257.44	283.2	237.69	226.37	250.83	260.68	269.28	225.56	326.59	325.01	208.5
278.06	271.5	244.43	247.55	285.59	220.24	291.36	224.59	216.54	227.25	283.36	244.08	274.7	236.45	265.46	270.76	253.51	240.22	243.02	228.8	255.63	258.13	285.06	238.99	229.25	252.04	261.33	269.47	227.16	326.98	325.9	211.31
279.24	272.25	243.27	247.99	286.6	221.67	292.71	226.15	218.03	229.58	285.44	244.39	275.47	236.26	266.68	273.88	254	239.81	241.83	233.45	257.92	259.51	286.63	239.13	230.89	250.61	263.9	270.41	229.58	328.48	326.37	211.56
279.43	273.95	246.36	250.02	288.15	222.85	292.72	226.91	216.79	227.19	283.44	246.76	275.48	238.89	268.98	267.95	256.63	239	245.82	232.16	256.91	259.08	284.93	240.54	232.33	253.98	264.68	271.8	228.9	328.12	327.17	211
281.75	274.17	246.39	250.83	287.34	224.16	294.82	227.83	217.93	228.4	287.57	249.5	277.63	239.88	268.19	273.3	257.66	241.05	246.51	234.33	260.51	259.92	285.05	244.76	231.67	254.4	264.94	272	229.99	328.97	327.33	214.14
291.12	284.9	258.7	259.82	298.69	233.05	303.79	238.99	227.17	237.53	295.19	257.04	285.35	248.66	277.61	283.91	265.33	251.28	257.91	241.06	268.06	271.14	296.46	251.26	243	264.06	273.65	281.91	240.59	339	340.46	221.57
303.13	295.41	268.19	268.84	308.24	241.94	313.6	247.56	234.99	246.65	305.35	266.28	294.27	255.63	290.18	291.54	271.5	261.88	263.45	250.85	276.39	279.74	308.05	264.86	250.74	272.57	285.44	289.85	247.17	347.67	349.36	230.89
312.44	306.26	277.11	277.73	317.96	251.18	322.57	256.31	244.25	253.91	312.16	272.92	301.67	263.21	297.73	300.61	279.78	272.78	274.31	258.94	288.84	289.7	317.7	269.25	261.4	278.55	292.02	298.36	256.07	357.6	358.85	240.65
323.23	314.33	286.32	284.61	327.44	257.31	330.93	265.8	254.31	261.7	321.09	282.99	307.57	272.4	307.27	311.27	286.97	279.81	280.03	268.19	299.03	300.87	324.09	279	271.38	285.68	300.85	309.43	263.81	363.46	369.46	250.54
333.27	324.59	296.1	294.77	336.39	266.39	340.76	272.21	259.75	265.7	329.67	291.7	315.92	277.02	313.7	318.18	295.8	286.75	290.68	274.35	307.82	307.18	332.88	285.74	277.81	293.22	308.12	315.96	271.99	373.84	379.44	257.84
343.07	332.15	304.53	301.23	344.67	274.1	348.49	281.25	267.97	274.39	337.47	297.63	323.48	285.98	326.22	329.13	300.99	293.97	296.17	281.68	316.06	313.84	344.03	295.51	285.88	300.13	315.9	324.32	279.12	383.04	387.73	269.53
352.34	339.14	314.12	308.41	353.67	280.93	355	288.71	275.12	279.62	344.03	306.88	328.02	291.29	332.04	335.94	307.6	303.5	303.66	288.89	322.76	324.11	350.37	303.08	294.78	308.85	323.15	331.14	287.77	389.64	398.12	274.45
359.41	348.42	321.54	315.84	360.91	288.08	365.24	296.23	280.67	287.08	350.38	312.69	336.01	300.64	339.72	342.61	312.8	310.72	307.84	297.82	332.1	329.71	359.23	308.91	301.39	313.42	330.6	336.67	292.98	398.17	407.04	281.18
369.19	358	328.74	322.04	370.26	294.45	372.07	304.03	286.57	291.93	358.35	320.39	342.47	307.17	348.08	350.23	321.34	316.36	317.23	304.13	338.89	338.7	365.9	316.95	310.62	319.33	340.32	345.51	301.19	403.03	414.88	290.91
376.81	364.47	336.85	329.2	376.6	301.3	377.65	311.17	294.58	295.57	367.51	326.91	348.67	311.73	355.43	359.45	326.55	323.93	322.39	309.42	346.69	344.36	370.58	326.01	314.99	326.72	344.2	350.76	306.21	410.8	421.85	294.88
385.27	371.87	344.32	335.8	385.02	308.55	385.02	316.3	301.16	300.84	375.73	331.67	353.35	318.22	362.51	364.52	329.2	330.39	328.49	315.31	354.04	351.2	378.68	330.97	323.82	331.87	351.04	359.53	311.6	418.26	430.04	301.89
392.78	378.92	350.81	341.89	392.2	314.68	392.28	324.06	307.02	309.91	381.53	339.62	359.77	324.31	368.74	372.14	336.61	337.02	334.2	325.3	360.71	359.4	386.54	337.85	330.54	340.17	357.96	364	318.94	422.89	438.72	309.93
400.03	384.22	359.23	347.45	399.13	317.98	400.39	330.92	310.37	312.98	383.09	344.65	365.28	330.27	375.49	378.67	339.69	343.89	339.95	327.56	366.38	365.65	390.73	344.18	334.34	342.22	363.64	369.57	324.32	428.21	445.04	313.79
408.14	392.1	363.11	353.22	406.44	325.99	404.86	335.46	318.79	316.85	389.77	351.07	371.31	333.54	380.65	384.55	345.71	348.5	345.98	334.71	373.23	370.37	398.48	350.32	344.35	348.78	370.63	379.24	328.49	438.06	451.02	321.79
413.28	399.94	370.86	357.62	412.52	329.79	410.53	341.54	322.94	322.61	397.63	355.84	376.55	340.24	386.88	390.42	351.47	357.25	351.16	340.89	381.53	376.59	403.92	355.13	345.42	354.21	374.77	381.87	336.68	441.2	459	329.12
420.69	404.31	377.95	362.61	417.41	335.47	415.8	347.46	329.62	327.24	402.14	362.71	381.97	344.76	393.31	395.16	357.73	359.54	356.22	344.11	387.32	382.57	410.6	361.27	352.37	358.96	380.86	391.04	339.67	446.53	463.04	332.28
428.68	409.6	384.33	370.14	423.32	340.51	421.97	353.82	334.59	332.19	408.54	366.48	386.28	351.68	400.44	400.76	362.56	366.21	361.28	351.16	392.54	386.59	417.9	366.36	359.96	364.25	388.65	392.43	344.86	453.67	467.74	338.06
433.52	416.76	389.6	374.09	429.54	346.61	426.74	357.97	338.25	336.03	412.38	372.23	391.7	354.6	402.44	406.34	362.5	371.32	365.74	356.83	396.74	393.25	420.56	372.13	364.75	368.17	391.77	398.31	352.73	458.4	475.54	345.55
440.94	421.09	395.6	379.43	434.43	352.46	431.67	363.49	343.45	340.14	418.6	377.28	396	360.31	409.98	412.37	366.55	374.57	371.29	360.16	404.31	398.41	426.85	377.59	370.03	373.43	396.37	405.37	355.67	462.78	478.91	349.28
446.44	426.81	400.27	385.06	439.3	355.85	438.44	367.09	348.82	343.37	422.26	381.22	400.94	364.78	414.26	417.2	377.1	382.15	378.81	366.14	408.43	403.95	433.41	380.47	375.43	379.88	401.68	407.84	359.85	470.16	486.07	355.5
451.76	433.07	404.9	388.69	445.38	360.08	443.27	371.59	352.92	348.2	427.9	386.02	404.99	368.75	419.75	422.32	379.34	385.2	378.93	367.22	413.57	409.96	437.7	387.13	380.39	380.96	406.42	413.37	367.02	472.08	490.59	359.14
457.96	436.36	411.21	393.23	449.94	365.14	449.07	377.58	356.93	353.18	432.29	391.34	408.28	373.16	422.82	429.79	384.77	390.55	383.88	373.18	419.92	413.96	442.44	387.42	384.15	387.48	412.92	417.54	369.58	478.79	495.9	363.12
461.17	441.35	415.73	397.82	454.72	369.56	452.24	381.75	360.46	356.55	436.85	396.2	413.53	377.37	430.46	433.34	386.68	396.57	390.47	381.15	423.14	419.93	448.89	394.79	388.71	391.94	413.89	421.5	374.16	483.74	502.15	369
467.93	447.49	420.67	402.56	459.66	373.32	456.43	387.32	364.65	360.27	440.96	402.58	418.88	383.37	436.16	437.77	389.61	398.17	394.07	381.58	428.76	422.92	451.12	402.92	395.21	393.38	420.71	428.41	378.9	486.77	507.81	373.2
473.44	451.33	423.7	407.66	463.55	377.88	460.48	391.83	370.93	364.43	446.03	406.34	422.46	385.67	439.69	442.52	397.87	406.3	397.87	388.96	432.39	426.57	457.35	406.26	399.25	402.17	427.01	431.74	382.24	493.51	513.14	376.82
477.59	455.72	427.81	411.47	468.05	382.17	464.59	395.4	374.07	368.29	449.09	410.09	426.02	389.92	443.08	447.18	398.78	410.05	402.96	389.57	437.25	432.7	459.98	409.01	403.79	402.5	428.33	434.87	386.92	496.76	519.2	382.34
482.38	462.04	433.55	414.93	472.97	387.13	470.66	400.33	380.15	373.06	456.09	414.11	428.61	396.05	448.89	452	400.5	414.79	406.57	396.68	441.37	433.94	464.76	413.15	405.56	407.45	433.59	442.58	392.1	498.87	521.29	387.4
487.54	465.24	436.96	418.28	476.79	390.05	473.27	403.08	382.58	377.18	458.98	417.49	434.7	397.74	453.52	454.85	408.47	420.65	412.94	400.63	445.02	439.98	468.96	416.62	410.24	411.36	439.11	444.5	394.57	507.03	527.3	390.55
490.43	470.41	441.41	423.25	481.19	394.74	478.26	408.26	385.45	379.41	461.91	422.7	438.01	401.61	458.01	459.14	409.66	421.82	413.23	404.06	450.61	444.43	472.82	420.12	414.94	414.54	439.83	448.83	398.53	508.75	533.19	395.94
496.5	471.93	446.74	426.93	486.64	397.52	481.51	411.75	390.44	381.77	464.09	426.27	441.83	405.5	460.58	461.29	414.11	427.29	418.01	406.81	455.16	449.07	478.78	425.54	418.58	420.51	446.51	450.25	404.38	513.79	535.66	398.35
499.06	475.55	448.97	431.3	489.91	400.41	484.6	415.06	393.81	387.15	469.4	429.04	445.38	409.45	466.17	466.93	417.37	428.53	424.03	413.36	457.52	452.46	481.25	427.88	424	420.22	450.24	455.22	406.06	520.14	539.24	401.59
503.39	482.63	453.71	433.99	493.6	405.34	489.14	418.97	398.87	390.11	474.2	430.32	447.76	411.79	469.18	473.74	420.14	432.34	424.62	413.06	464.77	456.42	484.36	432.9	426.9	424.93	452.93	459.97	410.43	521.17	546.6	409.18
506.2	485.1	458.63	437.32	495.76	407.91	493.54	423.24	401.16	394.95	478.38	436.84	451.32	417.7	474.64	475.57	426.69	437.33	431.08	419.1	467.78	460.58	492.36	435.48	432.99	429.3	459.56	463.19	414.56	523.96	546.93	410.06
510.97	489.11	461.42	442.67	500.91	411.98	497.35	425.98	405.53	400.03	479.89	439.83	455.92	419.62	477.89	479.29	429.96	441.33	433.57	422.7	469.94	462.96	493.88	439.19	433.77	431.74	460.4	468.67	417.49	531.31	551.41	414.85
515.07	493.48	463.91	444.2	505.27	416.67	500.65	430	409.33	399.79	485.92	444.79	458.52	423.51	481.08	484.77	433.28	446.34	435.65	426.26	471.95	467.1	496.87	445.72	438.12	438.82	464.83	470.38	421.39	532.88	557.62	419.24
518.94	495.07	470.25	447.6	508.35	419.82	504.23	433.48	412.31	403	489.28	448.06	462.47	425.6	485.21	488.66	434.12	449.39	442.17	431.86	478.16	471.08	501.48	444.75	444.25	439.47	471.03	476.06	425.5	536.51	560.48	421.84
521.63	499.17	471.84	452.54	513.04	422.86	508.36	436.1	417.36	406.85	491.59	450.73	465.54	430.47	487.7	490.96	437.22	450.99	442.47	432.07	480.38	475.1	505.59	452.14	445.14	443.5	472.18	478.49	427.91	541.37	564.45	425.86
526.08	502.96	475.08	455.44	518.27	426.39	511.91	440.73	419.27	408.04	495.12	453.98	469.68	435.97	492.04	493.92	443.27	458.46	447.4	436.98	485.4	482.7	510.09	455.51	449.24	448.8	477.33	481.17	433.31	543.73	567.88	431.83
529.52	507.81	480.77	457.45	520.12	428.55	514.66	445.05	423.68	412.82	498.03	458.93	471.2	436.03	496.3	499.93	443.52	458.61	450.4	443.27	489.35	483.59	511.98	457.41	454	449.91	477.53	486.14	432.64	546.48	572.21	432.11
533.27	511.22	483.31	462.34	523.19	434.05	519.13	447.35	426.29	416.7	500.23	460.61	475.02	442.7	500.9	501.57	445.25	460.98	452.94	445.44	494.92	484.79	515.59	462.47	455.84	454.31	482.21	489.36	437.81	551.21	576.49	436.99
537.13	513.93	486.2	463.84	528.58	436.09	521.45	449.93	428.25	418.67	506.98	464.53	478.32	444.15	503.16	506.34	454.6	466.21	456.07	447.4	495.44	492.18	521.91	466.1	460.57	456.81	485.96	493.16	442.49	555.29	577.35	442.61
539.1	518.34	491.29	468.29	530.89	438.44	525.27	454.01	432.47	422.81	507.48	466.98	480.75	446.71	506.17	507.34	452.7	467.28	462.93	450.14	499.42	493.07	521.98	467.05	461.92	458.31	488.68	494.29	443.79	556.84	582.47	442.25
542.3	522.29	493.48	470.55	533.97	442.14	528.42	456.09	435.57	424.7	511.39	469.53	485.1	448.89	510.78	512.77	457.92	470.94	462.17	452.21	504.15	497.19	526.79	471.42	468.18	464.69	495.09	497.05	448.16	560.07	587.86	447.74
547.04	525.09	496.98	474.27	536.65	444.57	530.72	461.06	438.93	426.29	517.31	472.15	486.8	451.04	513.06	514.64	460.88	474.88	465.92	459.87	504.42	499.82	529.15	474.26	469.3	465.78	495.46	503.03	450.7	564.3	588.63	449.96
548.41	527.67	499.8	478.04	539.73	448.69	533.04	462.53	440.96	431.55	518.67	475.72	491.01	457.76	516.29	519.3	460.47	476.7	469.38	456.7	509.98	502.53	532.75	476.52	472.54	470.04	498.77	504.38	453.49	566.97	593.75	451.96
550.79	531.86	503.74	479.57	543.43	451.37	536.66	465.2	444.45	432.48	522.61	480.16	494.42	458.6	521.09	522.51	470.1	483.28	470.17	462.71	513.21	505.55	536.12	479.75	478.73	469.98	500.79	509.77	456.69	571.55	598.24	454.04
554.55	534.96	505.61	482.24	546.41	454.81	540.96	469.42	448.44	435.9	526.77	481.48	496.57	463.31	523.85	524.91	466.95	484.93	474.4	463.51	516.09	508.61	538.65	483.06	478.69	473.37	503.59	510.92	459.84	571.72	598.86	460.12
557.45	537.56	510.27	486.19	548.81	456.62	543.05	471.6	449.2	437.92	528.06	484.58	496.57	463.02	527.71	528.39	470.26	490.71	477.19	467.99	518.93	512.88	541.55	486.18	482.3	479.06	510.22	513.32	461.75	576.84	603.77	462.21
560.1	540.4	513.94	487.99	552.16	460.07	547.18	473.54	453.06	438.55	530.76	487.22	502.49	467.44	530.91	531.76	473.04	492.1	479.52	471.58	523.91	517.68	548.05	488.28	486.06	478.22	510.79	520.02	467.43	581.96	604.76	464.24
561.66	542.96	516.76	491.03	556.63	462.49	549.83	478.71	457.03	443.68	533.61	492.13	504.94	471.24	534.23	535.65	475.33	492.96	483.87	473.75	525.44	519.2	547.9	493.1	484.74	483.89	514.23	519.17	467.52	582.55	607.69	467.55
564.93	545.89	518.53	494.27	559.09	465.53	552.05	479.87	459.1	446.1	537.67	494.12	508.85	473.06	534.99	537.8	480.69	495.85	484.46	477.83	528.73	524	548.29	495.28	493.23	484.62	519.77	523.42	470.15	587.13	614.11	470.88
568.47	552.06	522.18	495.51	561.81	467.5	555.55	482.98	460.54	449.88	538.56	495.83	511.34	476.07	539.62	540.14	479.94	498.56	490.81	479.12	531.62	525.44	553.43	497.75	491.82	487.24	520.45	525.16	474.58	587.41	614.45	475.93
569.84	552.9	526.58	498.58	565.46	470.75	558.46	487.15	465.4	451.44	542.03	499.15	511.39	478.64	540.2	545.34	482.95	502.25	490.19	480.07	535.66	528.24	555.81	502.67	496.9	492.3	522.84	528.51	477.01	590.56	618.12	475.41
572.81	555.47	527.82	502.49	566.74	473.23	559.88	487.23	464.64	452.72	545.28	500.23	514.16	479.65	544.55	547.03	487.86	505.71	494.39	485.13	537.21	531.14	559.62	503.5	498.43	491.57	525.56	533.78	480.22	594.19	622.16	479.1
576.23	560.8	530.65	504.21	569.05	475.5	563.3	491.62	468.79	456.54	549.71	502.68	516.34	483.96	546.95	549.87	487.35	508.27	494.91	486.5	542.71	533.18	559.94	508.26	501.28	495.28	527.89	534.49	480.63	595.59	625.19	484.32
579.36	560.85	534.49	507.73	573.05	478.69	565.27	493.97	471.67	457.85	550.03	507.6	520.47	485.13	549.67	552.65	493.24	509.97	498.91	491.53	542.48	537.84	566.07	509.54	506.04	498.88	532.55	536.63	483.48	597.95	628.39	484.08
581.68	563.68	535.46	511.46	576.33	481.27	568.37	496.89	473.42	460.84	554.14	510.17	524.21	487.81	551.71	554.21	493.91	515.79	504.04	489.7	546.14	538.19	570.29	511.83	507.86	500.29	533.03	540.3	489.24	602.55	629.24	486.54
584.38	566.9	538.49	512.55	578.06	482.05	571.45	498.64	477.14	463.01	556.32	512.26	527.07	490.96	556.46	557.39	495.13	517.44	503.29	494.98	550.1	542.68	570.33	517.41	512.35	504.41	535.59	540.6	488.44	604.26	633.09	492.78
586.76	568.83	542.01	514.97	579.97	486.05	574.81	501.32	477.71	465.07	557.5	515.87	526.44	494.29	558.65	558.97	501.85	520.6	508.55	498.88	550.24	544.53	574.43	518.89	513.73	506.25	539.88	546.64	490.88	606.88	636.79	491.09
589.15	572.08	542.91	518.67	583.96	488.81	577.03	504.94	481.01	467.78	560.03	518.43	529.32	495.01	561.11	560.81	499.08	522.19	509.26	500.76	556.35	547.73	576.41	522.57	516.32	507.77	539.6	545.67	493.85	612.12	639.72	496.73
591.78	576.62	546.65	519.72	585.37	489.78	579.5	507.2	482.05	469.01	563.51	521.49	533.08	498.43	564.5	564.65	502.62	525.32	511.66	505.45	556.69	548.48	579.14	521.88	518.92	511.35	545.58	549.32	496.06	612.02	641.17	499.47
594.43	575.87	548.8	523.53	589.47	492.33	579.66	509.34	486.24	471.76	565.71	524.18	534.22	501.3	565.55	568.8	504.54	529.52	514.62	504.47	560.98	551.1	581.35	525.16	521.56	512.93	544.97	551.97	500.45	611.95	643.19	499.61
596.72	580.1	550.74	525.11	590.06	496.47	583.59	511.77	488.59	473.78	567.05	525.99	538.69	504.18	568.09	569.12	505.98	529.55	518.1	507.19	562.35	553.81	583.1	529.37	525.74	516.78	548.74	553.61	500.8	619.5	645.58	504.41
599.32	583.25	553.1	526.59	592.94	496.91	585.99	513.67	490.92	476.69	570.11	527.15	539.01	505.02	570.55	573.48	512.77	531.03	517.99	509.78	563.84	558.75	584.57	528.82	525.49	516.18	549.75	557.58	502.39	619.24	647.41	508.04
600.11	584.08	557.45	530.53	595.9	499.34	589.89	516.5	493.63	478.43	572.49	529.66	540.7	508.3	572.6	576.05	511.25	534.48	522.18	511.25	569.32	558.71	591.45	532.23	526.16	519.41	552.58	559.58	508.14	621.42	652.86	507.17
603.61	586.46	557.33	531.04	598.39	501.35	590.74	519.24	494.54	479.27	574.06	529.39	544.16	510.06	573.83	579	511.11	535.03	523.45	516.17	568.68	560.01	590.88	534.36	533.82	524.35	557.52	563.2	508.19	624.94	653.84	511.15
605.93	590.12	561.01	534.3	599.41	503.63	594.66	521.1	497.73	482.59	577.36	533.67	545.9	513.45	577.99	579.94	518.24	540.62	526.46	516.43	572.85	563.85	592.43	535.45	532.29	522.85	556.88	561.94	510.06	626.09	654.07	512.56
609.46	591.17	564.54	536.58	602.22	505.2	594.91	523.91	500.55	483.88	577.86	535.79	547.44	513.43	580.19	581.46	519.72	540.76	529.27	518.33	575.41	564.67	595.34	540.45	534.13	526.39	563	564.84	515.93	631.22	659.87	513.98
610.25	593.36	565.32	538.21	604.2	508	597.92	525.43	502.84	485.08	580.71	540.46	551.04	514.53	582.72	585.51	520.86	541.2	529.18	520.56	576.32	570.63	598.86	540.22	540.49	531.22	561.33	570.05	515.37	630.16	660.99	518.73
613.47	596.63	566.94	540.34	606.8	511.52	600.32	526.66	505.98	486.62	584.7	539.21	552.43	520.13	585.14	586.35	525.68	546.33	534.01	522.77	578.41	570.17	603.57	541.98	539.31	530.75	565.49	569.86	517.36	633.59	663.39	517.15
614.94	597.07	571.14	543.53	608.36	512.97	600.85	530.79	505.27	488.44	583.33	544.23	552.31	521.31	588.34	589.17	523.12	547.9	532.73	529.03	579.81	571.43	603.26	545.9	542.02	535.46	566.1	572.3	522.4	636.53	667.87	522.81
618.07	600.65	571.87	544.2	610.56	513.68	603.3	531.11	507.51	490.55	588.06	545.19	556.91	522.75	590.44	591.92	526.76	550.08	538.25	526.12	583.87	575.23	603.4	547.7	543.43	533.58	568.04	574.06	521.25	638.81	666.23	522.64
619.97	603.71	574.99	545.98	613.38	516.48	606.74	534.4	510.8	494.27	589.77	546.98	557.59	526.4	590.5	593.24	526.17	550.33	537.24	531.19	586.36	577.1	609.68	550.16	544.85	536.51	569.87	575.85	523.32	638.62	668.82	528.83
621.45	604.69	576.63	550.07	614.28	519.78	608.65	536.57	512.7	495.06	594.56	549.37	558.51	528.41	593.67	596.73	527.62	554.65	539.59	531.84	588.1	581.92	609.31	551.02	550.93	537.16	572.42	580.72	528.49	642.54	674.31	525.86
623.38	607.12	578.59	550.45	617.21	520.37	609.77	538.39	513.6	495.62	593.55	553.36	561.28	529.22	595.73	596.66	534.16	557.31	542.98	532.74	589.61	580.08	607.43	553.2	550.71	539.42	577.27	581.02	527.94	643.48	674.91	530.07
625.35	610.03	579.93	551.74	620.46	522.32	611.98	539.6	517.22	497.79	595.57	553.14	564.4	529.38	596.74	599	533.4	557.81	544.99	537.52	590.89	584.98	613.22	558.29	552.15	545.16	576.91	583.71	529.79	645.91	677.25	533.33
628.77	611.38	582.03	554.96	621.59	524.53	613.91	542	518.8	501.42	597.11	554.58	566.67	532.78	601.05	600.54	539.23	560.43	546.49	539.19	591.88	588.3	614.31	557.25	555.18	543.55	580.15	585.09	532.1	650.89	681.54	536.99
631.01	612.87	584.96	556.75	623.79	526.84	616.19	544.47	520.87	502.89	600.53	558.63	568.82	536	601.39	602.87	539.22	561.99	549.09	539.94	597.96	587.36	619.73	559.43	556.45	545.91	581.62	585.54	534.71	649.85	680.45	539.36
631.52	616.71	588.4	558.5	626.58	528.12	618.35	546.76	524.41	504.56	601.47	560.78	570.88	534.7	602.52	604.49	540.57	564.89	550.27	544.12	597.89	589.89	618.67	563.79	560	549.81	582.96	590.03	535.25	651.81	683.91	537.94
636.12	617.99	589.07	559.77	627.83	531.25	619.51	548.45	525.11	506.86	603.71	563.08	571.13	537.14	607.95	607.91	542.97	566.11	555.31	542.95	600.68	590.5	620.87	564.41	559.91	549.71	587.44	589.7	537.79	655.55	685.59	538.79
636.89	619.71	590.35	562.43	630.56	531.64	621.34	549.76	527.85	508.58	606.26	564.24	572.43	539.47	608.47	608.7	542.81	564.98	554.73	545.92	600.73	592.82	624.06	568.05	561.6	552.49	586.75	592.12	539.68	656.56	686.6	540.92
638.28	621.57	593.82	563.52	633.01	533.4	624.52	552.5	529.03	511.46	608.15	564.11	576.34	541.11	607.96	611.41	546.01	567.83	557.33	548.14	603.86	594.75	625.32	567.6	566.94	552.75	587.67	596.07	542.33	660.23	688.5	542.49
640.5	623.92	595.19	566.27	633.78	536.55	626.48	553.7	531.48	511.62	609.8	566.98	578.72	543.56	613.3	616.02	546.88	570.92	562.45	548.9	607.34	597.38	628.17	570.6	566.3	554.75	590.37	594.96	544.2	658.47	690.74	547.89
642.7	624.54	597.04	568.1	635.32	537.75	628.23	554.63	531.74	514.04	610.13	567.12	577.31	546.69	613.6	615.79	544.67	571.32	560.05	550.08	606.56	598.75	628.96	575.03	568.13	557.57	591.35	600.97	543.7	661.61	692.32	549.3
644.22	627.15	598.83	569.69	638.62	539.53	629.16	557.71	533.07	516.67	613.12	570.45	580.25	547.04	615.29	617.11	550.38	574.72	561.06	553.24	609.35	603.9	633.16	575.28	573.12	557.95	596.61	598.45	549.26	663.84	696.23	548.82
645.19	628.73	600.83	572.51	640.6	542.19	631.47	558.17	535.19	518.13	614.2	573.06	583.95	548.84	618.34	618.53	551.72	577.95	562.99	553.71	612.16	601.77	633.2	577.85	571.22	563.75	596.17	600.73	547.02	665.25	694.93	551.99
647.59	630.83	602.64	573.12	640.55	543.41	634.44	560.96	537.79	519	616.27	573.63	585.01	551.52	618.15	621.37	553.1	578.42	564.47	558.5	614.58	605.25	635.01	576.31	574.22	561.18	598.27	605.69	549.43	669.56	698.02	551.78
648.55	633.66	604.81	575.23	644.93	545.26	633.93	563.81	538.59	521.69	618.17	577.53	585.26	550.59	620.17	622.11	558.22	585.18	567.97	557.64	614.03	606.79	638.59	577.58	576.93	563.89	600.04	604.13	554	668.07	701.94	554.23
651.29	633.28	605.32	576.9	644.76	546.72	636.48	563.35	539.37	523.04	620.27	578.12	588.21	553.76	623.95	625.23	554.67	579.76	568.99	558.81	618	606.39	638.94	581.02	578.57	566.82	600.33	605.7	551.98	669.77	701.97	558.68
653.39	635.66	606.04	578.14	647.26	547.02	638.73	565.41	540.75	524.21	621.65	579.69	588.73	554.68	624.74	625.41	556.45	586.66	572.16	561.5	619.3	610.15	641.83	581.04	581.19	566.35	605.08	610.97	555.22	674.74	704.45	557.23
655.15	639.22	609.89	580.73	650.16	550.26	640.28	568.76	543.49	524.69	623.12	579.53	591.14	556.91	625.36	628.15	561.67	584.42	571.26	562.07	621.78	611.26	642.99	587.1	579.29	572.32	604.32	609.92	558.24	674.35	705.18	560.68
656.32	639.34	611.96	582.48	650.47	551.12	641.39	568.66	546.53	527.2	625.76	582.83	593.86	559.35	627.72	631.24	561.22	586.95	573.15	565	621.83	613.43	643.93	585.65	583.62	570.07	605.52	611.72	558.92	676.91	707.55	562.29
658.88	640.56	613.96	583.05	652.38	551.99	643.94	571.14	547.31	529.89	628.5	583.89	594.65	560.56	630.53	632.55	563.44	590.25	575.22	565.75	623.53	617.31	644.84	588.69	586.24	572.15	608.43	616.13	560.78	677.93	711.01	563.26
660.2	645.02	615.35	585.66	654.67	554.44	645.5	573.69	549	530.84	627.59	586.62	596.08	561.24	631.69	634.64	563.24	590.86	577.73	568.64	626.27	616.95	649.51	591.17	585.3	574.87	610.05	614.43	562.88	679.03	711.14	569.2
661.72	644.43	615.79	585.13	655.47	556.2	647.54	574.73	550.07	532.51	630.65	588.11	597.3	564.05	632.46	633.17	565.48	592.22	579.58	569.44	625.31	618.71	648.85	589.34	586.59	575.85	613.66	616.36	563.8	681.74	712.18	568
663.08	645.96	618.09	588.14	657.56	558.01	648.81	575.47	551.53	534.15	632.05	589.73	597.86	564.28	636.95	636.79	571.69	594.77	579.77	570.21	631.19	622.19	648.69	593.23	589.32	579.37	611.91	621.05	566.21	684.06	715.26	569
665.12	648.58	620.15	590.53	658.17	559.62	651.61	579.32	554.72	535.6	632.42	591.1	601.47	564.74	634.4	640.2	569.26	596.43	582.27	575	630.72	621.27	653.92	592.75	590.52	578.16	615.39	619.21	567.24	684.26	715.4	571.76
667.01	650.78	621.34	589.82	660.49	559.88	650.7	579.71	553.59	535.6	636.66	591.28	601.73	569.62	638.94	639.28	569.8	598.29	581.79	573.98	632.3	628.09	654.16	595.89	594.64	580.23	615.86	620.23	568.43	688.58	718.38	571.52
668.79	652.32	622.62	591.9	662.09	562.27	653.26	581.55	556.3	538.5	636.83	594.2	604.47	569.11	638.97	642.24	571.5	598.53	583.56	573.9	637.12	625.1	654.04	598.23	592.77	582.08	617.13	626.22	571.56	688.22	721.63	574.34
669.16	653.13	625.62	595.25	664.02	563.98	655.57	583.75	560.26	540.45	636.69	594.88	604.47	570.77	639.96	643.36	572.36	598.85	587.51	577.92	634.23	626.06	657.78	599.65	595.61	582.83	621.44	624.28	571.4	688.35	720.25	577.37
671.81	654.77	626.02	595.67	665.22	565.19	655.5	583.06	560.33	542.26	642.15	596.74	606.21	569.63	643.51	646.37	578.08	604.24	585.38	577.97	638.25	627.42	658.52	600.26	596.91	585.15	620.86	630.05	572.8	693.42	722.66	577.12
674.14	656.36	627.09	597.04	666.35	566.97	658.22	585.23	560.12	541.22	640.24	598.91	607.94	577.05	644.72	645.82	576.04	602.13	591.05	582.85	639.62	629.12	662.23	603.05	599.55	587.42	624.45	626.52	576.26	691.42	726.85	579.46
674.64	656.58	629.44	599.6	669.99	568.1	659.88	587.41	563.81	543.42	641.49	600.59	609.48	574.77	647.73	647.18	575.83	605.02	590.87	581.09	639.69	631.95	661.27	603.07	601.76	587.78	623.4	628.19	576.49	692.74	725.75	581.98
676.57	658.97	630.06	600.24	669.13	571.55	660.96	588.96	564.62	546.3	643.61	601.75	612.11	577.41	648.49	650.29	581.01	607.81	593.59	581.86	642.79	632.52	665.33	607.08	604.46	589.8	624.95	633.53	577.46	697.89	727.2	580.87
678.24	660.56	632.63	601.44	671.75	570.88	662.61	589.86	566.62	544.76	646.9	604	612.92	577.66	649.82	649.4	579.1	608.87	594.02	585.57	643.3	633.91	667.68	603.62	603.33	589.84	626.23	631.99	579.28	695.91	731.96	585.4
679.75	662.1	635.6	603.44	673.89	572.72	663.42	591.79	566.94	547.48	648.54	604.69	613.27	579.32	651.2	653.44	587.77	607.49	594.48	584.34	646.97	638.47	665.85	606.12	608.01	590.48	629.13	633.29	580.72	697.82	730.04	583.47
681.47	663.08	635.24	604.15	673.82	575.61	664.29	593.1	568.81	549.34	649.74	607.12	614.97	582.63	652.75	652.3	582.27	610.25	598	588.68	645.99	638.93	665.27	609.87	604.76	595.68	632.21	635.51	582.7	702.63	731.74	585.29
681.56	665.76	637.03	606.25	675.36	574.32	667.89	593.43	571.32	553.74	648.95	607.92	616.36	583.15	655.52	653.68	585.16	613.04	598.6	587.68	648.76	640.25	668.72	609.55	607.58	594.72	632.09	635.85	582.12	700.73	736.44	587.93
682.25	665.09	638.27	607.47	678.84	577.09	667.96	596.44	571.05	551.85	651.29	609.46	617.33	585.36	654.15	658.44	585.74	613.85	599.13	589.31	650.3	638.12	669.99	614.82	608.43	595.12	630.74	640.18	583.04	702.54	736.1	590.82
686.26	666.71	639.78	609.04	679.03	580.14	669.75	596.92	573.87	551.41	653.71	609.71	618.92	586.52	655.27	658.19	587.56	615.78	599.54	592.95	650.61	643.16	671.96	613.56	609.97	599.79	636.46	639	588.04	706.44	739.21	590.29
686.6	671.49	643.34	610.88	680.25	579.41	672.35	598.64	573.29	554.55	655.73	612.01	620.09	589.17	658.92	658.59	592.3	616.38	600.76	591.7	655	641.7	675.44	614.33	615.74	598.03	634.75	639.92	586.73	705.04	738.38	591.44
687.86	670.72	642.37	611.94	682.12	580.37	672.31	600.04	575.69	555.46	657.18	614.77	620.82	589.48	657.96	660.78	589.49	617.15	604.33	593.37	653.39	643.89	674.44	618.3	612.13	600.06	636.96	644.75	588.6	707.55	740.7	593.86
689.53	672.07	644.41	612.22	683.78	583.11	673.93	601.6	576.18	558.22	659.01	614.13	622.11	592.57	660.98	660.54	591.65	621.35	606.82	596.5	657.84	646.06	677.34	618.04	615.1	602.17	640.63	642.68	592.93	710.74	744.49	593.56
690.92	675.13	646.9	614.3	685.14	583.37	676.16	603.42	579.77	558.62	658.41	616.61	623.94	593.44	663.11	665.16	595.7	620.13	609.38	598.17	657.41	647.17	679.03	619.81	616.26	602.59	639.37	644.69	590.52	710.05	743.59	599.33
692.28	674.28	647.67	617.17	685.88	584.66	676.28	604.65	580.35	558.82	659.53	617.49	627.89	593.8	663.02	664.59	593.47	621.13	607.03	601.5	658.63	648.78	680.44	620.81	616.24	606.05	643.49	649.04	591.31	712.31	744.78	596.3
693.56	676.94	647.86	617.33	686.88	588.24	679.3	605.18	581.37	562.64	660.65	619.88	628.44	595.66	663.94	666.67	599.3	622.23	609.78	599.78	660.9	649.37	682.14	622.93	618.81	605.81	643.54	649.04	596.64	712.92	747.66	597.53
696.15	677.35	651.61	617.32	690.14	587.85	678.29	606.32	583.16	564.39	661.69	620.5	628.36	594.22	667.23	668.49	596.05	623.94	609.79	601.38	660.63	651.52	683.26	625.53	619.87	606.77	644.96	650.91	595.63	713.7	746.45	602.04
696.98	678.22	651.33	620.99	691.23	588.93	679.75	609.57	583.18	563.71	664.91	620.57	630.04	595.59	667.29	669.36	596.74	627.41	612.57	604.85	664.63	652.9	683.4	623.97	624.56	611.4	646.22	650.83	596.19	716.39	747.33	601.7
696.91	681.96	653.18	621.3	692.08	592	682.67	609.02	584.76	564.55	666.19	623.52	630.7	597.59	667.14	671.06	602.4	628.52	613.99	603.49	663.52	654.15	683.87	625.22	623.15	609.38	648.07	651.56	598.84	715.4	753.79	601.88
699.06	682.38	654.89	621.04	692.99	591.42	683.12	609.78	586.38	566.67	667.08	623.51	632.5	599.58	669.38	670.76	602.51	628.65	614.2	607.22	665.53	657.37	684.76	626.4	624.05	611.24	648.57	655.56	599.89	717.64	751.9	604.78
700.97	682.8	654.8	622.55	695.12	592.46	684.71	613.17	586.4	566.95	669.12	624.19	633.64	600.49	671.3	670.41	601	628.04	619.37	605.16	665.04	658.38	687.35	628.14	626.47	611.85	649.33	654.24	600.92	720.44	752.43	604.64
702.16	685.83	656.47	625.24	696.23	595.16	687.75	613.78	589.96	569.21	669.75	626.26	634.92	601.93	674.2	675.39	604.76	631.09	617.87	607.24	667.63	659.39	688.1	632.83	625.79	610.7	650.15	655.4	600.89	721.42	756.84	604.74
702.46	686.04	659.13	626.72	697.47	595.62	687.33	614.85	589.53	568.55	670.61	628.22	636.88	604.01	674.79	676.43	604.23	633.81	618.47	608.08	670.93	659.19	692.06	628.94	631.17	616.96	652.21	659.14	601.74	720.76	754.54	610.4
704.45	687.05	658.69	626.82	699.35	595.97	688.01	615.76	589.81	570.29	672.66	628.31	636.26	604.73	675.94	676.83	608.11	634.4	619.91	610.68	670.06	660.49	691.57	631.03	629.25	614.63	654.78	657.51	607.07	725.44	756.04	607.61
706.23	690.11	659.95	628.54	700.19	596.9	689.42	618.35	593.41	572.98	673.83	630.82	641.36	605.35	677.18	680.58	608.1	635.79	619.03	614.26	671.28	663.1	692.78	635.62	631.44	616.74	654.02	659.12	603.46	724.92	760.5	610.58
706.86	691.36	662.02	630.75	700.39	598.7	692.3	618.39	594.6	573.32	673.53	632.28	640.99	605.62	677.15	679.08	609.43	635.86	624.25	611.91	674.33	662.68	696	635.33	635.2	621.02	654.6	661.27	606.52	724.27	757.6	612.6
708.36	692.26	663.08	630.33	702.8	601.75	691.88	619.9	595.76	574.48	674.93	633.07	641.19	607.22	679.74	681.5	611.78	636.48	622.52	615.32	674.41	664.15	694.17	636.81	631.69	618.55	658.89	661.53	610.26	727.52	760.53	611.91
709.46	692.67	665.52	632.33	704.97	600.7	693.63	620.92	595.97	573.31	677.63	635.52	642.5	607.58	679.53	682.04	610.46	641.33	625.75	618.55	674.89	668.4	695.33	635.45	635.28	621.96	656.56	665.75	608.06	727.99	764.98	617.58
711.21	692.75	664.95	634.76	704.82	602.26	696.28	622.66	597.09	575.72	679.15	634.72	642.98	610.47	683.35	683.97	613.41	639.78	624.46	617.24	679.19	666.03	697.07	638.87	637.7	621.62	658.32	663.01	610.82	728.77	764.15	614.1
713.61	694.57	666.99	634.58	706.18	603.15	695.68	624.39	597.62	577.65	680.17	636.74	645.16	611.66	682.64	685.27	610.08	640.9	626.91	618.89	679.37	668.14	697.72	641.68	638.85	623.14	661.18	668.09	612.51	733.09	764.64	615.7
712.52	697.18	668.92	636.25	707.59	604.83	697.32	623	599.47	578.46	681.62	636.79	645.5	612.19	681.79	685.2	612.97	642.84	627.56	617.88	679	671.45	699.4	641.42	639.84	626.56	661.74	665.78	612.87	730.78	769.84	619.47
714.08	698.38	669.44	637.71	709.77	605.75	699.12	625.93	603.14	580.94	680.89	639.41	646.24	614.89	685.97	685.89	617.36	643.91	627.99	618.83	679.78	670.22	700.08	644.88	639.42	624.48	663.1	668.18	615.23	732.03	768.58	618.77
716.32	699.82	671.31	638.48	709.55	608.27	699.37	627.31	602.19	580.49	684.26	640.59	648.35	613.73	686.43	689.08	614.89	646.08	633.49	623.95	681.91	673.58	699.88	640.47	640.07	625.57	664.35	672.23	616.29	737.28	771.08	619.85
718.17	700.36	672.47	639.74	710.87	608.3	701.25	627.08	603.44	583.87	685.05	642.96	648.67	616.17	689.09	687.66	620.97	644.91	629.5	621.22	683.73	672.18	704.62	644	644.25	631	666.05	669.22	616.22	734.79	771.87	622.81
717.88	699.8	672.06	640.61	711.38	609.57	703.24	629.38	605.77	583.42	685.71	642.52	652.02	619.41	689.17	689.21	616.93	648.93	632.03	621.52	683.32	672.21	704.28	646.52	641.94	629.29	665.02	670.37	617.29	736.51	771.61	622.5
718.72	701.7	674.12	644.48	713.19	611.14	703.55	631.58	605.51	586.36	687.05	641.2	650.49	617.37	690.31	692.56	619.46	646.39	635.07	624.62	684.32	677.63	705.28	645.85	643.38	632.27	669.1	672.5	619.56	740.28	776.84	626.29
720.98	705.27	676.23	643.29	714.67	613.16	703.71	632.27	607.04	586.07	688.01	644.4	654.02	620.05	691.66	692.9	624.45	649.75	634.54	624.83	687.61	676.18	707.07	650	648.51	630.78	668.51	673.27	619.07	738.39	773.93	625.8
722.93	704.46	676.11	644.82	716.59	612.94	706.97	633.37	608.41	585.82	689.87	646.62	654.08	621.57	695.23	694.97	618.8	650.33	636.85	629.82	687.62	677.74	707.44	648.57	647.93	631.85	671.41	678.5	620.83	739.71	775.49	624.74
721.7	705.79	678.17	645.37	716.6	614.08	706.22	634.34	608.78	585.04	690.02	645.68	654.51	623.25	693.79	694.23	620.47	652.42	634.86	626.41	690.29	676.03	711.09	653.26	651.47	635.28	671.23	675.39	621.68	741.99	776.46	627.56
723.89	709.44	680.2	646.78	717.89	615.11	707.75	635.63	610.49	588.94	691.93	647.11	657.87	624.4	693.92	695.65	624.77	655.81	638.51	629.19	687.4	680.2	710.78	651.61	648.52	634.08	671.99	678.19	623.2	743.31	776.27	629.64
736.08	719.08	689.73	657.78	731.58	626.06	718.05	646.08	620.83	599.49	702.21	657.36	667.39	633.37	705.85	706.92	632.48	662.93	649.59	643.29	701.35	692.1	721.57	660.97	660.87	645.23	685.7	687.76	637.39	755.69	791.13	638.78
746.37	728.92	701.04	666.78	739.49	636.67	728.23	656.36	630.81	607.56	711.28	668.61	675.97	643.69	716.65	717.75	648.1	671.4	658.98	649.68	710.61	701.59	731.9	675.41	673.11	655.9	692.33	697.21	642.42	763.04	797.83	652.11
756.02	740.67	710.82	676.47	748.43	645.92	738.98	665.31	641.63	618.25	721.09	678.97	685.07	653.11	724.89	726.93	653.21	685.18	667.94	659.45	720.96	713.95	741.48	681.01	679.73	664.33	702.68	710.05	652.94	774.23	809.08	658.75
764.4	748.16	720.25	686.35	759.89	655.51	747.77	675.68	650.48	626.55	729.48	686.53	694.78	662.95	735.5	737.15	665.68	692.11	679.86	670.3	731.51	720.64	753.45	689.83	691.55	677.52	711.89	717.23	664.64	784.12	820.64	667.13
775.05	757.08	728.38	694.41	768.42	662.33	756.23	683.37	657.23	634.86	737.23	695.27	704.39	671.33	744.52	744.74	671.11	700.91	685.92	676.65	738.76	729.9	760.47	702.79	697.1	680.91	720.12	726.02	670.71	790.79	827.87	680.44
783.85	766.32	737.94	701.47	776.46	670.86	765.15	691.87	667.41	643.51	748.55	705.46	711.37	677.87	753.85	753.49	681.84	707.29	697	688.24	747.6	736.09	768.58	708.52	705.47	690.16	730.58	733.53	678.75	803.58	836.85	683.17
791.52	775.3	743.93	710.71	784.43	679	774.29	701.42	675.94	650.02	753.65	712.24	720.32	685.54	760.3	760.12	683.32	713.78	701.61	692.28	755.86	741.93	780.41	717.97	717.66	697.28	735.44	740.97	686.59	806.02	845.17	691.18
798.53	782.93	752.2	717.39	792.06	684.95	780.62	706.77	681.92	659.06	763.51	718.08	726.99	696.22	769.79	768.95	690.46	724.61	710.12	699.16	763.02	756	785.68	723.75	721.52	703.65	743.34	751.62	692.99	814.61	851.49	704.23
808.2	790.32	761.03	724.48	800.41	692.86	787.73	713.75	688.05	663.01	770.11	726.06	732.89	700.84	776.26	779.01	702.33	731.52	718.02	708.41	773.51	760.23	793.07	728.66	727.09	714.01	753.9	754.58	702.43	824.63	858.95	705.71
811.51	795.52	767.24	732.35	805.89	699.68	794.27	722.35	695.53	670.64	778.38	731.2	741.08	707.32	784.82	782.2	704.42	739.76	721.73	713.83	779.05	768.19	799.53	738.22	739.02	717.03	757.49	762.16	708.15	828.94	865.06	712.34
819.67	803.3	773.84	737.08	813.31	706.06	801.72	727.82	702.77	678	784.89	739.84	745.87	716.48	788.71	790.35	716.4	743.02	728.22	723.88	785.55	777.15	805.87	743.18	741.14	723.63	764.68	770.7	714.31	835.05	871.33	723.77
826.37	809.14	782.1	743.08	819.84	713.62	807.8	734.18	707.86	684.21	790.64	746.62	753.01	720.19	797.51	797.91	718.78	751.88	737.86	725.42	790.46	781.04	813.31	752.94	748.52	732.09	772.34	775.07	719.79	844.2	881.72	726.34
831.97	815.44	786.55	751.37	826.75	718.3	813.53	741	715	688.09	796.97	753.4	760.38	727.33	803.76	803.88	724.1	759.1	741.37	733.1	796.65	788.72	818.13	756.39	756.82	735.85	777.19	783.95	727.76	846.75	884.98	731.62
838.63	820.93	792.03	755.23	832.23	726.51	821.19	745.92	719.18	696.31	804	759.06	765.87	733.35	809.82	810.2	732.02	762.53	749.26	740.51	806.08	793.79	825.27	762.99	759.59	744.55	786.26	786.53	732.55	852.77	890.57	742.97
844.9	826.99	800.4	762.06	837.75	729.07	825.73	751.72	727.13	700.66	808.91	765.8	773.25	739.47	817.09	815.89	734.28	768.28	753.27	743.52	808.22	799.82	828.81	767.01	770.08	747.89	789.45	794.48	737.75	859.69	899.05	744.02
849.05	833.22	803.54	768.82	843.78	735.58	831.31	758.83	732.21	708.83	815.3	771.9	778.49	742.65	821.15	820.15	741.56	775.76	758.37	751.73	814.89	805.16	837.32	772.87	772.34	754.98	794.9	799.21	742.35	865.02	900.38	748.35
854.36	838.55	809.72	773.14	849.17	741.92	838.75	762.3	736.54	711.73	820.65	776.02	783.22	750.98	826.65	827.68	749.12	782.38	768.78	755.82	822.44	809.75	842.76	780.39	776.13	759.36	798.78	803.63	747.5	870.42	906.8	759.03
861.2	843.91	815.7	778.79	854.76	746.82	841.01	767.44	743.22	718.05	825.59	781.79	787.8	754.55	829.86	833.42	752.17	788.74	767.93	760.79	826.75	818.12	847.34	785.41	783.74	763.62	803.76	810.13	757.06	875.6	914.63	759.43
865.41	848.29	820.07	785.51	859.84	751.33	846.7	774.42	748.14	721.25	831.13	786.21	792.43	760.31	834.76	838.08	758	791.12	776.58	769.42	830.78	820.75	851.05	793.18	788.64	771.91	813.13	815.3	757.61	880.58	917.19	766.04
869.87	853.85	825.01	788.66	864.84	758.41	853.3	778.73	752.98	728.03	833.98	792.92	797.16	765.23	842.25	841.91	761	795.93	780.43	772.61	838.66	826.52	857.06	793.52	797.36	775.2	813.91	820.4	763.52	887.99	921.88	774.49
875.92	858.63	829.87	793.15	868.8	760.57	856.99	785.09	758.21	732.59	839.55	797.9	803.63	769.48	847.81	846.28	765.6	803.84	786.5	780.25	840.74	832.88	861.4	801.11	798.04	780.01	820.51	824.74	771.78	889.48	930.68	776.39
880.94	863.1	834.76	799.65	874.86	765.7	861.03	789.01	761.98	736.68	844.64	801.41	808.35	775	850.37	852.17	773.53	805.77	791.66	780.95	843.75	835.32	870.44	804	801.95	786.39	826.21	827.69	772.45	894.74	932.94	784.23
885.14	868.01	839.59	801.71	878.57	771.06	867.32	792.94	768.32	740.5	848.61	806.45	812.78	778.48	856.23	857.19	777.11	809.8	795.34	785.09	850.02	840.96	870.61	807.98	810.68	789.6	828.09	835.5	777.66	902.87	936.62	785.89
889.13	874.04	844.13	808.17	882.81	776.74	870.73	798.9	772.04	746.44	853.39	810.87	816.81	784.09	859.16	860.17	783.32	818.11	801.57	790.26	853.76	845.59	875	815.08	812.14	796.38	833.2	837.85	784.53	902.86	943.89	789.59
892.99	875.94	847.08	811.18	887.97	779.75	875.65	802	777.92	750.47	858.2	813.82	819.59	790.89	861.99	863.49	784.61	818.28	801.13	793.87	859.08	849.22	884.71	819.3	816.78	797.8	838.39	841.55	786.89	907.88	946.66	797.81
934.6	916.08	887.23	851.23	927.98	818.12	916.62	840.86	815.73	791.36	898.29	856.41	860.01	826.12	903.01	905.03	823.65	859.58	843.97	835.2	898.34	893.06	918.81	856.97	859.66	836.17	876.06	882.89	827.15	949.24	985.93	830.98
968.13	951.27	921.34	883.61	961.3	851.49	946.7	874.29	849.68	822.16	933.27	888.35	894.98	862.03	936.26	937.77	859.19	891.44	874.33	865.63	932.95	923.29	954.5	890.67	889.33	871.05	912.94	913.95	856.58	978.19	1023.73	867.41
997.13	977.78	950.21	913.31	990.96	880.62	976.77	903.76	879.33	852.07	962.22	916.52	922.57	890.6	964.93	967.97	886.42	920.68	902.53	896.21	960.17	952.58	983.51	921.93	920.34	899.42	938.26	944.52	885.9	1008.21	1049.74	895.29
1023.89	1003.82	977.08	939.23	1016.57	907.29	1004.61	929.99	906.59	877.71	987.63	944.37	950.24	917.28	994.85	993.58	916.66	951.42	935.53	920.15	987.65	979.07	1009.64	945.41	944.41	926.31	964.77	967.63	915.51	1037.5	1076.36	920.73
1050.05	1033.31	1000.88	962.97	1041.34	930.44	1029.76	953.34	929.56	900.53	1012.64	967.63	975.02	942.42	1016.63	1019.07	936.3	972.05	957.26	945.57	1012.77	1003.14	1036.65	970.3	968.45	949.33	990.19	991.72	935.44	1060.91	1103.16	948.08
1070.78	1053.06	1023.24	984.14	1065.63	952.54	1051.9	975.44	950.95	925.09	1036.23	989.85	998.4	964.61	1042.41	1042.09	957.91	995.11	980.1	971.48	1035.67	1026.96	1056.39	992.4	991.47	970.35	1009.87	1015.74	956.96	1083.57	1121.75	965.32
1091.46	1073.84	1044.91	1006.01	1084.3	972.68	1072.57	996.37	971.86	944.04	1057.73	1012.74	1017.89	986.9	1062.93	1063.43	978.43	1012.63	997.35	987.09	1058	1047.57	1079.1	1012.43	1010.62	994.1	1035.22	1035.81	981.21	1102.23	1141.51	985.98
1111.16	1094.36	1063.37	1025.94	1104.66	992.24	1091.36	1015.43	992.22	962.26	1076.18	1032.07	1037.83	1005.95	1081.66	1081.83	998.63	1035.45	1019.49	1007.11	1075.02	1069.1	1098.14	1034.35	1035.42	1009.7	1051.87	1055.01	996.77	1121.51	1162.99	1010.19
1129.92	1111.64	1081.76	1045.16	1124.12	1011.55	1110.55	1036.65	1010.58	981.38	1094.82	1051.38	1058.36	1023.95	1101.94	1102.28	1017.36	1058.8	1041.27	1027.38	1093.84	1085.26	1117.02	1052.51	1050.85	1029.87	1069.78	1075.99	1016.11	1143.16	1180.56	1024.87
1147.53	1129.25	1102	1063.17	1141.07	1029.29	1129.85	1054.04	1028.72	998.66	1113.75	1069.86	1074.69	1045.08	1118.91	1119.29	1037.75	1072.01	1056.5	1046.29	1113.58	1102.92	1134.34	1071.33	1072.4	1053.1	1088.8	1090.42	1038.65	1157.33	1197.75	1042.48
1164.18	1147.2	1116.73	1080.16	1158.63	1047.01	1145.09	1072.03	1045.29	1013.74	1130.06	1086.89	1093.59	1060.81	1135.87	1136.58	1054.88	1092.33	1075.35	1065.19	1127.58	1123.81	1150.28	1085.69	1085.5	1065.86	1105.06	1112.48	1051.21	1173.67	1216.25	1065.01
1182.42	1163.58	1133.8	1097.89	1175.77	1065.32	1161.95	1088.35	1063.61	1032.71	1146.75	1103.97	1108.59	1078.87	1152.41	1154.01	1074.27	1106.74	1090.13	1079.54	1145.52	1138.73	1165.03	1103.79	1101.45	1085.12	1120.85	1123.42	1067.68	1194.32	1230.57	1076.17
1198.18	1179.01	1151.35	1111.96	1189.88	1078.92	1178.9	1104.14	1079.1	1049.67	1162.87	1118.1	1124.34	1094.21	1169.55	1168.63	1087.85	1123.25	1105.05	1093.84	1161.41	1153.17	1183.14	1119.12	1122	1096.74	1140.91	1140.44	1087.33	1205.99	1245.81	1092.57
1211.72	1194.86	1164.68	1127.88	1206.49	1095.67	1192.29	1119.09	1093.7	1064.32	1177.78	1136.67	1140.03	1110.2	1184.9	1184.42	1103.97	1139.07	1121.61	1113.36	1176.15	1172.22	1197.03	1133.93	1131.3	1116.59	1151.63	1155.15	1098.8	1220.9	1262.88	1110.2
1228.2	1209.66	1179.66	1143.75	1223.7	1109.41	1208	1134.7	1110.5	1080.08	1193.31	1148.79	1155.03	1125.96	1199.41	1200.79	1119.08	1153.94	1137.3	1125.91	1192.26	1184.4	1216.54	1152.36	1147.82	1127.98	1167.91	1169.99	1114.59	1238.65	1276.67	1122.59
1242.39	1225.17	1196.01	1156.54	1235.08	1124.68	1224.35	1149.05	1124.44	1092.54	1207.85	1165.05	1170.91	1140.8	1212.81	1214.97	1132.93	1170.15	1152.64	1139.88	1204.2	1200.51	1228.29	1163.24	1166.91	1141.78	1185.42	1188.45	1129.11	1251.03	1291.98	1137.22
1256.4	1238.5	1209.22	1171.65	1250.43	1138.9	1235.68	1163.98	1137.91	1107.52	1222.43	1180.16	1185.22	1154.53	1228.97	1227.94	1148.24	1181.23	1165.01	1156.32	1219.95	1211.6	1242.15	1176.22	1177.07	1156.38	1197.48	1198.47	1142.49	1264.54	1307.22	1154.46
1271.63	1252.85	1222.95	1186.34	1265.4	1152.89	1251.07	1176.54	1152.63	1122.47	1236.81	1192.76	1199.09	1168.68	1241.29	1242.41	1158.65	1194.04	1179.32	1169.95	1233.64	1226.63	1256.04	1191.83	1191.89	1170.69	1210.46	1211.69	1160.24	1282.57	1320.75	1164.5
1285.11	1267.12	1237.15	1198.9	1277.35	1165.69	1265.86	1190.44	1165.6	1135.61	1249.15	1205.47	1211.94	1181.71	1256.49	1256.25	1177	1209.06	1196.13	1183.04	1246.21	1240.78	1267.62	1203.67	1204.96	1186.43	1224.49	1229.8	1169.99	1292.36	1335.25	1180.23
1299.89	1279.55	1250.03	1212.33	1291.76	1179.97	1276.7	1203.34	1180.14	1148.56	1263.4	1220.62	1227.52	1196.07	1270.1	1270.44	1186.27	1223.89	1207.66	1195.62	1261.65	1253.29	1282.95	1219.3	1218.08	1197.53	1237.32	1238.09	1183.54	1305.97	1348.23	1194.4
1313.08	1292.87	1263.39	1226.59	1306.21	1192.84	1292.61	1217.42	1191.68	1160	1275.61	1232.93	1239	1209.35	1284.13	1283.87	1198.45	1240.11	1221.49	1209.11	1272.09	1270.39	1295.09	1229.82	1233.75	1214.44	1252.61	1255.17	1200.23	1322.86	1359.96	1205.66
1325.04	1306.68	1277.65	1237.8	1318.13	1205.59	1306.59	1230.12	1204.51	1176.04	1291.63	1247.3	1254.24	1221.97	1297.58	1297.08	1217.75	1249.74	1233.5	1224.17	1289.01	1279.48	1307.1	1243.15	1244.49	1223.15	1262.92	1264.02	1210.03	1331.15	1375.42	1220.9
1337.38	1318.51	1290.07	1250.92	1330.31	1218.42	1317.68	1242.45	1219.03	1187.09	1303.85	1259.53	1264.7	1236.07	1309.75	1310.1	1224.69	1261.73	1248.06	1234.1	1299.33	1292.92	1322.95	1258.28	1259.31	1235.86	1274.85	1277.49	1221.94	1344.29	1385.13	1230.79
1350.7	1332.62	1303.66	1265.56	1345.63	1231.24	1331.75	1256.23	1230.1	1200.55	1314.91	1271.82	1277.4	1248.7	1322.89	1324	1239.55	1276.68	1257.85	1246.34	1311.46	1306.89	1335.08	1268.2	1270.02	1253.06	1292.22	1295.02	1238.34	1361.19	1397.21	1243.61
1363.11	1343.73	1314.64	1276.89	1355.9	1242.62	1342.39	1267.44	1243.23	1210.84	1328.98	1285.71	1292.53	1261.45	1333.86	1335.37	1251.75	1287.32	1271	1261.96	1323.36	1318.92	1348.01	1282	1281.81	1260.95	1301.72	1304.57	1247.9	1369.2	1413.09	1260.88
1375.47	1355.17	1326.09	1289.14	1368.89	1256.42	1354.85	1279.99	1255.97	1222.78	1339.83	1297.06	1303.46	1273.11	1347.16	1347.89	1263.61	1299.53	1284.12	1270.01	1334.64	1332.02	1359.01	1294.9	1298.15	1275.27	1313.8	1319.28	1260.28	1381.44	1423.25	1267.67
1386.96	1369.1	1340.66	1303.01	1381.65	1267.22	1368.03	1293.65	1266.89	1234.62	1353.49	1309.87	1316.1	1285.6	1359.7	1359.65	1278.93	1312.29	1295.22	1284.04	1348.48	1341.89	1368.89	1305.6	1306.53	1288.47	1326.03	1327.29	1273.85	1395.49	1436.06	1281.09
1398.45	1380.12	1350.41	1312.58	1392.38	1279.98	1380.52	1304.89	1280.3	1247.15	1363.82	1321.93	1328.35	1299.74	1372.13	1372.38	1287.68	1324.27	1311.97	1296.93	1360.51	1354.01	1386.71	1319.36	1318.78	1299.5	1338.76	1340.03	1284.32	1405.23	1448.23	1296.74
1411.08	1392.26	1362.84	1325.1	1405.85	1293.65	1392	1315.25	1292.58	1259.99	1376.07	1332.88	1340.2	1310.23	1383.94	1384.61	1299.51	1339.23	1319.22	1307.02	1371.65	1367.01	1394.16	1328.42	1333.42	1313.36	1350.67	1353.47	1297.06	1418.9	1458.07	1304.09
1424.52	1404.25	1376	1338.86	1418.47	1303.28	1402.93	1328.7	1302.54	1271.37	1387.9	1344.94	1352.33	1323.54	1393.2	1394.34	1315.6	1349.03	1331.7	1320.19	1384.05	1378.2	1406	1340.82	1342.45	1322.55	1362.78	1364.19	1309.2	1428.99	1471.79	1317.44
1434.12	1416.52	1387.36	1347.9	1428.31	1314.22	1416.04	1340.33	1315.88	1283.94	1400.15	1356.55	1362.72	1334.62	1406.96	1406.4	1323.31	1362.45	1343.25	1330.03	1393.86	1392.28	1421.34	1354.54	1358.89	1333.68	1372.84	1377.08	1319.88	1440.37	1481.21	1330.72
1446.92	1427.11	1397.93	1360.1	1440.45	1327.85	1426.25	1351.9	1326.64	1296.16	1410.21	1367.86	1374.14	1344.82	1418.32	1418.85	1335.32	1370.57	1354.31	1342.59	1407.24	1399.5	1429.68	1363.8	1366.84	1349.75	1387.39	1385.21	1330.57	1454.84	1492.78	1339.96
1457.43	1439.1	1410.24	1373.63	1452.89	1337.38	1438.41	1362.67	1338.17	1305.84	1422.02	1380.6	1385.92	1356.86	1428.85	1430.1	1349.41	1383.08	1366.14	1352.59	1418.01	1412.29	1441.06	1375.31	1377.87	1356.19	1394.82	1398.66	1343.45	1461.84	1508.17	1355.54
1468.64	1449.16	1422.42	1382.35	1463	1348.46	1448.77	1373.81	1348.05	1317.82	1434.35	1390.75	1397.45	1370.33	1441.39	1441.76	1357.98	1394.43	1376.86	1365.33	1428.64	1423.87	1453.04	1387.72	1391.66	1369.98	1406.92	1410.08	1354.22	1473.83	1515.11	1362.36
1480.46	1460.29	1432.14	1394.13	1473.93	1361.59	1460.12	1385.25	1361.02	1329.18	1445.54	1401.88	1409.32	1379.18	1452.34	1452.38	1370.84	1407.08	1391.26	1379.29	1440.79	1435.27	1463.54	1397.95	1399.19	1381.54	1420.61	1419.78	1364.44	1489.21	1528.92	1373.05
1490.65	1473.99	1443.34	1406.76	1485.52	1372.17	1472.92	1396.92	1372.56	1339	1456.6	1411.99	1419.83	1392.2	1463.93	1462.79	1379.41	1418.39	1398.54	1385.07	1449.2	1448.62	1476.8	1411.21	1410.65	1392.09	1430.49	1435.19	1378.17	1496.14	1538.36	1389.01
1502.77	1483.6	1453.97	1415.6	1497.28	1382.7	1482.03	1408.5	1382.64	1349.81	1467.56	1425.06	1430.78	1401.98	1474.42	1474.86	1392.27	1426.76	1410.64	1400.14	1463.96	1456.06	1485.71	1418.6	1426.08	1404.92	1443.31	1443.25	1387.06	1507.54	1549.65	1394.67
1513.66	1494.01	1465.82	1427.04	1508.44	1392.94	1493.7	1419.53	1394.92	1362.58	1478	1434.99	1442.9	1413.59	1485.67	1485.14	1402.34	1438.22	1422.7	1407.68	1471.15	1466.93	1495.94	1429.86	1433.18	1412.2	1452.8	1453.73	1401.84	1522.12	1564.6	1405.56
1523.01	1506.12	1475.29	1439.4	1518.91	1403.78	1505.14	1431.96	1403.7	1372.73	1489.82	1446.89	1454.02	1425.24	1497.01	1496.43	1411.73	1452.11	1432.69	1419.07	1484.15	1478.82	1508.96	1445.26	1443.27	1423.95	1462.52	1465.44	1408.39	1529.94	1571.58	1421.18
1535.2	1513.91	1486.59	1448.9	1529.94	1415.34	1515.48	1440.3	1416.03	1382.24	1500.95	1458.13	1465.25	1435.87	1507.56	1506.6	1426.42	1461.03	1444.11	1432.29	1494.02	1490.2	1518.37	1451.8	1457.82	1439.14	1476.76	1474.72	1419.66	1540.76	1582.87	1427.91
1547.49	1526.81	1499.47	1460.58	1542.28	1427.04	1526.82	1452.13	1427.53	1391.5	1509.48	1466.81	1473.88	1447.79	1518.22	1518.68	1433.25	1471.38	1454.94	1440.33	1504.7	1503.08	1529.01	1462.78	1466.09	1444.85	1484.74	1490.17	1434.35	1554.77	1597.23	1438.15
1557.38	1539.24	1508.9	1470.7	1552.27	1436.54	1538.96	1462.97	1437.79	1405.62	1522.35	1478.33	1484.31	1458.05	1529.4	1530.94	1444.99	1481.68	1465.63	1451.88	1518.94	1511.36	1541.62	1473.21	1475.98	1457.57	1498.04	1495.49	1441.26	1561.43	1604.58	1452.5
1567.54	1549.37	1518.61	1481.31	1563.49	1447.47	1549.6	1473.7	1446.97	1414.61	1533.03	1489.38	1497.77	1467.48	1538.98	1538.7	1456.3	1491.52	1473.46	1461.8	1526.16	1522.72	1551.22	1484.23	1487.37	1467.95	1504.63	1507.59	1451.29	1573.92	1614.87	1460.38
1579.43	1560.58	1531.61	1493.64	1574.42	1457.49	1561.24	1484.7	1458.78	1424.57	1543.91	1500.06	1507.2	1479.37	1550.66	1551.1	1464.84	1505.09	1485.55	1473.09	1537.31	1532.22	1562.04	1495.55	1496.93	1478.83	1517.34	1519.12	1466.22	1586.08	1628.18	1473.11
1589.69	1572.27	1541.22	1502.21	1583.57	1468.83	1570.92	1493.81	1469.28	1436.15	1554.66	1509.91	1517.14	1489.16	1563.36	1561.35	1479.25	1513.52	1499.09	1483.95	1549.19	1544.25	1572.84	1505.14	1510.72	1489.19	1527.17	1527.57	1472.59	1594.89	1635.16	1482.52
1599.56	1580.22	1552.03	1513.53	1594.6	1478.09	1581.54	1504.3	1479.32	1447.33	1564.46	1521.29	1529.56	1500.09	1571.89	1571.9	1486.21	1525.27	1506.58	1494.56	1558.51	1555.5	1582.24	1516.18	1519.25	1499.23	1537.63	1541.49	1484.26	1605.76	1645.38	1491.41
1609.77	1590.71	1563.45	1524.2	1606.05	1489.53	1590.78	1514.97	1490.06	1455.99	1576.54	1531.82	1539.39	1513.12	1582.65	1582.8	1498.24	1534.86	1519.85	1504.86	1571.05	1564.17	1593.72	1528.76	1530.97	1510.9	1552.1	1549.37	1496.22	1616.37	1659.1	1506.77
1620.24	1603.22	1573.22	1534.34	1614.89	1499.48	1601.33	1527.37	1500.37	1467.07	1585.24	1543.18	1550.64	1521.54	1593.55	1591.72	1509.81	1545.47	1527.55	1518.54	1579.85	1576.56	1601.63	1536.77	1539.13	1519.63	1559.2	1563.05	1503.63	1624.37	1666.5	1512.73
1631.77	1611.7	1583.12	1545.39	1626.64	1509.79	1612.79	1536.4	1511.68	1475.08	1596.64	1552.37	1561.17	1533.28	1603.32	1603.81	1516.88	1556.39	1538.07	1524.4	1589.2	1584.74	1612.26	1547.91	1550.8	1534.42	1569.37	1570.1	1518.21	1639.85	1678.43	1524.02
1640.87	1622.92	1594.04	1557.22	1638.44	1521.21	1621.31	1546.97	1520.65	1488.09	1608.21	1565.42	1571.81	1543.98	1613.78	1613.56	1532.36	1566.51	1549.79	1539.51	1601.09	1595.4	1625.62	1558.41	1562.75	1541.23	1582.44	1580.47	1526.84	1646.96	1689.15	1536.97
1650.89	1634.94	1603.89	1565.63	1647.1	1530.66	1633.74	1558.74	1530.48	1495.99	1617.76	1574.44	1581.1	1552.79	1624.24	1623.66	1536.99	1578.72	1558.51	1547.37	1609.11	1607.72	1632.06	1568.62	1571.53	1552.34	1590.12	1592.1	1535.08	1656.93	1698.37	1544.47
1661.72	1642.35	1614.58	1575.87	1657.24	1542.57	1642.88	1567.58	1542.86	1508.14	1628.69	1583.94	1592.12	1564	1634.29	1634.32	1549.15	1586.25	1573.11	1555.63	1619.45	1615.89	1645.01	1578.85	1585.3	1566.23	1601.17	1601.22	1550.87	1668.88	1710.22	1553.82
1671.94	1653.9	1625.2	1587.89	1668.05	1551.66	1652.49	1578.28	1551.76	1516.37	1637.96	1594.62	1603.25	1574.9	1643.78	1644.01	1562.38	1595.71	1579.86	1567.41	1631.68	1626.34	1652.44	1587.63	1592.71	1573.42	1610.84	1612.26	1556.57	1676.92	1717.24	1569.27
1682.71	1664.45	1634.62	1596.26	1678.28	1561.63	1664.1	1588.44	1562.61	1529.18	1649.56	1605.74	1610.93	1585.49	1655.75	1654.19	1569.23	1609.32	1591.09	1576.08	1639.54	1637.51	1665.27	1598.21	1601.53	1583.32	1619.98	1621.35	1567.36	1686.72	1726.56	1575.16
1691.34	1674.12	1645.21	1608	1688.41	1572.43	1673.75	1597.73	1572.99	1538.65	1658.95	1614.14	1622.78	1596.35	1663.17	1664.22	1583.52	1617.82	1599.79	1589.09	1649.73	1648.71	1676.64	1610.17	1616.16	1593.57	1633.63	1631.82	1579.69	1700.3	1740.73	1583.78
1702.71	1684.65	1656.53	1617.57	1699.67	1581.15	1683.8	1608.61	1583.05	1549.44	1668.24	1624.62	1632.49	1605.41	1675.52	1673.83	1588.78	1630.14	1610.95	1596.83	1659.86	1659.42	1685.35	1617.42	1623.4	1602.08	1640.13	1645.4	1587.1	1706.6	1747.4	1598.24
1712.72	1693.73	1665.71	1626.77	1707.65	1592.42	1695.2	1619.31	1592.96	1559.38	1678.55	1634.31	1642.76	1615.25	1684.49	1685.12	1598.81	1637.98	1621.71	1606.45	1670.32	1665.92	1696.1	1628.15	1636.28	1615.61	1650.85	1651.61	1600.01	1716.53	1757.91	1605.75
1721.26	1703.96	1676.12	1636.31	1717.72	1602.35	1703.38	1628.08	1602.26	1567.4	1688.8	1644.26	1652.91	1626.19	1694.34	1694.51	1613.56	1646.39	1629.98	1619.6	1681.38	1677.94	1703.91	1639.27	1641.46	1622.14	1664.2	1662.91	1606.46	1726.66	1770.69	1614.89
1732.24	1715.83	1685.68	1648.45	1728.35	1612.47	1713.78	1637.18	1613.32	1579.19	1699.32	1655.73	1663.8	1636.96	1706.39	1704.45	1620.14	1660.19	1642.53	1627.26	1689.88	1689.19	1714.36	1646.59	1653.7	1632.54	1670.02	1672.6	1617.51	1735.04	1776.55	1626.7
1741.46	1721.88	1694.84	1656.17	1737.5	1623.38	1721.77	1649.58	1623.24	1588.36	1709.89	1664.32	1672.07	1646.03	1714.7	1713.87	1628.43	1667.1	1650.41	1637.67	1702.85	1696.68	1725.28	1659.86	1665.03	1646.71	1681	1681.6	1630.22	1749.27	1786.43	1634.08
