fdt_allch_tau1	fdt_allch_tau2	fdt_allch_tau3	fdt_allch_tau4	fdt_allch_tau5	fdt_allch_tau6	fdt_allch_tau7	fdt_allch_tau8	fdt_allch_tau9	fdt_allch_tau10	fdt_allch_tau11	fdt_allch_tau12	fdt_allch_tau13	fdt_allch_tau14	fdt_allch_tau15	fdt_allch_tau16	fdt_allch_tau17	fdt_allch_tau18	fdt_allch_tau19	fdt_allch_tau20	fdt_allch_tau21	fdt_allch_tau22	fdt_allch_tau23	fdt_allch_tau24	fdt_allch_tau25	fdt_allch_tau26	fdt_allch_tau27	fdt_allch_tau28	fdt_allch_tau29	fdt_allch_tau30	fdt_allch_tau31	fdt_allch_tau32
187.91	172.68	147.19	156.96	189.02	132.48	196.92	133.23	127.59	152.43	190.74	151.23	191.13	146.84	162.48	172.17	176.63	146	151.01	138.81	155.27	153.54	181.71	142.26	132.6	165.69	168.74	169.62	136.84	228.09	224.1	108.08
171.39	155.86	129.3	142.87	171.05	118.09	182.33	116.8	112.71	136.94	174.09	138.31	175.71	136.31	145.55	153.44	158.98	127.55	139.5	123.15	137.88	143.96	166.38	129.38	116.4	152.14	153.47	159.94	123.71	215.26	205.79	98.61
172.42	156.96	130.98	144.57	172.08	118.15	182.06	118.56	111.74	136.44	175.57	138.47	175.27	137.59	147.82	154.81	161.14	128.39	139.88	124.36	138.18	146.72	172.39	130.14	116.18	152.52	153.34	160.82	125.26	215.52	207.42	98.73
172.64	157.81	130.46	144.73	172.2	120.58	182.55	119.86	114.07	137.84	174.42	140	177.66	137.11	149.76	156.07	160.28	130.21	138.85	128.08	138.56	146.11	170.94	130.59	117.23	151.72	154.06	161.76	125.48	216.29	207.14	100.21
174.72	159.02	131.54	145.68	175.08	120.65	183.41	119.17	114.49	139.53	178.28	140.23	179.23	137.05	149.57	157.33	161.52	131.09	141.25	127.7	140.4	146.7	171.56	134.04	119.33	153.35	154.77	162.32	126.48	218.35	208.47	101.13
175.36	160.54	132.89	146.63	174.38	121.99	186.37	121.96	113.55	138	177.97	141.77	177.49	137.49	150.14	155.83	162.67	131.54	140.19	127.57	139.55	149.6	174.62	135.49	119.73	154.46	155.8	163.55	126.92	219.42	209.95	101.32
176.9	160.85	135.56	148	175.68	122.4	185.75	122.64	115.72	139.64	179.53	142.1	179	138.05	151.52	158.19	162.73	133.15	141.41	128.82	140.79	149.8	173.34	135.98	120.43	156.39	157.52	164.4	128.72	219.89	211.58	103.05
177	162.41	134.89	149.15	177.19	124.68	187.67	123.6	117.33	141.15	181.19	142.27	179.54	141.39	151.77	160.58	163.88	134.73	143.66	128.92	143.91	150.32	176.01	136.06	122.2	157.17	158.16	165.78	129.78	220.9	212.63	103.83
178.7	164	135.83	149.62	178.79	124.72	188.59	125.09	118.29	142.03	179.16	143.23	182.99	141.49	155.75	161.57	164.59	135.04	144.46	130.39	144.18	153.01	176.4	136.97	122.2	157.98	159.29	166.65	130.84	222.35	212.89	105.6
180.5	165.04	137.31	151.14	179.36	125.46	190.02	125.77	121.64	142.78	181.97	145.12	181.95	143.89	155.46	160.91	166.77	136.35	144.26	133.6	146.88	152.32	177.26	138.21	124.25	159.18	161.58	167.89	131.36	222.65	214.11	106.62
180.62	166.39	138.92	152.15	181.5	127.59	190.35	126.7	121.04	143.85	184.34	144.17	182.92	142.84	156.69	162.11	165.97	137.2	145.91	131.11	145.77	152.36	179.29	138.7	125.92	158.73	161.87	169.31	133.9	224.46	215.76	107.45
181.96	167.56	138.94	152.85	182.17	128.63	192.57	128.55	121.81	145.2	184.04	147.52	183.22	144.34	156.73	164.09	168.41	138.11	147.28	134.48	147.52	155.35	180.79	139.61	126.52	161	162.48	170.58	133.69	226.86	217.12	108.34
184.07	168.85	140.56	154.61	183.05	128.74	193.14	128.93	121.41	145.33	186.08	147.44	185.19	146.36	157.34	166.24	169.37	139.71	149.25	135.63	149.3	154.81	180.43	140.65	129.53	161.17	164.23	171.68	134.73	227.38	216.16	109.38
184.29	169.35	142.18	154.99	183.65	130.73	193.43	130.02	123.07	146.7	188.31	148.7	186.69	147.12	160.24	168.36	170.88	140.42	150.36	137.12	148.72	155.34	180.84	141.85	129.05	162.39	164.9	171.93	135.1	228.03	217.26	110.97
184.8	171.16	143.23	156.68	186.02	130.15	195.27	131.04	123.27	146.97	187.24	150.56	187.5	147.37	160.79	166.62	172.51	142.51	150.09	136.34	152.25	158.08	183.89	144.07	130.63	163.54	166.32	174.02	136.56	228.28	219.76	111.78
186.14	170.85	144.18	157.27	187.36	131.65	196.35	131.93	124.87	147.73	188.03	151.38	188.6	149.46	163.41	168.52	172.48	143.27	152.18	136.23	152.99	159.32	183.87	144.62	131.13	164.75	167.45	174.84	138.58	230.79	219.96	113.04
188.16	173.44	145.84	158.2	187.69	133.31	196.81	133.5	125.85	149.18	190.32	151.61	190.29	151.24	164.19	170.53	173.5	145.47	152.86	139.31	153.69	160.59	186.38	144.11	132.11	166.24	167.15	175.47	138.06	230.65	221.72	114.34
189.2	173.5	146.93	159.43	188.55	134.43	198.09	134.65	128.36	149.05	190.08	153.85	190.11	150.72	163.81	169.89	175.54	144.02	153.61	139.39	155.76	161.23	185.53	147.07	133.83	166.62	168.69	176.98	139.71	231.56	223.73	115.97
189.71	174.95	147.49	159.5	190.11	135.22	198.49	135.21	127.51	149.67	190.98	155.92	192.46	150.38	164.68	172.99	175.96	147.51	155.19	140.46	155.87	162.29	187.68	147.69	135.03	167.74	170.66	177.4	140.28	233.07	225.49	115.87
191.48	176.33	148.97	160.87	190.98	134.9	200.53	135.88	129.91	152.71	194.12	155.37	191.25	153.77	166.26	174.57	174.01	147.17	155.69	143.43	157.59	164.77	187.96	149.82	133.92	169.17	173.19	179.46	141.55	233.09	225.51	117.69
191.53	176.75	150.4	162.48	191.83	137.09	200.98	137.54	130.74	150.17	194.59	157.03	193.52	152.72	167.23	174.79	177.77	146.79	156.34	142.84	159.22	165.74	186.81	149.47	137.55	170.82	172.11	180.04	144.03	234.14	226.42	118.92
193.53	177.14	150.96	162.41	193.82	137.18	202.05	138.69	130.86	153.29	194.01	156.92	195.06	152.83	168.35	175.63	177.73	150	158.53	143.71	158.03	165.91	191.65	151.57	137.51	170.49	173.72	180.39	142.43	235.69	228.26	119.39
194.4	179.11	152.17	163.94	194.6	137.78	203.01	139.12	132.61	153.98	197.26	159.4	194.45	154.31	169.6	177.21	179.37	149.35	158.18	145.89	161.56	167.46	193.91	151.65	137.52	171.23	174.88	183.17	145.13	237.24	230.11	120.16
195.43	180.01	153.84	165.31	196.58	139.84	204.23	139.77	133.94	155.18	197.41	158.64	195.48	155.4	171.52	177.29	178.14	152.84	158.9	146.29	161.68	166.99	194.47	152.58	140.55	172.27	175.53	183.69	146.87	238.47	230.08	121.95
197.32	181.59	154.57	165.51	196.79	140.48	204.72	141.46	134.98	155.55	199	160.1	197.08	156.7	170.73	178.49	180.64	152.94	161.94	147.64	163.28	169.19	194.81	153.41	138.83	172.65	176.67	184.04	146.51	240.77	231.27	122.56
197.4	183	155.31	166.98	197.42	140.97	207.08	142.99	134.62	157.77	200.52	160.42	199.4	158.85	173.78	179.39	182.01	155.14	162.15	149.15	164.22	169.79	195.9	156.23	141.26	174.54	177.49	184.81	148	239.89	233.2	123.67
198.22	183.66	156.7	167.09	199.36	142.27	207.54	142.78	136.66	158.01	198.79	161.9	198.11	159.85	174.48	181.19	181.33	153.89	162.66	147.57	166.67	169.95	197.68	158.29	142.8	175.52	179.52	186.73	148.76	240.8	232.82	125.68
199.75	184.71	158.75	168.87	199.81	143.67	208.82	144.65	137.7	159.57	201.3	162.75	200.39	158.93	176.85	183.22	185.17	156.5	164.94	149.57	166.77	173.07	196.86	157.99	145	175.87	180.53	188.18	147.91	242.15	233.49	125.98
200.59	186.42	158.36	169.43	200.17	143.77	209.8	145.48	138.81	160.21	201.59	165.36	200.57	160.58	176.52	182.15	183.42	159.25	165.74	150.34	168.06	173.66	198.91	159.97	146.25	176.79	180.96	188.19	149.49	243.8	236.92	127.36
202.66	187.58	159.75	171.01	202.26	145.86	209.89	146.31	139.62	159.83	203.93	165.92	201.24	162.18	176.72	184.11	184.09	157.68	164.47	151.61	168.67	174.74	198.93	160.56	145.8	178.35	182.08	189.2	151	244.62	238.21	128.35
203.44	188.78	160.46	171.36	203.22	145.85	211.58	147.17	141.56	161.98	203.98	166.44	201.82	162.77	179.89	184.73	186.17	158.38	168.21	154.53	170.21	175.28	202.03	159.34	147.8	179.54	182.77	190.65	153.05	246.22	236.9	128.76
203.61	189.54	163.3	172.02	203.46	148.17	213.52	147.92	140.59	160.93	205.67	167.38	202.94	164.36	180.67	186.06	186.5	159.83	167.01	155.22	171.03	176.43	201.96	162.91	149.32	180.37	183.21	191.27	154.46	246.03	240.29	130.41
204.59	190.86	163.65	173.38	204.63	147.46	213.92	149.02	142.73	161.96	205.17	168	204.19	163.88	181.06	186.73	187.97	161.06	169.34	153.44	171.9	176.81	202.65	162.25	150.14	181.26	184.38	192.55	153.15	246.6	240.22	131.26
205.22	191.56	164.34	174.8	205	148.45	215.03	150.55	142.92	162.78	206.33	168.56	205.6	166.61	182.38	190.92	189.44	162.69	167.9	157.03	173.43	178.92	204.57	161.39	149.58	182.35	185.12	192.79	155.93	250.04	242.28	132.91
206.48	192.73	165.76	176.04	207.42	150.28	216.15	151.92	144.75	163.42	206.68	171.58	205.92	166.42	184.33	189.48	189.42	164.03	171.41	158.6	175.62	179.9	204.44	164.48	150.46	183.26	186.84	194.35	157.05	249.33	241.6	133.76
208.68	193.98	166.89	176.84	208.58	151.44	216.99	152.18	143.33	165.73	209.4	172.77	206.66	165.76	185.63	189.21	191.48	164.37	171.37	158.31	176.29	181.39	205.75	166.09	152.09	183.41	188.63	196.13	156.86	249.76	242.63	134.44
208.79	194.7	167.77	177.3	208.58	152.53	216.72	153.27	144.94	165.95	211.38	172.63	208.39	168.09	186.32	191.69	192.77	165.65	171.63	159.92	176.49	182.65	206.28	166.64	155.71	185.16	189.56	195.84	159.58	251.68	244.64	136.13
210.14	196.08	168.61	178.74	210.05	153.02	218.01	153.58	147.35	167.21	212.19	174.33	209.01	168.8	185.8	193.01	192.01	165.84	173.74	161.15	178.01	181.81	205.9	167.3	155.1	185.88	189.28	196.92	159.69	252.68	245.38	137.63
211.19	196.68	169.82	180.04	211.42	153.78	219.16	155.1	148.43	166.2	212.34	174.63	209.05	169.71	187.37	194.38	192.03	168.32	174.19	160.76	179.11	184.35	209.72	167.69	155.06	185.87	190.84	197.78	158.97	253	247.56	138.33
211.42	197.81	171.53	180.64	212.36	154.34	220.34	156.29	148.92	167.53	213.78	176.86	209.38	171.03	188.16	195.34	192.72	168.61	175.14	162.78	180.09	184.93	209.48	169.95	156.63	188.59	191.95	199.56	160.65	254.93	248.73	138.72
213.31	198.82	171.54	181.34	213.61	154.73	221.69	156.13	149.98	170.28	212.9	176.25	211.1	172.5	189.81	194.4	194.35	168.88	176.79	160.96	180.78	187.58	212.34	170.82	156.99	187.38	192.3	199.57	162.26	256.04	250.51	141.06
213.65	200.68	172.17	182.55	213.95	156.22	222.36	158.19	151.77	171.37	215.17	178.28	212.43	173.09	191.43	197.91	195.17	171.37	175.22	164.74	182.1	187.19	212.11	171.15	159.29	189.35	193.01	200.98	163.38	256.54	251.25	141.1
214.62	200.88	173.52	183.37	215.06	157.05	223.14	159.54	151.9	171.61	215.05	179.04	213.69	174.64	191.29	199.29	194.88	171.15	178.2	165.09	182.45	187.89	213.22	173.09	159.99	190.25	195.06	202.28	164.06	257.26	252.72	141.81
214.84	201.81	174.54	184.32	216.81	158.4	224.23	159.89	151.66	170.12	216.91	180.7	212.95	175.79	191.93	199.94	197.8	173.49	178.48	165	185.41	189.95	213.89	173.14	160.69	190.31	196.18	202.84	165.13	259.38	253.17	142.71
216.34	203.49	176.43	185.3	217.72	159.73	225.22	161.03	154.51	171.93	217.88	180.54	214.85	175.64	194.34	200.33	197	173.64	180.41	168.16	184.67	189.32	214.86	174.12	162.27	191.84	197.09	203.92	164.72	260.68	255	143.7
217.65	203.82	177.48	186.3	218.47	160.42	226.08	162.16	155.26	172.29	217.91	181.24	215.2	176.72	193.95	200.98	198.96	174.72	181.07	168.82	185.88	190.91	215.28	176.25	162.92	191.43	197.85	204.83	166.86	260.86	257	145.14
218.7	205.65	178.11	187.46	219.11	161.04	226.54	162.88	154.85	173.88	217.81	183.91	214.69	178.13	196.63	202.43	200.14	175.33	182.77	169.59	188.28	192.41	215.48	176.55	164.06	194.35	199.24	205.55	167.04	263.25	257.09	146.37
219.14	206.45	178.55	188.51	220.84	161.97	227.15	163.27	156.52	172.96	220.15	182.13	217.84	178.54	197.24	204.19	200.48	176.96	183.46	170.04	188.92	193.67	218.5	177.96	164.64	193.23	200.36	206.79	169.28	264.06	257.85	145.9
221.28	207.67	180.82	188.69	221.34	163.18	228.64	164.27	156.16	175.64	221.84	186.08	218.68	178.28	197.47	205.5	200.91	177.73	183.43	172.33	188.37	193.87	219.46	178.14	165.87	194.66	199.93	207.41	169.35	262.93	257.48	147.65
221.75	208.18	180.87	189.59	222.73	163.43	229.39	165.82	157.3	174.68	221.86	186.37	219.13	180.52	201.3	206.04	203.17	178.03	185.66	170.94	189.97	194.52	219.34	180.53	168.21	195.71	201.22	208.07	170.72	266.37	259.7	149.87
223.24	208.92	182.46	190.4	222.95	164.32	231.8	166.75	159.87	177.29	223.94	187.06	218.48	180.31	201.3	206.96	202.47	181.13	184.19	171.64	192.45	195.62	222.05	181.03	167.96	196.91	201.84	210.18	172.09	266.81	260.34	150.1
223.76	209.57	182.78	191.85	223.99	165.85	233	167.54	159.87	178.22	225.26	186.85	220.78	182.65	201.09	207.52	203.63	181.37	185.58	173.23	192.73	197.7	221.26	180.95	168.15	198.14	203.76	210.83	172.34	265.78	261.09	150.89
225.34	210	183.79	192.57	225.19	165.59	232.68	168.84	161.36	179.09	225.15	189.75	221.76	183.2	201.16	207.97	203.44	180.18	187.71	175.78	193.1	198.68	221.83	183.76	170.12	198.92	206.04	211.71	172.84	268.1	263.69	152.06
225.32	212.42	185.39	192.66	226.68	167.9	233.35	169.76	161.64	178.23	224.65	191.24	221.17	183.69	203.81	209.33	204.57	182.41	189.84	176.94	196.28	200.19	224.64	183.53	170.31	199.32	206.72	212.02	174.09	268.17	263.69	152.84
226.18	213.21	186.43	194.76	227	167.94	234.95	170.36	164.17	178.51	228.55	189.15	223.17	186.01	203.88	211.2	207.38	182.2	189.9	174.02	195.86	200.21	226.29	184.76	172.99	200.96	206.12	213.48	175.86	269.34	265.37	153.83
227.79	213.68	187.42	195.55	228.02	168.6	235.96	171.07	164.95	180.06	228.46	191.33	224.42	187.23	205.51	210.79	205.8	183.71	190.71	175.93	196.02	200.97	225.87	185	173.48	201.7	207.32	213.38	176.62	270.17	266.71	154.87
228.37	215.26	188.56	196.07	228.24	169.63	235.97	171.65	164.83	179.63	228.86	192.97	225.57	187.81	205.63	213.47	208.2	183.98	191.54	177.71	197.57	202.58	227.82	187.25	173.41	202.53	207.1	215.09	177.62	271.27	267.82	155.97
229.7	214.99	188.8	196.87	230.06	170.39	237.93	173.05	164.61	183.49	229.35	192.27	225.13	185.42	206.74	212.35	208.85	186.12	192.1	177.32	199.77	203.13	226.07	187.44	175.32	205.04	208.99	215.31	178.04	272.57	268.75	157.01
230.55	216.94	189.6	198.4	230.95	171.75	238.72	174.41	165.47	184.03	231.61	193.62	227.08	188.6	208.01	214.51	209.71	187.26	194.48	181.12	199.87	206.89	227.12	188.44	175.21	204.07	209.99	216.74	179.31	272.27	269.54	157.88
231.67	217.26	192.34	199.1	231.85	172.77	239.14	175.03	167.62	184.97	231.72	196.36	228.01	188.41	209.17	214.41	210.12	186.17	194.66	178.56	200.58	205.75	229.84	189.05	176.1	204.99	211.23	218.14	179.44	274.25	270.89	158.48
231.95	219.26	192.21	200	233.56	173.85	240.68	175.88	170.84	184	231.86	196.3	227.27	192.03	209.71	216.61	211.08	189.29	195.2	183.35	202.4	206.11	231.7	189.16	178.12	205.49	211.66	218.81	179.81	274.15	270.62	159.34
233.65	219.94	193.28	200.53	234.03	173.41	240.3	176.41	169.21	185.77	233.75	196.2	229.77	190.8	210.72	217.08	211.43	191.14	196.23	182.44	202.33	207.86	231.41	190.84	177.93	206.57	212.18	219.89	181.65	275.54	271.55	160.9
234.83	220.22	194.62	202.36	234.92	176.11	241.93	177.78	169.34	186.11	233.8	197.1	229.51	190.55	211.16	218.46	212.66	191.39	197.19	184.09	202.67	207.06	233.93	191.33	180.65	207.18	214.8	220.5	182.27	276.59	272.9	162.93
235.12	221.13	195.54	202.63	236.21	176.63	243.75	179.15	169.67	185.94	235.06	198.35	231.58	191.98	213.41	219.53	212.75	192.74	197.52	184.69	204.77	210.02	232.29	193.86	179.47	208.17	214.82	221.74	183.5	278.06	273.42	162.36
235.27	222.93	196.5	203.45	236.55	177.43	244.26	179.32	171.82	188.17	235.16	198.77	231.79	193.41	214.47	217.43	214.04	191.75	197.84	184.63	205.83	209.72	234.06	194.62	181.92	209.68	215.27	222.15	183.42	278.79	274.59	162.43
236.53	223.91	197.2	203.96	237.76	177.81	245.38	180.64	173.23	189.43	235.87	199.92	231.82	192.91	215.21	219.68	214.33	194.1	198.97	187.63	207.23	210.31	235.95	194.94	182.5	209.51	216.38	223.39	184.4	279.45	276.55	165.29
238.65	224.69	197.41	205.06	238.39	178.68	246.09	181.28	174.05	188.59	237.33	201.45	232.32	194.2	215.06	221.82	213.86	195.37	199.31	186.95	208.13	211.38	236.49	196.81	182.69	209.93	217.53	224.3	185.42	280.79	277.05	165.64
238.88	225.88	198.87	205.12	239	180.59	247.35	182.29	174.79	189.33	238.15	203.33	234.23	195.76	215.31	221.77	215.79	195.01	201.92	187.77	208.51	213.22	238.24	196.88	184.65	211.8	218.04	225.28	186.51	282.35	279.32	166.09
239.17	226.83	199.36	206.83	240.84	180.55	248.59	183.21	174.95	190.36	240.49	201.28	235.83	197.64	218.29	222.21	217.91	197.13	202.05	190.04	208.11	212.87	236.57	198.91	186.13	211.5	219.23	226.12	187.2	282.19	278.36	166.4
240.98	227.06	200.39	207.44	241.94	181.32	249.12	184	176.15	191.72	241.05	202.82	236.73	197.56	218.79	225.43	217.33	195.64	202.53	188.12	210.51	213.83	237.61	198.4	185.87	213.76	219.68	226.28	188.01	283.24	280.28	168.64
241.59	229.25	202.07	208.32	241.77	182.69	249.82	184.96	177.7	191.68	240.9	203.49	236.47	197.54	220.37	225	219.05	198.5	202.97	190.23	212.14	215.82	241.3	199.97	187.72	213.43	219.87	227.77	188.94	284.09	280.79	169.45
242.9	228.71	203.18	209.52	243.62	183.46	251.59	186.09	177.94	192.49	242.84	205.91	236.12	198.23	220.57	226.46	219.65	198.32	205.32	192.48	212.88	216.86	242.25	200.44	186.57	215.37	222.2	229.08	190.66	284.54	282.52	169.26
244.71	230.11	202.92	210.44	244.5	183.43	251.94	187.68	178.66	193.19	243.69	206.54	237.92	199.68	221.94	227.37	220.44	200.51	203.25	191.16	212.38	217.57	241.11	201.95	190.49	214.54	222.5	229.19	190.62	286.11	283.46	171.65
244.83	231.27	204.45	211.51	245.7	184.51	252.58	187.41	179.59	195.17	243.74	208.07	238.03	199.47	221.18	229.1	221.06	199.14	206.97	194.05	215.09	218.2	243.68	202.36	190.52	214.9	224.31	230.4	192.02	286.43	284.71	171.16
246.95	232.35	206.05	212.18	245.81	185.76	254.25	187.91	180.35	196.15	244.51	207.88	239.81	200.71	224.04	228.57	221.78	200.96	208.41	196.52	216.73	219.45	246	202.49	191.29	217.12	224.58	231.03	191.85	287.2	285.7	172.04
245.99	233.16	206.74	212.64	247.28	187.39	254.39	189.04	182.11	195.64	246.51	209.39	240.09	202.39	224.73	230.31	223.16	201.73	207.27	195.97	215.77	220.46	247.4	204.27	191.78	218.82	225.41	232.14	193.62	289.25	286.47	174.87
246.79	233.72	206.9	212.65	247.87	188.04	255.5	190.35	183.76	196.96	244.01	210.55	241.13	202.78	225.16	231.43	223.48	201.44	209.34	197.64	215.9	221.22	246.02	203.87	192.14	219.77	226.93	232.66	194.11	289.3	287.82	174.19
248.09	234.69	208.28	214.31	249.58	189.65	256.4	191.17	184.27	197.07	247.06	208.8	241.62	204.74	224.95	230.51	224.69	203.91	211.02	197.24	218.13	221.25	249.07	205.2	193.15	218.77	225.96	234.18	195.17	290.26	288.59	175.78
250.67	235.47	209.25	215.03	249.66	188.72	257.1	191.5	184.19	198.3	248.16	210.72	243.4	204.45	227	232.11	224.9	205.27	211.1	198.78	217.6	222.03	249.13	205.26	194.82	218.91	227.66	233.91	196.32	292.49	289.78	176.64
250.4	237.65	211.05	215.83	250.27	190.84	258.21	193.06	183.87	199.13	249.01	212.41	242.83	205.84	228.8	233.01	224.97	206.9	211.49	198.98	221.93	223.63	248.99	207.34	195.46	220.36	227.93	236.09	196.95	291.93	289.88	177.32
251.61	237.34	211.34	216.21	251.77	191.02	260.49	193.7	184.63	200.81	250.75	213.86	246.46	205.88	228.6	235.26	227.11	205.19	211.11	198.71	220.5	223.62	250.73	209.23	197.16	221.79	229.38	236.12	198.16	292.97	290.47	178.19
252.54	238.76	212.97	217.57	253.41	191.63	259.59	194	187.57	198.81	250.01	214.69	246.82	206.84	229.09	234.64	227.63	209.15	213.86	200.9	221.05	225.75	250.47	209.85	197.71	223.04	230.9	236.38	197.33	294.21	292.08	179.29
253.88	238.63	213.47	218.4	253.85	193.52	260.78	196.1	188.57	200.19	251.95	215.65	246.7	208.05	230.76	238.03	227.16	206.98	214.03	200.83	222.66	225.36	252.49	208.8	198.26	222.53	232.58	238.61	199.86	294.94	292.63	179.69
255.49	240.97	214.25	218.31	254.37	194.1	262.39	196.73	188.44	199.86	251.49	216.62	247.26	206.61	230.88	236.74	226.57	209.73	212.48	202.06	222.74	227.08	251.9	210.06	200.39	223.9	232.71	238.31	200.61	295.96	294.98	181.91
256.14	241.65	214.82	220.16	256.78	194.83	263.31	197.11	189.06	201.45	254.07	217.3	247.88	209.09	232.58	237.79	227.99	210.32	215.64	202.49	225.24	228.79	252.43	211.63	199.48	224.63	232.53	239.97	200.22	296.99	295.85	180.86
256.25	242.29	216.17	220.66	257.24	195.56	263.91	198.02	190.9	203.24	256.05	216.25	248.93	211.35	234.21	241.12	231.58	210.2	216.3	203.94	223.35	228.32	254.31	212.89	201.08	225.27	233.48	241.1	201.07	297.63	296.37	182.39
258.73	242.75	216.03	221.89	258.5	195.46	265.18	199.24	191.02	201.32	255.49	218.67	249.64	210.02	234.51	240.25	232.29	211.49	217.25	204.43	226.23	229.68	253.62	213.9	203.27	227.11	234.47	241.44	202.27	297.86	296.75	184.3
258.72	244.73	217.42	222.18	258.93	197.01	264.85	199.35	192.29	204.25	257.51	220.24	251.54	211.6	234.82	240.71	230.43	212.48	216.67	205.5	229.04	230.59	255.82	214.26	202.45	227.19	234.18	242.89	203.41	299.58	296.86	183.96
259.93	244.64	218.07	222.4	260.41	197.74	265.43	200.51	192.64	203.82	257.71	221.13	251.19	211.74	237.39	243.12	233.39	213.65	217.03	205.04	228.59	230.64	254.49	214.51	203.64	227.36	236.78	242.67	203.97	299.75	297.36	184.7
260.83	245.35	220.22	223.6	260.68	197.72	266.87	201.33	193.2	204.85	259.17	220.39	252.57	213.69	237.96	242.95	232.94	214.26	218.95	207.27	227.68	232.82	258.1	216.37	203.73	228.95	236.8	243.65	204.07	301.03	298.2	186.34
261.4	248.24	220.3	224.17	261.64	198.88	267.47	202.33	193.81	204.64	257.85	220.19	253.57	213.23	237.55	244.48	233.93	214.41	218.08	206.65	229.45	233.67	258.48	217.37	204.93	229.04	237.5	244.73	206.25	301.47	299.72	186.15
262.52	246.78	220.9	225.43	262.69	199.53	268.48	202.66	194.75	206.2	259.28	222.35	253.21	215.04	238.61	244.93	234.66	215.13	219.41	206.95	230.69	234.52	259.62	216.64	206.92	231.5	238.87	245.03	206.29	302.23	301.25	189.02
263	248.48	221.98	225.52	264.1	200.6	269.91	203.9	195.12	206.71	262.38	223.31	254.31	216.28	241.44	245.77	234.92	217.76	221.07	207.35	233.34	234.84	259.6	218.72	206.82	230.1	239.44	247.24	206.26	302.97	302.31	188.82
263.92	250.49	222.56	227.1	264.54	201.92	270.1	205.18	196.38	207.43	261.98	223.91	255.37	216.77	241.37	246.89	237.84	218.13	221.26	209.21	232.75	234.6	262.77	218.75	208.04	231.43	241.57	246.88	209.59	304.32	303.02	189.37
265.44	249.77	224.09	228.12	264.48	201.4	270.67	205.19	198.52	209.83	263.31	223.1	256.26	216.81	242.25	248.87	237.12	218.41	222.28	211.29	233.88	237.52	262.69	218.43	209.91	232.85	241.48	247.6	208.32	304.81	304.31	191.01
265.41	251.21	224.19	227.68	266.02	203.22	271.91	205.62	197.76	208.04	262.87	225.75	256.64	217.39	243.07	248.35	237.57	219.79	223.6	211.46	235.39	237.9	263.28	221.36	209.46	233.5	242.67	250.17	208.55	305.9	304.39	190.7
266.51	252.61	226.04	229.53	266.17	203.87	272.89	207.93	199.55	210.2	262.07	225.88	258.02	218.92	244.37	248.79	236.97	219.25	223.6	211.53	235.09	238.06	262.94	221.88	210.62	234	243.21	249.3	211.94	306.93	304.76	192.19
267.79	253.39	226.35	229.52	267.41	203.36	272.96	208.28	198.95	209.45	266.37	227.81	259.61	218.21	243.41	249.43	240.5	220.09	227.22	213.49	235.82	239.61	265.84	221.33	210.95	234.88	243.78	250.54	210.43	308.02	308.48	193.74
268.26	254.15	226.76	231.59	268.63	205.06	275.22	208.79	200.02	210.45	266.52	227.64	258.65	220.19	245.82	251.04	238.04	221.31	224.57	212.27	237.06	239.47	265.2	222.37	211.85	234.94	244.69	251.5	212.5	308.69	308.47	194.51
269.95	255.44	228.73	231.14	268.61	205.24	275.39	209.75	201.12	212.48	267.57	227.86	260.03	220.57	247.77	252.57	240.5	222.75	227.4	215.35	237.82	240.27	267.22	223.1	212.66	236.06	244.98	252.53	213.08	310.86	307.23	194.09
270.51	255.64	229.82	232.41	269.8	205.91	277.1	209.91	201.84	212.42	267.95	230.04	261.79	223.14	247.17	251.85	241.54	223.37	228.14	214.26	239.24	242.24	265.46	224.01	212.9	236.5	245.9	254.44	213.7	309.84	309.68	196.21
279.17	264.97	237.42	240.49	278.4	214.2	284.13	218.09	207.62	219.42	275.3	237.79	267.74	229.38	254.24	262.86	247.2	231.71	235.34	221.92	247.69	250.4	276.36	231.43	221.18	245.3	256.04	261.64	222.01	318.56	318.17	203.23
286.28	273.17	246.03	247.41	286.82	220.94	291.57	225.47	216.18	224.4	283.39	246.52	274.74	236.92	265.38	270.62	254.99	239.09	242.67	231.14	255.41	258.95	283.4	240.73	231.47	252.11	262.72	269.65	227.52	326.8	327.06	210.63
295.07	280.8	253.61	255.65	294.19	228.31	299.48	232.71	223.88	230.9	290.86	253.52	281.79	242.89	273.48	277.3	262.45	246.79	250.55	238.15	264.19	267	291.64	248.54	237.28	258.58	270.54	277.32	235.78	333.02	335.99	219.35
304.1	288.86	262.39	262.9	302.59	235.3	307.72	241.15	231.04	238.04	298.84	258.92	289.64	250.19	281.23	286.03	268.34	254.69	257.92	245.5	272.71	273.01	298.02	254.77	245.36	266.64	278.71	283.96	242.33	341.26	344.06	225.65
311.54	296.08	269.57	269.78	310.8	241.76	314.39	247.62	237.48	243.83	304.43	268.21	294.99	258.16	288.21	292.13	274.59	262.39	263.35	251.67	278.41	282.04	306.52	263.1	253.06	272.03	285.56	291.9	249.93	348.62	352.7	233.04
319.16	302.85	276.71	275.83	318.16	247.69	321.01	254.44	243.49	249.36	313.26	275.17	301.08	264.08	295.71	298.85	280.62	269.05	272.24	258.06	287.47	288.34	313.1	269.96	259.49	279.47	291.28	297.84	255.52	354.6	359.48	242.55
326.59	311.73	284.02	282.5	324.5	255.51	328.6	260.41	249.25	256.78	319.54	280.63	305.57	270.82	302.78	307.78	286.04	276.27	277.68	267.27	295.91	295.94	323.14	277.81	267.47	285.32	297.81	305.03	263.62	362.99	367.25	248
333.49	318.5	291.17	289.11	332.03	261.46	335.12	269.12	257.67	261.69	324.94	287.51	315.31	275.69	309.82	315.9	290.92	282.71	281.55	270.97	300.99	301.84	327.58	282.91	274.48	290.83	304.8	312.79	268.51	370.05	375.58	254.43
339.89	324.36	298.11	295.56	338.29	268.3	342.53	275.47	263.02	266.41	331.78	293.22	321.16	281.88	316	320.47	297.52	289.1	290.3	279.09	308.56	308.77	334.46	288.77	280.58	298.11	313.02	318.44	274.23	374.38	381.56	261.84
347.16	332.45	304.58	301.25	345.48	273.39	348.3	281.14	269.84	273.84	337.52	299.61	325.66	287.1	324.29	328.75	303.42	294.6	295.7	284.25	316.35	315.85	340.9	296.55	286.83	302.55	319.22	324.58	282.19	384.1	389.26	268.38
353.12	338.72	311.51	307.01	351.69	280.12	354.56	287.26	275.32	276.99	344.89	305.73	331.43	293.14	328.77	335.21	307.07	302.92	302.33	291.28	321.6	320.58	347.38	301.12	293.15	307.51	325.52	331.13	286.45	387.94	396.69	273.85
359.8	345.69	318.47	313.7	358.27	285.61	359.72	293.02	281.3	284.07	350.43	311.88	337.36	299.05	336.71	341.27	315.54	308	307.75	296.53	328.36	328.25	353.21	307.88	300.92	315.03	330.27	335.46	292.72	394.23	404.31	280.07
366.59	351.42	324.22	319.1	365.4	290.76	367.48	299.52	285.85	288.4	354.11	318.79	343.26	306.91	342.84	346.92	318.85	313.42	312.76	301.42	333.77	334.62	360.32	313.59	305.54	319.36	335.53	343.48	299.06	403.42	411.61	285.78
371.79	357.07	329.64	325.03	370.47	296.83	372.55	304.67	291.88	292.47	360.83	323.72	347.01	310.04	348.39	352.85	326.06	318.43	320	307.61	339.48	341.17	366.66	321.24	312.08	323.84	342.82	347.77	303.22	406.76	416.66	292.76
378.35	363.05	336.92	330.17	377.24	301.27	378.57	310.51	296.8	298.63	367.02	329.08	352.25	315.37	354.14	358.87	330.76	324.23	322.74	312.72	347.19	344.84	373.17	324.05	318.35	329.67	346.13	353.66	309.11	411.9	422.96	296.86
385.44	370.29	341.96	335.47	382.76	307.48	384.38	316.79	303.2	302.15	371.36	334.6	357.69	320.64	361.67	364.34	334.66	331.43	329.1	318.12	351.88	352.01	376.58	331.47	322.05	334.57	352.95	360.54	315.73	418.56	430.12	302.48
390.65	375.24	347.75	340.49	388.97	313.4	390.45	322.2	307.11	307.14	378.48	339.63	362.52	324.71	366.48	368.21	338.87	336.8	335.05	322.81	358.69	358.42	384.1	337	328.46	341.13	359.56	365.02	319.36	423.67	434.92	309.96
396.3	381.66	352.68	346.43	394.73	317.26	395.92	327.14	312.66	311.09	383.29	346.19	367.51	331.01	371.17	375.82	343.81	340.6	340.76	326.35	363.28	363.2	390.11	340.1	333.1	343.67	363.47	370.62	324.75	429.25	441.1	313.87
401.94	387.47	360.28	350.6	399.86	322.95	400.04	332.49	318.28	315.4	389	350.55	372.17	335.55	377.29	382.1	348.2	346.93	346.34	334.32	368.89	367.17	393.14	347.61	339.71	349.35	369.22	375.42	330.9	433.4	446.97	319.5
407.5	392.37	364.57	355.52	405.55	327.77	405.5	337.41	323.12	319.73	394.68	354.99	375.63	339.61	383.25	388.65	354.55	351.52	349.59	337.93	376.96	373.48	399.85	351.34	345.3	354.16	374.48	379.89	334.08	441.14	452.24	326.01
412.3	398.24	370.02	362.07	411.04	332.08	411.34	341.5	327.11	323.81	398.14	361.02	382.02	345.08	388.92	392.57	354.5	357.28	352.94	342.73	379.35	377.5	402.34	355.55	349.5	357.67	379.33	387.31	339.9	445.65	458.15	329.22
416.89	403.64	376.42	365.74	415.39	336.57	417.03	347.74	331.78	329.32	403.95	364.27	386.1	349.44	393.67	396.95	363.79	361.99	359.67	347.46	384.86	383.7	411.44	363.14	355.28	363.84	384.47	389.99	344.45	450.17	463.78	333.92
422.03	408.64	380.08	370.23	420.88	342.09	421.82	351.53	337.42	332.25	410.04	368.99	389.95	353.22	399.65	403.86	365.49	365.77	362.12	352.52	391.43	388.45	415.55	366.78	358.06	367.09	387.85	394.41	347.68	454.84	467.6	341.48
427.06	414.07	385.77	374.58	425.68	346.22	425.02	356.64	341.47	335.22	412.58	374.74	395.25	358.94	403.8	406.77	370.14	371.62	367.1	357.18	396.15	393.06	420.39	372.1	363.11	371.98	392.35	401.69	354.11	460.65	472.75	344.42
433.85	419.62	391.14	379.11	431.35	350.5	430.92	361.99	345.22	340.06	416.07	376.38	398.06	361.47	407.86	413.11	372.91	375.95	370.45	361.18	400.29	397.45	427.04	375.15	369.71	376.71	399.52	403.07	357.02	463.37	477.06	348.86
437.13	423.25	396.29	384.58	435.51	355.64	435.38	364.93	350.77	343.58	421.92	382.1	403.37	367.04	412.58	416.94	378.7	380.64	377.56	365.17	405.78	402.65	430.75	378.43	372.53	379.19	402.41	408.22	360.7	467.37	482.45	353.52
442.23	428.09	399.94	388.03	439.77	358.62	440.45	370.4	353.24	347.66	427.84	385.86	407.34	369.94	418.38	421.54	380.78	386.42	382.58	369.95	410.53	407.82	432.57	385.95	379.77	385.49	407.64	414.39	366.91	474.8	489.07	358.02
446.73	433.52	405.32	392.65	445.05	363.64	445.35	374.8	359.04	349.88	430.98	390.39	410.71	374.93	422.28	425.93	383.8	389.44	384.84	373.83	415.97	411.99	439.12	389.04	380.62	387.35	410.39	417.29	368.78	477.85	491.83	364.27
451.89	437.25	408.66	397.38	449.49	367.4	447.91	378.49	362.87	353.62	435.76	394.1	415.09	378.46	428.49	430.03	392.25	391.87	389.77	379.36	418.55	414.83	441.67	392.82	386.87	391.25	414.6	421.19	373.56	481.62	497.38	366.13
455.63	441.72	413.05	400.65	453.78	371.35	452.21	383.72	365.65	357.69	438.93	399.71	418.16	382.24	431.44	435.86	393.24	398.66	394.27	381.33	423.18	419.34	447.66	397.77	391.89	396.61	420.41	424.78	378.29	487.05	503.03	370.69
459.83	447.47	419.34	403.81	459.13	375.93	458.12	387.81	370.92	359.31	442.07	403.51	422.18	386.72	435.25	439.23	396.39	401.42	396.07	386.82	428.25	425.36	451.9	401.16	394.81	399.5	423.81	428.49	381.27	489.29	505.53	376.9
464.33	449.92	422.05	409.48	462.74	378.66	461.42	391.65	373.2	365.41	449.13	406.35	426.09	389.96	440.44	442.8	402.07	406.64	400.18	390.83	431.93	427.74	456.1	406.4	401.58	403.69	429.64	435.16	386.34	493.74	512.2	378.46
469.49	454.56	426.29	411.91	466.35	383.35	465.09	395.02	377.43	368.33	452.33	411.34	429.5	393.83	444.54	447.02	401.91	410.13	404.76	394.49	437.84	432.61	461.12	410.28	403.1	408.59	430.81	437.02	389.42	499.1	517.89	383.57
472.24	459.86	430.65	415.99	471.9	387.81	469.85	400.15	380.97	371.8	454.94	414.58	432.78	395.55	449.18	450.33	410.05	413.76	407.09	395.07	440.52	435.72	464.13	412.46	405.88	410.97	435.32	442.83	392.78	501.04	522.05	388.49
475.65	462.81	434.69	420.9	474.65	390.89	472.72	403.19	384.31	373.16	458.97	417.28	436.9	401.07	451.89	455.2	408.71	417.58	413.48	402.72	445.41	439.03	467.93	418.26	410.89	414.22	439.46	444.09	398.8	506.5	525.55	391.53
480.96	466.58	439.62	423.43	478.12	394.62	476.29	406.78	389.37	376.85	462.46	421.94	439.18	404.71	456.35	458.98	412.97	420.56	413.7	406.95	448.42	444.02	471.18	420.8	413.94	417.16	442.73	449.07	400.03	510.31	529.78	395.51
485.09	471.7	443.46	426.63	483.97	398.29	481.11	410.8	391.27	380.66	465.84	424.81	442.45	408.23	460.39	463.53	418.06	427.1	418.31	407.44	451.62	446.78	475.8	425.43	418.49	420.37	449.01	452.74	404.27	513.27	532.02	400.09
488.33	474.21	447.44	430.94	486.72	401.5	483.91	413.8	394.67	384.2	469.9	429.4	447.09	412.21	464.62	467.19	420.74	427.48	421.76	411.82	456.91	451.42	480.09	427.82	420.77	424.9	450.58	454.99	408.6	519.09	538.13	401.7
492.09	478.21	451.55	433.11	489.96	405.22	487.53	417.24	399.07	387.27	472.57	432.79	448.78	414.05	467.35	471.48	426.22	433.65	424.74	413.67	460.13	455.81	483.94	430.99	424.15	427.68	454.4	459.83	409.45	521.61	539.67	406.76
496.27	482.57	455.01	436.62	494.19	407.94	491.87	422.17	401.73	389.18	475.71	434.99	452.3	417.4	471.58	473.43	424.3	435.92	428.61	417.79	463.92	459.03	488.33	435.09	429.82	433.29	457.15	464.35	412.83	524.19	544.11	409.52
500.69	485.05	458.25	441.38	497.53	411.46	494.17	424	405.13	392.8	479.57	438.58	455.67	421.66	473.03	478.96	427.53	438.85	432.42	419.81	467.28	462.79	490.66	437.26	431.73	432.23	459.73	465.75	417.24	529.07	548.14	412.45
503.29	488.83	461.22	443	499.25	413.93	498.06	426.5	408.43	393.92	482.14	442.61	458.65	424.22	478.87	481.58	433.83	445.26	434.32	426.07	469.17	465.69	493.09	441.17	437.2	436.14	464.73	470.26	419.7	530.92	551.73	418.2
507.65	492.36	465.48	446.59	505.09	417.45	501.64	431.36	411.86	397.2	485.93	446.32	462.08	426.65	481.61	485.7	433.03	447.11	437.5	428.01	475.27	468.09	497.31	445.75	438.14	440.21	466.71	473.23	425.02	534.68	557.45	418.66
510.4	495.46	467.77	451.57	508.43	419.76	504.49	433.31	414.2	401.36	489.86	449.44	464.69	428.98	485.71	486.65	437.95	450.55	440.7	430.16	476.65	472.53	498.71	447.44	441.68	441.67	471.81	474.87	426.03	538.35	559.12	421.86
514.76	499.54	471.25	453.04	511.46	424.09	507.69	437.23	417.75	403.37	492.25	451.7	468.1	432.66	488.34	492.23	441.59	452.69	446.23	435.35	480.43	475.15	501.38	450.14	446.39	447.55	473.16	480.77	429.82	541.11	561.44	427.2
518.37	503.2	477	456.03	516.14	425.79	512.35	441.05	420.05	405.13	494.5	454.49	470.6	435.14	492.91	494.47	443.8	455.05	448.32	436.04	483.3	480.06	507.88	454.07	447.48	447.12	475.32	481.41	432.42	544.23	568.71	428.72
521.38	505.68	478.9	460.48	518.74	429.09	514.17	443.42	423.45	408.04	497.83	457.11	473.44	437.9	496.26	495.94	448.61	459.63	450.34	440.76	488.8	480.37	509.25	457.54	451.8	450.76	481.24	484.04	435.33	549.57	569.1	432.13
524.15	509.5	483.06	461.67	521.82	433.16	518.2	446.29	425.48	410.04	500.26	460.63	476.21	441.3	498.5	502.41	447.73	461.15	451.65	441.35	492.15	484.06	515.59	461.09	455.79	454.11	482.01	489.83	437.61	550.04	572.55	437.34
528.26	515.61	485.78	465.2	526.2	434.74	521.88	450.65	429.35	413.6	503.61	463.77	478.8	443	500.31	503.92	451.34	465.85	455.14	445.33	494.12	487.91	518.05	462.62	457	456.52	484.54	490.84	441.85	553.38	577.9	438.55
531.45	516.38	487.2	467.38	527.76	437.36	524.57	452.5	431.69	416.4	508.25	466.99	480.69	445.18	505.33	508.36	454.89	465.59	460.47	447.88	497.04	489.61	521.15	464.72	461.71	459.51	489.88	495.08	443.01	556.76	579.19	443.43
533.45	519.94	492.46	469.81	531.36	440.28	524.18	455.08	432.98	416.79	511.75	468.06	483.2	449.25	508.84	510.62	456.12	467.91	461.28	449.56	499.1	494.71	525.36	470.48	463.5	462.58	490.23	496.34	446.72	559.24	584.79	444.48
536.14	523.8	493.76	474.03	535.24	443.48	530.04	458.01	436.73	421.38	512.33	471.61	486.01	452.51	510.85	514.55	461.07	473.85	463.45	456.48	502.34	495.47	524.86	470.75	466.36	464.86	493.62	500.3	448.82	562.38	585.85	446.75
539.94	524.57	496.62	475.77	537.09	446.08	532.22	460.88	440.24	423.18	514.76	473.06	487.79	453.85	514.57	517.72	463.31	474.21	467.34	455.65	508.1	499.3	529.19	473.49	470.54	467.77	497.32	502.24	450.68	565.65	588.96	452.24
542.77	528.06	500.62	478.02	540.8	448.51	534.45	463.33	441.23	425.12	518.54	476.6	492.76	456.94	517.46	519.72	462.4	476.44	468.17	459.22	508.47	501.98	531.16	478.41	472.34	468.59	498.24	503.51	453.41	566.68	594.25	451.03
545.82	531.59	502.31	482.4	543.07	450.25	538.18	466.74	445.65	428.44	522.62	478.35	493.8	458.52	519.49	523.5	469.33	480.03	472.72	460.95	510.09	504.1	533.36	478.39	472.9	472.45	503.49	509.59	458.73	570.36	593.8	454.75
548.03	533.14	504.87	482.32	545.48	453.85	540.69	469.07	447.5	429.3	524.19	481.61	496.34	463.65	522.66	524.38	466.68	482.88	473.4	463.16	514.25	507.93	539.5	483.56	479.31	474.84	504.7	510.53	459.13	572.56	596.91	460.32
550.71	536.4	507.78	485.26	548.83	455.45	544.26	471.06	450.24	433.7	525.82	484.36	498.83	463.7	526.17	528.65	470.73	483.71	477.18	468.31	518.08	511.19	540.15	482.54	478.65	477.15	508.76	513.59	461.89	574.94	602.08	459.39
553.4	540.27	511.73	489.13	550.17	458.2	545.95	474.16	451.9	434.33	530.22	487.34	499.94	466.7	527.26	531.08	475.35	488.36	477.55	469.1	520.43	512.62	542.71	487.26	482.21	479.49	509.28	515.53	466.23	579.23	604.09	461.77
556.72	541.71	513.73	489.77	553.42	461.39	548.1	476.32	452.96	436.71	532.91	489.99	503.67	468.85	529.7	534.84	476.04	489.27	480.52	469.92	523.05	517.26	548.01	490.4	484.72	480.89	511.16	517.79	465.52	580.27	606.55	467.77
559.01	544.3	517.92	493.02	557.25	462.73	551.93	478.83	456.45	437.82	534.6	490.71	507.34	470.52	532.61	534.32	480.78	492.96	484.29	474.27	526.1	518.25	547.04	491.21	487.92	482.33	515.89	522.05	468.44	581.48	609.16	466.25
560.71	548.26	518.76	496.23	557.91	465.78	553.88	480.37	458.97	440.69	535.74	494.17	509.8	472.44	535.8	537.68	479.97	493.9	485.07	475.74	527.84	520.82	548.79	495.67	490.05	487.58	520.06	523.17	472.01	587.54	611.62	469.9
565.42	549.01	520.76	497.29	561.08	469.69	556.27	482.88	461.22	443.39	539.25	495.5	512.83	475.8	538.15	539.82	480.85	497.32	490.32	479.92	531.82	523.33	553.49	497.11	491.92	487.02	519.86	527.43	472	586.95	615.38	475.49
566.44	552.65	524.76	499.32	564.06	469.82	558.73	487.02	462.23	444.87	541.68	497.73	512.74	477.15	540.89	544.1	484.68	502.66	490.18	478.15	533.55	525.27	553.46	500.22	493.76	490.38	523.68	527.99	477.54	589.12	616.59	473.72
569.1	555.68	525.94	502.47	566.5	472.18	560.88	487.28	465.62	446.81	544.22	502.3	514.48	479.68	542.6	545.34	485.53	503.01	493.44	482.89	535.59	529.31	556.34	500.4	500.18	492.61	524.34	529.89	477.14	594.49	618.27	476.87
571.81	556.59	528.93	504.91	568.23	474.63	563.37	490.69	467.74	448.15	546.35	504.26	517.99	481.75	545.6	547.39	491.72	507.3	496.36	485.56	536.4	531.16	558.85	503.55	499.12	493.85	529.34	533.66	480.11	593.31	623.08	480.4
573.26	559.39	532.73	507.52	571.78	476.33	564.94	493.29	469.45	450.5	548.4	506.67	519.24	484.39	547.62	549.21	490.13	508.17	496.05	487.45	538.83	533	560.45	508.11	503.56	499.21	528.26	533.61	484.12	596.95	623.48	481.72
576.07	563.07	533.29	509.34	574.11	478.01	568.99	494.07	472.04	454.42	550.61	506.9	521.28	486.18	550.76	552.3	490.85	508.39	502.46	491.8	543.73	535.11	565.51	509.03	503.99	499.41	531.94	538.72	484.65	601.62	625.79	486.88
579.25	562.75	535.59	512.4	575.14	482.31	569.49	496.82	474.3	455.45	552.33	510.18	523.54	487.74	553.1	553.59	495.12	512.72	500.31	491.41	543.7	536.72	566.06	510.82	505.83	501.51	533.23	538.38	486.8	600.78	630.84	485.21
581.34	566.16	539.73	514.17	578.19	483.52	571.57	500.88	475.95	459.76	555.45	512.42	526.17	490.68	554.36	556.82	496.61	515.46	502.68	494.33	545.71	541.69	567.98	515.86	511.8	504.02	534.95	540.53	487.88	603.84	631.59	490.24
583.37	569.76	540.82	517.05	580.64	484.64	575	500.85	478.9	459.39	558.04	515.48	526.98	493.52	557.09	558.71	501.34	516.75	507.46	496.86	550.23	541.99	572.38	515.03	510.64	504.95	539.56	544.67	489.64	605.75	632.2	490.97
585.8	570.8	542.65	520.43	582.5	487.46	576.4	503.35	479.05	461.77	558.9	517.42	530.82	495.39	559.78	560.82	500.03	520.1	508.81	497.88	550.43	544.21	574.15	518.9	512.61	509.5	539.78	545.49	494.85	607.71	634.87	491.96
587.91	572.78	545.41	519.94	584.6	490.03	578.27	507.49	482.29	462.63	559.69	519.67	531.61	495.55	560.62	563.26	501.22	519.8	509.35	501.21	554.86	545.03	574.95	519.23	518.14	509	543.14	548.27	494.81	611.11	636.06	497.67
589.18	575.43	547.11	522.41	587.02	491.92	579.86	507.4	483.68	465.02	563.54	520.6	534.15	497.94	562.41	565.15	507.43	522.61	512.7	500.15	555.51	547.08	576.2	521.91	518.4	510.49	543.55	548.65	496.15	611.08	639.38	496.3
591.93	577.37	549.56	525.96	589.46	493.79	581.5	510.68	484.69	465.33	565.23	521.94	536.45	501.95	565.35	567.26	505.33	525.86	514.62	505.61	556.19	551.87	579.92	523.99	519.48	515.48	545.87	550.83	500.15	614.45	641.89	497.9
593.39	580.8	551.64	525.92	590.88	495.93	584.93	512.57	488.49	468.76	566.78	525.64	537.65	502.08	568.17	569.76	508.01	527.71	519.28	504.99	560.28	551.21	582.31	525.79	525.02	514.83	550.69	555.86	500.73	618.93	644.8	504.64
596.13	581.97	553.19	528.75	593.13	498.53	586.54	514.88	489.34	471.74	568.79	525.86	540.34	504.25	571.05	572.4	512.64	531.06	517.96	508.02	561.37	554.56	582.48	530.44	522.71	519.9	549.42	554.82	502.21	616.83	647.63	502.65
598.92	583.91	555.12	531.78	594.49	499.06	589.12	517.06	491.82	471.55	570.43	528.7	540.7	507.26	572.93	574.17	511.85	530.66	519.43	509.44	564.06	556.45	587.2	527.79	524.67	518.92	552.37	556.54	506.87	618.83	647.2	504.11
599.54	585.13	557.36	531.9	596.27	502.34	590.65	519.86	494.14	475.76	573.69	530.48	542.82	508.73	573.72	576.83	515.36	533.48	523.49	512.37	565.31	558.3	586.58	531.84	530.84	521.25	553.85	559.67	506.51	623.74	650.69	511.15
601.91	587.61	560.15	533.56	599.91	503.09	594.32	519.86	495.18	476.81	575.46	532.32	545.86	509.92	576.78	579.88	514.61	539.41	523.46	513.24	566.26	561.74	588.73	533.3	530.36	523.87	555.66	560.37	507.31	623.48	655.38	508.37
603.89	589.7	561.04	536.76	600.07	506.49	593.86	522.13	498.43	475.83	577.07	535.34	545.77	511.44	578.5	578.67	517.34	537.6	526.25	515.24	570.29	562.04	592.06	535.03	534.07	524.07	558.06	566.04	514.18	625.24	654.51	510.67
605.23	591.14	563.3	537.54	602	507.9	596.17	525.18	499.37	479.35	578.11	537.32	547.55	514.98	581.45	581.12	521.83	540.59	528.25	518.3	570.95	563.25	591.62	538.99	533.19	529.01	559.13	563.51	512.13	630.86	656.86	516.34
607.32	594.18	566.31	538.69	605.55	510.66	598.13	525.92	499.96	481.07	579.71	538.71	549.38	514.99	581.31	584.86	520.98	540.55	528.52	519.65	576.01	565.95	593.49	539.15	534.47	528.23	563.75	565.83	514.42	628.62	661.3	514.85
609.23	595.3	567.21	542.75	605.78	510.8	599.38	527.42	504.26	480.39	582.47	539.77	551.22	518.4	582.9	584.7	521.47	543.47	533.84	521.04	575.14	566.77	596.69	541.88	537.57	529.81	562.41	569.26	519.18	630.62	660.39	516.11
611.39	597.1	570.25	542.68	607.99	513.21	602.38	530.64	504.29	483.97	584.49	541.93	554.56	520.12	584.3	586.73	527.52	546.16	532.2	526.13	578.47	571.57	596.83	545.68	538.24	533.14	565.26	570.68	517.94	634.63	662.2	520.62
613.75	598.25	570.72	544.73	611.11	516	604.02	531.01	505.73	483.75	585.33	544.52	555.52	521.02	586.71	589.76	525.5	546.34	535.71	524.11	581.27	572.22	600.84	543.7	543.3	532.93	567.04	575.03	519.65	634.91	665.92	520.82
615.36	601.79	572.87	547.57	611.79	516.98	606.2	532.8	508.97	487.04	588.2	546.75	557.26	522.63	587.62	591.71	528.01	548.15	536.32	527.57	579.57	573.77	601.46	545.41	541.46	535.84	568.57	573.59	524.85	636.55	664.76	522.46
615.94	602.67	575.21	548.12	614.47	518.78	607.4	536.28	510.69	488.73	589.14	546.64	557.81	525.23	590.84	592.6	531.31	551.56	536.28	528.88	583.39	574.65	604.81	547.58	544.03	536.51	572.93	575.91	522.34	641.05	668.95	525.67
618.43	604.18	575.85	549.64	615.66	521.52	609.05	536.95	513.25	488.69	591.59	548.82	559.98	527.11	592.56	593.64	531.36	551.25	540.82	530.26	586.6	576.63	605.71	549.5	547.14	537.4	571.26	578.63	526.2	639.92	668.98	526.31
620.76	606.44	577.25	553	617.73	521.13	611.36	538.2	513.38	491.15	591.91	550.9	562	528.52	593.2	595.58	534.47	552.6	540.88	533.69	586.4	580.69	608.66	552.83	547.68	541.52	573.14	577.84	527.44	641.63	671.04	530.69
621.98	608.7	581.3	553.76	619.12	523.34	612.68	540.72	515.14	493.15	594.8	551.77	563.44	529.13	596.56	599.14	533.38	553.29	543.54	533.07	586.98	579.92	610.4	553.23	551.99	540.75	578.02	579.78	527.36	646.55	675.67	529.01
623.58	608.86	580.82	554.68	620.61	526.07	613.98	541.78	517.78	494.39	596.21	552.63	564.42	529.84	597.06	598.86	534.29	557.18	543.28	537	591.54	581.65	611.89	555.06	550.31	542.22	576.79	583.63	532.57	645.29	673.93	530.79
626.18	612.26	583.04	555.76	621.87	526.43	615.44	544.5	519.49	496.97	597.38	554.72	567.2	532.71	598.04	600.48	540.31	559	545.2	536.77	592.06	584.3	614.3	556.93	551.86	547.52	580.14	583.1	531.71	647.57	675.37	535.74
626.53	613.05	586.2	557.97	624.55	527.98	617.75	544.83	519.82	498.09	599.5	558.24	568.37	534.1	601.14	602.09	537.54	560.68	549.52	537.35	593.34	585.21	613.78	555.63	558.66	544.93	580.31	586.06	531.92	649.28	679.86	534
630.14	615.6	586.23	561.29	625.95	531.45	619.66	546.37	521.18	500.97	599.26	558.79	569.19	535.03	602.81	602.98	540.45	561.79	549.48	542.24	594.42	589.13	616.2	561.31	554.73	546.97	581.69	586.43	537.16	650.03	678.43	535.91
631.17	616.06	588.39	561.75	627.54	531.17	621.46	550.42	523.56	502	601.61	560.2	572.28	537.47	604.45	606.58	540.6	562.4	553.42	541.31	595.27	587.75	619.66	559.25	558.16	549.63	585.72	588.64	535.13	654.62	680.44	540.58
632.63	618.62	590.44	563.23	630.19	532.93	622.06	549.75	525.3	501.67	603.12	560.69	573.95	538.58	604.19	607.45	542.42	564.78	552.68	541.79	598.52	590.12	618.67	562.16	559.75	550.51	584.31	593.18	537.63	654.17	684.82	538.51
635.23	618.62	590.83	565.6	630.12	534.46	625.03	551.28	525.39	504.04	604.82	562.99	575.11	540.33	606.88	608.32	547.03	568.82	554	544.9	599.25	591.87	621.78	565.71	560.2	553.42	586.17	590.6	540.07	655.2	684.28	540.57
636.01	621.46	592.52	565.74	632.31	535.37	625.22	553.94	527.59	504.32	607.05	564.5	576.01	542	607.9	611.2	545.09	567.07	556.3	545.83	604.57	593.39	621.79	565	564.5	552.69	590.42	594.26	541.04	658.32	686.07	543.35
637.47	623.14	595.64	567.32	633.74	537.24	626.08	554.32	529.69	504.94	607.94	565.51	576.54	542.9	611.18	612.48	548.9	568.81	555.99	548.58	602.77	596.69	625.46	568.26	564.91	554.45	590	594.39	544.42	658.27	690.47	543.8
638.71	625.25	595.72	569.3	635.39	540.04	628.75	555.98	530.6	508.77	608.88	567.1	579.33	544.07	612.24	613.89	549.73	572.41	560.86	549.91	604.17	596.22	627.09	569.36	565.75	556.54	591.69	595.83	542.39	658.93	688.13	544.8
640.9	626.13	596.61	571.94	637.06	539.65	630.34	558.79	533.2	507.06	613.29	568.34	579.48	545.59	612.85	614.43	550.17	571.41	560.3	551.47	607.87	599.82	628.64	570.2	570.34	558.07	592.64	600.45	544.71	663.59	691.24	547.12
642.5	626.78	600.97	571.81	639.23	541.54	631.43	558.84	534.23	511.06	612.44	570.89	580.95	547.8	615.54	618.15	553.48	574.17	562.53	553.67	607.1	599.14	630.31	570.19	567.27	561.66	593.48	598.61	548.4	661.93	692.83	547.74
643.72	629.48	600.26	572.97	641.48	543.68	633.8	560.36	534.76	511.48	614.32	572.03	582.83	548.86	618.14	617.13	552.77	577.06	563.75	551.2	609.79	600.1	629.96	571.33	570.39	560.21	598.25	601.15	548.57	663.12	693.96	550.76
644.31	630.73	602.5	576.05	641.82	543.93	633.93	563.21	536.32	512.41	615.75	574.59	584	550.44	616.99	617.67	552.2	577.14	563.52	553.44	612.14	603.35	632.24	575.41	572.05	561.21	596.72	602.99	551.17	667.98	696.89	551.79
646.11	632.14	603.42	576.28	642.59	545.62	636.69	563.51	538.47	514.65	618.11	575.02	587.29	552.4	618.76	621.15	559.73	580.03	565.26	558.02	612.08	603.14	635.03	574.81	574.16	564.49	598.47	603.81	552.31	667.07	697.97	551.31
648.88	633.39	606.87	578.37	645.82	548.79	637.48	564.77	538.64	517.72	618.77	576.52	587.2	552.17	620.5	621.46	557.02	579.2	566.12	556.71	614.08	605.59	635.83	577.96	574.24	564.38	602.71	607.28	552.84	668.46	699.79	557.52
648.83	635.04	605.93	579.86	646.64	548.89	639.53	567.99	542.07	518.51	619.89	578.23	588.31	555.08	620.59	625.17	558.44	580.43	568.34	557.71	612.91	607.36	637.9	581	575.69	568.06	601.18	605.17	554.09	669.89	703.62	553.98
650.96	638.43	607.39	581.47	648.35	550.71	640.13	567.78	542.23	520.98	621.15	579.12	589.82	554.99	624.53	624.73	558.49	583.16	570.46	560.76	616.98	607.78	640.39	579.88	579.84	567.76	603.74	608.3	556.17	671.72	703.61	555.99
653.83	637.26	609.2	581.48	649.37	551.51	642.11	568.97	543.26	521.33	623.23	582.47	590.68	558.24	625.03	626.73	560.41	584.84	570.22	561.12	619.23	610.38	639.61	583.22	578.15	568.5	603.97	611.15	556.67	672.88	704.46	560.99
654.37	639.37	610.1	583.58	650.63	552.56	642.74	571.21	545.34	521.47	623.02	582.01	593.46	559.11	626.16	628.49	562.86	585.36	575.37	565.67	618.57	610.48	642.07	582.74	580.2	572.14	605.22	609.73	560.25	674.46	708.41	559.4
654.31	640.81	611.92	584.24	652.26	554.02	644.8	572.28	546.98	522.72	625.31	582.83	592.98	558.69	629.14	629.92	563.57	587.16	572.66	564.82	619.78	612.2	644.53	585.27	582.68	570.84	607.42	610.97	558.58	675.04	706.68	561.37
657.16	642.41	615.29	587.19	653.49	556.14	646.33	572.38	548.72	524.85	627.95	584.84	594.64	560.69	628.34	630.97	568.06	587.95	574.78	566.32	623.9	614.57	645.38	588.24	582.8	572.06	608.25	614.71	559.66	678.01	707.83	564.54
658.73	643.16	615.07	587.38	655.47	556.6	646.71	574.7	547.82	525.4	627.94	587.9	596.9	562.05	630.72	632.22	565.61	591.88	577.49	566.34	623.54	613.86	648.04	587.25	585.68	574.28	612.14	613.83	564.52	678.08	712.8	563
659.47	645.8	616.03	588.69	657.22	558.04	648.35	575.81	548.51	527.38	629.08	587.46	596.21	562.1	631.39	632.55	566.77	590.26	576.41	567.17	625.52	614.34	645.27	589.2	585.67	575.31	609.85	618.2	562.25	678.69	710.56	567.61
660.39	646.59	619.05	590.74	657.24	560.43	650.52	577.66	551.38	527.4	630.7	589.23	599.13	565.6	633.64	635.59	569.33	592.25	579.29	571.06	625.01	619.7	648.57	589.38	586.43	577.48	611.09	615.68	563.13	683.67	712.52	565.68
661.15	647.78	618.65	591.27	658.46	560.9	651.17	579.81	552.66	530.27	632.56	590.31	599.23	565.46	635.43	636.23	568.65	593.88	578.54	570.19	628.94	618.08	650.28	590.69	591.1	577.18	614.18	619.09	568.46	681.46	716.02	567.84
665.07	650.16	620.84	592.13	661.28	562.56	652.32	579.8	554.42	529.92	634.07	589.07	600.15	565.79	636.19	636.33	570.35	595.58	582.6	570.97	627.65	619.66	650.27	591.78	588.9	578.95	614.33	621.45	565.99	682.49	714.14	570.19
664.16	650.94	623.44	593.08	661.93	565.09	654.9	581.12	554.21	530.79	635.81	591.41	602.03	570.22	636.78	638.47	573.91	594.96	584.43	575.91	629.46	621.85	654.75	593.39	590.19	580.89	617.88	620.87	568.01	687.29	715.7	570.02
666.44	652.33	623.56	594.53	662.33	564.88	655.4	583	556.31	531.95	634.68	593.46	601.83	569.63	637.28	639.37	574.07	596.09	584.4	574.56	630.94	623.13	651.59	597.28	595.33	580.5	616.7	622.25	571.69	685.36	718.43	571.53
667.25	652.65	623.98	597.67	664.9	565.23	656.45	583.35	558.03	532.92	638.21	595	604.5	571.43	639.17	640.98	576.94	598.12	588.02	576.48	633.97	624.4	652.93	595.69	594.01	584.27	617.44	622.77	571.49	685.79	718.06	574.25
669.13	653.85	627.04	597.16	664.8	567.72	658.68	585.1	559.94	534.36	637.62	596.18	606.21	571.7	640.56	643.31	576.21	600.36	587.28	576.57	635.38	627.39	655.08	597.82	594.8	584.72	621.12	623.9	571.43	691.41	719.23	572.32
669.34	654.91	626.96	598.18	666.8	567.94	659.26	585.72	560.5	537.46	640.31	598.54	607.29	573.25	642.95	645.26	576.43	601.7	586.84	577.1	634.44	626.77	655.36	600.44	598.67	585.87	621.09	628.77	575.4	688.69	724.01	574.39
671.7	658.21	628.48	600.82	668.15	570.04	660.33	587.14	560.72	536.73	640.51	599.36	609.2	574.67	645.06	645.07	580.48	602.93	587.93	582.32	636.74	630.06	658.38	600.56	595.94	586.41	622.31	625.95	573.19	690.06	721.79	580.57
672.79	657.61	629.62	600.24	669.1	570.56	662.19	588.2	562.08	538.61	641.79	600.37	609.09	575.47	645.82	647.03	578.63	603.94	589.26	580.47	638.56	629.02	658.94	603	598.34	587.18	625.91	627.87	575.11	695.38	724.11	576.95
673.79	659.79	631.03	601.76	670.37	572.65	662.76	590.47	565.25	540.9	642.98	598.95	609.82	577.52	645.68	648.53	583.28	603.46	591.99	581.75	639.44	630.89	659.35	602.98	599.14	591.86	623.88	632.62	578.34	692.42	725.53	578.21
675.38	661.07	633.16	604.13	672.47	573.98	664.36	590.83	563.84	541.55	646.35	601.79	612.72	577.51	645.91	648.59	582.13	606.78	593.3	583.46	643.16	632.27	662.55	602.69	600.79	589.19	625.33	629.47	577.03	693.27	726.49	583.3
676.03	661.61	632.88	604.75	672.48	574.74	664.64	592.16	566.42	542.24	647.09	602.63	613.71	579.44	648.85	651.03	585.23	605.81	594.37	583.35	640.58	633.21	661.7	607.47	605.56	590.95	627.96	632.74	579.33	697.48	727.88	580.4
676.62	662.94	635.12	606.2	673.78	575.66	667.23	594.7	566.76	543.47	646.6	604.14	615.26	581.62	648.46	651.28	583.66	607.34	595.86	586.33	642.58	635.69	662.57	605.5	601.78	594.48	627.27	635.23	582.23	696.36	728.93	583.83
678.29	663.78	637.52	607.13	675.45	577.13	667.35	594.29	568.83	543.04	647.59	605.59	616.36	579.88	650.93	652.39	584.72	611.02	595.74	585.93	645.86	635.21	665.89	605.62	604.39	593.91	629.42	634.98	580.11	698.84	730.01	585.4
680.07	665.48	636.66	608.47	676.7	577.58	668.52	596.08	570.07	545.52	649.47	606.83	616.96	583.78	652.6	655.63	589.35	609.17	600.43	589.91	645.63	637.19	665.47	609.19	609.01	594.91	630.95	637.91	581.79	699.92	732.69	583.88
680.85	666.94	638.19	609.48	677.76	578.76	671.17	597.86	570.9	548.07	650.21	607.75	617.35	584.1	653.08	655.74	585.71	610.34	597.57	587.9	648.13	639.81	668.16	609.44	606.31	596.42	631.57	636.55	584.74	701.12	732.86	590.17
680.97	667.22	641.02	611.31	678.85	580.66	671.19	598.2	572.86	548.15	652.68	607.95	618.09	585.37	654.93	658.17	588.96	615.06	600.03	591.18	647.61	638.48	670.01	611.78	608.42	596.87	636.01	636.98	584.4	703.81	733	587.48
683.66	668.7	640.23	611.57	679.85	581.56	671.87	600.32	572.27	547.8	653.02	608.97	619.58	586.6	656.17	657.94	589.78	612.69	600.69	592.49	648.54	640.11	670.46	610.62	610.08	599.94	632.88	641.08	585.75	702.97	736.72	589.94
685.84	671.09	641.83	612.34	681.47	583.11	673.2	600.83	575.04	549.51	653.53	611.7	620.28	587.4	657.34	658.85	590.49	615.48	600.95	591.83	653.58	642.66	673.18	611.42	610.07	598.95	634.56	638.99	587.76	703.37	735	591.95
685.28	670.29	643.87	614.83	682.64	583.61	673.81	600.56	576.58	551.37	654.49	612.37	621.61	588.62	658.36	661.04	593.59	612.46	605.28	595.33	650.94	643.18	672.04	616.11	612.33	599.74	637.06	644.05	587.98	708.33	735.8	589.73
685.87	671.77	644	613.79	682.87	584.9	676.91	603.04	575.96	553.96	656.89	613.28	624.34	590.11	659.16	660.88	592.33	617.98	603.02	593.58	653.51	646.54	675.05	614.11	611.68	603.35	637.45	641.29	591.98	706.33	740.47	592.75
687.94	675.06	646.05	615.63	683.77	585.02	675.49	602.86	577.02	553.46	657.96	615.61	624.38	591.07	660.82	662.19	591.7	618.04	606.37	595.04	654.25	645.18	674.23	616.45	612.71	601.98	638.81	643.59	589.11	707.4	738.4	592.05
689.73	674.35	646.42	616.99	686.76	587.27	677.41	604.18	579.05	554.15	658.59	615.3	626.43	590.96	661.33	662.56	595.7	618.47	606.14	598.69	654.9	645.97	675.8	618.33	618.47	605.8	639.75	645.45	591.36	709.3	740.58	593.61
690.15	675.12	649.02	616.77	685.73	586.89	679.02	606.14	580.95	555.19	660.33	617.28	625.19	592.03	662.3	664.72	595.28	622.74	606.65	596.19	657.43	648.99	678.6	618.54	615.38	603.76	639.83	645.57	594.91	709.71	743.06	598.98
691.51	676.35	649.32	619.18	688.23	588.16	680.63	606.34	581.45	556.11	660.75	618.75	627.01	594.48	663.99	666.25	594.85	621.85	610.04	597.98	657.29	648.65	678.22	621.37	617.08	604.86	643.24	647.41	592.58	711.26	742.51	594.77
700.93	687.6	659.65	631.11	698.75	598.45	689.98	616.84	591.21	567.71	671.21	628.89	637.93	602.54	674.06	674.92	604.51	631.36	616.68	610.19	668.73	658.22	692.12	628.95	630.1	618.03	652.85	657.86	603.77	721.16	755.52	605
711.83	698	669.01	638.66	707.91	608.52	700.2	628.06	600.22	575.07	681.73	637.11	646.98	613.17	685.1	684.96	616.25	642.24	629.95	618.69	679.85	668.33	697.82	640	637.63	623.78	660.57	666.57	615.89	730.74	762.49	616.15
721.62	708.06	678.55	648.27	718.3	616.89	710.09	636.09	608.63	584.66	690.13	645.63	656.9	625.11	692.01	695.43	624.55	650.37	636.7	626.33	685.72	677.2	709.44	649.61	648.14	634.35	673.3	678.16	620.17	743.19	773.62	626.22
729.74	715.82	688.95	658.28	726.39	625.49	718.6	645.02	617.87	594.29	699.13	657.19	664.57	630.89	702.87	705.18	632.17	662.53	644.84	635.02	695.45	689.21	718.36	657.08	656.16	643.18	679.46	683	630.4	747.89	785.14	633.18
737.73	724.82	695.1	665.24	734.76	633.36	727.07	654.61	626.11	599.45	706	664.01	672.99	640.11	711.57	712.81	644.19	667.95	655.06	643.96	705.75	695.4	725.16	666.31	663.37	650.83	688.63	695.02	640.19	756.27	790.34	643.07
747.32	731.16	703.63	672.35	743.28	641.04	733.16	660.82	635.97	607.99	714.61	672.53	680.57	647.33	719.02	719.53	648.7	677.45	660.22	653.93	712.64	703.07	734.44	674.94	674.37	660.66	694.98	698.67	646.31	768.09	798.18	652.27
753.27	738.59	712.33	680.86	749.58	650.12	741.64	668.72	642	615.5	722.86	679.54	686.7	654.49	726.61	727.93	658.63	682.24	669.56	658.89	721.22	709.56	741.6	680.99	679.2	664.75	702.56	707.3	653.99	771.29	808.84	657
760.34	747.26	718.84	687.36	756.61	656.19	750.16	676.93	650.83	620.4	730.12	686.88	693.74	660.94	732.56	734.09	662.62	688.9	675.54	665.38	726.11	716.74	749.42	688.91	687.23	671.29	713.16	714.42	663.32	779.62	815.14	664.12
768.68	753.85	725.56	694.12	765.33	662.1	755.16	681.72	656.57	628.6	735.69	692.33	702.28	668.26	740.79	741.32	668.15	697.71	681.64	673.84	733.9	725.81	754.43	693.47	693.96	681.61	716.18	721.18	667.26	789.73	821.86	674.87
774.92	759.92	730.81	700.42	770.74	669.09	762.56	688.08	662.19	635.66	742.18	699.43	707.29	675.89	746.54	746.89	679.79	703.28	691.59	677.8	740.81	729.79	761.13	702.9	700.39	684.59	725.96	729	673.84	792.39	828.99	676.54
781.86	765.95	738.74	707.06	778.69	675.35	769.56	696.93	668.92	641.14	750.1	705.82	713.71	682.4	752.37	753.35	681.58	711.84	694.1	684.8	745.87	736.94	768.07	709.09	709.27	691.71	728.61	733.03	680.58	799.16	834.28	684.1
788.03	772.67	744.19	713.25	785.51	680.72	776.53	701.5	674.93	648.77	755.1	711.03	720.08	688.91	759.42	761.89	690.07	714.9	702.5	694.64	751.95	744.44	774.94	713.86	712.32	698.18	734.92	739.75	685.1	808.18	843.39	692.69
792.37	778.55	750.73	719	789.79	687.67	782.1	707.19	680.01	652.55	761.67	716.73	725.79	692.43	765.7	766.3	692.71	722.11	707.03	696.39	761.17	749.12	778.88	720.52	718.32	702.93	744.08	747.98	692.93	810.73	845.97	695.26
798.98	786.33	756.53	723.21	795.55	691.95	788.43	712.13	687.34	657.51	766.48	723.74	731.62	698.28	770.39	772.78	697.69	726.35	711.29	705.13	765.63	757.33	787.22	723.28	725.15	711.47	745.46	749.48	697.27	816.9	851.8	701.97
805.66	790	762.38	729.35	803.25	697.34	793.64	717.67	691.38	661.99	772.71	728.65	735.86	704.13	778.17	779.66	707.93	732.48	720.93	707.7	770.4	759.84	790.89	731.03	729.04	713.65	752.49	755.55	701.36	822.91	859.81	709.44
810.56	795.95	768.64	735.76	805.96	703.35	798.53	724.24	694.66	667.64	778.01	735.58	743.17	708.66	782.27	784.47	708.3	739.09	722.38	713.51	776.37	765.39	796.9	736.88	735.52	721.07	756.93	764.62	711.24	827.1	861.65	710.65
814.96	801.69	772.04	738.97	812.06	708.53	802.97	727.76	702.09	674.78	783.49	739.29	746.88	714.66	787.46	790.56	714.36	742.95	728.24	718.28	783.08	774.58	801.31	741.4	739.58	724.41	762.06	767.01	711.5	833.14	867.01	718.9
821	805.66	777.74	744.24	818.47	712.34	808.47	733.65	706.66	678.33	788.23	744.77	752.2	719.18	794.21	794.4	720.47	746.83	733.06	723.58	785.01	777.15	808.36	746.98	744.13	728.54	769.62	774.67	717.06	838.16	872.83	722.92
824.8	810.2	784.02	750.53	822.35	718.14	812.83	739.85	711.92	684.99	792.16	749.48	757.74	722.75	798.34	799.69	723.76	753.51	736.58	730.86	790.61	782.37	813.95	750.45	752.66	737.39	771.99	777.1	724.65	841.47	877.83	725.91
828.99	815.47	786.98	754.03	825.92	722.47	817.28	741.53	715.01	687.79	798.45	753.53	761.59	729.54	803.22	804.31	731.73	757.13	744.62	733.56	795.85	786.89	818.47	756.38	753.49	739.06	777.55	781.51	726.89	849.56	883.32	735.08
834.8	820	791.85	757.99	832.79	726.78	823.85	746.61	720.71	692.22	803.01	759.22	766.69	734.28	806.84	808.72	732.36	763.27	746.61	737.83	800.87	790.61	824.97	760.29	757.88	745.98	783.82	788.13	731.68	849.88	887.24	737.22
838.65	824.19	798.95	764.8	835.21	730.8	826.82	752.92	725.81	697.58	807.55	762.51	770.9	740.2	812.16	812.79	736.34	766.66	752.35	743.77	804.69	798.49	826.9	765.59	765.6	747.95	786.42	790.13	737.15	855.4	891.27	739.39
843.79	830.98	800.85	768.67	840.48	735.3	831.08	755.61	730.75	701.91	811.32	768.58	775.49	742.36	816.77	817.87	744.71	771.05	760.03	746.46	808.89	799.99	831.03	769.66	767.27	752.5	792.04	794.63	739.6	862.15	898.74	747.94
847.5	833.47	804.76	772.02	846.23	740.94	835.59	760.03	734.03	705.86	815.08	772	779.49	745.88	820.13	820.75	745.79	779.62	759.48	753.48	812.66	804.69	837.26	774.4	776.12	756.44	795.24	801.8	744.46	864.44	899.14	748.92
851.17	837.09	811.71	778.26	848.46	742.51	840.25	765.97	738.15	709.98	820.76	776.54	784.17	752.27	825.78	825.64	750.88	779.49	764.11	755.54	818.25	811.09	839.44	778.35	775.97	760.73	799.18	803.48	747.87	868.95	904.59	756.34
888.56	876.66	846.3	812.94	886.73	780.74	875.91	802.03	775.61	744.96	857.76	815.5	821.76	788.66	862.17	864.16	790.88	817.79	805.01	791.44	854.4	846.73	878.43	817.16	815.76	800.48	839.59	839.96	786.04	906.47	941.81	791.09
920.58	906.39	878.01	844.29	917.9	814.25	908.59	833.19	808.11	778.81	890.54	846.41	852.89	821.7	894.68	894.99	817.02	849.18	833.51	826.86	888.29	878.61	908.64	847.83	846.56	828.1	867.71	873.9	816.8	935.77	973.04	821.91
948.49	932.9	907.41	873.4	945.52	839.58	936.62	862.4	835.32	806.83	917.65	874.66	879.35	850.85	922.23	924.29	848.01	877.01	861.98	850.34	914.63	906.93	937.13	875.42	872.81	856.43	895.44	898.38	844.49	964.54	1001.51	852.57
972.24	960.74	930.75	896.22	970.87	863.65	960.67	885.55	860.75	829.79	943.43	898.68	906.18	873.45	947.55	948.91	872.92	901.82	885.53	875.92	940.2	931.24	962.55	903.57	900.97	882.28	923.5	926.02	868.64	988.64	1028.36	874.52
995.59	980.18	952.86	919.66	992.93	887.58	985.02	909.15	883.15	852.87	965.22	921.38	928.87	896.5	971.25	972.05	892.86	925.16	908.78	901.18	961	956.39	984.58	921.02	920.41	903.78	942.48	945.19	892.83	1010.18	1050.11	895.86
1015	1001.19	975.5	940.73	1014.18	907.01	1004.4	929.88	903.65	873.81	986.7	943.22	949.2	919.28	992.22	993.24	916.9	945.57	931.07	919.51	981.93	974.6	1007	942.45	941.83	928.6	963.25	965.54	911.07	1036.01	1074.83	921.19
1037.38	1023.14	994.46	959.33	1035.29	926.59	1026.24	949.55	923.59	895.23	1008.17	962.97	969.75	938.62	1012.44	1012.62	935.08	966.48	951.18	938.67	1003.81	994.12	1026.01	964.34	962.77	944.48	983.71	988.22	930.54	1052.16	1090.63	936.14
1055.16	1041.01	1012.11	977.61	1054.16	946.27	1044.9	968.63	942.87	912.06	1025.6	983.46	988.19	956.92	1031.28	1034.98	957.19	984.21	969.23	960.49	1022.09	1015.15	1046.64	981.37	979.65	964	1002.35	1004.07	952.33	1070.87	1109.43	954.25
1072.67	1059.32	1032.34	996.59	1071.46	962.13	1062	985.15	960.32	927.8	1044.7	999.48	1005.73	973.89	1049.82	1051.18	971.26	1001.42	986.28	975.07	1041.95	1031.96	1062.91	1001.03	1000.95	980.31	1021.61	1022.31	966.29	1091.58	1130.16	976.49
1089.17	1076.41	1048.64	1012.42	1087.87	979.06	1078.9	1001.58	976.25	946.6	1061.56	1018.43	1023.35	992.53	1067.72	1068.77	989.35	1022.17	1002.45	991.67	1056.38	1049.45	1079.46	1014.65	1014.28	996.12	1037.27	1039.92	983.35	1104.79	1143.14	989.14
1106.21	1092.53	1064.12	1030.84	1103.77	996.96	1095.54	1019.57	993.5	961.83	1076.68	1036.02	1040.93	1009.51	1083.09	1084.03	1005.4	1036.63	1024.57	1010.78	1072.16	1065.49	1097.88	1033.53	1035.43	1016.72	1053.17	1054.51	1002.31	1120.47	1160.65	1006.26
1121.77	1107.93	1080.28	1047.18	1121.03	1010.2	1110.74	1035.26	1007.96	977.59	1094.33	1050.29	1057.55	1024.63	1099.47	1100.47	1019.37	1054.98	1035.5	1025.2	1088.64	1081.14	1110.43	1049.55	1047.58	1030.87	1070.85	1074.68	1014.13	1138.48	1176.68	1020.85
1136.48	1124.67	1094.36	1059.83	1134.93	1027.07	1126.78	1050.9	1024.29	992.67	1108.84	1065.94	1071.52	1041.1	1113.93	1115.54	1041.22	1067.9	1051.63	1042.54	1104.25	1098.29	1127.44	1064.71	1062.74	1047.79	1084.05	1086.39	1030.87	1149.97	1191.21	1036.52
1150.42	1137.61	1111.07	1074.62	1149.35	1042.76	1140.79	1066.91	1039.32	1006.58	1122.59	1079.71	1086.66	1055.53	1129.98	1130.08	1051.44	1080.68	1069.25	1055.36	1118.75	1111.84	1141.07	1080.24	1076.57	1059.18	1102.12	1104.18	1046.64	1164.8	1205.54	1054.78
1165.17	1151.65	1123.16	1090.52	1164.87	1056.21	1154.42	1078.92	1054.01	1023.65	1137.03	1095.42	1101.03	1070.15	1142.82	1144.53	1066.38	1096.83	1081.16	1069.11	1131.02	1124.86	1155.14	1091.85	1089.92	1073.4	1112.67	1113.39	1060.22	1183.15	1218.18	1065.44
1180.01	1167.42	1136.92	1101.94	1177.58	1069.83	1168.77	1093.16	1066.53	1037.67	1150.11	1107.48	1114.51	1086.59	1157.73	1158.98	1081.38	1110.03	1094.63	1086.43	1144.98	1138.52	1170.96	1106.78	1108.69	1091.04	1127.45	1128.35	1075.17	1192.37	1231.34	1079.44
1192.6	1178.63	1152.03	1115.5	1191.05	1084.72	1182.98	1107.63	1079.99	1049.52	1165.29	1120.53	1128.17	1097.95	1172.11	1171.36	1093.6	1122.81	1108.91	1097.41	1161.26	1151.71	1181.83	1120.95	1117.98	1101.68	1141.32	1141.4	1086.71	1206.37	1248.19	1097.64
1205.29	1192.6	1164.12	1129.43	1205.1	1096.01	1195.87	1118.8	1093.67	1063.65	1176.2	1134.22	1141.13	1110.75	1184.39	1184.11	1110.28	1136.67	1121.25	1109.34	1171.54	1166.7	1196.89	1132.63	1132.79	1116.54	1153.73	1153.41	1100.49	1223.71	1258.52	1104.77
1218.49	1205.88	1176.45	1142.08	1217.58	1108.65	1208.22	1132.22	1105.57	1075.77	1190.09	1147.78	1154.87	1124.58	1196.71	1197.4	1118.2	1148.67	1136.11	1123.21	1184.25	1177.69	1206.89	1146.82	1146.35	1127.82	1170.33	1170.01	1114.55	1231.56	1271.24	1117.47
1230.85	1218.27	1190.46	1155.55	1230.2	1123.09	1222.73	1146.3	1116.64	1089.96	1204.32	1160.3	1167.94	1138.01	1209.87	1210.92	1133.49	1162.3	1147.12	1134.94	1199.29	1191.49	1219.89	1157.19	1157.92	1140.22	1178.07	1180.21	1124.95	1246.45	1286.41	1135.15
1243.73	1230.79	1201.74	1168.96	1243.25	1134.67	1234.45	1157.67	1131.17	1101.59	1215.83	1174.13	1180.11	1151.58	1222.05	1224.9	1144.02	1175.12	1162.21	1149.69	1210.37	1203.86	1235.93	1169.05	1172.63	1156.38	1191.83	1195.32	1137.7	1258.88	1298.6	1143.11
1255.7	1243.21	1214.78	1179.44	1255.99	1146.69	1246.3	1169.69	1143.52	1112.81	1228.55	1185.58	1192.24	1162.57	1234.83	1235.1	1155.64	1185.51	1171.17	1158.5	1223.39	1215.99	1244.06	1183.86	1181.76	1164.42	1204.92	1203.58	1153.93	1270.15	1310.86	1156.59
1266.55	1254.95	1227.71	1190.95	1267.59	1159.37	1259.66	1183.07	1156.37	1126.55	1240.3	1197.21	1204.32	1174.23	1247.7	1246.93	1173.18	1201.36	1184	1171.62	1233.63	1229.42	1257.49	1194.18	1193.7	1177.97	1216.25	1216.25	1162.1	1282.35	1324.86	1172.65
1279.56	1268.02	1238.25	1204.64	1279.21	1170.83	1270.91	1194.37	1169.24	1135.91	1252.96	1208.79	1216.71	1187.44	1259.11	1260.16	1179.93	1210.16	1198.06	1182.89	1246.12	1239.47	1270.43	1208.52	1204.82	1192.86	1229.67	1229.72	1173.93	1296.82	1334.85	1180.15
1293.05	1278.96	1249.96	1214.31	1291.61	1183.98	1282.41	1205.75	1180.22	1147.75	1263.99	1221.22	1228.87	1199.71	1272.06	1270.7	1195.66	1223.42	1207.5	1194.54	1257.65	1252.01	1282.47	1217.42	1218.81	1201.24	1238.74	1240.84	1189.63	1306.34	1347.87	1193.77
1302.81	1290.21	1263.13	1226.84	1304.2	1194.14	1294.94	1218.56	1191.19	1160.33	1277.45	1232.71	1239.99	1211.03	1282.46	1284.33	1203.97	1234.7	1221.28	1206.44	1268.01	1263.82	1295.69	1228.25	1229.49	1213.46	1251.62	1254.43	1197.84	1319.01	1358.01	1205.62
1315.35	1303.13	1272.96	1240.41	1314.76	1205.91	1306.1	1228.52	1202.45	1171.38	1288.72	1245.03	1251.18	1222.73	1295.34	1295.71	1215.35	1246.19	1230.19	1219.17	1280.44	1274.47	1304.21	1242.1	1241.93	1223.47	1263.23	1262.51	1209.79	1329.44	1369.14	1214.84
1326.21	1313.67	1286.26	1249.21	1325.92	1217.98	1317.21	1240.19	1212.89	1181.89	1299.72	1255.62	1263.57	1234.16	1305.83	1306.14	1230.41	1258.11	1243.26	1229.86	1292.05	1286.73	1315.34	1252	1253.4	1235.98	1274.52	1274.75	1220.41	1339.91	1384.19	1227.41
1337.57	1324.96	1296.45	1260.94	1337.89	1227.71	1328.1	1251.3	1225.81	1194.48	1311.32	1267.25	1274.5	1245.6	1318.11	1319.7	1238.57	1267.96	1255.05	1243.51	1302.67	1298.59	1328.46	1264.88	1263.12	1247.96	1287.95	1287.04	1231.49	1353.74	1390.6	1237.16
1348.27	1337.03	1309.5	1273.1	1348.18	1237.88	1340.82	1263.68	1235.32	1204.08	1321.84	1278.34	1285.74	1256.34	1328.89	1330.02	1250.31	1277.83	1263.48	1251.32	1316.42	1309.38	1338.15	1273.71	1278.35	1257.11	1297.33	1296.35	1244.64	1364.08	1403.32	1247.97
1359.62	1348.2	1319.18	1283.19	1360.35	1250.36	1351.26	1274.14	1247.53	1217.59	1333.42	1290.64	1297.04	1267.48	1340.22	1340.16	1261.2	1293.04	1276.8	1262.95	1325.06	1322.23	1351.17	1285.08	1285.8	1272.13	1308.8	1311.01	1252.11	1372.27	1415.29	1261.91
1369.57	1359.18	1331.34	1294.1	1371.28	1260.67	1362.13	1285.57	1258.53	1226.39	1343.63	1300.6	1307.97	1279.66	1351.15	1351.02	1270.79	1300.41	1287.33	1275.15	1336.16	1331.21	1358.76	1298.2	1298.41	1280.86	1319.6	1318.62	1264.59	1388.23	1424	1270.17
1381.48	1370.48	1341.26	1306.62	1381.3	1271.51	1374.77	1295.94	1268.61	1237.77	1355.16	1311.68	1319.12	1290.41	1361.45	1362.35	1287.15	1311.71	1300.39	1283.32	1346.87	1342.69	1370.06	1305.69	1308.46	1291.37	1329.75	1332.79	1275.82	1394.77	1436.12	1281.6
1393.58	1379.33	1352.16	1316	1392.12	1284.49	1383.93	1307.17	1281.78	1249.87	1365.34	1322.73	1330.17	1302.43	1373.16	1373.88	1294.38	1325.61	1308.88	1295.21	1357.57	1354.01	1383.31	1317.57	1317.83	1302.44	1342.57	1339.78	1285.67	1405.18	1448.36	1294.71
1401.51	1389.54	1363.31	1327.05	1404.46	1293.3	1394.91	1318.1	1290.49	1258.92	1377.49	1331.99	1340.4	1311.46	1383.57	1383.83	1304.29	1333.25	1322.47	1306.6	1369.85	1363.62	1392.03	1330.98	1330.69	1313.11	1351.4	1350.67	1297.46	1420.44	1457.72	1303.63
1413.34	1401.21	1374.75	1338.38	1414.61	1303.64	1405.55	1327.69	1302.12	1269.43	1387.08	1342.7	1350.67	1323.01	1393.49	1394.99	1319.89	1346.37	1328.35	1316.28	1378.74	1375.65	1401.25	1337.49	1339.46	1326.46	1360.88	1365.2	1310.59	1425.86	1470.68	1313.58
1424.68	1411.71	1384.29	1348.3	1424.15	1315.72	1415.71	1339.04	1313.38	1280.07	1396.84	1353.33	1361.01	1333.84	1404.77	1405.51	1325.6	1354.18	1339.75	1328.22	1388.49	1384.42	1414.4	1349.88	1350.76	1333.46	1375.04	1372.49	1318.33	1436.9	1478.01	1329.55
1432.79	1421.73	1394.75	1358.56	1436.84	1325.33	1426.15	1349.8	1322.29	1291.94	1407.07	1364.32	1372.94	1344.32	1413.65	1415	1336.83	1364.69	1352.49	1336.16	1399.42	1393.74	1422.95	1359.06	1361.3	1347.18	1381.84	1383.92	1328.93	1451.5	1488.62	1334.62
1443.59	1434.06	1406.21	1369.46	1445.09	1335.07	1436.57	1359.21	1333.68	1301.09	1419.34	1373.94	1382.09	1355.23	1424.69	1425.53	1347.33	1377.04	1361.89	1346.97	1409.75	1406.65	1433.99	1369.13	1370.99	1354.35	1393.92	1392.68	1339.59	1459.17	1501.03	1345.55
1454.6	1442.76	1415.07	1378.5	1455.43	1346.2	1447.08	1370.05	1342.52	1313.16	1429.45	1384.09	1392.53	1364.8	1435.57	1436.04	1357.05	1385.86	1373.36	1359.01	1421.3	1415.62	1442.55	1380.25	1385.27	1365.23	1403.82	1403.51	1349.79	1469.38	1508.75	1356.02
1464.89	1453.24	1425.51	1388.69	1465.73	1356.08	1457.09	1382.2	1353.84	1321.91	1438.37	1394.85	1403.12	1376.45	1445	1447.15	1367.91	1397.5	1379.88	1367.94	1429.88	1426.31	1452.44	1390.09	1391.71	1376.85	1413	1413.17	1359.63	1481.1	1518.66	1364.76
1475.34	1463.52	1435.82	1399.79	1475.89	1365.79	1468.42	1389.84	1364.34	1330.95	1449.18	1405.07	1413.43	1384.73	1457.05	1455.88	1376.64	1405.34	1391.46	1379.17	1439.73	1436.36	1463.31	1401.61	1404.03	1386.02	1427.24	1422.92	1370.13	1490.13	1530.27	1376.63
1485.52	1473.38	1446.66	1410.28	1486.34	1375.3	1477.9	1400.42	1373.33	1341.7	1458.9	1415.04	1423.95	1394.53	1465.31	1466.12	1386.74	1416.26	1402.7	1387.1	1451.7	1446.05	1474.03	1409.36	1411.43	1398.46	1434.13	1437.15	1379.92	1498.92	1540.26	1385.99
1494.33	1484.1	1457.08	1420.12	1496.59	1385.89	1488.52	1410.75	1383.49	1353.28	1468.33	1427.12	1432.86	1406.32	1475.68	1476.81	1398.67	1426.94	1411.46	1397.74	1459.12	1457.77	1486.5	1419.41	1422.55	1405.35	1447.6	1442.83	1393.59	1511.06	1550.68	1395.09
1505.31	1492.69	1467.3	1430.12	1507.37	1397.39	1499.16	1420.29	1393.02	1361.7	1478.99	1435.84	1443.35	1416.06	1487.25	1487.38	1405.16	1436.44	1424.49	1409.94	1469.47	1465.51	1493.57	1430.37	1433.52	1416.68	1455.14	1453.89	1399.61	1518.55	1561.43	1409.91
1514.51	1503.48	1476.47	1440.11	1516.54	1406.29	1508.73	1432.2	1403.07	1372.83	1490.12	1445.71	1454.62	1426.2	1495.49	1497.37	1415.69	1448	1431.47	1417.25	1481.04	1476.23	1503.11	1439.73	1441.64	1426.49	1464.91	1466.35	1408.96	1529.7	1569.66	1415.57
1524.21	1514.83	1487.18	1450.22	1525.84	1416.04	1518.04	1440.3	1413.69	1382.72	1498.98	1455.76	1463.56	1435.67	1505.39	1506.59	1430.09	1456.31	1442.23	1427.11	1489.4	1485.15	1515.67	1451.6	1455.27	1436.32	1474.52	1472.72	1422.39	1540.92	1579.05	1425.01
1534.09	1522.56	1495.94	1459.46	1537.18	1427.16	1529.51	1450.41	1423.78	1391.79	1509.28	1464.5	1472.81	1446.12	1515.8	1516.54	1436.74	1466.17	1451.01	1440.18	1499.01	1494.93	1523.54	1458.39	1463.1	1448.19	1483.96	1484.19	1429.81	1549.79	1591.25	1438.59
1546	1532.79	1505.96	1470.06	1547.32	1435.71	1539.25	1460.71	1433.66	1402.12	1519.14	1475.53	1483.1	1455.15	1526.41	1526.05	1451.37	1478.75	1460.34	1447.94	1509.18	1504.94	1534.44	1468.11	1471.16	1455.12	1495	1493.14	1438.74	1562.64	1598.85	1445.06
1555.3	1544.51	1517.56	1480.8	1557.42	1445.12	1548.94	1470.28	1442.98	1411.79	1530.2	1486.03	1492.88	1465.32	1537.18	1537.09	1457.11	1486.16	1473.8	1459.45	1518.17	1515.19	1544.49	1480.37	1484.72	1465.32	1502.79	1502.51	1453.33	1569.32	1609.45	1453.51
1564.69	1554.23	1525	1488.32	1567.47	1456.4	1559.8	1479.53	1453.77	1421.98	1539.98	1495.33	1502.94	1474.62	1546.55	1546.35	1465.76	1496.04	1481.08	1466.16	1529.93	1524.53	1554.11	1489.06	1491.11	1475.14	1514.25	1513.92	1458.91	1578.63	1619.79	1468.9
1574.48	1563.37	1535.8	1498.24	1576.72	1464.99	1568.66	1489.13	1461.63	1429.72	1548.7	1504.9	1511.67	1486.09	1556.87	1556.8	1478.06	1506.18	1490.71	1475.23	1538.92	1535.97	1565.46	1500.38	1503.46	1484.9	1522.96	1521.87	1468.25	1589.37	1628	1473.53
1583.65	1572.61	1547.73	1509.79	1587.18	1474.78	1578.15	1499.83	1473	1442.27	1558.71	1514.15	1521.9	1495.38	1566	1567.19	1486.46	1514.49	1503.43	1488.36	1548.52	1543.48	1572.54	1507.58	1510.57	1498.07	1535.59	1535.43	1479.76	1598.89	1640.36	1483.51
1593.84	1582.48	1556.06	1518.07	1595.98	1484.24	1588.45	1509.58	1481.36	1450.04	1568.32	1523.38	1532.61	1504.81	1575.09	1576.16	1494.51	1524.64	1509.16	1494.9	1560.41	1553.37	1581.2	1517.34	1520.07	1503.35	1543.79	1542.31	1488.36	1608.26	1646.26	1496.83
1602.76	1592.92	1566.51	1527.41	1605.46	1494.27	1598.28	1518.9	1490.63	1461.27	1579.09	1532.58	1541.83	1514.15	1585.87	1586.23	1507.15	1536.95	1520.46	1506.87	1568.23	1564.7	1593.29	1527.82	1534.29	1514.13	1554.23	1553.79	1497.76	1620.74	1656.53	1502.83
1612.45	1601.52	1575.3	1539.52	1616.08	1502.96	1607.93	1528.75	1501.68	1470.27	1588.44	1544.54	1551.72	1524.05	1594.59	1594.37	1512.79	1544.63	1528.64	1514.14	1578.31	1572.77	1601.47	1536.52	1539.77	1524.36	1563.41	1562.17	1508.83	1626.06	1669.46	1512.81
1622.16	1612.46	1586.98	1547.8	1625.38	1513.73	1616.05	1538.23	1510.49	1478.25	1597.98	1554.29	1561.23	1533.74	1603.66	1605.87	1523.21	1556.73	1538.92	1524.11	1587.2	1582.73	1611.44	1548.83	1550.85	1533.78	1572.56	1571.05	1516.8	1635.46	1676.24	1521.63
1631.39	1621.92	1594.16	1557.21	1635.42	1522.18	1627.21	1549.17	1519.75	1489.5	1606.25	1562.21	1571.79	1545.09	1614.3	1614.73	1536.32	1563.79	1551.67	1534.67	1595.95	1592.68	1620.32	1556.16	1560.96	1544.44	1581.34	1582.86	1528.18	1648.81	1686.34	1530.49
1641.56	1631.12	1603.7	1568.64	1644.4	1532.7	1635.55	1558.3	1528.67	1497.48	1616.69	1572.72	1580.29	1553.91	1624	1623.73	1542.14	1572.81	1557.48	1543	1606.74	1602.15	1630.01	1566.41	1569.26	1552.25	1591.78	1591.08	1535.71	1654.43	1697.81	1547
1650.46	1640.32	1614.63	1576.16	1653.16	1542.9	1645.7	1567.86	1539.34	1509.26	1627.01	1581.59	1590.28	1563.51	1632.79	1633.92	1552.73	1584.26	1568.13	1552.93	1613.86	1611.3	1639.77	1574.96	1581.95	1562	1600.63	1603.48	1546.59	1665.37	1705.59	1550.65
