fdt_allch_tau1	fdt_allch_tau2	fdt_allch_tau3	fdt_allch_tau4	fdt_allch_tau5	fdt_allch_tau6	fdt_allch_tau7	fdt_allch_tau8	fdt_allch_tau9	fdt_allch_tau10	fdt_allch_tau11	fdt_allch_tau12	fdt_allch_tau13	fdt_allch_tau14	fdt_allch_tau15	fdt_allch_tau16	fdt_allch_tau17	fdt_allch_tau18	fdt_allch_tau19	fdt_allch_tau20	fdt_allch_tau21	fdt_allch_tau22	fdt_allch_tau23	fdt_allch_tau24	fdt_allch_tau25	fdt_allch_tau26	fdt_allch_tau27	fdt_allch_tau28	fdt_allch_tau29	fdt_allch_tau30	fdt_allch_tau31	fdt_allch_tau32
178.89	161.38	137.21	145.05	174.98	124.65	187.82	123.88	119.77	142.8	181.54	139.29	180.49	140.77	148.95	161.58	161.51	136.18	142.49	131.47	141.84	151.15	174.16	135.95	123.36	154.57	156.03	167.09	128.74	221.44	213.59	107.47
166.66	150.66	122.87	137.86	165.41	113	175.58	111.82	105.94	131.9	168.6	132.52	170.09	130.57	140.71	147.74	154.52	122.58	132.02	119.05	131.02	138.6	163.21	125.21	110.33	146.8	147.04	154.3	118.26	210	199.25	94.53
166.06	151.62	123.66	138.27	165.39	113.7	175.74	112.13	107.02	131.91	168.75	132.38	170.49	130.98	140.85	148.42	154.82	123.5	132.65	118.93	131.84	139.04	164.44	125.54	111	147.38	147.61	154.73	119.32	210.19	199.55	95
167.27	152.09	124.47	139.36	166.21	113.76	176.38	113.13	107.22	133.52	169.64	133.41	171.01	130.97	141.84	149.1	155.14	123.81	133.45	119.94	133.11	139.86	165.1	126.44	112.14	147.77	148.33	155.72	119.9	210.84	201.05	95.83
168.16	152.92	125.71	139.79	166.96	115.1	177.75	113.99	108.54	132.46	170.9	134.65	172.49	132.3	142.88	149.45	157.04	125.2	134.25	120.62	134.18	140.81	165.78	127.53	112.43	148.66	149.39	156.05	120.54	211.69	201.35	96.72
168.98	153.65	126.26	141.05	167.73	115.35	178.65	114.92	108.44	133.87	171.51	134.39	172.99	133.27	144.2	150.87	156.58	125.51	134.93	120.84	134.6	141.43	166	128.16	113.17	149.65	149.36	157.59	121.27	212.35	202.49	97.54
169.81	154.52	126.93	140.94	168.5	116.2	178.74	115.16	109.34	134.67	172.24	135.93	173.53	134.44	145.24	151.52	158.09	126.72	136.16	122.66	134.97	141.95	166.81	128.85	114.46	150.37	150.9	158.59	122.13	213.17	203.81	98.55
171.08	155.72	127.97	142.29	169.35	117.8	179.62	115.56	110.44	134.69	172.94	137.24	174.64	135.38	145.73	152.58	159.07	127.94	136.32	122.43	135.9	142.4	167.48	130.03	114.94	151.15	151.81	158.96	123.03	214.31	203.88	99.25
171.64	156.04	129.02	143.29	170.42	118.45	181.26	117.13	111.72	136.68	174.21	137.02	175.64	134.98	146.83	153.45	159.47	127.49	137.33	124.68	137.04	144.51	168.88	130.54	116	151.77	152.51	159.9	123.2	215.3	204.39	100.05
171.87	156.84	129.02	144.28	171.69	118.79	181.59	117.8	111.01	137.78	174.36	138.83	175.73	135.99	147.42	154.42	160.75	129.44	137.51	125.02	137.58	145.01	169.26	131.68	117.11	152.43	153.29	161.13	124.68	215.37	205.36	100.74
173.05	158.09	130.64	145.02	172.13	119.69	183.34	118.83	112.95	137.85	176.1	139.5	177.17	136.83	148.02	155.53	160.9	129.89	139.68	126.12	138.09	145.96	169.61	132.44	118	153.13	154.11	161.6	125.98	216.66	206.3	101.24
173.83	158.91	131.45	145.54	173.26	120.23	183.54	118.94	113.82	138.9	177.08	140.55	178.22	137.9	149.38	154.97	162.22	130.62	139.86	126.95	140.32	147.19	170.84	133.02	119.16	154.52	154.78	162.43	126.17	217.68	207.46	101.66
174.95	160.24	132.41	146.29	173.35	121.79	184.65	119.91	114.91	139.47	177.23	140.42	178.67	138.06	149.98	156.82	162.44	131.25	140.8	126.96	140.36	147.46	171.83	134.5	119.62	154.57	155.7	163.08	127.43	217.8	208.64	102.47
175.81	160.63	133.72	147.14	174.72	121.85	185.31	121.2	115.58	140.28	178.21	141.1	178.97	139.61	150.63	158.29	162.78	132.51	141.92	128.71	141.17	147.95	172.68	135	120.62	155.51	156.85	164.33	128.55	219.45	209.5	104.26
176.79	161.27	133.78	147.68	175.77	122.74	185.99	122.47	116.11	141.22	179.68	142.25	180.16	140.04	151.59	157.88	164.36	134.01	143.37	130.08	141.77	148.69	173.16	136.11	122.1	155.99	157.24	164.83	129.03	219.92	210.06	104.42
177.52	162.37	135.16	148.71	176.09	123.41	186.85	122.85	117.67	141.46	180.14	142.66	180.63	140.49	152.02	159.08	164.11	134.69	143.73	129.78	142.93	149.68	174.16	136.51	122.24	157.31	158.1	165.61	129.36	220.67	211.03	105.73
178.4	163.2	136.04	149.23	176.85	124.41	187.94	124.01	118.26	143.11	179.83	143.82	181.71	140.92	153.53	160.64	165.05	134.29	143.93	131.03	144.08	149.99	175.25	137.07	123	157.68	158.96	167.07	130.23	221.44	211.67	106.96
179.36	164.31	136.72	150.46	178.45	125.13	189.06	124.44	119.37	143.3	181.96	145.1	182.02	141.13	154.13	160.85	166.39	135.58	145.17	131.66	145.33	151.49	176.4	137.91	124.12	158.33	159.97	167.35	131.32	222.36	212.52	107.36
179.51	165.03	137.86	150.91	179	126.18	189.67	125.58	120.32	144.54	182.19	145.98	184.25	142.89	155.07	161.59	166.35	137.24	145.29	133.03	145.87	152.34	177.69	138.71	124.38	159.74	160.5	167.9	131.95	223.48	214.21	107.71
180.95	166.13	138.06	151.9	179.48	126.93	190.06	126.89	120.82	145.53	183.71	147.68	183.98	143.79	156.14	162.4	167.25	137.9	146.14	133.65	146.59	152.66	177.73	138.54	125.7	160.59	161.48	169.1	133.32	223.61	215.37	109.14
181.21	166.35	138.99	152.9	180.15	128.14	191.51	127.67	122.65	144.74	183.69	147.34	185.73	144.56	156.79	163.31	167.96	138.11	147.26	134.39	147.16	153.99	178.35	140.96	126.48	160.6	162.36	169.86	133.87	224.95	216.42	109.88
182.56	167.44	140.16	153.59	181.37	128.71	191.21	128.14	122.46	145.19	184.65	148.19	185.92	145.53	157.47	164.17	169.44	138.35	147.55	134.84	147.77	154.22	179.91	141.71	127.68	161.77	163.2	170.82	134.97	225.23	217.28	110.31
182.93	168.37	140.45	154.61	182.68	129.71	192.49	129.18	123.86	147.08	185.99	149.55	187.02	146.29	158.57	165.63	170.7	139.55	148.48	135.69	148.33	155.61	180.48	142.24	128.4	162.63	164.1	171.7	134.83	226.9	218.09	112.08
183.93	169.47	141.8	155.31	183.65	130.03	193.98	129.63	123.51	148.19	186.74	149.21	186.82	147.06	159.33	166.74	170.78	141.51	149.65	137	150.02	156.06	181.6	143.14	129.89	163.43	164.92	172.3	136.33	227.56	218.74	112.43
184.28	169.91	142.67	156.26	183.4	131.27	194.25	130.22	124.9	148.41	187.7	151.02	188.09	147.36	159.63	167.68	171.69	141.78	150.82	137.08	150.21	156.92	182.25	144.01	130.34	164.39	165.51	172.92	137.13	228.22	220.2	113.44
185.53	171.51	143.43	156.67	185.17	132.01	195.62	131.46	125.63	149.35	188.02	150.5	189.04	148.13	160.8	168.27	173.43	142.17	151.4	138.05	152.05	157.95	182.99	144.52	130.69	164.81	166.17	173.57	137.75	228.53	220.95	114.06
186.56	171.8	144.43	157.44	185.79	132.18	196.29	132.32	126.17	149.45	189.44	152.3	189.47	149.52	161.55	168.36	171.91	143.81	151.47	138.74	152.86	158.78	184.74	145.06	132.14	165.87	167.37	175.08	138.19	230.32	221.63	114.83
187.41	172.74	145.33	158.24	187.01	133.35	196.48	133.17	128.22	150.33	189.32	152.8	191.3	149.86	163.2	169.51	173.72	144.07	152.31	140.14	152.72	160.03	182.88	146.34	132.9	166.7	168.11	175.76	139.51	230.55	222.35	116.37
187.68	173.13	145.88	159.05	187.48	134.14	198.29	133.91	127.05	151	190.48	154.61	190.84	150.91	163.73	169.58	174.16	144.57	152.67	140.8	154.12	161.34	185.95	147.08	133.82	167.18	169.01	175.92	139.8	231.67	222.94	116.63
188.93	174.37	146.74	159.88	188.7	134.69	198.81	134.7	129.16	152.53	192.42	155.67	191.91	151.79	165.1	171.37	174.64	146.11	154.04	141.27	154.83	161.84	186.11	147.86	134.73	168.28	169.5	177.25	140.7	232.49	223.55	117.67
189.71	175.53	147.79	160.69	189.16	135.47	199.33	135.83	128.84	153.44	192.8	155.51	192.47	152.38	165.72	172.1	175.81	146.71	155.49	141.77	156.02	163.02	187.1	148.64	135.41	168.51	169.99	178.44	141.45	232.85	224.56	118.7
190.54	176.5	148.11	161.91	189.37	136.86	199.82	135.94	130.5	153.51	193.16	156.41	193.81	153.31	165.44	173.3	176.67	147.22	155.65	142.69	156.93	162.91	187.86	149.1	136.38	169.53	171.39	178.96	142.73	233.72	225.67	119.43
191.19	176.48	148.92	162.23	191.19	137.07	201.08	136.85	131.69	154.18	194.12	157.43	194.77	154.15	167.71	173.6	177.3	147.25	157.49	143.36	157.8	163.6	189.13	150.05	137.14	169.92	171.52	180.16	143.13	234.31	226.9	119.68
192.19	176.9	150.18	163.32	191.66	137.62	201.2	137.86	131.36	154.62	195.02	157.92	195.31	154.37	168.07	174.87	178.62	148.88	157.42	144.93	157.83	164.84	188.88	150.55	137.17	170.62	172.88	180.41	144.09	235.49	227.49	121.19
193.05	178.39	151.48	163.88	192.64	138.6	201.97	138.97	133.56	155.59	196.17	158.86	195.8	156.13	169.44	175.42	178.98	150.25	158.62	144.9	158.79	166.42	191.14	151.49	138.47	171.6	173.53	181.51	144.97	236.27	228.09	121.61
193.47	179.66	151.94	164.47	193.37	139.91	203.47	140.04	133.59	156.67	197.77	159.77	196.63	155.83	170.26	176.52	179.33	151.3	158.55	145.56	160.3	167.26	192.59	152.98	139.21	172.03	174.61	182.3	145.6	236.65	228.97	122.78
194.7	180.45	152.87	165.57	194.67	139.96	203.46	139.56	134.97	157.99	197.16	160.21	197.76	157.56	170.2	177.43	180.82	151.36	159.61	147.29	161.42	167.56	192.51	153.06	139.93	173.51	175.22	182.43	146.2	237.63	230.12	123.63
195.39	181.57	153.6	166.43	194.96	141.01	204.97	141.17	135.58	157.67	198.06	161.04	199.01	157.72	171.03	178.01	181.02	152.7	160.51	147.51	161.72	168.36	194.25	154.13	140.82	174.29	175.79	183.84	147	238.75	230.75	123.96
196.23	181.8	153.84	167.08	196.67	141.64	205.53	141.43	135.71	159.29	198.88	162.37	199.44	158.22	171.99	179.18	182.27	152.85	161.03	148.17	162.46	168.98	193.78	154.83	141.97	175.3	176.94	184.63	147.4	239.65	231.46	124.51
197.42	182.71	155.29	167.71	196.59	142.48	206.5	142.36	137.09	159.84	199.78	163	199.67	159.72	172.92	179.59	182.75	153.29	162.82	149.5	163.85	169.7	194.42	155.77	142.55	175.36	177.62	185.58	148.79	240.36	232.35	126.53
197.35	183.43	155.98	168.48	197.62	143.07	207.06	142.78	137.65	159.38	200.47	163.76	200.23	160.46	173.79	180.16	183.88	154.55	162.94	150.01	164.36	170.57	196.32	156.42	143.47	176.22	178.14	185.84	148.94	240.56	232.96	126.25
198.49	184.04	156.27	169.21	198.42	143.68	208.1	144.21	138.28	161.14	201.76	163.69	202.12	160.31	174.51	181.42	184.88	154.83	164.09	150.84	165.26	171.16	196.93	157.87	144.53	177.35	179.3	187.11	149.67	241.75	234.65	127.19
199.25	185.29	157.19	170.64	198.75	144.98	208.22	144.98	139.48	161.11	202.42	165.3	201.97	161.59	175.85	182.7	184.47	156.18	164.45	151.76	165.94	172.3	197.75	158.17	144.94	178.1	180.03	188.23	150.56	242.83	235.54	129.14
200.22	185.61	158.41	170.81	200.31	145.03	209.27	144.73	139.56	163.04	202.65	165.98	202.2	162.59	176.35	183.56	185.97	157.29	165.84	152.31	166.73	173.65	196.97	158.73	146.01	179.11	180.68	188.22	151.55	243.3	235.86	128.82
200.35	186.55	159.37	171.79	200.73	145.45	209.94	146.28	140.99	163.42	203.35	166.82	203.97	162.91	177.33	183.08	186.69	158.14	166.6	153.37	167.94	173.72	197.45	159.28	146.4	179.28	181.62	189.61	152.18	244.08	236.39	130.3
201.45	187.22	159.76	172.11	201.73	146.9	211.51	147.57	140.96	162.86	204.17	167.33	204.33	164.93	178.04	184.71	187	158.98	167.39	153.58	168.53	174.77	198.52	160.39	146.95	180.44	182.56	190.57	153.31	245.12	237.98	130.72
201.98	188.3	160.89	173.34	202.85	147.76	211.57	147.65	142.03	164.47	205.01	169.49	204.71	165.04	178.51	185.8	187.75	159.61	167.64	154.84	169.09	175.56	199.47	160.45	148.54	181.3	183.12	190.58	154.47	245.89	238.67	131.71
203.05	189.44	161.91	173.97	203.56	148.23	212.88	148.41	142.85	165.51	205.57	169.12	205.61	165.55	179.85	187.52	188.74	159.8	169.14	155.67	169.8	176.21	200.26	162.28	148.76	181.59	184.43	191.73	154.33	246.47	239.65	132.68
203.73	190.38	162.33	174.22	204.13	148.66	213.41	149.06	143.95	166.33	206.55	169.79	206.52	166.13	180.34	187.79	189.77	161.87	168.76	156.13	171.21	176.96	200.87	163.08	150.19	182.52	184.72	193.06	155.11	247.51	240.18	132.83
204.2	191.05	163.23	175.39	204.79	149.51	213.86	149.97	144.95	166.79	207.17	171.34	207.36	167.81	181.31	187.82	190.69	162.38	170.53	156.73	171.64	178.21	203.65	164.35	151.16	183.62	186.03	193.78	155.46	247.6	240.69	133.42
205.16	192.64	164.19	176.46	206.21	149.93	214.72	151.17	145.08	167.5	208.1	170.92	207.64	169.09	182.43	188.52	190.15	162.37	171.11	157.32	172.11	178.98	202.58	164.72	151.47	183.95	186.13	193.96	156.97	248.81	241.4	135.32
205.63	192.2	164.6	176.92	206.15	151.45	215.95	151.53	145.67	167.77	208.97	171.37	208.21	168.46	183.56	189.82	190.92	163.45	171.11	158.14	173.37	179.85	202.49	165.83	152.36	185.2	187.53	194.43	156.96	249.61	243.28	135.63
207.09	194.01	166.55	178.1	206.77	152.28	216.58	152.42	146.72	169.58	210.09	173.41	209.12	169.39	184.47	190.86	192.54	163.73	173	159.81	174.2	179.88	203.36	166.68	152.49	185.71	188.21	196.1	158.29	250.18	242.75	136.22
207.12	194.09	166.48	178.66	207.94	152.68	217.07	153.28	147.06	170.39	211.04	174.98	210.46	170.35	184.18	191.73	193.22	165.19	173.03	160.41	174.98	180.69	206.12	166.62	154.18	185.97	189.15	196.59	159.67	251.29	243.13	137.29
208.35	195.11	167.16	179.38	208.67	153.32	217.73	153.55	147.85	170.86	212.38	174.52	210.17	170.52	186.15	192.2	193.91	165.87	173.86	161.23	176.36	182.57	206.46	167.89	154.56	186.86	189.68	197.72	160.13	251.71	244.06	137.99
209.12	196.63	167.97	180.55	209.92	154.36	219.13	154.63	148.54	171.04	212.06	176.12	211.52	171.87	186.84	193.29	194.84	166.47	175.36	161.56	177.06	182.66	207.46	168.74	154.97	188.14	191.3	197.83	160.94	253.49	244.83	139.14
209.99	197.33	168.98	181.23	210.23	155.1	218.94	155.64	149.03	172.12	212.14	176.1	212.57	172.21	186.9	193.84	195.24	167.65	175.69	162	177.01	183.32	208.3	169.56	157	188.01	191.15	198.62	161.36	254.79	245.8	139.45
210.87	197.67	170	181.69	210.99	155.9	219.84	155.99	151.07	172.92	213.49	176.97	212.65	172.92	188.16	194.03	196.67	168.38	175.54	163.26	178.14	184.07	209.21	170.72	157.25	188.99	192.14	199.5	161.79	255.21	246.27	140.62
210.94	198.33	170.27	182.39	211.61	156.27	220.59	157.2	151.28	173.49	214.31	178.1	213.63	173.54	188.19	194.57	196.65	168.99	177.11	163.77	179.66	184.97	209.61	170.59	157.16	189.41	192.55	200.27	163.18	255.81	247.34	141.46
211.92	198.78	171.41	183.04	212.74	157.06	221.04	158.23	152.38	174.46	215.01	179.61	214.68	173.98	190.02	195.56	196.84	169.56	178.05	165.28	179.9	185.21	210.86	171.66	158.37	190.76	193.89	201.43	163.62	256.99	248.35	141.47
212.79	200.14	171.56	184.36	213.48	158.32	222.49	158.5	153.28	174.58	215.66	180.11	215.17	175.68	190.79	196.34	197.99	170.93	178.71	164.85	180.43	185.78	210.3	172.93	159.81	191.27	194.3	201.53	164.41	257.89	248.96	142.83
213.37	200.73	172.69	184.81	213.99	159	223.83	159.61	153.82	175.38	216.98	180.23	215.66	175.93	191.8	197.49	198.78	171.22	179.26	166.01	181.32	187.48	211.37	172.82	160.81	192.41	195.92	202.17	165.32	259.01	249.86	143.17
214.23	201.47	173.03	185.24	215.48	159.97	223.96	160.53	154.03	176.39	217.61	181.6	216.71	176.91	192.7	198.74	199.69	172.48	179.38	166.92	182.1	188.57	211.42	173.54	160.58	193.09	196.09	203.5	165.84	259.35	251.28	143.89
214.82	202.17	174.57	186.24	215.52	160.03	224.77	160.38	155.42	176.84	218.35	182.07	217.22	177.72	193.73	198.6	199.83	172.64	181.15	167.35	183.86	189.3	212.26	174.3	161.76	193.49	196.97	204.04	166.92	259.82	252.69	144.6
216	202.8	175.91	186.99	216.25	160.74	225.05	161.33	156.11	178.47	218.97	182.75	218.22	179.16	194.11	199.88	201.05	172.93	181.7	168.43	183.64	189.45	213.06	175.41	162.46	194.13	197.38	204.64	167.41	260.6	252.35	145.12
216.42	203.87	176.72	187.36	217.17	161.38	226.59	162.56	156.43	178.55	219.57	183.27	218.04	178.22	194.58	200.9	200.64	175.18	182.58	169	185.08	190.58	213.61	177.05	163.53	194.93	198.57	205.06	168.08	261.41	252.69	145.99
216.9	204.89	177.29	188.79	218.64	162.5	227.41	162.58	157.49	179.03	219.47	184.01	219.99	179.89	195.08	201.61	201.69	174.98	182.73	169.51	185.66	190.34	214.13	177.14	164.48	195.42	198.78	205.77	168.99	261.81	253.99	147.32
217.66	205.82	178.08	189.25	218.72	163.28	227.79	164.07	158.18	179.63	220.89	184.1	220.64	180.6	196.79	201.52	202.83	175.28	184.8	170.53	187.29	192.44	215.02	177.99	164.82	196.6	200.14	207.27	169.13	263.06	255.1	147.98
218.1	206.5	178.56	190.15	219.9	164.45	228.31	164.6	159.82	180.86	221.48	185.04	220.53	181.29	197.57	202.84	203.72	177.09	184.77	171.2	187.12	192.01	216.81	178.7	165.63	197.03	200.63	207.94	169.65	263.68	256.88	148.3
219.48	206.84	179.99	190.57	220.73	165.02	229.58	165.41	159.34	180.76	222.1	186.56	221.45	182.16	198.33	203.84	203.73	178.1	185.14	172.61	188.53	193.85	216.68	179.68	166.22	197.61	201.2	208.57	170.96	264.52	257.41	149.75
220.06	208.03	180.54	191.5	221.62	165.52	229.94	166.61	160.08	182.01	223.48	186.69	221.64	183.75	198.71	204.46	205.2	177.88	186.03	172.73	189.02	194.9	217.74	180.11	166.68	198.7	202.19	209.45	172.08	265.37	258.22	150.18
220.15	208.63	181.14	192.36	222.45	166.51	231.06	167.24	160.85	182.56	224.45	188.44	223.73	183.84	199.42	205.37	205.93	177.84	186.85	173.66	189.09	195.47	218.79	180.73	168.14	199.37	202.8	209.75	172.32	266.21	259.2	150.61
221.45	209.48	181.5	192.88	222.75	166.84	232	168.3	161.51	182.28	225.11	188.94	223.62	184.02	200.94	206.06	206.37	178.75	187.52	174.26	189.87	195.8	220.09	180.85	168.67	200.34	203.13	210.76	173.18	266.8	259.64	151.67
222.13	209.8	182.69	193.66	223.83	166.68	232.85	168.31	162.17	184.03	225.84	189.61	224.35	185.29	201.02	206.66	207.23	180.84	188.88	175.29	191.96	197.88	220.51	182.27	169.86	200.47	204.14	210.98	173.24	267.5	260.52	152.73
222.8	210.9	183.21	194.65	224.85	168.88	233.77	168.9	163.63	183.93	225.62	190.17	224.76	186.97	201.11	207.54	207.49	181.53	189.07	176.34	191.92	198.04	220.4	183.3	170.07	201.18	205.34	212.17	174.65	268.45	261.12	152.57
223.66	211.76	184.28	194.89	224.95	169.19	234.2	170.51	164.63	185.21	227.34	191.42	226.22	187.03	202.11	208.84	208.13	181.57	190.12	176.16	193.22	198.01	220.95	184.57	171.11	201.87	206.04	213.18	175.59	268.73	260.99	154.44
225.07	212.29	185.26	195.6	225.71	169.6	235.01	170.81	164.49	185.96	228.04	191.63	226.53	187.81	203.89	208.71	209.51	182.47	191.18	176.78	193.92	199.84	221.97	185.16	171.73	202.74	206.57	213.38	176.47	269.83	262.82	154.96
224.88	212.85	185.55	196.9	226.82	170.53	235.77	171.42	165.7	186.12	228.71	193.33	226.96	188.1	204.4	209.37	208.06	183.19	192.06	178.06	195.02	199.8	223.67	186.57	172.62	202.84	207.19	214.23	176.99	269.91	263.39	155.47
225.98	214.14	187.11	197.3	227.06	171.2	236.09	172.31	165.83	187.2	229.29	193.02	227.6	188.82	204.73	210.67	210.09	185.18	192.45	178.38	195.16	201.87	223.53	186.54	173.09	205.03	208.43	215.39	177.35	271.15	264.39	156.71
226.23	214.7	187.54	198.17	228.49	171.58	236.82	172.93	166.52	187.93	230.51	194.51	229	189.19	205.75	212.11	210.56	185.39	193.41	179.48	195.64	201.33	224.59	187.51	174.89	204.64	208.65	215.49	177.68	272.35	264.86	156.79
227.49	215.03	188.25	198.81	228.5	172.54	238.28	174.1	167.38	188.72	231.49	194.61	229.47	190.03	206.02	212.52	211.74	186.65	194.17	180.09	196.57	202.36	226.14	187.46	174.76	205.74	209.4	216.5	178.87	272.54	265.84	157.92
228.19	216.35	189.06	199.95	229.59	173.36	238.29	174.43	168.23	189.47	231.96	195.84	230.42	190.74	206.91	212.65	211.5	186.78	193.57	181.13	197.6	202.74	225.82	188.51	175.86	206.69	210.33	216.8	180.14	273.22	266.75	158.61
228.99	216.64	190.44	199.89	230.57	174.51	239.71	175.24	169.29	189.72	232.88	196.51	230.97	191.89	208.32	213.16	213.1	187.28	194.63	182.11	198.49	203.35	227.07	189.06	177.36	206.29	211.19	217.75	180.52	274.12	267.47	160.1
229.8	218.04	190.86	200.83	231.55	174.89	239.71	176.8	169.17	190.95	232.71	198.25	231.78	192.61	208.73	214.22	213.32	189.1	195.64	182.32	198.67	203.58	227.79	190.15	177.47	207.28	211.69	218.94	181.5	274.8	268.21	160.51
230.4	219.09	191.21	202.1	232.35	175.8	241.29	176.46	169.9	192.07	233.92	197.99	233.09	193.25	209.91	215.06	214.57	188.45	196.19	183.24	200.42	204.9	228.34	190.91	178.06	208.47	212.76	219.03	182.14	275.4	269.15	160.59
230.68	219.45	192.14	202.51	233.04	176.44	241.8	177.98	171.21	192.49	234.4	198.81	233.02	193.71	209.44	215.93	215.02	190.49	197.39	183.84	200.89	205.13	229.93	191.44	178.5	208.81	213.77	220.44	182.44	276.56	270.09	161.79
231.82	220.37	192.82	202.74	233.93	177.03	243.29	178.87	172.81	192.65	235.18	200.19	232.88	194.37	211.64	216.65	215.78	190.13	197.65	185.29	201.41	206.99	230.85	192.55	180.13	209.59	214.38	221.23	183.62	276.89	270.31	162.1
232.49	221.13	194.03	203.93	233.78	177.72	243.72	179.22	172.93	194.28	236.05	199.94	234.26	195.1	212.13	218	215.91	191.26	198.47	185.31	202.53	207.61	230.91	192.77	181.11	209.96	214.84	221.16	183.85	277.52	272.29	162.8
233.05	221.23	194.2	204.41	234.82	178.35	243.84	179.82	173.74	194.48	236.64	200.05	235.05	195	212.99	218.31	216.52	192.73	199.55	185.41	202.8	207.57	231.96	193.21	181.01	210.62	215.38	222.71	184.7	278.92	272.17	164.35
234.25	222.34	195.54	205.14	235.39	179.6	244.75	180.17	173.52	195.33	237.45	201.54	236.61	196.38	213.45	219.42	216.9	192.49	200.28	186.67	205.04	209.07	232.23	194.95	181.93	211.9	216.24	223.65	185.87	279.4	273.77	165.04
234.63	223.72	196.29	205.47	235.74	179.76	245.27	181.12	175.06	196.83	238.83	202.66	236.52	197.23	214.06	219.01	217.78	193.4	201.34	187.36	204.3	208.98	234.43	195.5	182.99	212.26	216.65	223.82	186.34	280.31	274.65	165.46
235.4	224.77	196.74	206.24	237.4	180.51	246.35	182.01	175.65	196.33	238.55	202.23	237.29	198.18	215.01	220.23	219.35	194.05	202.25	189.17	205.18	209.81	236.19	196.08	183.71	212.87	218.04	224.88	187.32	280.58	275.29	166
236.48	224.92	197.6	207.75	237.65	181.11	246.9	182.78	177.41	196.76	239.41	202.91	237.39	197.87	215.42	220.95	219	194.48	202.23	188.91	206.06	210.95	236.35	196.53	184.35	214.05	218.29	225.26	188.12	280.79	276.76	166.92
236.82	225.41	198.06	208.32	238.98	181.97	248.28	183.59	177.88	198.1	240.76	204.53	237.71	199.3	216.77	222.24	219.68	195.36	202.6	190.08	206.48	211.51	236.3	197.59	184.88	214.68	219.66	226.03	188.23	282.3	277.03	166.66
237.77	226.56	198.98	208.09	239.83	182.94	248.87	183.84	178.34	199.14	240.99	204.97	240.06	200.25	217.16	222.96	221.03	196.52	203.33	190.94	207.71	212.64	237.85	198.1	185.97	214.97	219.43	226.88	189.54	282.98	277.95	168.39
238.46	226.92	199.67	209.62	240.8	183.82	249.3	185.63	178.62	199	241.7	205.62	240	201.09	217.94	223.37	221.13	197.32	203.84	191.18	208.36	213.39	238.09	198.76	186.63	215.19	220.81	227.57	190.8	283.61	278.84	168.86
239.1	227.87	201.02	209.74	240.77	184.65	249.94	185.7	179.48	199.08	241.48	207	240.58	200.94	218.31	224.03	222.48	197.78	204.96	191.94	209.07	213.96	239.25	199.41	186.88	215.84	220.97	228.27	190.55	284.25	279.24	169.87
239.84	228.45	201.42	210.63	241.87	185.13	250.75	186.15	179.92	199.78	243.43	206.46	241.2	202.17	219.8	225.13	222.04	198.3	205.43	192.97	209.81	215.39	239.86	200.18	188.22	216.93	222.27	229.19	191.07	285.18	280.11	170.45
240.63	229.44	202.05	211.23	242.75	185.69	251.7	187.09	180.81	200.16	244.5	207.14	241.64	203.07	219.68	225.66	223.68	199.15	206.25	192.9	211.2	215.49	240.82	201.23	188.64	217.46	223.55	229.24	192.46	285.37	280.88	170.88
241.31	230.47	203.08	211.99	243.72	186.17	252.53	187.57	182.13	201.18	244.16	208.48	242.66	203.65	220.98	226.31	223.49	199.72	207.1	195.36	211.53	216.56	242.14	202.15	190.03	218	223.14	230.26	192.85	286.78	281.99	172.08
242.12	230.81	203.4	212.79	243.88	187.05	253.15	188.76	182.57	201.25	245.09	209	242.67	204.18	222.52	227.2	223.31	200.11	206.71	194.95	212.07	216.73	242.06	202.06	190.23	219.25	224.3	231.08	192.98	287.37	282.21	172.77
249.44	238.16	211.2	220.1	251.56	194.01	261.69	196.21	188.53	208.97	253.14	216.4	249.72	210.94	228.86	233.81	230.87	207.66	214.71	202.01	218.94	224.78	249.13	209.33	197.75	225.52	231.77	238.21	200.39	294.06	289.46	179.79
257.57	246.01	218.4	226.41	260.09	201.17	268.19	202.99	196.58	213.73	260.23	223.99	257.14	217.18	236.08	242.43	236.25	215.54	221.13	208.72	227.11	231.41	257.71	216.04	204.73	231.82	238.36	246.1	206.98	302.22	296.36	187.42
264.8	253.41	225.38	233.44	267.55	207.43	275.1	209.32	203.4	220.58	267.15	230.43	263.67	224.04	244.23	248.82	243.65	221.51	228.14	214.56	233.72	238.72	264.8	223.45	211.43	239	245.98	252.73	213.71	308.86	304.34	194.7
271.21	261.14	233.24	239.75	274.37	213.71	282.35	217.07	210.23	226.83	273.3	237.14	270.33	230.31	252.21	256.97	249.43	227.67	235.03	222.38	241.39	246.79	272.01	230.17	218.93	244.83	252.81	260.53	219.33	315.89	312.63	201.59
277.99	268.84	240.12	246.49	281.14	220.28	289.49	223.48	215.76	232.63	281.15	243.52	276.37	236.56	259.79	264.56	256.36	234.78	240.52	228.27	248.5	253.31	279.04	236.16	225.68	252.39	260.76	266.8	226.37	323.04	318.88	207.77
285.05	275.36	246.88	253.59	288.31	227.06	296.21	229.38	221.87	239.09	287.31	251.18	282.37	242.73	266.44	271.1	263.43	241.04	247.74	235.11	255.73	260.6	285.86	243.34	231.77	258.1	266.81	273.73	233.01	329.31	326.71	214.51
292.04	282.51	254.23	260.22	295.89	232.52	302.77	236.27	228.25	244.34	293.63	258.15	288.51	249.62	273.28	278.08	267.93	249.1	254.97	241.18	263.46	266.9	293.46	250.12	239.51	263.71	273.3	279.5	237.93	335.97	334.32	221.5
298.29	289.19	261.36	266.34	301.75	239.3	309.27	242.41	234.4	251.17	300.47	263.21	293.94	256.05	280.33	284.84	273.01	255.3	260.95	247.36	269.79	273.86	299.7	256.16	245.41	270.05	279.57	286.32	244.53	342.55	340.79	226.66
305.08	295.51	268.21	272.55	308.52	245.21	315.33	249.36	240.07	256.28	306.46	269.39	300.08	261.53	286.07	291.51	278.91	261.52	266.62	253.4	276.41	280.16	306.69	263.1	251.87	275.38	285.38	293.19	250.69	348.68	347.92	233.31
312.09	302.36	274.11	278.27	315.86	250.45	322.74	255.58	245.23	262.09	313.84	276.08	305.2	266.89	293.33	297.13	283.91	267.98	273.38	260.78	282.76	286.35	312.64	269.52	259.36	281.06	291.76	298.53	257.11	355.24	355.25	241.03
319.05	308.9	280.85	284.36	322.13	257.35	327.88	262.37	252.43	266.92	319.38	282.22	311.49	272.79	299.43	304.95	290.15	273.68	278.18	264.89	289.66	293.38	318.32	275.13	265.06	287.41	298.84	304.73	263.25	361.52	361.62	245.22
325.27	315.76	287.37	290.39	328.64	263.43	334.49	268.18	257.49	272.79	324.96	287.35	316.5	278.66	306.08	310.04	294.37	280.13	284.17	272.67	296.94	298.41	323.49	281.59	272.22	291.85	303.79	311.35	268.7	367.68	368.33	251.89
331.45	322.42	293.86	295.57	334.04	268.75	340.94	273.66	263.67	276.98	331.31	293.76	322.38	283.94	312.77	316.28	298.63	285.38	290.34	276.64	302.22	304.46	331.37	287	276.93	298.59	311.37	316.64	274.13	372.95	374.93	260.04
337.52	327.59	299.11	300.82	340.96	273.53	346.39	278.96	269.91	282.22	337.13	298.34	327.59	288.49	318.6	323.3	304.86	291.74	294.54	281.64	308.65	311.33	338.48	292.96	283.39	302.59	315.54	322.5	279.76	379.25	381.85	264.21
344.29	334.9	305.65	306.99	347.22	279.35	352.28	285.08	273.96	286.83	341.66	304.77	332.15	293.73	324.45	328.45	308.87	298.11	300.04	288.01	315.69	317.54	343.49	298.38	289.61	307.52	321.74	328.27	285.08	385.64	390.18	270.39
349.31	340.37	312.25	311.86	353	284.37	358.21	290.14	279.31	292.03	347.55	309.65	337.22	298.76	331.08	334.74	316.4	302.26	307.44	292.84	321.52	323.89	348.81	303.64	294.81	313.77	326.87	333.31	290.08	391.02	395.27	276.08
355.21	345.62	318.19	317.38	359.43	289.6	363.23	295.9	284.53	296.94	352.36	315.64	342.46	304.15	336.94	340.58	318.94	307.78	310.34	299.08	327.48	327.81	355.53	310.6	300.62	317.94	332.69	339.6	295.36	396.72	401.63	280.31
361.44	352.25	324.52	322.99	364.19	294.75	368.59	301.61	288.64	300.64	358.79	320.89	345.82	309.29	341.53	346.25	324.14	314.45	315.42	302.09	332.03	333.43	360.09	313.93	305.49	323.58	337.79	344.3	299.83	402.93	407.06	286.25
367.41	356.93	329.6	327.21	370.37	298.85	374.9	306.8	295.28	306.6	363.1	325.7	351.98	313.94	346.2	351.08	328.21	319.93	322.23	308.41	337.66	339.36	365.49	320.16	310.89	327.23	342.68	349.15	304.8	406.82	412.34	292.45
372.99	362.87	334.79	332.18	376.39	304.39	379.16	312.04	298.88	310.63	368.81	330.9	356.01	318.6	353.08	356.52	332.5	325.34	326.35	314.62	344.36	344.1	372.35	325.85	316.82	332.75	349.07	355.62	310.65	412.03	419.33	297.37
378.26	367.65	340.9	337.82	380.81	309.59	385.15	317.3	304.5	315.03	374.12	336.22	360.84	322.37	358.27	362.14	337.35	328.98	330.75	317.32	349.05	350.31	376.8	330.52	321.56	336.25	352.83	358.82	314.2	418.23	423.56	302.43
383.48	374.25	345.89	342.19	386.67	314.15	390.55	321.95	308.34	319.39	378.47	339.48	364.42	327.86	364.02	368.1	340.59	334.39	335.51	323.21	354.63	354.31	381.79	336.2	327.52	340.37	358.34	364.34	318.67	422.1	429.33	307.63
389.53	379.24	350.51	346.66	392.65	318.35	394.69	326.25	313.76	322.7	382.78	345.12	369.31	332.6	368.93	372.25	346.09	339.18	339.45	328.23	358.7	359.9	386.9	339.06	330.92	344.04	362.94	370.2	325.35	428.24	436.04	311.35
395.26	384.17	355.46	350.81	396.74	323.93	400.25	331.95	317.58	326.77	387.33	349.99	372.44	335.56	374.01	377.69	348.73	343.17	345.43	331.51	363.95	365.33	392.5	343.75	335.25	349.18	367.25	373.96	327.72	430.73	439.88	317.46
399.39	389.31	361.08	355.47	402.6	327.41	405.46	335.79	322.32	331.58	392.8	353.49	377.45	340.87	378.92	382.89	352.69	349.03	348.34	336.57	368.92	369.24	397.95	348.83	342.5	354	371.95	378.68	332.27	436.16	446.13	321.41
404.63	394.42	365.63	359.87	407.38	331.7	408.91	340.74	325.95	335.2	397.29	358.85	381.77	344.04	383.92	386.8	359.06	353	353.15	341.21	373.81	374.32	401.62	352.55	344.64	356.64	376.4	383.2	337.81	442.8	451.83	325.88
409.52	398.3	371.19	364.02	411.77	336.87	414.22	345.21	330.22	338.33	400.89	362.83	385.93	348.24	389.37	392.45	361.36	356.38	355.8	344.6	379.96	379.35	406.4	358.95	351.06	360.46	382.28	387.05	339.88	445.72	456.3	332.49
414.05	403.84	377.15	368.34	415.91	339.78	418.24	348.91	333.96	342.92	405.4	367.03	389.23	352.61	394.42	396.53	366.77	362.33	360.85	350.02	383.96	382.53	411.46	362.23	353.49	366.01	385.65	392.81	345.18	449.92	462.19	334.41
418.83	408.71	380.4	372.63	420.73	343.78	422.99	353.51	338.11	345.04	410.37	370.32	393.93	355.38	397.71	401.23	368.12	365.8	366.23	352.46	389.47	389.2	415.11	366.26	359.19	368.63	389.84	396.08	348.53	455	465.11	339.39
423.88	412.15	385.54	375.98	425.59	348.32	426.91	358.21	341.54	348.81	413.71	374.78	396.44	360.05	402.56	405.55	371.58	370.54	368.64	358.03	392.42	391.8	420.2	370.74	363.34	372.86	394.04	399.99	352.15	458.56	470.47	345.16
427.57	417.44	390.44	380.66	429.31	351.94	431.2	361.81	345.75	352.55	418.35	379.81	401.23	364.38	407.46	410	376.82	373.64	373.11	359.86	397.89	396.06	424.38	374.61	366.86	375.81	397.65	405.37	358.32	463.6	475.65	347.71
432.2	422.19	393.64	384.57	433.47	356.02	435.41	365.71	349.99	354.4	422.33	382.9	404.63	367.37	411.17	414.04	378.64	378.42	377.43	363.54	402.63	400.53	429.06	378.61	372.61	379.49	403.76	407.69	361.09	467.24	479.72	353.23
437.16	424.93	397.99	388.03	438.89	359.57	438.96	370.1	353.59	359.8	426.48	387.17	406.93	370.13	416.54	419.01	383.93	381.87	380.44	369.55	405.92	404	433.52	383.65	375.47	384.91	405.84	411.96	364.42	470.11	485.36	356.16
440.77	429.7	403.15	392.28	441.88	362.69	443.19	373.31	356.77	362.51	429.4	391.06	412.07	374.64	419.62	421.89	385.14	387.11	385.41	371.59	410.86	409.31	436.8	387.14	380.57	387.47	410.9	417.22	369.58	475.57	488.27	359.89
445.12	434.02	405.94	395.93	446.49	367.86	447.26	377.57	360.77	365.63	433.58	394.51	414.12	377.98	423.23	426.25	389.63	390.02	388.15	375.54	415.07	412.37	440.59	392.09	383.14	390.41	412.84	419.69	370.9	478.41	492.81	364.89
449.47	438.02	411	398.53	451.72	370.59	451.55	381.91	363.95	369.53	436.93	398.03	417.58	381.11	428.11	431.46	392.65	395	390.28	380.21	418.84	416.6	445.13	394.52	387.05	395.34	416.74	423.88	375.47	481.66	497.17	366.38
453.82	441.3	414.9	402.49	454.5	374.09	454.83	385.37	366.95	371.83	440.72	402.53	421.36	385.58	431.37	434.06	394.6	396.94	395.01	382.47	422.41	419.54	446.95	398.2	391.72	397.5	422.11	426.04	378.11	487.83	501.19	370.72
457.24	445.83	418.74	406.8	458.05	377.2	458.31	389.08	370.57	375.85	444.57	404.58	423.83	387.55	435.96	437.97	398.62	401.76	397.6	386.06	426.19	423.73	451.71	402.62	395.14	400.7	423.67	429.78	381.57	489.04	505.19	376.82
461.32	449.84	422.01	408.89	461.85	380.98	461.97	393.38	374.74	378.39	447.59	408.84	427.12	391	439.38	441.65	401.7	404.92	401.23	390	431.25	429.11	453.69	404.22	398.67	403.68	427.61	435.74	385.52	492.22	510.68	378.72
465.19	453.76	426.3	412.34	465.48	384.84	464.95	394.99	376.96	380.81	451.08	410.7	431.23	395.32	442.93	445.21	404.75	408.65	405.09	392.15	433.76	430.65	458.05	407.93	401.51	406.37	430.4	436.4	388.37	498.22	513.45	381.54
467.81	457.68	429.37	417.13	469.06	387.23	469.15	399.2	379.85	385.06	455.23	414.95	433.28	396.96	446.62	449.57	409.93	411.88	407.69	397.78	437.25	434.05	462.56	410.98	404.7	411.74	433.87	440.39	391.53	499.31	517.38	388.27
471.77	461.04	432.51	418.58	472.55	390.89	472.64	402.26	383.3	386.54	457.58	417.8	436.63	400.13	450.4	452.07	409.55	414.46	411.52	398.65	441.89	438.68	464.48	415.15	409.94	412.27	438.15	445.49	396.39	502.46	523.53	388.85
476.32	463.86	436.51	421.67	476.42	394.61	474.97	405.26	385.81	390.54	460.64	420.52	438.62	403.19	454.4	455.73	412.58	417.39	414.05	402.7	444.23	440.4	468.65	419.1	410.99	415.83	440.93	446.52	396.79	508.18	525.01	391.05
478.61	467.79	439.14	426.11	479.56	396.72	478.81	409.18	388.69	392.28	464.09	424.27	441.55	406.46	457	458.99	417.12	421.8	416.06	404.74	447.5	444.06	472.68	420.53	414.45	418.55	446.21	449.84	401.11	509.49	528.28	396.59
482.45	470.64	442.75	427.64	482.7	399.46	482.06	410.88	392.83	395.09	467.12	426.87	445.69	408.91	460.71	462.49	418.11	422.99	419.96	407.43	450.98	448.96	474	424.15	417.73	420.35	447.02	454.93	404.34	514.06	534.51	397.59
486.09	473.97	447.14	431.05	486.3	402.92	485.31	413.78	395.13	397.89	470.1	430.57	446.37	412.35	463.57	464.91	422.83	426.67	421.92	411.62	453.82	450.69	479.53	429.16	420.79	425.42	450.45	456.19	406.79	518.59	536.44	400.28
489.26	477.34	449.33	434.63	489.08	405.57	488.93	418.66	398.08	400.57	472.84	433.12	449.72	413.69	466.73	468.46	422.62	429.9	426.01	414.04	458.71	454.3	483.29	431.02	425.11	426.66	453.66	459.17	410.16	520.43	540.05	406.31
492.51	479.71	452.42	436.56	492.25	408.32	491.53	420.4	401.69	402.85	476.06	435.07	453.28	417.05	470.32	471.67	426.07	432.34	428.43	418.53	459.79	457.83	485.51	433.09	426.95	430.26	456.09	463.69	411.55	523.12	543.77	406.95
495.84	483.18	455.75	439.68	495.26	410.59	493.76	422.85	403.07	405.23	479.44	437.87	455.83	419.74	472.55	475.16	430.59	436.37	430.17	418.88	463.19	459.46	489.72	437.13	428.97	432.54	460.92	464.01	414.07	526.68	546.98	409.36
498.41	486.6	458.21	442.77	499.4	414.59	496.76	427.02	407.33	407.83	481.26	441.38	459.28	421.97	476.67	477.49	430.92	438.53	435.21	422.49	467.58	463.09	491.32	439.32	434.95	434.11	460.86	466.61	416.64	529.12	548.62	415.09
501.93	490.29	461.9	444.55	502.22	416.19	500.83	428.7	408.31	410.34	483.91	444.29	460.63	424.64	478.73	481.35	433.66	440.25	436.88	427.3	469.09	465.05	494.14	443.48	435.35	438.59	464.18	471.28	419.42	532.24	552.75	414.79
505.01	491.37	464.99	447.7	503.82	420.04	502.82	431.66	411.2	412.66	486.94	446.34	462.42	428.47	481.83	482.68	437.74	446.18	438.51	427.21	472.24	468.09	499.23	444.61	438.73	439.93	468.72	472.9	424.64	535.6	554.56	417.89
507.51	494.93	468.39	452.04	507.25	421.55	505.58	435.58	414.17	415.63	489.58	449.11	466.16	429.93	484.99	486.57	439.26	446.07	441.3	432.51	476.88	472.48	499.68	446.64	442.32	443.5	470.36	477.26	426.1	537.33	558.42	423.92
511	498.94	470.45	453.34	511.66	424.67	509.9	436.83	416.09	417.29	493.04	452.54	468.23	432.27	487.8	488.45	443.16	449.04	443.38	432.93	478.21	472.43	503.49	451	444.01	444.51	474.45	477.47	429.48	540.41	561.33	423.51
514.52	500.69	473.71	455.75	513.34	427.87	512.06	439.74	419.43	419.75	494.68	453.81	470.82	435.09	490.22	490.92	442.72	452.47	448.14	435.43	482.59	476.49	506.8	452.78	448.28	447.14	474.7	480.59	429.64	543.08	563.51	426.37
517.29	503.8	476.38	459.42	517.18	429.42	514.82	443.43	421.69	421.83	497.32	455.98	472.48	436.36	493.52	495.34	445.09	454.86	448.39	438.87	484.75	480.81	509.07	456.35	448.81	451.27	477.77	485.17	432.68	544.92	567.2	431.17
519.97	506.39	479.07	460.52	520.5	432.06	517.83	445.19	423.51	423.36	500.06	459.48	474.5	439.68	495.94	497.16	451.15	458.83	451.44	440.31	486.81	481.53	510.59	457.13	451.9	452.28	481.39	485.46	437.56	548.54	568.88	431.8
522.81	510.46	481.63	462.71	522.41	434.48	519.86	447.46	424.9	426.26	502.48	460.53	477.44	441.27	499.04	499.78	449.98	459.26	455.7	443.61	491.11	483.93	513.22	459.62	455.41	456.37	482.59	487.94	436.88	550.46	572.11	437.1
525.2	511.26	484.07	465.35	524.92	436.31	522.73	450.46	429.02	428.4	505.74	464.82	479.28	444.33	501.95	502.6	455.86	464.09	456.01	445.02	491.43	486.46	516.02	463.26	456.03	455.91	487.46	492.45	439.22	552.28	576.75	435.81
527.86	515.59	485.83	467.64	527.17	438.73	525.75	452.74	430.8	430.26	507.89	466.54	481.26	446.74	503.99	505.83	454.32	465.56	457.79	446.43	494.57	488.3	519.17	465.63	461.38	458.86	488.17	493.13	443.02	556.27	578.39	438.56
530.8	518.06	490.02	470.8	529.59	441.94	527.37	455.53	433.07	433.65	510.22	468.58	484.47	449.19	507.37	508.29	457.09	466.65	462.76	450.89	496.87	493.18	520.25	468	461.17	461.81	490.32	497.56	445.12	556.91	581.31	444.78
532.76	520.52	491.35	471.97	533.19	443.03	529.73	456.79	434.45	433.73	512.54	470.86	485.34	452.04	508.49	511.08	461.69	471.09	461.81	451.04	499.29	493.75	522.56	469.19	464.42	463.23	492.04	497.48	447.35	559.58	585.05	443.78
535.42	522.62	494.13	475.01	534.14	445.91	532.9	459.66	437.44	437.25	515.77	473.21	487.82	453.41	512.04	512.24	461	471.36	464.69	454.09	502.96	497.68	528.38	472.11	467.6	466.84	494.58	501.15	449.97	564.41	586.31	446.48
538.18	525.29	496.74	476.61	536.57	447.76	534.26	461.85	439.14	438.22	517.11	475.89	490.14	455.1	515.46	516.94	465.63	474.23	468.82	456.17	503.68	498.47	529.14	474.37	468.59	466.91	498.89	503.2	451.67	564.5	588.73	451.68
540.6	527.47	498.78	479.25	540.27	451.07	536.74	463.88	441.16	440.2	519.19	477.65	491.54	458.61	517	517.69	463.93	477.96	468.93	457.99	505.95	500.78	531.33	475.86	473.32	468.98	499.79	504	453.9	566.28	593.09	450.73
542.4	529.93	501.4	481.2	540.9	452.56	539.2	466.61	444.28	442.71	521.86	479.1	495.03	459.38	519.99	521.33	467.2	479.1	471.21	463.18	510.73	504.27	535.38	479.4	472.95	473.66	503.66	508.52	455.25	569.7	593.06	453.33
545.21	532.49	504.06	482.74	543.28	454.87	540.39	468.05	446.32	444.77	523.88	482.22	495.86	461.4	521.14	523.32	470.34	481.86	473.87	461.98	511.24	505.65	536.27	480.39	477.62	473.1	502.87	508.77	457.29	571.21	595.41	458.73
547.25	535.42	506.12	486.16	546.88	455.89	543.02	470	448.43	447.17	526.58	483.93	497.94	463.16	523.5	524.49	470.79	483	474.81	465.95	515	509.84	538.18	484.48	477.61	475.34	505.43	511.12	462.23	574.06	600.66	457.43
549.98	536.51	508.32	486.94	548.25	459.04	545.74	472.58	450.22	449.26	527.92	485.96	500.79	464.93	526.69	526.74	473.64	484.29	479.15	466.31	516.48	509.26	540.83	485.64	478.89	477.72	509.74	516.73	461.56	575.4	600.19	459.08
551.74	538.39	510.53	489.71	550.06	460.82	548.22	475.53	451.82	451.76	529.77	487.9	502.39	467.95	527.89	528.85	475	488	479.37	468.59	518.5	512.96	542.61	486.64	484.65	478.76	509.88	516.36	462.96	578.12	602.84	464.66
553.48	541.35	513.51	490.84	554	462.2	549.72	476.34	454.5	452.2	532.64	490.31	505.74	468.91	531.15	530.82	476.58	489.18	481.42	470.86	521.37	517.26	545.24	490.97	483.7	483.17	514.58	518.02	467.76	581	606.88	462.9
555.53	542.97	514.7	493.31	554.27	464.96	551.69	478.51	455.43	454.1	534.37	491.86	506.01	471.65	531.77	534.32	481.24	491.29	483.86	473	523.52	517.26	546.73	491.46	485.76	483.11	516.04	522.65	467.32	582.46	606.83	466.42
558.52	545.27	518.47	496.21	556.75	465.95	553.61	481	458	456.19	536.4	492.92	507.98	473.14	534.47	535.36	479.57	493.35	485.43	476	525.92	519.95	548.07	494.92	489.08	485.82	516.75	521.68	469.73	584.39	609.56	469.51
560.28	548.06	519.16	496.82	559.39	468.35	556.3	482.73	460.73	459.01	537.72	495.22	510.36	473.77	536.55	537.73	483.95	495.27	487.82	475.86	526.71	522.82	552.87	494.97	489.88	485.99	520.61	524.86	473.83	586.57	613.22	470.55
561.98	548.74	520.71	499.15	561.19	471.38	556.97	484.72	461.18	459.97	539.47	497.81	512.62	476.64	538.75	540.12	484.26	498.09	489.22	477.69	528.73	522.92	552.79	497.59	493.77	487.59	521.34	526.12	472.82	587.12	613.48	472.73
564.73	550.5	524.46	501.95	563.46	471.32	559.57	487.77	463.37	460.77	543.44	500.1	514.58	478.63	540.49	541.68	484.64	499.47	490.33	481.12	533.22	526.91	555.96	501.21	493.57	492.99	523.1	527.51	474.65	589.3	615.77	475.03
565.9	553.6	524.83	502.32	565.8	473.66	562.29	488.54	465.38	462.27	544.46	500.73	515.35	480.08	541.93	544.39	489.93	503.04	495	481.18	532.62	527.73	556.85	500.63	495.68	492.04	524.11	531.91	479.03	593.69	620.17	475.75
568.57	554.11	527.33	504.47	567.17	475.31	562.82	491.56	467.82	464.04	545.43	504.38	517.78	483.01	544.14	544.34	489.42	502.4	494.34	483.39	536.08	529.45	558.41	504.92	498.35	495.3	526.24	531.28	477.9	592	619.12	478.67
570.58	556.31	530.15	507.96	568.47	477.48	565.24	492.27	467.92	466.7	548.21	504.64	520.8	483.91	546.75	546.68	490.5	504.98	495.94	487.22	537.33	532.59	561.52	504.75	499.6	495.94	530.87	533.57	479.98	594.8	621.31	481.12
571.74	560.1	531.51	508.49	572	479.68	567.14	494.16	470.21	468	549.03	506.85	521.25	486.59	548.4	549.99	491.16	507.46	500.32	487.46	538.94	531.92	562.19	506.19	504.61	497.49	529.78	536.94	483.48	598.8	625.78	481.69
573.56	560.69	532.84	510.9	572.81	480.59	568.72	496.61	473.37	469.72	551.22	509.64	522.92	487.83	549.88	551.29	493.36	509.67	500.54	489.44	543.07	534.74	565.4	509.96	503.32	501.62	531.63	537.25	484.15	598.45	625.3	483.48
576.97	562.57	534.95	514.13	574.75	482.69	571.36	497.31	474.15	471.55	552.35	510.58	524.94	488.65	551.82	553.56	498.58	513.68	501.36	490.97	541.83	536.01	565.98	511.44	505.05	500.35	535.96	539.32	485.97	600.91	627.5	485.73
578.14	564.31	536.86	514.45	577.54	484.9	572.69	500	475.03	473.68	554.77	513.69	526.5	490.95	554.03	554.95	496.78	512.39	505.64	493.33	543.99	538.33	567.92	515.45	508.46	502.58	534.99	539.91	489.66	603.9	631.02	486.92
580.06	567.1	538.72	516.06	578.7	485.66	574.19	501.11	478.61	474.57	556.23	513.77	527.81	492.62	555.44	557.12	499.45	514.39	505.34	495.01	547.83	541.94	571.83	514.38	508.34	506.16	537.18	541.42	488.4	602.96	630.11	490.38
581.91	567.67	540.66	518.73	580.13	487.21	576.73	503.45	479.55	476.85	556.97	516.82	530.15	493.25	557.71	558.62	501.11	518.23	509.15	496.09	548.47	541.17	572.11	516.2	514.6	505.49	538.99	546.37	490.65	605.43	632.02	490.62
583.76	569.32	543.67	519.47	582.35	490.4	578.56	505.14	481.08	477.66	560.06	518.08	532.41	497.19	558.31	559.83	502.2	517.74	507.82	497.75	550.41	543.14	574	520.31	513	510.42	540.12	544.38	493.88	609.52	636.36	492.07
585.7	572.19	543.44	521.47	583.99	490.24	579.85	507.25	482.02	479.24	562.21	519.36	532.05	497.97	561.86	562.15	506.99	520.11	510.13	501.57	551.71	545.58	576.06	519.75	515.8	509.53	545.13	546.19	493.81	608.92	634.99	494.88
586.86	572.49	545.26	522.9	585.22	492.4	581.33	508.93	483.75	481.67	563.27	521.91	534.3	498.6	562.51	563.77	505.17	522.52	514.4	500.2	553.42	546.93	577	521.51	516.48	511.39	543.25	551.93	496.27	610.51	639.41	496.32
588.34	575.05	547.68	524.43	588.23	495.46	583.22	510.22	486	482.34	564.88	521.88	537.18	499.43	564.16	565.15	507.17	523.39	513.85	502.57	556.57	548.74	580.23	523.94	518.13	513.44	545.92	550.91	498.48	613.37	639.74	496.33
590.17	577.4	549.18	526.94	588.9	495.87	584.51	513.56	486.82	484.2	565.6	523.93	537.37	502.01	565.63	567.5	511.19	527.24	516.78	503.63	556.68	550.71	579.62	524.67	523.26	515.25	548.14	551.97	499.45	613.59	641.33	501.37
592.17	578.55	551.15	527.33	590.23	497.24	585.85	513.37	488.85	485.44	567.17	526.57	539.81	504.16	567.44	568.34	509.15	525.98	518.33	504.89	559.08	551.58	582.64	527.78	521.09	518.67	548.82	554.57	502.83	616.1	643.69	499.77
592.85	579.49	552.14	529.42	592.99	500.29	587.14	515.86	490.77	486.7	569.67	527.51	540.27	505.19	568.84	570.25	511.98	529.22	518.76	509.69	560.19	555.42	584.45	527.63	523.97	517.1	551.04	555.4	501.62	617.63	645.96	501.2
594.93	581.61	554.04	531.94	593.77	499.99	589.7	518.58	491.42	488.39	571.2	529.71	541.98	507.9	570.61	572.4	516.91	529.36	523.04	508.34	561.88	554.94	583.02	529.94	525.17	519.44	551.72	556.86	504.26	618.29	647.21	507.16
596.37	584.26	555.62	531.78	595.4	502.07	591.22	518.18	494.48	491.51	572.99	531.19	544.47	507.86	573.06	573.21	514.69	531.15	521.8	511.45	564.74	557.46	587.67	531.93	525.76	523.45	553.5	559.25	507.06	620.93	650.41	504.67
598.46	584.83	557	533.37	597.27	503.29	592.31	519.84	494.54	492.09	574.27	533.25	546.22	509.95	574.27	576.38	518.32	533.98	523.81	511.89	564.4	557.62	588.12	532.6	530.47	521.84	556.22	559.85	506.7	621.46	649.65	507.31
600.33	586.17	558.52	536.35	599.04	505.52	595.26	522.86	495.62	493.18	576.52	533.95	546.59	512.28	575.35	576.05	518.18	533.33	526.11	513.2	568.79	558.87	588	536.4	529.34	523.76	556.49	563.27	508.66	622.44	651.41	511.93
600.97	590.2	560.38	536.45	600.24	507.86	595.78	523.19	497.56	494.51	577.15	535.04	547.23	513.19	577.5	577.69	518.68	536.62	526.68	517.84	568.37	562.68	590.55	534.94	533.12	526.22	558.91	563.32	510.94	626.52	655.42	509.21
603.82	589.57	561.98	538.25	601.88	508.87	596.43	524.82	498.53	497.35	578.53	536.08	549.18	514.92	579.23	579.4	522.58	536.81	529.36	517.39	570.32	562.53	591.04	538.24	532.18	527.22	560.65	564.38	512.05	625.68	654.11	511.09
604.99	591.43	563.61	541.11	602.95	509.03	599.04	527.29	500.88	497.59	579.53	538.38	551.49	515.41	580.95	582.03	522.57	538.38	529.44	519.26	571.36	563.61	594.35	538.71	533.91	529.17	561.02	567.35	514.36	627.92	656.09	517.28
605.73	594.07	564.7	540.88	604.53	511.45	599.82	527.22	501.97	498.88	581.36	539.57	551.34	517.35	581.78	583.17	521.68	542.73	530.82	519.14	573.18	567.28	593.88	539.88	537.7	530.38	564.83	567.41	514.81	631.77	660.04	513.88
606.66	594.49	567.83	542.4	606.08	512.19	602.52	529.25	503.67	500.54	583.95	541.01	553.05	520.33	584.05	584.16	526.93	540.29	533.25	521.68	576.27	567.05	596.37	542.19	537.72	529.63	564.01	570.79	515.75	630.02	658.71	516.9
608.79	595.73	569.4	544.26	607.51	513.91	602.93	531.83	504.15	500.04	585.22	542.27	554.2	520.65	583.52	585.18	525.29	542.45	533.49	522.91	575.66	569.06	598.09	543.03	540.58	533.84	566.81	569.68	520.59	631.63	660.72	522.01
610.39	596.97	571.26	544.96	610.72	517.17	604.52	531.54	506.19	503.53	585.52	542.93	555.99	521.39	585.92	588.08	529.95	543.77	537.18	524.02	577.6	569.62	600.97	544.72	540	533.08	566.96	571.33	518.51	636.31	664.6	519.34
612.59	598.93	571.65	546.8	610.64	516.62	606.05	533.54	507.26	503.6	586.71	544.81	556.88	523.63	588	588.1	528.65	546.25	536.34	525.33	579.82	571.69	602.57	547.18	541.71	534.29	568.94	573.82	520.11	634.94	663.14	521.98
612.89	599.79	573.3	549.1	612.1	519.07	607.94	535.97	509.27	504.25	588.7	547.21	558.28	524.21	588.68	590.55	529	548.19	539.89	526.67	580.47	573.41	603.24	547.58	543.26	537.64	571.87	573.94	524.15	636.8	665.49	524.74
615.37	601.65	575.61	549.45	615.14	521.83	609.48	535.96	510.74	507.39	589.49	547.93	559.85	525.8	590.47	591.41	534.6	548.79	538.14	527.66	583.14	574.04	604.14	550.19	543.81	537.01	571.37	578.13	522.18	639.12	669.35	524.49
617.36	604.66	574.66	550.4	615.4	521.44	610.27	537.01	511.61	508.37	592	550.35	562.33	527.54	591.87	593.42	531.92	552.59	540.68	530.56	583.6	577.76	606.59	550.26	548.52	540.93	572.51	576.74	523.69	639.4	667.87	525.43
617.4	604.02	576.79	554.07	616.33	522.71	611.65	540.68	514.78	509.78	593.86	551.35	562.69	528.3	593.75	594.26	533.51	550.6	544.29	529.58	584.8	576.85	606.07	551.28	546.76	539.05	576.43	578.05	528.11	643.18	670.32	525.86
619.05	606.24	580.11	553.65	618.84	524.66	613.19	540.55	514.61	508.77	593.42	551.99	564.52	529.84	593.65	594.99	536.26	552.32	543.24	531.92	587.02	578.02	607.38	554	547.47	541	574.42	582.08	526.58	640.91	674.66	527.5
620.1	608.34	579.58	554.63	618.82	525.79	614.02	541.22	516.03	512.79	594.65	553.4	564.41	531.31	594.67	597.41	535.18	553.68	546.25	535.27	586.53	581.86	608.91	553.43	552.28	543.17	576.7	581.54	527.69	643.61	672.89	532.44
621.8	608.7	580.65	557.97	620.02	526.62	615.66	544.15	517.46	513.98	596.68	554	566.12	531.86	597.76	597.71	540.33	554.9	544.77	535.02	588.48	581.1	609.97	555.54	550.65	543.7	579.99	584.62	531.59	647.68	675.64	529.91
624.26	610.09	582.93	557.37	622.93	528.27	617.36	544.05	518.55	514.31	597.6	556.52	567.3	533.4	597.55	598.65	539.07	558.3	546.04	535.23	590.89	582.25	613.19	556.66	552.29	547.5	579.71	583.5	531.02	645.61	678.54	530.88
624.61	610.78	583.09	558.32	623.74	528.96	619.16	545.89	520.53	515.86	599.19	556.37	568.95	535.91	599.17	600.55	541.59	557.46	550.12	537.62	591.09	584.33	613.16	558.17	553.44	545.86	582.59	584.77	531.99	648.15	677.82	536.2
626.21	613.47	584.86	560.74	624.96	531.13	620.21	547.81	521.75	518.16	600.59	558.49	570.19	536.37	601.98	602.17	540.25	558.85	549.51	537.7	594.45	584.53	616.01	560.98	554.73	547.03	581.27	589.28	534.48	649.39	678.76	533.7
627.59	614.29	586.75	560.73	626.97	531.29	620.89	548.47	522.42	518.07	601.67	559.48	571.77	536.85	601.37	602.95	542.08	561.83	552.05	542.18	594.05	588.73	616.47	559.78	558.83	551.3	583.73	587	535.22	649.84	682.71	534.99
628.05	615.77	588.12	562.02	626.26	532.49	622.38	550.26	524.61	520.37	602.7	560.84	572.57	538.33	603.63	604.95	546.04	561.06	550.99	541.29	595.04	587.34	617.9	561.45	556.7	549.83	584.96	588.97	536.76	653.42	682.53	540.59
630.27	616.68	588.26	564.61	628.57	534.73	623.4	550.95	524.83	520.75	604.87	563.21	573.72	538.35	604.76	605.79	544.34	562.66	553.49	542.28	598.14	589.06	621.95	564.39	558.04	552.57	585.38	591.8	536.69	651.82	685.15	537.06
630.87	618.08	591.3	564.39	629.85	535.05	624.62	551.83	526.91	521.98	605.45	563.39	574.77	540.69	605.93	607.7	547.02	564.95	555.2	544.68	597.31	590.61	620.66	563.83	562.38	551.52	589.25	591.1	537.63	653.27	683.98	538.44
632.07	619.39	591	565.48	630.93	537.35	626.17	554.69	527.52	523.03	605.41	565.73	576.61	541.94	607.27	607.95	546.48	565.62	555.33	544.29	598.27	591.58	621.92	567.58	560.48	553.62	587.61	595.33	541.43	657.09	682.03	543.92
634.21	619.77	592.24	568.47	632.17	538.61	627.82	554.31	527.8	523.28	608.32	564.84	577.62	542.7	607.82	609.45	546.96	568.33	558.73	548.03	601.74	594.68	623.1	565.86	563.04	554.55	589.22	593.29	539.84	656	688.36	540.51
634.99	621.71	594.75	568.1	634.42	539.53	629.5	555.45	529.72	526.06	609.17	566.24	578.5	543.78	610.12	610.7	550.88	566.7	556.77	546.02	601.69	593.2	624.18	568.14	564.51	554.79	590.89	595.42	543.41	657.71	689.25	542.82
636.42	622.54	595.1	569.05	635.11	539.91	629.3	557.7	531.76	526.48	609.53	568.28	579.39	544.97	610.71	611.64	549.15	568.86	557.53	547.95	603.22	595.75	627.74	569.38	565	559.31	591.65	595.56	543.47	658.18	689.95	547.43
637.45	623.82	596.2	571.63	636.21	541.58	631.01	557.88	532.13	528.3	611.58	568.69	581.17	546.25	612.23	614.11	554.9	570.16	561.92	550.62	603.45	597.67	626.14	571.18	566.46	557.67	595.38	597.83	544.23	659.66	691.23	544.51
638.29	626.52	598.02	571.2	637.14	542.17	632.09	558.55	533.12	528.34	612.44	570.37	582.14	547.43	614.46	614.19	552.47	570.93	561	549.85	604.7	596.84	629.27	573.25	568.21	560.71	594.12	599.58	545.32	663.04	690.35	545.88
640.3	626.32	598.55	572.63	638.15	543.72	633.3	561.7	535.35	528.67	613.45	571.43	583.31	549.14	615.2	615.68	554.95	574.57	561.91	553.42	606.27	600.9	629.75	572.38	568	558.98	594.36	598.82	546.01	662.63	692.34	551.18
641.87	627.7	599.79	575.26	639.7	546.18	634.44	561.31	534.99	529.99	614.96	572.58	584.05	549.6	616.84	617	554.89	573.98	564.03	552.27	607.84	600.2	630.9	574.03	572.79	560.7	598.67	603.41	547.08	663.26	693.61	548.08
642.17	630.24	602	575.65	641.11	545.25	636.45	562.44	536.06	531.35	615.89	573.34	584.77	550.82	618.59	617.69	554.97	575.77	564.4	553.94	610.34	601.29	633.24	577.37	570	562.26	598.21	602.19	551.22	666.51	694.51	548.81
643.39	629.18	601.58	576.49	641.95	546.68	636.33	565.33	537.95	533.69	617.53	575.56	585.89	551.79	618.23	619.52	560.08	575.83	567.42	555.33	609.05	603.16	631.68	575.61	572.38	562.24	600.54	603.51	550.29	666.16	696.64	554.61
645.35	630.86	602.65	577.51	644.51	548.57	637.99	565.16	538.34	534.05	618.55	576.01	587.51	553.87	619.34	621	558.33	577.11	566.95	556.23	610.01	603.59	634.68	577.62	574.89	567.73	599.42	603.62	549.92	667	698.27	551.64
646.36	633.74	605.79	578.92	643.91	548.86	639.99	565.91	539.45	535.24	619.06	576.81	588.49	555.33	620.47	620.63	558.43	580.78	567.76	559.04	612.12	605.4	635.21	580.07	574.81	566.35	600.7	604.64	554.43	668.02	698.82	553.71
647.63	633.45	605.39	580.63	644.76	550.15	640.51	568.85	541.72	536.31	620.16	577.52	588.58	555.24	622.07	624.15	563.4	578.41	570.04	559.24	611.9	604.74	635.1	579.65	575.64	569.66	604.31	607.01	551.39	669.38	701.62	555.21
648.47	633.67	606.44	581.36	646.93	552.28	641.26	568.51	542.51	537.39	621.34	579.55	590.96	557.68	621.94	623.08	560.01	579.73	569.8	558.24	616.07	606.35	637.64	582.95	578.2	566.99	603.03	607.15	553.41	669.95	700.8	555.53
649.38	637.56	608.27	581.71	647.24	552.75	643.59	569.45	543.08	538.08	622.85	581.05	590.58	557.35	624.16	624.94	562.28	583.59	573.43	562.17	615.76	608.95	636.19	581.63	577.65	568.56	604.42	607.85	557.5	672.07	702.68	560.26
650.46	636.7	608.78	584.01	648.7	553.99	643.52	571.62	543.91	538.38	623.5	581.31	592.09	558.96	625.2	625.98	563.06	583.43	572.55	560.59	617.82	609.15	638.46	582.65	580.99	572.4	604.57	611.83	554.84	671.57	706.07	557.88
651.45	638.27	610.33	583.61	650.62	555.3	644.96	569.62	545.03	541.18	624.76	581.98	594.45	559.51	626.53	627.19	563.2	583.84	573.83	561.99	617.1	611.82	640.82	586.55	580.32	570.86	606.07	609.97	556.25	672.78	705	558.59
652.21	640.21	611.38	585.41	650.73	555.05	646.73	572.54	547.28	541.8	625.55	583.41	593.71	560.46	627.91	629.71	568.56	584.75	574.67	565.83	618.9	610.43	640.48	586.03	580.55	571.21	607.67	611.49	559.48	675.37	706.72	563.41
653.93	639.71	611.85	586.86	651.75	556.83	645.56	575.37	546.76	544.44	626.74	584.62	595.14	561.85	628.59	629.67	565.43	585.88	574.88	563.51	619.26	613.07	641.52	586.58	585.4	575.44	608.33	613.92	559.12	674.55	709.5	560.75
654.96	641.72	614.18	586.84	653.81	559.06	647.22	574.95	548.15	543.1	628.17	585.5	597.18	561.54	629.62	630.51	566.94	586.56	579.06	565.59	620.42	613.4	643.92	586.63	583.33	573.88	611.42	613.09	559.65	675.64	707.95	562.55
655.67	644.5	614.58	588.5	653.51	558.13	649.03	576.22	549.89	544.11	628.67	586.24	598.17	562.94	630.14	631.56	568.99	587.87	577.64	567.14	624.23	613.43	643.74	588.18	586.41	575.92	609.6	615.06	563.59	680.51	709.69	567.14
657.84	644.41	616.05	590.25	655.71	559.02	650.18	577.1	550.19	545.99	629.21	587.99	598.76	564.82	630.94	631.18	568.73	590.38	578.33	567.87	622.29	617.09	645.61	590.76	584.49	576.63	611.29	616.08	562.28	677.61	710.2	564.1
667.11	653.77	625.71	598.94	666.62	570.81	660.33	587.27	560.26	555.85	640.68	598.84	608.66	575.48	642.15	643.61	582.04	598.23	590.33	579.77	632.84	625.36	657.09	599.1	594.86	585.71	622.9	625.82	572.97	688.15	721.5	573.78
676.57	664.6	636.47	607.52	674.59	578.41	670.51	597.02	569.09	564.8	649.71	606.12	617.04	582.94	651.32	651.72	586.13	607.42	596.98	585.76	645.37	634.65	665.66	607.53	607.56	595.03	630.09	637.37	580.87	699.81	731.13	585.72
685.21	672.32	644.97	617.99	683.76	587.16	678.27	606.25	577.31	572.37	657.93	615.99	626.71	592.35	659.98	660.48	595.29	617.18	605.02	594.28	652.13	644.63	676.76	617.87	613.85	603.28	639.27	643.26	589.41	706.12	740.87	592.01
694	680.97	652.73	624.87	693	597.15	687.2	613.8	586.94	581.41	666.81	624.35	634.47	599.47	669.48	669.58	605.96	625.41	615.32	604.91	660.07	652.84	682.81	624.48	622.55	610.97	648.98	651.12	598.83	714.41	748.19	600.64
703.18	689.18	661.85	633.07	701.22	602.74	694.53	621.35	593.77	587.14	675.82	632.03	641.97	608.16	676.81	677.32	612.01	632.53	620.38	611.11	669.9	662.08	692.42	634.05	628.81	621.05	654.94	660.29	605.36	725.64	757.06	608.29
709.83	697.09	667.93	641.59	708.73	610.62	702.46	628.46	601.36	594.89	681.73	638.57	649.19	615.87	684.23	685.32	620.52	641.25	629.26	618.73	675.97	668.55	699	641.31	637.11	625.1	665.36	666.42	612.37	729.11	765.69	615.25
716.43	702.8	676.68	646.8	715.55	618.03	708.68	635.42	608.15	602.91	689.77	646.7	656.85	622.33	690.6	692.3	625.87	647.97	637.68	625.25	683.65	674.33	706.66	648.12	647.84	632.52	669.35	676.14	620.96	736.32	771.37	624.94
723.34	709.95	684.82	653.7	722.69	623.92	716.19	643.61	614.99	608.32	695.76	653.47	664.19	629.6	698.33	699.71	630.89	656.83	643.05	631.03	689.69	684.41	715.33	655.87	650.98	642.83	677.22	680.68	626.36	745.2	778.09	629.94
730.19	718.77	690.25	661.84	729.33	631.13	724.13	648.91	620.99	616.63	703.9	659.64	669.66	635.8	706.4	707.26	641.93	660.42	652.34	640.69	696.23	687.91	718.35	663.31	658.39	646.24	684.24	689.9	633.68	749.76	787.71	636.04
736.86	722.98	697.36	666.44	735.16	638.26	728.58	655.33	627.47	621.45	708.76	665.91	674.92	641.91	711.57	712.05	642.76	666.29	654.9	644.51	704.35	695.33	724.09	667.32	663.84	653.06	689.32	693.16	638.91	756.43	792.08	645.98
742.28	728.57	704.04	672.49	741.44	644.25	735.18	661.45	633.29	627.39	715.45	673.05	681.11	648.52	717.62	718.59	649.1	675.41	661.54	651.88	708.91	700.98	731.07	675	669.61	657.4	698.05	700.46	645.12	764.09	797.81	648.78
748.58	735.79	708.18	680.29	747.84	649.05	741.38	667.41	640.03	632.43	721.24	676.81	686.51	654.13	723.87	724.57	659	679.32	669.06	655.69	715.17	706.59	736.91	680	678.69	664.04	701.27	705.88	652.71	768.72	805.89	658.12
754.68	740.94	714.57	683.31	752.28	654.22	745.68	674	644.14	637.85	726.14	683.55	693.29	658.68	728.94	730.28	660.75	684.43	672.69	660.97	720.56	714.65	742.56	684.88	680.86	669.63	707.39	710.63	655.29	775.39	809.5	659.81
760.33	745.85	720.87	688.83	756.35	660.5	752.17	677.89	649.36	644.56	732.88	688.73	696.97	664.25	735.14	734.66	667.23	690.75	679.86	669.66	726.32	717.23	748.5	692.97	687.29	674.31	712.84	718.71	662.04	780.08	814.89	664.85
765	750.74	724.81	694.79	765.14	665.26	758.4	683.08	655.69	648.31	736.72	693.54	702.68	669.68	739.45	740.89	673.33	694.63	682.28	673.03	733.26	723.98	753.37	695.87	692.54	681.93	717.33	721.59	667.9	784.72	822.59	673.86
770.56	757.7	729.74	699.64	768.26	670.58	762.67	688.9	660.47	653.66	742.45	699.41	707.64	673.88	744.28	746.41	676.74	700.74	688.85	677.91	737.47	727.74	759.88	701.01	696.85	683.43	723.11	727.6	671.05	791.59	824.63	673.89
776.33	761.02	736.11	705.13	774.02	674.85	767.44	693.59	666.27	659.14	745.93	703.74	712.21	679.97	751.02	750.32	684.47	704.81	694.3	682.42	743.06	732.16	762.31	706.16	704.84	689.26	727.2	730.06	676.15	794.81	830.65	681.75
780.88	765.77	739.03	708.57	780.1	678.89	773.31	698.39	670.01	663.78	751.56	708.8	717.48	683.22	754.57	754.97	685.04	709.59	698.07	688.2	745.74	738.94	767.93	710.21	707.52	695.84	731.07	735.18	680.8	798.37	835.57	684.75
785.46	773.36	742.75	713.82	783.78	684.95	777.27	702.11	674.65	668.27	756.33	714.59	721.34	689.44	759.22	759.96	689.49	715.22	704.71	693.2	752.91	742.38	773.65	716.97	714.25	698.51	738.71	741.31	684.95	806.78	840.04	688.11
789.59	776.25	747.76	718.68	787.92	688.12	782.87	707.58	678.96	671.19	760.65	718.06	726.18	692.55	764.82	764.16	698.88	717.93	706.7	694.88	754.52	746.89	778.44	719.1	715.82	704.91	740.08	744.53	689.72	809.09	845.48	697.15
794.62	780.38	751.63	721.69	792.2	692.82	785.56	712.77	683.13	676.24	766.4	721.51	731.96	696.72	768.09	770.58	699.39	725.31	710.87	699.4	759.17	751.36	784.45	724.22	720.09	707.25	745.53	751.47	696.2	812.41	848.05	697.61
798.86	786.08	755.97	726.28	796.63	697.48	790.26	716.24	688.79	681	770.18	726.05	733.93	701.28	773.7	773.76	706.22	726.92	718.66	704.48	765.04	755.44	788.29	728.67	725.09	711.45	749.62	753.2	697.56	819.75	852.16	705.94
802.75	788.01	761.33	731.56	801.69	701	795.67	720.44	692.33	684.82	774.87	729.92	739.5	705.93	777.62	779.18	706.2	730.37	719.12	708.01	768.81	762.61	792.96	731.51	729.23	716.61	753.25	757.96	701.56	821.76	859.45	706.22
805.77	792.49	765.53	734.35	804.63	705.3	798.24	724.34	696.58	689.28	779.03	735.6	743.14	709.7	782.19	782.15	711.25	737.47	722.68	714.9	775.19	764.4	796.65	739.27	735.85	718.77	760.28	761.99	708.99	825.53	860.65	710.21
810.88	797.45	769.29	738.92	808.45	709.37	802.91	727.72	700.45	693.08	782.7	738.85	747.29	715.21	786.96	786.13	716.51	738.44	729.94	715.83	777.21	768.01	799.81	740	736.32	726.44	761.96	765.13	709.4	830.35	864.57	715.72
847.27	832.53	805.28	774.31	845.49	744.69	838.83	763.5	734.82	725.77	819.5	775.71	784.15	748.95	821.68	822.45	750.22	775.87	762.91	750.36	813.38	805.39	837.46	777.56	773.23	758.1	798.81	803.7	744.11	864.85	902.83	750.53
876.02	862.71	836	804.5	874.12	774.9	868.95	795.45	766.53	757.13	848.72	805.55	812.93	780.47	852.27	852.16	783.29	806.05	794.16	782.29	842.35	835.16	867.01	807.87	805.85	788.04	826.81	829.21	777.67	895.44	930.2	780.05
901.97	888.91	860.15	829.9	900.64	801.47	896.52	819.88	793.14	782.3	875.96	832.01	839.71	807.53	878.24	878.63	805.65	831.61	819.39	807.47	869.33	862.18	894.54	832.54	829.56	817.61	853.9	855.27	800.56	920.24	956.71	809.28
925.63	913.34	884.45	854.48	925.84	824.16	918.26	843.93	815.29	803.18	899.37	855.37	864.09	831.07	902.69	903.16	830.75	858.19	842.85	834.3	894.26	886.57	917.36	856.51	856.15	837.58	879.8	881.86	824.17	943.48	983.53	829.59
947.11	933.07	906.21	873.82	946.52	845.61	939.96	866.54	838.09	825.24	921.76	877.49	884.41	852.65	924.92	924.48	852.23	876.41	867.88	851.88	913.09	907.57	937.86	880.1	873.53	859.37	898.29	900.56	844.98	964.92	1001.63	850.95
967.41	953.03	925.78	894.19	966.3	866.18	960.78	884.77	857.33	843.73	941.46	898.3	905.17	873.41	944.64	945.85	871.06	897.57	885.64	873.61	933.15	928.81	960.68	896.87	895.03	880.52	918.81	920.7	864.61	984.9	1023.72	872.41
984.68	972.07	944.5	914.17	985.95	883.5	978.67	903.96	875.48	860.15	960	916.75	924.12	891.7	964.32	963.49	893.81	918.4	904.77	891.55	954.42	945.01	976.25	916.8	913.95	897.88	939.44	940.95	882.97	1001.9	1042.21	888.63
1002.85	991.05	964.47	930.13	1002.09	901.1	996.06	922.87	893.42	877.28	977.57	934.54	941.59	910.19	981.32	981.59	907.08	933.94	922.5	908.21	969.95	962.28	994.1	935.32	930.13	916.05	954.18	956.18	899.64	1023.58	1058.23	906.69
1019.87	1005.72	978.75	947.19	1018.89	917.88	1014.47	937.87	910.49	893.2	994.33	950.6	958.64	926.79	998.22	999.03	925.75	952.54	938.77	928.26	986.79	982.26	1009.48	950.33	950.59	932.54	972.22	973.71	916.92	1038.73	1075.21	924.18
1036.24	1022.86	995.13	964.03	1037.54	933.99	1030.43	954.29	927.34	908.83	1010.27	967.05	974.75	943.56	1015.28	1015.45	940.72	965.48	957.65	940.59	1002.64	995.33	1026.27	967.22	963.26	947.16	988.22	988.61	935.53	1053.33	1092.98	938.98
1052.48	1039.69	1012.03	978.47	1052.53	948.98	1046.62	971.09	941.44	925.22	1026.69	982.57	989.66	958.72	1031.69	1032.78	955.79	980.25	969.53	957.16	1018.62	1011.4	1043.72	980.12	977.99	965.18	1002.13	1003.68	947.55	1070.77	1105.89	953.85
1067.83	1053.62	1026.43	993.93	1067.68	965.17	1061.05	983.58	955.79	937.95	1042.86	997.74	1004.41	973.58	1046.53	1047.38	974.37	999.15	984.34	970.97	1035.75	1028.48	1057.05	994.84	994.27	976.82	1020.51	1018.54	961.43	1082.93	1121.29	968.59
1080.7	1067.93	1041.79	1007.64	1082.5	978.83	1074.87	998.61	970.75	955.26	1056.78	1010.71	1020.26	987.11	1061.38	1061.48	985.56	1009.77	1000.67	984.75	1049.02	1041.82	1074.54	1012.21	1006.61	992.09	1033.72	1033.56	979.18	1097.16	1137.29	981.55
1094.61	1083.67	1056.84	1021.56	1094.87	992.56	1089.92	1013.23	984.12	970.25	1070.35	1026.77	1036.98	1001.64	1075.03	1075.89	1003	1025.03	1012.54	1001.24	1062.42	1057.93	1086.8	1024.74	1026.25	1006.39	1049.25	1047.28	989.71	1113.45	1148.58	999.65
1107.54	1094.66	1068.58	1036.68	1108.26	1005.19	1104.76	1027.7	997.88	985.61	1083.23	1041.45	1048.97	1014.77	1086.48	1089.73	1013.44	1042.6	1026.94	1011.92	1075.61	1069.15	1100.18	1039.24	1036.62	1018.71	1060.07	1064.11	1001.76	1124.17	1164.55	1008.73
1122.27	1107.62	1081.63	1050.88	1123.23	1018.27	1115.81	1041.42	1009.88	1001.2	1097.21	1054.12	1061.85	1029.11	1101.56	1103.24	1030.92	1052.08	1044.32	1026.92	1087.55	1082	1112.7	1052.29	1049.4	1036.73	1074.18	1073.37	1019.57	1137.55	1178.77	1022.15
1135.12	1122.78	1096.45	1061.58	1134.55	1034.31	1128.67	1053.89	1023.8	1012.98	1110.71	1066.8	1074.4	1043.33	1114.09	1114.89	1040.64	1065.67	1053.66	1040.79	1102.91	1096.32	1126.25	1064.27	1061.74	1046.25	1088.84	1086.2	1029.99	1153.56	1190.34	1040.33
1146.29	1133.5	1107.3	1074.38	1147.14	1045.2	1141.79	1066.32	1038.04	1029.38	1122.67	1079.55	1086.32	1055.79	1127.74	1128.83	1053.35	1080.03	1067.2	1051.8	1113.89	1107.55	1138.15	1077.46	1073.6	1059.68	1098.89	1102.66	1043.04	1162.84	1203.88	1048.42
1159.16	1145.93	1120.14	1088.78	1161.23	1057.19	1153.59	1079.3	1048.59	1041.9	1134.94	1091.96	1099.28	1068.46	1138.39	1141.32	1068.74	1090.42	1079.14	1065.53	1126	1120.46	1150.51	1088.74	1090.08	1071.71	1114.2	1110.55	1058.5	1174.83	1213.62	1060.96
1172.04	1159.41	1131.93	1097.93	1171.68	1070.09	1166.41	1091.15	1061.63	1053.18	1147	1104.27	1111.35	1080.45	1150.68	1152.81	1077.97	1103.39	1090.38	1075.77	1137.71	1132.49	1164.09	1100.05	1099.37	1083.41	1123.26	1123.7	1066.48	1190.3	1224.89	1077.77
1183.36	1170.99	1144.2	1110.36	1183.28	1080.42	1177.91	1102.61	1073.39	1065.08	1159	1115.64	1124.92	1092.39	1163.63	1164.85	1093.29	1114.68	1104.93	1088.9	1148.97	1142.57	1173.98	1113.5	1113.24	1095.86	1134.84	1138.07	1078.95	1198.44	1240.36	1084.55
1194.15	1181.47	1155.72	1123.3	1196.1	1093.2	1190.75	1115.65	1084.99	1076.05	1171.37	1127.02	1135.34	1105.96	1175.1	1176.39	1100.29	1125.71	1113.52	1102.57	1162.68	1156.59	1186.12	1123.58	1122.38	1107.5	1147.31	1147.55	1091.67	1210.02	1248.34	1096.98
1206.59	1193.54	1167.34	1133.07	1207.36	1105.93	1202.26	1125.41	1097.41	1087.82	1181.87	1139.7	1147	1115.52	1187.36	1187.85	1113.29	1138.12	1126.52	1111.26	1172.36	1166.54	1196.98	1135.73	1133.27	1118.43	1158.11	1159.96	1101.08	1223.51	1259.97	1113.04
1216.92	1204.43	1179.1	1146.14	1219.13	1115.92	1213.01	1136.93	1107.8	1098.49	1194.01	1149.86	1158.63	1127.97	1197.58	1200.32	1123.29	1147.77	1135.91	1122.06	1184.83	1178.07	1207.94	1145.92	1146.25	1132.56	1172.75	1170.3	1113.36	1232.09	1274.8	1119.41
1228.37	1217.65	1189.87	1155.99	1229.8	1126.57	1224.16	1149.65	1118.52	1110.12	1205.24	1161.83	1169.76	1138.6	1209.42	1210.5	1134.71	1162.29	1148.23	1135.09	1195.12	1190.52	1222.35	1157.45	1155.87	1139.92	1181.06	1180.4	1125.24	1244.08	1282.64	1131.13
1239.01	1227.11	1200.76	1167.79	1240.52	1138.49	1237.47	1159.82	1130.03	1121.17	1216.86	1172.94	1180.42	1149.75	1221.11	1221.51	1150.24	1170.91	1160.06	1144.69	1207.19	1200.14	1230.08	1169.81	1171.41	1150.98	1192.86	1195.48	1135.53	1258.51	1294.71	1145.76
1250.28	1238.08	1211.93	1180.56	1251.92	1148.92	1246.13	1170.93	1140.01	1131.47	1227.4	1183.38	1191.91	1162.08	1231.76	1233.75	1157.95	1181.29	1170.77	1157.4	1216.31	1212.98	1242.1	1180.18	1178.44	1165.94	1204.15	1201.74	1146.58	1264.98	1308.58	1152.81
1261.56	1249.54	1222.59	1189.5	1263.16	1160.07	1257.74	1181.86	1151.69	1142.09	1238.67	1194.83	1202.64	1171.82	1243.31	1244.72	1171.71	1194.69	1183.52	1166.36	1227.08	1221.59	1252.34	1192.23	1191.64	1172.63	1213.76	1213.96	1157.06	1276.58	1315.68	1164.17
1271.17	1259.34	1234.7	1199.8	1272.99	1171.7	1269.64	1191.64	1162.13	1153.03	1249.39	1204.87	1213.51	1183.08	1253.12	1255.39	1177.82	1203.12	1191.67	1176.85	1239.57	1231.78	1263.64	1200.23	1198.75	1183.7	1227.5	1227.3	1166.87	1291.16	1327.04	1177.79
1282.83	1269.51	1242.83	1210.23	1284.73	1181.4	1278.5	1202.96	1172.08	1164.05	1259.29	1215.76	1223.36	1194.46	1263.9	1265.16	1188.19	1213.42	1202.66	1190.07	1248.34	1243.86	1275.05	1210.69	1210.74	1195.41	1234.39	1234.54	1178.41	1297.55	1339.81	1184.98
1292.93	1281.02	1254.56	1220.66	1296.29	1191.62	1290.07	1214.79	1183.95	1175	1269.08	1225.72	1235.07	1204.77	1274	1275.49	1203.75	1224.63	1213.7	1196.72	1261.04	1254.15	1284.29	1223	1221.19	1205.81	1245.89	1245.89	1187.56	1307.97	1348.3	1195.86
1303.56	1292.43	1266.7	1231.33	1305.39	1202.15	1301	1223.67	1192.79	1183.81	1280.96	1235.3	1244.75	1215.66	1286.36	1286.32	1208.72	1233.91	1223.48	1207.89	1268.86	1264.62	1294.33	1232.19	1231.52	1218.57	1256.92	1257.21	1198.26	1322.66	1359.16	1207.66
1313.73	1302.33	1275.22	1241.14	1316.2	1213.35	1311.65	1233.37	1204.22	1194.37	1291.38	1247.38	1255.44	1225.07	1295.05	1297.78	1219.91	1245.97	1236.29	1217.08	1279.69	1273.3	1306.97	1243.53	1242.82	1225.3	1266.94	1265.2	1210.7	1328.61	1370.38	1216.45
1324.53	1313.11	1286.05	1251.35	1327.38	1223.2	1321.85	1245.18	1213.27	1205.33	1301.92	1256.12	1264.66	1235.7	1304.95	1307.81	1230.87	1254.11	1242.86	1227.6	1290.28	1283.38	1315.07	1251.53	1251.65	1238.21	1278.28	1278.07	1219.29	1338.61	1380.5	1227.79
1333.8	1321.91	1297.26	1261.97	1335.31	1233.15	1331.3	1254.34	1222.88	1214.88	1311.73	1267.12	1275.57	1246.58	1315.44	1317.02	1240.41	1264.56	1254.55	1240.34	1299.32	1296.6	1325.9	1261.99	1262.71	1246.34	1286.64	1287.27	1229.23	1352.95	1390.68	1237.07
1344.01	1331.48	1305.72	1271.74	1346.3	1242.85	1341.66	1264.04	1234.54	1225.59	1321.38	1277.46	1286.22	1255.12	1325.45	1327.19	1254.24	1277.33	1264.49	1246.88	1311.77	1304.6	1335.35	1272.72	1271.68	1256.21	1297.69	1296.02	1241.42	1360.3	1399.58	1246.55
1354.75	1343.77	1316.13	1283.29	1356.79	1253.66	1351.79	1275.62	1242.5	1234.23	1331.23	1288.37	1295.98	1266.27	1335.9	1337.19	1260.66	1284.35	1274.51	1258.4	1320.27	1314.47	1343.39	1281.45	1281.79	1269.06	1309.01	1309.73	1249.99	1371.02	1409.43	1257.55
1363.74	1352.25	1327.42	1294.03	1366.77	1262.01	1362.79	1284.6	1252.67	1245.3	1341.73	1298.19	1305.89	1277.36	1345.55	1346.47	1271.49	1294.91	1287.32	1267.63	1331.11	1324	1355.03	1294.92	1295.72	1276.46	1318.18	1316.3	1259.16	1380.05	1422.17	1265.88
1373.47	1361.99	1336.22	1302.73	1376.42	1272.51	1371.62	1294.51	1264.43	1254.98	1351.14	1307.74	1316.32	1287.47	1356.75	1356.98	1281.2	1305.48	1294.06	1277.2	1338.74	1334.06	1363.4	1302.64	1302.76	1285.97	1330.32	1325.96	1268.83	1388.86	1430.7	1275.14
1383.98	1373.62	1347.06	1312.02	1385.95	1283.1	1380.67	1305.82	1272.7	1263.9	1360.99	1317.54	1326.01	1297.67	1366.11	1367.74	1291.1	1314.35	1303.69	1289.29	1348.89	1345.55	1372.94	1311.75	1315.31	1299.41	1336.2	1337.64	1279.97	1401.24	1440.28	1290.48
1393.56	1381.13	1356.5	1322.46	1396.66	1293.43	1392.67	1314.38	1284.11	1273.45	1370.12	1327.03	1335.85	1306.39	1376.31	1376.56	1304.02	1326.93	1314.57	1298.27	1359.17	1354.27	1382.92	1321.83	1322.76	1307.48	1346.39	1345.23	1289.33	1408.06	1448.26	1296.49
1402.75	1391.24	1367.56	1331.87	1406.24	1302.78	1400	1324.46	1293.19	1284.18	1381.21	1335.98	1345.71	1316.35	1386.05	1387.03	1310.79	1333.52	1322.9	1309.2	1368.66	1365.43	1392.29	1330.43	1330.28	1318.41	1357.66	1358.64	1299.41	1418.09	1459.69	1306.45
1413.32	1401.06	1375.24	1341.34	1415.12	1312.02	1410.69	1334.59	1302.94	1293.78	1390.05	1346.82	1354.29	1326.49	1395.2	1395.77	1322.63	1343.79	1334.57	1315.84	1379.57	1372.82	1402.94	1342	1345.06	1324.72	1366.94	1363.6	1310.12	1431	1467.77	1316.52
1421.55	1411.47	1384.85	1352.07	1424.93	1322.14	1421.9	1343.34	1313.06	1302.06	1398.31	1355.82	1363.74	1335.48	1405.03	1406.41	1328.06	1355.82	1342.56	1325.77	1386.7	1383.67	1411.69	1350.62	1350.85	1335.96	1378.11	1374.32	1317.57	1436.62	1477.34	1325.3
1432.55	1422.48	1396.41	1360.71	1436.43	1332.26	1430.64	1355.19	1322.54	1312.45	1408.4	1365.53	1373.22	1344.54	1414.58	1415.34	1339.22	1363.21	1351.73	1337.96	1396.72	1390.86	1420.79	1362.33	1360.56	1344.58	1385.23	1384.9	1328.09	1447.1	1486.47	1336.39
1442.45	1430.65	1403.49	1369.55	1444.77	1340.41	1441.2	1362.6	1331.71	1323.2	1419.1	1374.85	1383.73	1354.83	1423.44	1424.93	1348.53	1374.26	1362.57	1344.37	1408.03	1400.84	1432.45	1369.2	1371.37	1352.73	1394.58	1393.25	1337.12	1457.42	1495.7	1343.36
1450.46	1439.59	1413.75	1379.25	1454.51	1350.74	1449.22	1371.94	1340.22	1331.86	1428.35	1384.95	1393.3	1364.39	1434.24	1434.24	1361.26	1381.63	1371.68	1354.69	1415.34	1412.88	1439.81	1379.65	1379.85	1365.83	1405.14	1405.39	1345.99	1465.82	1508.41	1352.72
1459.86	1448.61	1424.92	1388.4	1464.04	1361.73	1459.07	1381.98	1350.06	1340.7	1438.09	1393.6	1402.47	1373.96	1442.75	1443.75	1366.07	1390.66	1381.33	1364.57	1426.94	1420.02	1451.25	1387.06	1392.36	1371.35	1414.09	1411.64	1356.77	1478.14	1514.76	1366.41
1469.49	1456.96	1432.33	1397.66	1472.34	1368.76	1469.37	1391.06	1359.8	1349.7	1446.25	1403.2	1412.49	1383.07	1452.29	1452.99	1376.57	1402	1389.37	1372.06	1434.55	1429.49	1457.83	1396.08	1397.67	1381.2	1426.46	1422.34	1364.53	1483.83	1523.65	1371.51
1478.65	1467.1	1442.18	1409.29	1482.26	1378.25	1477.63	1400.62	1368.62	1360.63	1456.73	1413.03	1421.31	1392.32	1461.58	1461.61	1386.81	1408.8	1398.59	1384.48	1443.05	1439.44	1469.23	1408.49	1407.3	1394.25	1433.13	1432.12	1374.06	1493.96	1536.45	1380.41
1487.84	1477.81	1452.14	1416.3	1492.33	1389.09	1487.33	1411.21	1378.73	1368.39	1465.59	1422.01	1430.36	1400.96	1470.92	1471.73	1395	1419.04	1408.92	1391.31	1453.91	1448.17	1479.25	1414.85	1418.83	1399.82	1443.13	1440.01	1386.11	1506.01	1543.96	1393.53
1496.58	1486.65	1461.25	1425.96	1499.58	1397.12	1496.1	1419.3	1386.38	1378.08	1474.74	1431.99	1438.97	1410.24	1480.03	1480.58	1404.52	1427.42	1417.31	1400.14	1461.22	1458.89	1488.16	1426.98	1425.99	1408.9	1450.14	1452.66	1392.37	1511.61	1552.81	1400.67
1506.21	1495.87	1470.35	1436.36	1509.88	1405.9	1505.99	1428.5	1395.27	1386.19	1484.62	1440.74	1449.34	1420.49	1489.03	1489.98	1412.66	1436.7	1427.99	1410.26	1473.69	1466.32	1499.14	1433.28	1437.56	1421.28	1460.43	1458.27	1401.6	1520.84	1563.7	1409.25
1515.68	1503.94	1480.72	1444.6	1520.52	1416.93	1515.79	1438.16	1405.53	1395.35	1493.54	1449.72	1458.84	1430.31	1499.01	1499.91	1421.56	1447.89	1436.08	1419.33	1480.56	1475.1	1505.89	1443.28	1444.5	1428.55	1472.09	1469.64	1414.23	1532.82	1571.36	1421.5
1524.17	1512.96	1487.9	1453.51	1527.73	1424.61	1524.33	1446.64	1413.58	1405.09	1503.05	1460.24	1466.88	1440.3	1507.38	1508.74	1435.29	1455.13	1445.56	1429.7	1490.46	1486.65	1515.87	1451.07	1454.41	1440.41	1478.19	1476.81	1420.21	1540.9	1581.48	1427.9
1533.89	1522.92	1496.85	1463.05	1538.47	1434.27	1532.99	1456.23	1423.51	1413.66	1511.96	1468.37	1476.24	1448	1516.93	1517.53	1440.74	1466.42	1453.41	1435.68	1497.72	1493.85	1524.35	1460.28	1463.66	1445.8	1487.74	1485.49	1428.72	1550.29	1589.71	1436.37
1544.81	1532.18	1507.47	1471.78	1548.1	1444.38	1544.86	1465.69	1433.28	1423.98	1521.15	1478.02	1485.88	1457.81	1526.03	1525.9	1448.74	1473.18	1462.83	1446	1506.9	1502.73	1533.06	1469.86	1472.7	1455.75	1497.62	1498.85	1440.93	1561.71	1598.47	1449.93
1553.68	1542.02	1515.81	1481.13	1557.51	1452.35	1552.88	1474.48	1440.8	1433.01	1529.74	1487.13	1494.55	1467.5	1534.95	1535.46	1462.15	1483.06	1473.51	1454.74	1518.06	1514.17	1543.46	1479.14	1483.8	1465.64	1506.15	1503.17	1446.94	1567.26	1609.41	1454.82
1561.42	1548.08	1524.97	1491.31	1567.17	1460.87	1561.68	1483.92	1450.49	1441.32	1539.87	1495.49	1504.37	1475.46	1544.88	1546.12	1467.21	1491.62	1481.33	1463.77	1525.11	1520.37	1551.5	1489.21	1488.97	1473.7	1517.45	1513.72	1456.54	1577.83	1617.33	1462.57
1571.03	1559.21	1535.67	1499.17	1574.96	1471.47	1571.07	1493.69	1458.36	1451.35	1549.73	1504.43	1511.92	1485.29	1553.64	1554.98	1477.83	1500.01	1491.53	1473.1	1534.8	1532.19	1561.44	1495.12	1497.93	1485.28	1523.39	1523.22	1466.11	1587.37	1625.67	1476.72
