fdt_allch_tau1	fdt_allch_tau2	fdt_allch_tau3	fdt_allch_tau4	fdt_allch_tau5	fdt_allch_tau6	fdt_allch_tau7	fdt_allch_tau8	fdt_allch_tau9	fdt_allch_tau10	fdt_allch_tau11	fdt_allch_tau12	fdt_allch_tau13	fdt_allch_tau14	fdt_allch_tau15	fdt_allch_tau16	fdt_allch_tau17	fdt_allch_tau18	fdt_allch_tau19	fdt_allch_tau20	fdt_allch_tau21	fdt_allch_tau22	fdt_allch_tau23	fdt_allch_tau24	fdt_allch_tau25	fdt_allch_tau26	fdt_allch_tau27	fdt_allch_tau28	fdt_allch_tau29	fdt_allch_tau30	fdt_allch_tau31	fdt_allch_tau32
176.53	162.17	135.22	148.95	170.98	123.68	184.82	121.42	118.67	141.29	179.5	142.57	181.77	142.04	146.74	159.02	164.58	133.73	137.76	129.55	142.46	148.86	172.02	135.59	121.04	154.85	157.76	164.98	129.17	220.14	210.7	102.53
165.28	149.62	121.85	137.2	163.71	111.48	173.99	110.59	105.98	130.88	167.35	130.26	169.67	129.71	139	146.42	154.2	121.37	131.68	117.26	130.05	137.35	160.89	124.44	109.29	145.98	145.93	152.68	117.96	208.94	199.23	93.44
165.62	150.09	122.32	136.96	163.39	112.73	174.88	111.26	106.38	130.91	167.43	131.78	170.13	129.66	140.79	147.29	153.8	122.18	132.27	117.93	130.34	137.71	160.81	124.3	109.75	146.48	146.3	153.44	118.07	209.35	199.41	93.79
166.28	151.49	123.67	137.95	163.82	112.91	175.2	112.15	106.7	132.37	168.45	132.26	170.2	130.88	140.19	147.39	154.81	122.71	132.77	119.12	131.22	138.56	161.8	125.39	110.8	147.06	147.1	154.2	119.17	209.66	200.4	93.93
166.87	152.18	123.48	138.91	165.01	113.85	176.58	112.49	107.05	133.11	169.43	132.95	170.82	131.32	141.4	148.69	154.81	123.17	133.66	120.11	131.86	138.64	162.24	126.1	111.34	147.27	147.85	154.81	119.51	210.7	200.81	95.56
167.54	152.48	124.66	139.07	166.26	114.04	176.49	113.09	108.18	133.37	169.96	133.85	171.96	132.39	142.68	149.47	156.26	124.64	133.7	120.16	132.54	139.9	163.3	127.01	112.22	148.09	148.79	155.28	120.42	211.75	201.4	96.06
168.88	153.68	125.5	140.1	166.32	115.07	178.03	114.42	108.6	134.33	170.76	134.26	172.19	131.85	143.68	149.46	157.18	124.79	134.71	120.8	133.66	140.49	164.5	127.78	113.11	149.27	149.82	156.42	121.1	211.46	202.57	96.77
169.09	154.26	126.44	141.31	167.41	115.7	178.35	115.13	109.81	134.55	171.94	135.13	173.03	133.29	143.92	151.08	157.13	125.49	135.35	121.54	134.44	141.24	165.26	128.52	114.14	150.2	150.18	156.96	122.06	212.57	203.01	98.06
170.04	155.11	127.26	141.45	168.43	116.95	179.01	116.16	110.82	136.4	172.23	135.89	173.96	133.73	144.93	151.63	158.16	126.48	136.09	122.53	135.02	142.39	165.82	128.94	114.73	150.42	150.95	158.14	122.56	213.24	204.53	98.15
170.87	155.89	128.25	142.02	169.34	117.2	179.74	116.21	111.99	136.39	173.7	136.62	174.62	135.17	145.9	152.47	159.02	127.64	137.08	123.2	135.53	142.86	166.52	130.12	115.13	151.38	151.39	158.85	123.21	214.49	205.16	98.87
171.42	156.85	129.35	143.01	169.83	118.11	180.73	116.98	112.16	136.67	174.16	137.45	175.34	136.07	146.32	153.88	159.7	128.07	138.17	124.16	136.66	143.82	166.9	130.31	116.31	151.96	152.64	159.29	123.63	215.2	205.68	99.75
172.22	156.65	129.81	143.71	170.77	119.02	182.1	118.25	112.12	137.6	174.92	138.67	176.45	136.52	147.2	154.38	160.83	129.42	138.82	125.42	138.16	144.17	168.03	131.75	116.96	152.93	153.51	160.08	125.27	216.28	206.88	100.6
173.31	157.97	130.69	144.66	172.12	119.51	182.49	118.73	113.02	137.99	175.51	139.05	177.33	137.01	147.72	155.26	160.7	130.29	139.63	125.8	138.51	145.18	168.98	132.22	118.33	153.98	154.25	160.66	126.02	216.8	207.28	101.57
174.12	158.47	131.86	145.21	172.33	120.79	183.93	119.44	113.89	140.03	176.9	139.85	178.09	137.92	148.32	155.52	162.08	131.29	140.64	126.73	139.06	146.88	169.72	133.28	118.27	154.65	155.31	161.26	127.19	217.67	208.45	102.1
174.81	159.85	131.81	146.09	173.13	121.18	184.39	120.58	115.2	140.28	176.8	140.14	178.88	139.01	148.97	156.31	163.15	131.84	140.55	127.04	139.6	146.84	170.5	134.02	119.22	154.55	155.67	162.28	127.66	218.44	209.62	102.65
175.63	160.36	133.54	147.15	173.57	122.27	184.76	121.83	116.87	140.19	177.89	141.67	179.16	139.04	150.37	156.33	163.01	132.34	141.89	127.5	140.97	147.38	170.97	134.61	120.18	155.6	156.8	163.15	128.92	219.16	210.19	104.01
176.45	161.52	133.49	147.48	174.51	122.73	185.82	121.77	116.46	141.74	178.94	142.46	179.93	140	150.96	157.91	164.1	133.64	142.2	128.78	141.99	148.63	172.04	135.66	120.81	156.34	157.86	164.21	129.74	219.81	210.65	104.5
176.97	162.1	134.91	148.7	175.48	123.12	186.61	122.86	117.9	142.4	179.37	142.88	180.99	140.75	152.07	158.35	164.68	134.17	143.21	130.2	143.06	148.61	173.73	136.21	122.22	157.58	158.3	165.07	130.13	220.7	211.29	104.6
177.54	162.86	135.29	149.12	176.37	124.12	187.08	123.73	118.31	142.95	179.76	143.54	181.81	141.57	152.31	159.66	165.98	134.81	144.08	131.25	143.15	149.97	174.95	137.32	122.63	158.12	159.1	165.26	130.94	220.69	212.42	106.07
178.6	163.66	135.77	150.14	177.43	125.01	187.66	124.49	119.31	144.51	181.54	145.8	182.02	142.41	153.25	159.96	165.8	135.4	144.52	131.37	143.93	150.89	175.88	138.09	123.58	158.82	160.01	166.44	131.77	222.18	213.08	106.19
179.17	164.91	137.11	150.83	178.16	125.8	188.76	124.83	119.92	144.38	181.99	145.7	183.62	143.09	154.74	161.21	167.04	136.06	145.93	132.3	144.52	151.71	176.88	138.71	124.47	159.62	160.59	167.61	132.45	222.54	213.73	107.47
180.2	165.39	138.04	151.37	178.56	126.93	189.95	126.08	120.69	145.27	182.52	145.73	184.77	143.14	155.13	162.53	167.73	136.9	146.09	133.38	145.62	152.94	177.45	140.12	125.43	160.05	161.73	167.8	133.73	223.97	213.88	108.4
181.11	166.04	138.54	151.92	179.47	127.77	190.52	126.97	121.8	145.99	183.99	146.58	184.09	144.52	156.14	163.13	168.41	137.76	147.2	133.66	146.5	154.17	178.9	140.17	125.79	161.45	162.26	169.1	133.93	224.2	215.72	109.37
181.62	166.74	139.18	153	180.87	127.8	190.84	127.39	122.26	146.14	184.5	147.58	185.51	145.97	156.67	164	168.81	138.86	147.55	134.82	147.19	153.93	178.64	141.3	126.3	161.84	162.94	169.94	134.89	225.18	215.9	110.04
182.02	167.78	139.74	153.8	180.55	129.14	192.58	128.22	123.16	146.65	185.19	147.98	186.67	145.82	158.25	164.26	170.2	139.91	148.05	135.64	147.73	154.98	180.34	142	127.87	162.03	163.99	170.16	135.28	225.79	217.47	110.59
183.09	168.61	140.59	154.37	182.23	130.29	192.51	128.64	124.62	148.39	185.96	149.24	187.36	146.23	158.16	165.09	170.35	140.37	149.88	136.36	148.69	155.9	180.35	142.54	128.3	163.22	165.08	171.33	135.72	226.53	217.9	111.86
183.85	169.32	141.18	155.04	183.2	130.26	193.76	129.67	125.14	148.57	186.93	149.3	188.03	147.84	159.25	165.78	171.82	141.06	149.68	136.53	149.85	156.1	181.36	143.26	129.83	164.28	166.1	171.68	136.92	228.19	217.85	112.43
184.53	169.86	142.5	156.15	183.73	131.54	194.65	131.15	126.05	149.26	187.35	150.96	188.39	148.26	159.45	166.38	172.09	142.12	150.78	137.3	150.24	157.28	182.13	143.9	131.06	164.55	166.19	173.24	137.66	227.93	218.33	113.24
186.29	171.13	143.11	156.94	184.7	132.45	194.98	132.1	126.53	150.57	188.16	151.6	189.3	148.38	160.91	167.68	173.03	142.45	151.56	137.64	151.21	158.35	182.91	145.26	131.3	165.4	166.93	173.49	138.36	228.56	219.1	114.26
186.29	171.08	144.62	157.79	185.11	132.79	196.28	132.76	127.21	150.63	188.93	152.61	190.63	149.64	161.42	168.41	173.7	143.53	152.24	139.64	151.7	158.36	183.72	145.76	132.11	166.28	167.59	174.58	139.08	229.28	219.73	114.62
187.01	172.06	145.14	158.02	186.14	133.44	196.44	132.86	128.59	151.01	190.1	153.6	191.11	149.74	162.59	169.91	173.86	143.79	153	139.85	152.52	159.78	184.53	146.4	132.82	167.29	168.37	175.64	139.71	230.09	221.05	115.21
187.37	172.97	145.36	159.27	186.86	133.95	197.35	133.63	128.89	151.82	190.52	154.08	191.82	151.36	163.24	170.46	175	145.37	153.61	140.53	153.57	160.17	185.85	146.93	133.48	167.72	169.33	176.17	140.44	230.9	221.7	116.92
188.23	174.39	146.94	159.62	187.47	135	198.09	134.38	129.61	152.53	191.33	154.97	192.35	152.09	163.96	170.65	175.56	145.44	154.21	140.87	154.22	161.68	185.79	147.81	134.74	168.18	170.03	176.96	141.39	231.19	222.28	117.79
189.52	174.52	147.51	160.34	188.81	135.59	198.92	134.9	130.28	153.94	192.31	155.39	193.17	153.01	164.9	171.61	176.63	146.6	155.15	141.55	155.13	162.53	187.31	148.92	135.21	169.14	170.78	177.83	141.98	232.3	223.05	117.89
190.32	176.05	148.28	161.76	188.88	136.45	199.47	136.43	130.77	154.19	192.66	155.98	193.83	153.47	165.71	172.28	177.29	147.58	155.68	142.38	156.1	162.48	187.53	149.14	136.46	169.71	171.23	178.56	143.11	232.9	225.16	118
190.79	176.37	149.03	162.23	189.75	137.16	200.55	136.43	131.6	155.09	193.73	156.33	194.31	153.62	165.96	172.3	178.02	147.7	157	143.56	157.02	163.47	189.17	149.93	136.64	170.47	172.51	179.17	143.3	234.22	225.95	119.87
191.27	177.5	149.24	162.84	191.3	137.64	200.93	137.42	132.28	155.31	194.17	157.05	195.7	154.7	167.47	173.48	178.82	148.42	157.93	144.71	157.48	164.48	189.4	151.3	137.74	171.25	173.14	180.23	143.88	233.81	225.47	119.67
192.11	178	150.66	163.85	192.82	138.47	201.33	138.56	132.89	156.39	194.6	158.77	196.78	155.22	167.74	174.48	178.9	149.5	159.03	145.31	159.09	165.4	190.26	151.51	138.86	171.81	173.73	181.17	144.85	235.59	226.09	120.76
193.41	179.12	151.15	164.62	192.68	138.97	202.41	139.07	134.45	156.87	196.1	159.02	196.6	155.82	168.07	174.71	180.12	150.06	159.28	145.9	159.65	165.86	191.51	152.63	139.22	172.33	174.83	181.6	145.38	235.8	227.29	122.61
194.05	179.94	151.91	165.01	193.71	139.71	203.21	139.96	134.22	157.98	196.69	160.05	197.44	156.96	169.01	176.56	180.53	151.68	160.49	145.97	159.93	166.4	190.47	153.01	139.62	173.46	175.01	181.95	146.25	236.78	228.48	122.23
194.35	180.45	152.51	165.47	193.67	140.78	204.4	140.24	136.51	158.67	198.33	160.85	198.7	157.89	169.55	177.36	181.14	151.49	160.76	147.22	160.92	167.6	191.47	153.44	140.25	173.67	175.67	182.78	146.92	237.49	229.02	123.24
195.37	181.42	153.26	166.52	195.22	141.21	204.77	141.08	136.15	159.73	198.89	162.61	199.4	159.35	170.91	177.95	182.67	152.19	161.87	147.74	162.22	168	191.55	154.84	141.29	175.21	177.34	183.87	147.58	238.52	231.02	123.63
196.21	181.8	154.09	167.38	195.96	142.42	205.22	142.09	137.03	160.14	198.39	162.32	200.16	159.44	172.18	177.99	182.39	153.03	162.22	148.38	162.67	167.92	192.78	154.9	141.81	175.52	178.09	184.76	148.44	239.02	231.33	125.12
196.8	183.12	154.96	167.95	195.75	142.5	206.24	142.51	138.15	161.5	198.91	162.73	200.68	160.33	173	178.61	183.64	153.76	163.27	149.55	163.45	169.82	193.67	156.05	142.47	176.53	178.97	185.34	149.41	239.7	231.93	125.67
197.51	183.53	156.24	168.93	196.92	143.94	206.89	143.3	138.83	161.23	200.48	163.91	201.1	161	173.62	179.89	184.53	154.49	163.43	150.44	163.76	170.22	195.76	157.06	143.61	177.43	179.52	185.85	149.57	240.68	231.68	126.9
198.14	184.8	156.71	169.95	198.2	144.25	207.78	144.1	138.93	163.5	200.85	165.13	202.34	161.57	174.4	180.47	184.76	155.19	164.47	150.59	164.4	170.62	196.32	158	144.24	177.8	180.63	186.88	150.11	240.78	232.73	127.83
198.74	185.25	157.19	170.04	198.12	144.55	208.27	144.66	138.8	162.2	201.84	165.12	203.32	162.47	175.2	182.5	185.81	156.35	165.22	151.79	166.13	172.05	197.69	158.97	145.06	178.85	181.1	187.46	151.33	242.41	233.68	128.78
199.78	186.29	157.8	171.36	199.33	145.67	209.27	145.98	141.08	163.72	202.67	166.75	203.68	163.43	175.84	182	186.65	156.19	166	152.35	166.36	173	197.78	159.11	146.31	179.53	182.21	188.19	151.91	242.77	234.2	129.67
200.39	187.12	158.71	171.43	199.85	146.29	210.93	146.97	141.09	163.98	203.15	167.42	204.37	163.46	177.06	182.91	186.48	157.61	166.56	152.88	166.87	174	198.7	159.55	147.15	180.1	182.43	189.45	152.44	244.07	235.14	130.01
200.76	187.85	159.64	172.66	201.09	147.27	210.73	146.97	141.63	164.76	203.24	167.58	204.43	164.24	177.29	183.38	187.98	158.29	167.75	154.28	168.4	174.23	199.06	160.66	147.85	181.05	183.06	189.95	153.35	244.52	235.5	130.97
201.77	187.92	160.39	173.32	202.42	147.49	211.66	147.75	142.58	166.71	205.49	168.6	206.12	164.94	178.45	184.87	188.22	159.25	168.08	154.91	168.99	175.02	200.25	161.83	148.15	181.37	183.5	190.89	154.35	245.31	236.03	131.35
202.56	189.04	161.25	173.77	202.73	148.41	212.35	148.7	143.82	166.82	205.32	169.07	206.08	165.71	179.02	184.87	189.43	159.78	169.09	155.51	170.11	176.27	200.78	161.98	148.81	182.18	184.45	191.67	154.66	245.97	237.2	132.66
203.22	189.96	161.84	174.96	203.1	149.34	213.1	149.48	144.38	167.24	206.19	169.64	207.49	166.63	179.43	185.71	189.8	160.65	168.95	156.44	170.55	177.03	201.58	163.07	149.92	182.71	185.11	192.07	155.6	246.98	238.17	133.33
203.97	191.02	162.55	175.27	203.45	149.66	213.62	150.19	144.71	167.75	207.24	171.17	207.28	167.05	180.19	186.84	190.47	161.46	170.27	156.43	170.84	177.09	202.86	164.23	150.56	183.8	185.9	192.8	156.1	247.1	238.5	133.72
205.2	191.72	163.28	176.59	205.01	150.21	214.24	151.47	145.66	168.44	207.61	171.98	208.25	168.13	180.64	186.95	191.75	162.43	170.44	157.29	171.41	178.67	202.52	164.15	151.2	184.38	187.08	194.15	156.82	248.33	240.27	134.4
205.06	192.68	164.04	177.27	205.78	151.13	215.35	151.71	146.48	168.76	208.21	173.05	208.96	168.33	181.66	188.3	192.01	163.08	172.03	158.07	172.79	178.77	203.86	165.28	151.99	184.93	187.41	194.19	157.18	249.1	240.87	135.57
206.28	193.32	165.3	177.8	206.21	152	216.03	152.16	146.78	170.09	209.17	173.54	209.5	169.75	183.01	188.93	192.38	163.77	172.19	159.19	172.97	179.96	204.82	166.12	152.18	185.66	188.42	195.21	158.68	249.47	241.12	135.88
206.47	194.47	165.94	178.34	206.81	152.54	216.24	153.58	147.97	169.79	210.07	173.79	210.81	170.22	183.01	190.03	194.21	164.14	173.47	159.83	173.7	179.86	204.95	166.54	153.16	186.61	188.8	196.68	159.3	250.42	241.68	136.74
207.71	194.91	166.48	179.3	207.9	154.02	217.17	153.72	148.4	171.69	210.81	174.46	211.13	171.14	184.36	190.78	193.83	165.13	174.42	160.64	174.71	181.14	206.19	167.67	154.49	187.2	189.87	196.71	160.22	251.9	243.09	137.28
208.03	195.52	167.17	179.92	208.33	154.2	217.69	154.26	148.67	171.78	211.45	174.44	211.5	171.75	185	191.15	195	165.71	174.25	160.97	175.25	181.82	206.61	168.22	154.8	187.34	190.76	197.5	160.87	251.7	243.75	137.48
208.67	196.81	167.95	181.1	208.94	154.8	218.74	154.71	149.36	172.29	211.33	176.36	212.67	172.4	186.14	191.41	195.48	166.69	175.6	161.96	176.9	182.84	207.03	168.56	156.33	188.77	191.46	198.56	161.2	253.08	244.12	138.63
209.13	196.66	168.69	181.27	209.31	155.45	219.37	155.85	150.69	173.58	212.52	176.65	213.29	173.37	186.92	192.76	195.32	167.42	175.77	162.47	176.27	183.3	209.15	169.78	156.51	189.22	191.63	198.91	161.86	254.1	245.36	139.61
209.92	197.82	169.63	182.47	210.82	156.18	220.84	157.17	150.71	174.05	213.31	177.8	213.87	173.23	187.32	194.06	197.14	168.23	176.76	163.47	178.45	184.04	209.78	169.35	157.31	190.24	193.35	199.77	162.73	254.19	246.19	140.33
210.9	198.85	170.3	183.13	211.13	157.6	221.1	156.9	151.73	174.98	214.22	177.81	215.29	174.73	188.06	194.02	197.18	168.64	177.96	164.3	178.38	184.94	209.63	170.74	158.43	191.2	193.46	200.45	163.54	255.47	247.54	140.67
211.11	199.23	171.07	183.53	212.02	157.7	221.5	157.98	152.47	175.15	214.29	178.67	215.23	175.27	189.37	195.35	198.3	169.76	178.37	164.86	179.21	185.45	210.06	171.72	159.41	192.3	194.08	201.25	163.9	256.51	248.56	142.01
212.55	199.88	171.99	184.45	212.67	158.28	222.6	159.14	152.77	175.41	215.51	179.35	215.9	175.78	190.47	196.14	198.67	170.22	178.92	165.46	180.64	186.82	210.68	172.7	159.55	191.97	194.72	201.4	164.83	256.81	249.74	142.27
213.11	200.63	172.74	184.94	213.39	159.63	223.65	159.42	153.65	176.75	216.43	180.68	215.87	176.68	190.29	196.61	199.07	171.25	180.05	166.15	180.82	187.24	212.2	173.05	160.14	193.06	196.03	202.57	165.98	258.14	249.19	143.27
213.72	201.48	173.31	185.47	214.33	160.25	224.01	160.35	154.61	177.97	217.1	181.01	217.75	177.53	191.23	197.69	200.17	172.07	180.17	166.63	181.65	187.44	212.71	173.97	161.26	193.42	197.08	203.34	166.62	258.88	250.54	143.62
213.68	202.27	173.96	186.75	215.21	160.47	224.83	161.22	155.41	178.69	217.95	181.35	217.22	178.07	193	198.06	201.06	172.78	181.27	167.44	182.75	187.84	213.06	174.79	161.85	194.77	197.07	204.15	167.29	259.01	250.53	144.65
214.75	203.09	174.81	187.39	215.98	161.36	225.53	162.27	156.59	179.34	217.72	182.01	218.59	178.82	193.07	199.44	201.61	173.46	181.92	168.04	183.43	190.11	214.25	175.86	162.65	194.8	198.12	204.68	167.93	259.98	251.59	145.67
215.52	203.58	176	187.79	216.45	162.19	226.88	162.64	157.68	180.07	219.11	183.23	219.45	180.02	193.36	199.63	202.25	173.98	182.89	168.92	183.63	190.21	215.19	176.33	163.27	195.99	198.87	205	168.81	261.7	252.57	145.78
216.29	204.84	176.42	188.35	217.35	162.69	227.06	163.68	157.5	179.37	219.4	184.27	219.68	180.32	194.42	200.21	202.74	174.32	183.36	169.74	185.11	190.92	215.08	177.14	164.14	196.73	199.63	206.46	169.24	261.7	254.54	146.85
217.04	205.64	176.84	189.57	218.17	163.56	228.12	163.46	158.79	180.74	220.35	185.05	221.64	180.34	195.23	201.03	203.67	175.35	184.12	170.44	185.4	191.44	216.28	177.19	164.91	196.87	200.52	206.76	169.51	262.58	256.03	148.25
217.84	205.69	178.24	189.87	219.37	164.16	227.93	164.21	159	181.35	221.46	186.07	221.26	181.16	195.98	201.38	204.05	176.04	184.62	170.92	185.84	192.03	216.82	178.34	165.73	197.38	200.3	207.37	170.22	263.37	256.16	148.2
218.35	206.63	179.03	191.07	219.72	164.83	229.11	165.47	160.31	182.93	221.44	186.8	223.09	182.13	196.74	202.36	204.81	177	185.16	172.18	187.62	193.35	217.55	178.97	166.52	197.94	201.44	208.25	171.13	264.04	256.97	149.25
219.02	207.51	179.76	191.6	220.35	165.49	230.01	166.33	160.13	183.13	222.78	187.47	222.58	182.96	197.8	203.57	204.75	177.94	186.19	172.5	187.46	193.33	218.57	180.17	167.17	199.23	202.82	208.96	171.58	264.68	258.14	150.08
219.65	208.44	180.63	192.59	220.55	166.52	231.08	167.2	161.24	184.4	223.68	187.73	223.04	183.72	198.61	203.86	206.02	178.51	187.03	173.28	188.58	194.78	219.4	180.79	168.39	200.12	202.8	209.91	172.88	265.67	259.2	150.35
221.05	208.66	180.54	193.19	221.31	167.14	231.21	167.83	162.08	184.43	223.66	189.55	224.02	184.27	198.77	205.04	206.16	179	187.71	174.53	189.73	194.8	219.71	181.05	168.4	200.09	203.92	210.38	173.76	265.98	259.87	151.51
221.44	210.25	182	194.06	222.54	167.36	231.76	168.16	163.36	185.23	224.72	189.85	224.64	184.99	199.11	205.37	206.58	180.42	188.55	174.94	190.93	195.76	219.75	181.74	169.23	200.87	204.64	211.26	173.97	266.86	260.62	152.16
222.01	210.3	182.87	194.69	223.14	167.8	233.01	168.86	163.69	185.81	225.04	191	225.11	186.1	200.21	206.26	208.51	180.38	188.76	175.85	191.33	196.96	221.23	183.12	170.96	201.84	205.42	212.04	175.36	267.51	260.7	152.55
222.74	211	183.16	195.37	224.19	168.68	233.47	169.36	164.21	186.68	226.4	190.31	226.15	187.06	201.06	207.11	208.52	181.44	189.54	176.24	191.67	197.79	221.94	182.77	170.67	202.19	206.02	212.61	174.77	267.8	262.12	153.29
223.45	211.78	184.32	195.84	224.37	169.21	234.16	170.75	164.67	187.51	226.82	191.44	227.4	187.06	201.52	207.45	209.95	181.97	190.54	177.49	193.28	198.65	222.38	184.57	171.85	203.05	206.14	213.17	176.09	269.02	262.84	153.85
223.99	212.94	184.93	196.75	225.3	170.53	234.86	171.35	165.78	187.88	227.54	192.8	227.28	187.57	202	208.52	209.88	182.94	191.41	178.28	193.52	198.76	223.61	184.6	172.67	203.21	207.21	213.71	177.06	269.33	262.58	154.7
224.98	213.32	185.74	197.4	226.18	171.41	235.58	171.91	166	188.56	228.16	193.71	227.82	188.47	203.2	209.81	210.39	183.52	192.51	179.06	194.15	199.24	224.72	186	172.93	203.93	208.21	214.92	177.31	270.53	263	155.97
225.5	214.43	186.64	198.2	227.1	171.28	236.53	172.79	167.76	189.17	228.85	194.24	229.4	189.16	203.52	209.89	211.32	184.49	192.48	179.49	195.34	200.58	224.79	187.2	173.95	205.36	208.83	215.18	178.39	271.31	264.24	156.53
226.19	215.02	187.74	198.62	227.21	172.3	237.16	173.12	167.76	189.43	229.99	194.06	229.89	190.5	204.81	210.57	211.61	185.66	193.34	180.68	196.08	201.55	226.18	187.43	174.84	205.49	209.55	215.75	179.5	271.88	264.59	157.66
226.79	215.73	187.89	199.66	228.49	173.17	237.84	174.03	168.63	190.6	229.94	195.24	230.26	190.78	205.31	211.37	213.04	186.36	194.29	180.84	196.93	203	226.76	188.49	175.54	205.84	210.18	216.58	179.78	272.66	265.37	157.7
227.7	216.19	188.61	200.26	229.47	174.07	239.01	174.86	169.37	191.09	230.88	196.36	230.5	191.47	206.43	211.81	212.7	186.64	195.45	180.97	197.44	202.63	228.07	188.88	176.28	206.75	211.09	217.51	180.53	273.3	266.36	158.15
228.17	217.24	189.76	200.67	229.88	174.77	239.51	176.05	170.67	191.84	231.44	196.83	231.91	192.43	206.88	213	213.99	187.41	195.45	181.84	198.15	203.67	228.24	189.53	176.87	207.06	212.01	217.83	181.64	273.95	266.76	159.07
228.86	218.21	190.2	201.61	230.88	175.53	239.87	176.21	170.3	192.87	231.97	197.87	232.37	193.54	207.94	212.87	214.32	188.1	196.28	182.61	198.07	204.63	228.68	190.13	177.78	208.18	212.02	218.18	181.95	275.09	267.69	160.18
229.75	218.81	191.21	202.03	231.57	176.32	240.45	176.98	171	193.54	232.25	198.16	233.56	193.65	208.5	213.65	214.52	188.89	197.08	183.4	198.52	205.69	229.82	190.99	178.12	208.65	212.76	219.46	182.82	275.36	268.58	161
230.15	219.17	191.74	202.73	232.31	176.62	241.93	177.96	171.66	194.23	233.43	198.96	234.26	194.67	209.6	215.37	216.43	190.03	197.61	184.12	199.79	205.69	230.4	191.39	178.96	209.85	214.13	220.18	183.23	275.85	269	161.45
230.72	219.91	192.64	203.81	232.68	177.58	242.44	178.65	172.64	193.83	234.91	199.93	234.4	195.47	210.32	215.82	216.44	190.44	198.53	185.32	200.33	206.74	231.27	191.88	180.52	209.97	214.58	221.21	183.47	277.1	269.78	162.48
231.39	220.45	193.64	203.86	233.39	178.47	243.29	178.98	173.15	194.55	235.52	199.94	235.91	195.83	210.71	216.14	217.41	190.98	198.75	185.64	201.35	207.76	231.69	192.92	180.17	210.86	215.32	221.67	184.86	277.24	270.44	163.39
232.73	221.3	194.58	204.73	234.13	179.57	243.75	180.27	174.21	195.5	235.86	200.65	235.54	196.58	211.05	216.82	217.62	191.66	199.53	186.89	202.13	208.07	232.64	194.19	181.2	211.43	215.87	222.49	185.4	278.18	271.29	164.09
233.61	222.32	194.88	205.81	234.67	179.69	244.24	180.68	174.73	195.39	236.42	201	236.47	196.89	211.73	217.76	218.26	192.29	201.15	187.73	202.48	208.45	233.02	194.83	182.05	211.86	216.41	223.68	185.82	279.25	273.24	164.91
233.81	222.55	195.48	206.18	235.41	180.17	245.21	181.22	174.92	196.4	237.47	202.2	237.72	197.41	211.82	218.97	218.94	193.12	200.98	187.49	203.45	209.31	233.91	194.96	182.58	213.25	217.39	223.84	187.03	280.18	273.57	164.99
234.67	223.49	195.92	206.91	236.79	180.79	246.3	181.75	175.38	197.75	237.54	203.13	237.83	198.73	213.28	219.08	219.33	193.8	201.85	188.86	203.68	210.23	235.08	196.5	183.67	213.4	217.55	224.48	187.44	280.99	274.66	166.1
235.33	223.97	197.04	207.67	236.89	181.33	246.5	182.96	177.48	198.43	238.82	203.74	238.77	198.75	214.07	219.87	220.08	194.72	202.81	189.25	204.77	210.64	235.49	196.43	184.09	214.06	218.91	225.18	188.21	281.65	275.26	166.35
235.95	225.55	197.82	208.49	237.64	182.38	247.25	184.33	177.62	199.65	238.84	205.3	239.04	199.96	214.38	220.49	220.62	194.97	202.75	189.7	206.12	211.37	236.75	197.24	184.91	214.76	219.09	226.04	189.03	281.84	275.68	167.06
235.87	225.5	198.67	209.22	238.69	183.08	247.85	184.48	177.82	199.56	240.29	204.72	240.36	200.49	215.04	221.02	221.11	195.57	204.23	191.31	206.78	212.1	236.71	197.99	185.96	215.34	219.87	227.07	189.33	282.83	276.75	168.65
243.57	232.92	205.7	215.59	246.27	189.45	255.89	191.24	185.22	205.53	247.47	211.96	247.14	207.16	222.69	229.1	227.75	202.91	210.34	197.18	213.04	219.63	243.94	204.9	193.1	222.12	227.03	233.55	196.15	290.82	284.09	174.7
250.67	240.4	212.98	222.16	253.31	196.54	263.46	198.63	191.95	212.16	255.01	219.04	253.16	212.99	229.93	235.59	233.24	209.59	217.33	203.93	220.87	226.2	249.95	211.8	200.48	227.99	233.56	240.58	202.92	296.92	291.16	181.99
258.38	247.46	219.26	228.95	261.87	202.87	269.57	205.16	198.02	218.51	261.95	225.59	260.45	219.78	237.16	241.84	240.28	215.75	223.59	210.6	227.16	233.51	257.53	217.68	206.93	234.22	240.79	247.86	208.83	304.33	298.74	189.65
265.13	255.36	226.53	235.51	267.72	209.1	276.29	211.74	204.75	224.91	268.88	231.87	266.92	226.67	243.39	249.56	245.53	222.81	229.63	217.4	235.02	239.96	264.59	225.13	213.47	241.52	247.46	254.89	215.11	311.66	306	195.95
271.66	262.73	233.39	241.6	274.41	215.53	282.92	218.49	210.86	229.84	275.07	237.89	272.51	232.24	250.61	256.93	252.18	229.2	236.83	222.8	241.21	246.06	270.93	231.63	219.75	246.57	254.13	262.08	221.98	317.26	313.39	202.39
277.95	268.5	240.98	248.54	281.52	221.4	289.72	224.4	216.91	236.37	280.92	245.19	278.09	238.52	258.47	263.32	258.67	235.96	242.53	229.29	248.71	253.78	279.45	237.34	226.61	252.78	262.03	268.2	227.63	324.19	320.7	209.38
285.2	276.36	247.04	254.78	288.54	227.16	296.59	231.18	223.41	241.99	287.88	251.83	284.5	244.59	265.25	270.54	264.19	242.31	248.5	235.59	255.65	261.12	286.83	244.28	232.84	260.17	268.26	274.74	233.39	331.3	327.98	215.5
291.7	283.26	253.8	261.25	295.31	233.55	302.97	237.01	229.33	247.43	294.26	258.85	290.28	250.86	271.59	276.84	269.92	248.89	255.52	242.78	262.39	267.16	292.4	249.7	239.74	265.25	274.62	281.01	239.93	337.16	334.93	221.88
297.86	289.29	261.5	267.73	302.22	239.67	309.58	243.71	234.95	253.8	299.87	264.83	295.68	256.42	278.09	282.99	274.77	255.15	261.62	248.15	269.72	273.73	298.99	257.24	246.63	271.29	280.47	287.52	245.52	343.72	341.93	228.12
304.99	296.14	267.76	272.96	308.16	245.61	315.69	250.13	241.41	259.42	306.06	270.36	302.14	262.95	284.28	289.62	279.83	261.78	267.41	254.33	274.95	279.07	303.7	263.24	252.58	276.78	286.47	293.1	251.1	349.17	346.73	233.85
311.13	302.25	273.96	278.99	314.79	251.54	322.75	256.74	246.61	265.57	312.79	276.32	306.65	268.52	291.09	295.92	285.29	267.8	274.04	261.46	281.61	286.24	309.97	268.98	258.95	281.8	292.77	300.06	258.61	355.66	353.77	240.21
317.31	308.4	280.93	284.25	321.73	257.55	328.45	261.76	253	269.95	318.66	282.44	312.18	273.81	296.78	301.2	290.49	273.46	278.45	266.02	288.3	292.44	316.72	274.77	266.23	287.08	298.36	305.17	263.4	361.98	361	246.36
323.88	315.32	286.4	290.4	327.9	262.96	334.4	268.56	257.27	275.3	324.35	288.06	318	278.83	303.97	308.49	296.91	279.14	283.91	271.75	295.03	297.03	323.08	280.67	271.68	292.1	305.52	310.48	268.56	367.76	366.24	252.03
329.81	321.77	292.56	295.6	333.67	268.87	340.11	273.81	263.34	280.14	330.44	292.66	322.3	284.91	309.14	313.94	299.42	284.8	290.54	277.32	300.61	304.59	328.87	286.23	277.69	297.92	310.03	318.06	274.36	373.5	373.03	259.31
335.71	327.28	298.66	301.52	339.67	273.86	345.01	279.11	269.42	285.63	335.62	299.09	328.04	289.82	316.2	320.34	305.66	290.52	294.94	281.77	306.65	309.43	334.66	292.02	282.13	302.92	316.26	322.53	278.76	380.24	380.99	264.5
341.77	333.4	304.77	306.78	345.47	279.01	351.15	284.49	274.25	290.53	340.81	304	333.29	294.77	322.52	327.35	309.96	296.97	299.92	288.25	312.38	315.52	342.21	297.48	288.49	307.62	321.91	328.32	284.89	385.76	386.6	269.47
347.64	339.58	310.79	311.84	351.6	284.05	357.26	290.65	279.91	295.42	346.89	309.21	338.03	299.03	327.95	332.41	314.52	301.67	305.61	292.46	319.34	321.58	347.65	302.86	293.62	312.91	326.84	334.1	289.75	391.08	393.11	276.57
353.72	344.69	316.85	317.21	357.07	288.81	361.87	295.76	283.99	299.81	351.61	314.82	342.56	304.36	333.44	337.79	319.55	307.01	310.42	297.79	324.26	327.56	353.05	308.26	298.91	317.45	333.24	338.76	294.47	396.56	399.53	280.67
359.04	350.82	322.16	322.59	362.63	294.61	367.77	300.66	288.94	303.41	356.56	319.47	347.33	309.15	339.74	343.5	323.74	313.41	316.56	302.08	329.79	332.52	358.68	313.71	305.49	321.77	337.31	344.75	300.38	401.29	404.24	285.79
364.41	355.55	328.09	327.71	367.84	298.98	373.03	306.34	294.06	308.61	362.17	323.87	351.1	313.58	344.78	348.93	328.53	317.3	319.99	307.45	335.39	337.11	364	319.38	310.49	327.95	342.64	348.28	304.42	407.71	410.16	291.21
370.67	361.33	333.06	331.3	373.81	303.42	378.59	311.03	297.91	313.46	367.1	329.53	356.05	318.19	350.27	353.51	332.27	323.9	325.49	311.71	340.77	342.74	369.08	323.59	316.05	331.39	348.29	353.73	310.17	412.14	416.95	296.01
375.96	367.71	338.69	335.87	378.66	309.26	383.67	316	301.97	317.65	371.95	334.09	360.18	322.24	354.86	359.2	337.12	327.49	330.31	318.75	347.07	349.09	374.69	328.2	320.31	336.34	352.62	359.65	313.61	416.86	421.27	302.42
381.24	372.12	344.16	341.78	384.71	312.94	388.86	321.24	307.21	320.6	377.07	339.74	364.33	327.47	360.23	364.75	342.17	332.59	334.27	321.74	351.83	352.84	379.6	334.69	325.7	340.83	358.17	363.7	318.36	421.52	426.58	305.92
386.93	377.63	348.73	345.3	390.35	317.77	393.09	326.34	311.77	325.22	381.46	343.29	368.77	331.24	365.39	369.46	343.82	338.13	339.52	327.72	356.61	358.36	385.29	338.45	330.42	344.3	362.02	369.82	324.09	426.05	433.61	310.82
391.89	383.1	353.56	350.41	394.6	323.35	398.07	329.76	316.34	329.95	386.15	347.92	373.2	335.69	370.83	374.52	349.4	340.63	343.23	330.86	362.42	362.7	390.1	343.42	334.82	349.33	366.4	372.4	327.08	431.58	437.2	317.35
396.62	388	359.11	355.1	399.58	326.47	403.49	334.66	321.13	334.47	390.6	352.94	377.61	339.75	375.48	379.26	352.07	345.68	348.18	334.53	365.73	366.25	394.98	347.02	340.66	352.54	371.42	377.39	331.75	435.5	442.97	320.29
401.58	392.74	363.15	358.24	404.44	330.63	406.83	339.64	324.59	337.04	395.08	357.2	380.97	343.81	381.48	384.38	356.16	351.6	351.16	339.93	372.15	372.76	399	351.2	342.99	356.08	374.74	383.4	336.21	439.65	449.69	324.57
406.3	397.18	368.31	362.98	408.66	335.16	411.91	343.6	329.69	342.14	399.73	359.8	385.86	348.19	385.59	389.78	361.81	355.35	355.31	343.39	376.44	375.66	404.14	357.11	347.72	360.83	381.03	386.16	339.53	445.87	454.03	330.14
410.73	401.9	373.37	367.18	413.46	338.27	416.65	347.73	332.83	344.51	403.85	364.98	389.11	351.26	389.93	393.34	363.33	360.27	360.41	347.09	381.01	380.8	407.2	360.03	353.96	363.9	384.02	391.01	343.37	449.16	457.93	332.93
415.5	406.42	377.68	370.73	418.12	342.76	420.06	352.19	337.39	349.03	407.73	369.37	392.96	356	394.77	398.13	367.48	363.25	364.03	351.42	386.58	386.45	410.83	365.57	356.91	367.7	388.69	394.28	347.8	452.77	463.42	337.21
420.06	410.99	382.27	374.37	422.65	346.63	424.64	355.46	341.39	352.76	412.34	373.53	396.3	359.15	399.26	402.18	371.53	367.99	368.56	355.11	389.98	389.71	416.74	367.92	362.37	372.47	394.08	398.02	351.53	458.06	467.74	343.39
424.53	415.13	387.28	379.24	426.77	350.18	429.51	359.92	344.03	355.04	416.39	377.03	400.02	361.97	403.65	406.64	374.1	372.91	371.43	360.48	394.31	394.07	420.98	372.39	364.65	374.58	396.43	403.4	355.15	461.52	472.83	345.72
429.04	419.5	391.26	383.33	430.82	355.36	433	364.21	348.07	358.52	420.07	381.5	403.87	366.35	408.09	411.75	380.03	376.42	374.84	362	398.81	397.75	425.39	377.89	368.88	379.91	402.03	406.56	359.51	465.2	476.08	350.67
433.22	423.52	395.34	386.92	435.49	357.73	437.14	367.84	351.1	361.8	423.08	384.78	406.67	369.95	412.14	414.83	380.61	380.82	380.22	366.68	402.95	401.91	430.53	379.55	375.01	381.66	404.73	410.18	362.68	470.03	480.7	355.23
437.16	427.37	400.14	390.39	440.1	361.41	441.05	371.55	355.39	365.46	427.34	388.88	410.31	373.46	415.86	419.62	384.33	383.42	382.38	369.6	407.13	406.14	432.99	384.84	376.96	385.99	408.37	414.62	367.63	472.22	486.08	357.1
441.89	431.86	403.42	393.89	443.05	365.49	444.74	375.79	359.1	368.95	431.14	391.76	413.11	376.79	420.18	424.05	390.38	387.04	386.6	373.27	411.46	409.18	438.7	388.78	381.29	390.63	411.76	416.95	369.65	476.03	489.03	363.48
446.23	435.59	407.29	396.92	447.37	368.7	448.45	379.23	361.3	371.1	434.92	395.38	416.93	379.46	423.85	427.35	390.9	392.12	389.23	378.52	414.29	413.56	441.38	391.58	385.58	392.93	415.24	423.01	372.97	481.77	492.77	364.71
450.3	439.33	410.96	401.6	452.04	372.33	453.65	383.5	365.58	375.92	438.47	398.56	420.5	383.3	428.14	431.31	395.05	394.93	392.72	380.18	419.69	418.05	444.54	396.73	388.73	395.63	419.24	424.37	378.23	483.54	499.32	367.97
453.49	444.04	414.83	404.16	455.22	376.12	455.61	386.86	368.48	378.66	441.28	402.19	423.4	386.77	431.36	434.82	396.58	398.46	397.31	384.15	422.3	420.97	450.45	398.6	393.66	399.17	422.48	427.89	380.03	487.49	501.51	373.78
457.66	446.27	419.29	406.78	458.87	378.27	460.1	389.84	371.75	380.9	444.97	406.08	426.16	389.84	435.9	438.89	399.43	401.3	398.98	389.42	425.86	424.72	452.51	402.3	394.66	401.43	426.65	432.42	382.7	491.68	505.24	374.73
461.09	450.73	422.16	410.3	462.2	381.55	463.87	393.49	375.08	383.93	448.78	409.06	430.1	392.99	439.31	442.57	405.18	404.51	401.9	391.16	430.27	427.91	456.63	405.88	399.76	405.87	429.49	435.41	387.69	494.15	511.94	378.98
464.96	454.96	425.31	413.55	465.58	386.26	466.39	397	377.91	387.01	451.66	412.09	432.44	395.68	441.93	445.13	405.05	409.19	407.21	395.7	433.43	431.16	459.57	408.43	402.57	406.94	432.82	437.62	389.49	497.76	514.28	385.46
468.38	457.96	430.32	417.9	469.54	388.76	469.75	399.88	381.85	390.66	455.22	415.69	434.95	399.57	446.89	448.31	407.78	411.21	408.37	396.05	438.17	435.73	461.38	413.29	404.94	410.14	435.9	442.86	392.3	501.35	519.58	385.76
471.26	460.92	432.7	419.84	472.86	391.19	473.76	403.33	384.37	392.66	459.51	418.89	438.47	401.71	449.84	452.88	412.92	414.08	412.61	399.6	441.03	437.81	467.5	415.09	409.68	415.14	439	444.12	397.26	504.89	524.43	389.26
475.39	465.65	436.27	422.89	475.97	394.59	475.99	406.58	387.7	395.22	461.39	422.47	440.9	404.91	452.7	456.16	414.13	419.93	415.26	403.64	444.48	440.94	468.55	417.48	411.79	416.19	441.88	447.88	397.71	507.53	526.16	393.52
478.7	467.15	440.04	426.94	479.02	397.1	479.43	408.95	391.04	398.64	464.62	424.1	444.13	407.73	457.11	459.53	418.25	420.63	417.06	405.81	447.44	443.95	473.2	422.47	415.6	419.18	447.27	451.77	401.41	511.2	528.8	396.2
481.63	470.39	442.88	429.95	482.83	401.28	483.13	412.65	393.82	400.15	467.76	427.26	446.07	410.5	459.63	461.97	419.16	424.4	422.25	408.9	450.52	447.62	475.92	424.96	418.72	422.18	448.03	453.56	404.93	514.4	532.57	399.15
484.77	474.21	446.49	432.11	485.79	402.75	485.6	415.62	396.83	403.88	470.52	430.17	449.66	413.7	462.67	465.7	421.65	425.58	423.04	411.73	455.24	452.51	478.82	428.24	420.81	424.84	450.98	456	406.89	519.47	535.02	402.99
488.93	477.39	449.36	435.59	488.9	405.53	488.26	418.04	399.42	405.34	474	433.51	451.96	415.62	466.05	468.28	424.69	429.59	428.17	415.22	456.87	453.9	483.09	430.13	426.07	427.5	454.54	461.42	411.8	520.7	539.22	404.57
491.81	479.79	452.42	437.32	491.17	408.87	492.44	421.1	401.64	407.43	475.99	436.14	454.56	418.21	469.2	471.39	426.32	434.21	429.32	418.56	459.66	455.67	484.92	433.67	426.5	430.96	456.59	461.71	411.77	524.7	541.79	408.88
494.69	484.36	456.31	439.99	494.97	410.97	494.58	424.81	404.66	410.55	478.47	438.67	457.49	421.08	471.69	474.74	428.92	436.6	432.9	419.7	464.02	459.9	488.63	436.2	429.73	432.83	461.27	465.14	415.07	526.95	545.59	411.03
497.86	486.25	458.29	443.94	498.91	413.68	496.73	426.8	406.41	413.69	481.84	441.98	460.36	422.51	475.09	477.03	433.59	440.23	433.68	421.85	465.93	461.81	490.41	438.14	433.22	435.69	462.66	469.22	419	529.09	549.32	412.58
500.86	488.5	462.03	445.7	500.34	417.02	501.27	429.41	409.08	416.54	484.22	444.9	461.38	425.96	477.9	479.46	434.05	441.2	437.44	426.26	470.15	464.73	494.06	442.75	435.64	436.75	465.23	470.72	420.35	533.49	551.52	415.05
503.96	492.61	465.13	448.66	503.78	418.9	502.76	432.29	412.34	417.41	486.7	447.23	464.5	427.96	480.53	483.6	437.41	443.7	439.96	427.72	471.46	467.2	497.83	443	440.85	439.51	467.44	473.18	423.65	534.41	553.19	419.04
507.18	494.74	467.6	451.1	507.72	422.25	505.31	434.11	414.63	420.7	488.99	450.31	467.57	431.43	483.62	485.41	439.27	448.55	441.67	431.02	474.21	470.03	499.57	447.28	440.09	443.31	469.93	476.43	425.63	537.33	558.47	421.7
509.85	497.23	470.11	453.61	509.78	424.41	509.86	437.36	417.27	422.33	492.1	451.81	468.43	433.38	485.56	488.61	441.77	449.53	446.5	433.21	477.88	474.18	503.05	449.1	444.46	444.74	475.01	478.2	427.3	541.41	559.33	423.31
513.22	501.49	472.69	457.35	512.36	426.4	510.8	440.78	419.76	425.27	494.78	455.44	471.58	435.48	489.06	490.9	445.56	453.74	447.08	435.4	479.81	475.09	503.6	451.75	447.11	447.87	475.17	481.92	431.97	542.54	562.59	425.86
516.66	502.75	475.14	457.84	516.53	428.92	513.91	442.05	421.37	427.51	496.46	458.35	473.59	437.95	491.47	494.1	446.43	454.77	450.59	439.78	483.93	477.95	506.11	455.56	448.87	451.17	477.31	483.3	432.76	544.49	567.41	430.42
518.93	506.08	477.42	460.27	518.05	432.51	517.67	444.62	423.44	428.18	499.37	459.9	475.44	439.91	493.82	497.03	447.7	456.75	453.11	440.08	484.8	481.06	510.81	456.12	452.28	451.66	481.88	485.27	435.01	548.19	567.66	431.13
521.27	509.91	480.99	463.49	520.7	433.69	519.21	448.38	425.65	431.24	502.4	461.58	477.51	442.37	497.62	499.16	453.16	461.8	454.01	443.24	487.03	483.39	513.73	458.93	453.35	455.69	483.03	489.79	439.79	549.84	570.84	433.96
523.78	510.99	482.55	464.94	523.95	436.62	522.13	449.52	429.53	433.26	504.88	463.74	479.92	444.96	499.04	501.77	452.39	462.01	456.66	444.31	491.7	485.87	517.11	461.43	456.28	456.47	486.16	490.36	439.75	551.78	575.74	438.25
526.24	514.62	485.43	468.02	525.75	437.99	525.08	451.82	430.28	435.57	507.04	466.3	482.18	446.89	501.66	504.1	455	463.37	457.75	446.82	492.77	488.86	518.49	463.79	460.9	459.39	488.21	492.74	442.17	556.34	576.86	438.23
529.55	518.11	488.82	469.49	528.58	440.88	526.71	455.21	433.03	437.69	509.86	468.85	484.28	448.92	504.47	506.68	457.9	467.87	460.35	451.36	495.37	490.7	520.78	468.03	461.18	459.9	489.59	495.43	444.33	556.35	579.95	441.42
531.62	519.09	490.03	472.17	530.94	443.3	529.16	456.63	434.68	439.22	512.18	470.94	486.97	451	506.56	510.01	459.08	468.58	464.35	451.91	497.51	493.73	524.5	468.07	464.62	462	493.24	497.54	445.88	559.06	584.53	444.01
534.01	521.25	492.68	474.36	533.73	446.12	532.51	459.5	437.54	441.06	515.48	472.84	489.43	453.07	509.77	512.33	463.32	470.15	464.7	453.97	500.3	494.18	526.46	471	465.39	467	494.4	499.8	450.38	563.42	584.39	445.54
535.95	524.11	496.09	476.29	535.67	447.05	533.42	461.72	439.55	444.52	516.33	475.14	490.85	455.72	512.52	514.38	463.01	472.83	467.68	455.79	502.83	496.94	529.91	472.87	467.67	466.32	497.35	501.89	450.6	563.11	586.17	448.42
539.18	526.76	497.49	477.88	538.13	450.03	535.97	463.39	440.79	445.36	519.09	477.82	492.74	457.58	514.68	517.15	464.15	474.39	469.23	457.25	505.6	501.01	530.47	475.09	472.63	468.9	498.1	505.84	452.87	565.99	588.2	451.67
541.16	528.6	500.19	480.37	540.08	452.42	538.61	466.38	443.76	447.81	521.59	478.56	495.13	459.16	517.31	519.2	468.06	478.61	470.7	461.61	507.98	502.41	533.55	479.46	472.36	470.67	501.14	506.46	457.77	569.57	590.35	452.27
543.57	532.05	502.44	482.31	542.82	453.32	539.95	467.16	445.26	451.23	522.55	480.72	497.03	461.41	519.12	522.67	468.27	478.11	474.61	461.57	510.17	503.24	535.09	479.81	476.21	473.09	503.96	508.63	456.33	569.82	594.68	454.71
545.56	532.78	504.55	484.47	545.26	455.35	542.49	469.82	447.42	451.72	525.44	483.71	500.14	463.93	522.01	523.63	471.22	480.85	474.83	463	512.19	507.99	537.23	482.08	475.93	476.34	505.37	512.63	459.18	572.23	595.75	459.03
546.7	534.71	506.04	487.01	546.22	458.33	545.06	472.21	449.81	453.53	527.86	486.38	500.93	465.87	524.58	526.14	471.49	484.29	477.39	466.26	516.41	508.25	540.24	483.92	479.1	476.19	508.53	511.97	461.95	576.7	598.22	458.4
550.02	537.54	509.8	488.03	548.06	459.1	546.03	473.6	451.61	455.61	529.03	488.15	503.11	466.73	525.63	528.23	473.24	485.49	479.71	467.81	516.94	510.22	541.13	485.71	481.35	477.79	510.34	514.82	462.93	576.11	600.78	461.63
552.09	539	511.91	490.69	551.28	461.68	547.78	475.6	453.84	456.38	531.93	489.06	505.26	468.63	527.88	530.16	477.93	490.2	480.59	471.96	519.03	513.48	541.51	489.83	482.75	482.86	512.43	520.18	466.06	578.33	602.11	462.61
554.12	541	514.5	492.97	552.25	463.5	551.82	478.29	455.68	458.35	533.6	490.48	505.6	471.58	530.63	532.55	476.2	489.52	484.63	472.1	522.6	514.54	543.35	489.6	486.56	481.59	516.69	519.05	466.85	581.46	603.65	466.75
556.39	544.49	515.89	494.28	554.52	464.91	552.68	479.42	457.61	461.23	535.64	493.45	508.98	472.75	532.32	534.26	479.04	491.8	484.22	475.23	523.55	517.57	546.96	491.6	486.21	483.81	515.78	521.81	468.56	582.15	608.89	467.72
558.05	544.91	517.88	496.34	557.52	467.2	554.56	481.32	459.18	462.37	537.61	495.19	510.65	474.65	533.67	536.18	481.3	495.83	487.51	475.11	525.48	518.91	551.16	494.97	488.61	486.99	517.9	524.23	471.55	585.12	607.98	468.38
560.88	547.83	520.48	498.64	558.38	468.94	556.56	484.31	461.02	465.23	539.25	497.1	511.8	477.54	537.32	538.25	481.28	495.25	488.97	477.32	527.7	520.96	550.9	495.47	492.41	487.81	520.7	525.08	472.33	588.06	610.19	473.33
561.95	550.98	521.99	499.41	560.89	470.66	558.64	485.71	461.79	465.2	540.93	499.46	514.61	477.52	538.08	540.62	487.05	497.25	490.46	480.68	529.41	523.7	552.84	498.84	492.28	491.71	521.68	526.42	473.51	588.14	614.57	472.51
563.96	550.95	523.98	501.03	563.75	472.6	559.98	487.77	463.95	467.91	543.39	500.72	516.22	480.42	540.54	542.68	485.65	501.82	493.33	480.5	532.92	525.07	556.31	499.18	495.61	490.35	525.48	531.02	476.86	592.38	614.85	473.61
566.44	552.9	526.39	504.65	565.55	474.34	563.13	489.37	466.5	468.65	544.25	502.88	518.16	481.13	541.53	543.52	489.07	500.42	493.92	483.26	532.51	528.34	557.2	501.27	496.3	493.04	524.91	530	476.92	591.52	617.54	478.66
568.84	556.89	527.47	504.67	567.43	476.16	563.22	491.92	467.38	470.71	546.09	504.37	520.2	483.83	543.97	546.36	489.23	503.75	495.38	484.92	535.2	528.6	560.59	504.01	497.32	496.91	526.81	531.78	478.93	594.19	619.96	477.77
570.1	556.37	529.16	506.93	569.87	477.94	565.89	490.99	469.65	472.51	548.06	506.41	520.86	485.24	545.83	547.46	493.23	505.74	499.29	485.93	538.1	531.36	560.35	504.83	502.66	495.93	531.16	535.29	483.27	598.11	621.57	479.96
571.3	558.93	531.28	509.43	571.04	479.47	568.45	494.75	470.15	473.98	549.77	508.15	522.92	486.26	547.25	549.75	491.91	506.67	499.93	489.47	538.8	533.1	562.55	508.48	500.82	498.09	531.62	535.61	482.45	597.71	623.92	482.36
573.99	561.2	533.18	511.49	572.72	481.45	569.5	496.56	472.04	476.19	551.32	508.74	524.81	488.28	549.64	552.3	493.5	511.29	502.4	489.76	541.42	534.59	566.24	509.26	505	500.18	534.38	538.69	483.79	598.87	626.63	483.37
576.27	562.83	534.94	513.85	574.6	484.13	571.32	498.08	474.54	476.64	552.87	511.94	526.38	491.6	550.99	552.99	497.66	510.42	501.89	491.09	542.49	537.49	565.82	510.55	505.32	501.55	533.86	538.99	488.16	603.3	627.47	486.64
577.52	565.43	537.63	514.89	576.87	484.51	573.24	500.73	475.44	478.42	555.83	514.99	528.17	491.4	553.08	555.23	496.41	512.39	504.74	495.11	543.83	538.2	567.93	514.71	508.53	505.07	536.05	541.2	486.7	602.09	630.44	488.06
579.66	565.97	538.57	516.55	578.12	485.84	574.82	501.82	477.81	481.29	557.27	516.22	528.83	493.37	555.58	557.22	499.38	513.58	506.89	494.57	547.12	539.09	569.24	513.9	511	504.43	538.41	542.83	488.47	603.94	631.93	488.67
580.84	567.65	540.1	518.57	579.67	488.63	576.82	503.43	478.78	481.15	557.99	517.23	530.84	495.12	556.43	558.75	500.96	515.21	507.97	496.93	547.85	542.24	571.29	515.91	510.67	506.3	539.04	545.56	492.23	608.56	633.59	491.09
582.97	569.63	542.92	520.02	581.34	489.31	578.44	505.88	481.61	483.88	560.46	518	532.19	497.1	557.93	560.8	502.53	520.67	511.25	498.17	549.4	542.59	574.97	519.9	515.56	510.2	543.58	546.1	492.48	606.52	636.39	493.17
584.24	571.51	543.3	521.3	583.94	491.25	579.71	506.81	483.17	484.56	561.03	520.73	534.13	497.73	559.63	560.93	506.04	519.25	511.78	499.11	551.33	543.97	575.13	519.61	513.97	509.29	542.65	549.79	495.91	609.66	636.25	493.57
586.21	573.56	545.14	523.19	584.24	493.64	582.76	508.44	484.4	485.96	563.05	522.58	535.88	498.8	561.47	563.7	504.69	520.92	512.81	503.38	552.95	548.03	576.8	523.09	516.15	510.91	544.45	548.12	495.68	611.82	638.31	497.22
587.51	574.41	548.27	524.85	585.97	493.68	582.42	511.67	484.9	487.84	564.26	523.48	536.91	501.75	562.9	565.9	506.09	522.31	516.06	501.51	554.91	547.91	578.69	522.52	519.94	515.38	547.7	550.09	497.23	613.3	642.5	497.02
589.62	577.86	549.14	526.44	589.53	495.24	584.86	512.28	487.77	488.13	566.82	524.7	538.11	503.39	564.48	566.75	511.03	523.58	516.12	504.22	557.43	549.92	579.83	523.51	520.06	513.77	547.27	554.66	500.75	616.45	642.1	497.81
591	577.62	549.9	527.66	590.77	498.76	587.28	513.84	488.6	490.71	567.75	526.51	540.48	504.05	566.02	569.19	508.94	527.57	517.43	506.76	557.9	551.56	581.62	526.81	522.62	515.91	548.65	553.89	500.12	614.94	642.25	501.59
593.02	579.47	553.03	528.55	591.91	498.77	587.51	516.76	490.54	492.92	569.05	527.66	541.27	505.32	568.45	570.49	511.53	528.15	521.11	506.73	560.51	552.9	583.55	527.35	521.88	518.35	551.49	556.6	501.17	616.97	646.02	501.14
594.26	582.82	553.63	530.9	593.7	500.13	590.08	516.88	491.46	493.93	571.2	530.39	543.41	508.05	569.29	572.27	517.12	530.56	520.95	508.8	561.36	555.63	584.68	531.16	523.8	518.83	552.92	555.96	506.29	621.11	645.91	504.23
595.79	582.69	554.79	532.15	594.31	502.37	592.08	518.25	493.6	495.82	573.46	530.42	544.21	508.62	570.58	573.54	513.54	530.47	524.7	510.66	562.29	555.77	588.2	530.72	526.75	522.96	555.81	557.27	504.47	619.69	646.89	505.81
597.83	585.09	557.88	533.48	596.2	503.26	592.32	521.62	494.74	496.4	573.72	533.11	545.19	510.25	571.84	576.15	516.73	531.77	522.57	511.07	564.99	556.58	587.07	532.35	527.25	522.4	554.18	562.3	506.75	622.15	651.57	506.13
598.57	586.74	558.43	534.46	598.41	504.64	594.02	521.45	495.6	497.75	575.19	533.73	547.15	512.89	573.93	576.09	520.95	535.88	526.05	515.72	565.1	560.01	588.73	533.68	531.44	525.6	556.41	561.5	510.46	623.42	650.02	510.65
600.64	586.62	559.75	537.24	599.46	507.12	595.77	523.61	498.55	499.09	577.03	535.41	548.35	513.63	575.62	577.87	519.1	535.32	527.07	514.11	566.83	560.4	591.31	534.32	530.47	523.44	558.49	561.57	507.91	625.2	651.44	508.88
601.94	588.83	562.86	538.11	600.58	507.6	596.16	525.32	499.38	500.92	578.77	537.41	549.82	515.21	577.19	579.38	521.36	537.98	527.94	516.64	569.32	561.71	593.03	537.44	535.02	527.33	559.93	566.23	509.88	627.44	654.37	510.94
603.57	591.09	563.33	539.72	602.43	509.45	598.08	526.3	499.94	501.66	580.02	537.79	552.04	515.84	578.3	581.44	520.99	537.55	531.37	520.21	569.97	563.66	594.58	537.55	532.4	526.92	563.16	564.57	515.23	627.6	654.77	515.11
605.5	591.69	564.13	541.2	603.45	513.66	600.25	527.53	501.91	503.03	582.12	539.02	552.85	518.08	580.38	582.93	522.35	540.62	530.32	520.26	571.83	564.79	594.59	539.74	534.57	528.25	561.89	566.79	512.47	628.65	656.81	514.04
606.16	592.62	567.45	541.7	605.18	512.45	600.72	528.79	503.41	504.27	581.59	541.14	554.28	519.29	580.84	584.06	527.46	539.95	531.72	523.05	572.33	567.02	594.95	540.63	536.01	532.51	564	568.63	515.24	633.55	659.66	515.08
608.19	595.82	566.87	543.32	607.09	513.99	602.55	530.53	503.53	504.78	583.93	542.21	554.91	519.95	583.21	585.36	524.69	542.13	534.06	521.86	574.55	567.99	598.32	541.38	536.81	531.53	564.52	569.82	517.89	631.3	659.75	519.21
609.84	595.55	569.19	546	608.33	517.29	603.61	531.76	506.72	507.72	584.65	543.39	556.27	521.21	583.98	586.42	528.89	543.8	534.82	524.48	576.27	568.92	598.11	545.07	540.06	533.59	566.01	572.33	518.49	633.18	661.53	518.08
610.81	597.09	570.73	545.57	609.71	516.65	605.4	533.03	506.59	508.97	587.52	544.78	558.27	523.94	585.42	588.23	526.99	544.28	536.08	524.94	577.36	571.66	600.21	543.94	540.66	533.75	569.81	572.63	519.98	637.4	663.06	519.45
611.93	600.58	571.31	546.72	610.38	518.37	606.89	534.36	509.47	510.25	588.08	546.46	558.5	524	587.56	590.09	529.07	546.91	537.38	526.05	580.72	572.84	600.21	545.86	543.21	535.07	569.46	573.31	520.73	635.85	664.74	524.71
614.6	600.26	572.77	549.82	612.16	520.81	607.91	535.63	510.85	511.59	589.61	548.19	560.21	525.56	589.12	591.34	532.26	546.9	538.39	529.48	580.35	572.95	603.71	549.77	542.33	538.05	572.02	578.03	522.72	638.02	665.82	522.49
614.17	601.63	575.71	549.45	614.89	520.71	609.41	537.84	511.9	512.53	591.14	548.95	561.48	527.34	589.69	592.42	531.1	550.85	542.39	528.77	581.22	576.47	604.81	548.22	544.46	537.75	570.93	575.95	524.63	640.06	666.5	523.35
615.84	604.1	575.59	551	614.65	521.58	610.97	538.46	513.16	515.64	591.87	549.88	563.85	528.93	591.02	593.42	535.46	549.95	541.47	530.12	583.96	576.82	605.41	549.9	546.71	540.67	573.33	576.78	524.83	640.33	668.37	528.73
617.9	604.07	577.51	553.37	616.08	524.81	612.84	539.74	513.65	516.29	593.07	550.87	563.85	528.92	592.62	595.2	532.21	551.41	543.81	531.45	584.2	578.83	608	554.1	547.22	539.59	575.62	580.44	525.65	642.11	671.49	525.53
619.47	606.44	579.62	553.56	618.61	524.37	613.41	542.59	516.39	516.91	595.27	553.33	565.44	530.96	592.98	597.17	535.79	554.73	543.44	531.88	586.08	578.53	607.44	553.25	549.25	542.26	576.36	580.59	528.98	643.63	671.91	527.32
620.59	607.37	579.37	554.68	618.5	525.6	614.69	541.67	517.52	517.83	595.76	554.09	566.35	530.8	595.7	597.29	538.33	553.64	544.79	535.57	586.47	580.25	612	554.02	550.2	543.32	579.95	583.54	527.83	644.38	675.24	532.21
621.15	608.33	581.36	557.64	619.78	527.15	616.21	543.22	517.59	520.08	597.62	556.05	567.41	534.01	596.78	598.56	537.42	555.58	548.27	535.01	587.69	583.15	611.36	555.75	549.83	543.03	577.45	583.15	528.93	646.47	673.98	529.31
623.06	610.65	583.17	557.32	622.56	528.11	616.8	545.75	519.04	520.76	598.73	557.39	568.93	533.87	597.08	599.93	541.49	557.01	547.72	536.76	590.36	582.72	612.69	556.69	554.01	546.93	579.07	583.85	533.71	646.22	675.33	531.37
624.98	610.8	584.13	558.63	622.54	529.32	618.63	546.11	521.03	521.71	598.94	558.07	570.68	535.37	599.16	601.27	539.53	557.28	550.08	537.79	590.3	584.66	616.06	558.96	553.79	545.62	581.43	587.31	531.2	647.36	679.89	536.46
625.94	612.18	585.3	560.96	623.93	531.54	620.5	547.28	521.67	522.32	601.05	559.09	571.22	537.07	600.35	604.02	540.2	560.2	549.46	538.46	592.22	585.05	615.6	558.77	556.79	547.43	581.75	586.58	533.3	651.59	677.83	533.47
626.73	614.9	586.38	560.11	626.12	532.71	620.36	549.88	524.09	524.29	602.55	559.88	573.02	538.61	602.07	603.62	544.84	560.42	551.42	541.55	594.58	586.24	616.88	559.46	555.24	546.86	586.2	587.68	535.41	650.39	679.86	535.53
627.86	614.53	587.77	562.2	626.92	533.45	621.82	549.48	524.83	526.35	603.92	562.56	573.29	538.89	603.08	605.63	542.81	563.27	552.26	540.83	594.4	589.47	618.01	563.25	556.59	549.92	583.98	591.17	534.77	653.51	683.82	538.46
629.26	615.77	589.17	564.41	628.17	535.27	624.41	551.53	525.26	525.87	604.06	562.25	575.2	540.24	604.71	606.44	545.5	562.35	552.99	542.13	596.09	588.18	618.59	563.36	560.13	552.55	585.44	589.31	536.56	652.69	681.67	536.94
630.5	618.02	591.09	564.19	630.1	535.94	624.43	552.32	526.83	527.91	605.58	564.06	576.42	541.55	604.61	607.75	548.09	563.71	557.4	546.09	597.4	589.93	621.94	565.19	558.62	551.31	588.64	590.37	538.81	654.07	683.54	538.82
632.16	618.85	592.13	565.86	629.9	537.58	625.77	553.2	528.14	527.99	607.47	565.33	577.87	542.24	606.81	609.67	546.47	566.34	555.83	544.22	598.24	591.38	621.93	564.6	560.61	552.15	587.11	594.7	538.29	656.84	687.07	543.08
632.55	619.76	592.9	567.42	631.18	537	627.94	555.06	528.21	531.42	607.49	566.91	578.88	543.91	608.66	608.72	550.5	564.99	557.72	547.76	601.08	592.69	623.98	566.45	564.66	556.83	590.53	592.95	540.6	656.07	686.33	541.42
634.76	620.83	593.53	568.38	633.58	538.8	628.24	555.69	530.38	531.37	609.31	567.77	579.78	544.28	608.66	611.03	548.54	566.77	557.74	546.84	599.95	593.41	623.46	569.07	562.52	555.35	590.17	594.39	541.45	657.42	687.88	542.39
635.16	622.07	595.96	569.78	633.32	541.14	629.86	557.05	531.27	531.1	609.97	568.51	581.33	546.5	610.44	613.07	549.39	567.49	558.78	547.76	603.16	595.5	623.6	568	564.66	556.82	590.82	598.24	542.87	660.18	691.11	544.33
636.27	624.13	595.92	570.97	635.3	541.65	631.16	558.72	531.83	533.1	610.29	569.38	582.12	547.39	611	613.93	552.59	568.79	562.56	549.1	602.5	595.66	626.06	571.43	566.35	559.06	595.1	595.82	544.25	659.02	688.75	544.68
638.14	624.66	597.51	571.95	636.9	542.35	633.05	558.66	534.04	534.42	613.64	571.19	583.9	548.77	612	614.72	552.53	571.69	562.13	549.31	605.89	598.9	626.43	570.79	566.38	559.03	592.88	597.34	544.28	659.77	690.54	546.52
639.15	625.86	599.62	573.05	637.88	544.01	632.99	560.24	534.64	535.46	613.86	572.25	583.72	549.15	613.63	616.23	556.23	571.7	565.1	551.17	604.63	597.42	628.59	571.34	568.72	560.3	595.01	601.11	545.98	664.26	694.03	547.96
640.56	627.54	599.75	573.92	638.42	544.45	633.69	562.39	535.58	536.33	615.53	573.74	584.97	550.84	614.41	616.37	554.07	573.02	563.2	552.97	605.79	598.91	627.2	575.52	571.19	560.82	596.32	600.19	549.34	662.27	693.66	548.06
641.7	627.51	600.54	575.23	640.62	545.53	636.71	562.2	537.11	537.79	615.7	574.81	586.05	552.1	615.78	619.89	554.42	574.1	564.23	553.59	608.77	602.28	629.71	574.56	571.46	561.75	597.6	603.04	547.34	664.11	695.1	550.68
642.35	629.02	602.23	576.07	641.58	547.76	636.78	563.63	538.15	537.68	617.59	574.98	587.07	552.51	616.88	619.23	560.27	575	567.82	555.14	608.42	600.92	631.11	576.79	573.49	565.49	598.3	602.96	548.53	665.63	697.1	551.37
643.61	631.08	603.13	577.01	641.71	547.24	637.64	565.87	538.78	540.26	618.4	577.28	588.04	553.6	618.1	620.95	558.06	577.67	566.93	556.59	609.95	603.53	631.94	576.68	572.72	563.76	599.88	602.93	552.45	666.55	697.19	551.67
644.97	632.49	604.17	578.93	644.5	548.31	639.95	565.68	540.14	542.48	618.73	577.56	589.3	554.43	619.55	622.33	562.37	576.26	568.92	556.7	612.01	603.94	633.06	577.93	574.57	565.75	600.64	606.82	550.38	667.69	698.95	553.31
645.58	632.83	607.16	579.25	644.52	549.92	639.58	566.63	540.98	542.38	620.1	579.44	591.22	554.9	620.15	623.09	558.82	579.1	568.96	559.78	612.28	604.82	633.07	580.67	579.04	567.36	604.23	604.62	551.47	668.95	699.81	554.1
647.65	634.2	605.97	580.32	646.14	550.93	641.48	569.68	542.69	542.37	621.58	580.27	591.48	556.32	621.38	622.92	560.77	579.09	569.51	558.31	614.91	607.41	635.3	579.04	576.7	566.63	601.93	606.36	555.43	669.47	698.26	554.87
649.3	634.38	607.68	581.83	646.98	552.12	642.23	569.24	542.23	543.94	623.34	580.56	592.56	556.2	622.93	625.05	563.19	580.93	572.2	559.08	614.83	606.58	636.45	581.73	579.73	569.49	602.79	608.65	553.39	672.24	703.1	558.96
648.95	634.99	609.91	582.79	647.96	553.27	643.22	570.23	544.03	545.52	624.13	582.27	592.84	558.51	623.53	625.92	562.69	583.41	572.93	562.79	615.62	606.63	638.04	582.04	580.38	569.22	607.36	608.91	555.33	671.45	702.96	556.96
649.93	638.3	609.63	583.72	648.75	554.2	645.62	572.74	544.47	545.15	625	584.3	594.96	560.36	624.59	627.46	565.21	583.35	575.25	561.5	618.3	610.55	639.9	583.05	580.41	572.71	604.46	610.38	558.89	671.86	703.18	557.35
651.5	638.12	610.61	585.19	649.78	554.66	645.02	572.13	545.69	546.53	625.72	583.94	594.86	560.66	626.48	628.56	564.06	583.82	573.74	563.22	616.72	610.93	639.27	586.37	584.11	570.38	606.28	610.65	557.2	676.38	707.33	560.44
661.53	648.47	621.71	594.61	659.44	566.32	655.58	581.75	555.57	554.84	636.36	593.63	604.45	570.56	636.24	638.68	573.81	596.41	583.43	572.13	627.05	620	649.51	593.08	591.28	581.09	616.77	620.27	567.42	683.27	714.68	569.18
671.85	658.01	630.81	603.32	670.08	573.94	664.42	593.18	564.69	564.82	645.46	603.08	614.93	579.91	645.83	648.78	585.78	603.18	595.49	581	639.12	630.02	659.1	603.42	600.06	589.76	626.04	632.58	577.59	692.7	724.32	581
679.69	666.77	639.78	611.37	677.69	583.21	673.89	600.3	573.89	573.2	653.74	611.34	621.83	588.21	654.39	657.12	590.77	611.67	601.73	592.49	647.25	638	668.34	612.91	612.43	597.7	637.08	639.45	585.42	704.02	734.96	586.78
688.45	675.98	649.44	619.96	686.81	591.74	682.17	608.6	581.91	580.16	662.24	619.6	631.07	596.02	663.02	666.21	598.64	622.64	610.32	598.41	655.51	649	677.14	620.85	616.64	607.39	642.35	647.22	594.19	709.42	741.62	594.02
697.29	683.17	656.2	628.82	696.02	599.65	690.61	617.36	589.2	587.54	669.72	628	638.22	604.08	671.68	674.35	608.2	627.21	617.11	606.07	663.59	654.44	684.97	630.49	625.74	614.17	652.3	656.8	598.42	718.2	749.42	606.01
704.29	690.82	663.6	634.87	702.33	606.05	698.06	623.34	597.35	595.71	678.51	635.12	645.82	612.03	678.68	680.28	613.43	635.93	624.82	613.44	670.75	664.18	694.24	635.38	633.43	621.03	658.18	661.55	608.13	725.09	760.62	610.55
711.47	699.26	671.88	643.1	710.48	613.39	705.12	630.97	603.26	602.36	684.74	642.33	653.37	618	685.89	688.2	623.38	642.31	633.93	619.66	678.26	668.87	700.39	643.14	640.31	627.42	664.83	671.12	616.53	732.02	765.03	617.31
719.25	704.54	677.87	650.83	717.53	619.61	713.06	639.57	609.82	609.89	692.24	649.02	658.91	624.47	692.84	695.26	626.11	649.11	638.33	629.59	684.27	676.37	707.69	651.32	650.55	636.47	674.61	676.5	620.28	741.78	772.59	626.62
724.93	711.02	684.2	655.85	723.17	626.28	717.9	644.56	616.65	614.89	699.23	655.79	665.74	631.14	699.4	700.67	632.86	657.99	644.79	632.74	690.66	682.73	715.61	656.36	652.65	640.35	678.18	681.21	626.83	745.45	781.42	631.33
730.93	718.64	691.58	662.2	729.07	632.26	724.18	650.6	622.66	621.22	704.82	661.68	671.71	637.02	705.46	707.77	642.34	662.1	652.7	638.9	698.55	688.87	720.57	662.77	660.3	646.98	687.37	690.95	636.2	751.77	786.12	636.98
738.02	723.37	696.77	668.04	736.64	638.8	731.3	657.62	628.48	627.04	710.27	668.22	677.63	644	712.05	713.6	646.44	669.94	657.4	647.48	703.51	697.43	726.76	668.89	666.25	654.84	689.88	692.69	638.69	758.23	793.89	646.63
743.03	729.76	702.03	673.27	741.72	645.7	736.41	662.36	634.63	632.8	716.7	673.36	683.31	648.67	718.36	719.94	655.12	673.06	664.37	650.87	711.95	700.95	732.62	674.1	671.19	658.53	696.26	699.15	645.2	763.68	798.65	647.96
749.05	736.13	709.61	677.82	747.34	649.15	742	667.79	640.78	639.15	721.9	679.5	689.08	655.32	724.07	726.66	656.52	679.09	668.41	658.25	714.5	707.62	737.82	682.02	679.27	664.84	702.93	707.76	652.62	769.78	802.79	653.53
753.8	740.17	713.52	685.55	753.53	655.43	747.18	674.47	645.86	643.37	727.61	684.78	694.09	661.37	728.37	730.32	660.99	686.31	672.91	662.64	720.09	713.06	744.04	684.96	681.96	669.91	707.25	710.02	654.91	775.81	810	662.88
758.63	745.6	718.34	688.76	757.38	661.1	752.1	678.22	650.72	649.73	732.39	689.56	698.54	665.06	733.42	736.33	667.99	690.17	679.78	667.18	726.26	717.4	745.91	689.31	688.43	674.41	715.52	714.95	659.85	780.16	813.43	663.99
763.88	751.87	725.52	693.92	762.68	665.37	758.1	683.48	655.77	653.77	737.87	694.92	703.99	670.45	738.44	741.88	671.27	694.82	684.11	674.5	730.7	725.32	751.68	697.69	694.37	682.22	716.89	723.23	668.48	787.52	818.67	668.86
770.42	754.84	728.29	700.49	770.03	669.97	762.69	689.86	660.15	658.28	742.62	699.96	707.87	675.51	744.47	745.52	680.1	698.96	690.57	676.07	737.8	728.14	759	700.27	697.88	683.24	723.47	725.16	670.48	789.13	826.99	676.85
775.58	760.14	733.4	703.18	774.41	675.58	768.57	692.91	665.16	663.15	748.06	704.58	714.4	679.37	748.91	751.08	679.58	703.45	693.08	680.96	739.63	733.27	762.32	704.65	703.24	688.56	727.69	729.76	675.36	793.86	829.03	679.03
779.82	767.22	739.44	708.63	779	678.94	773.2	697.27	670.1	667.61	752.5	709.71	718.75	684.51	753.19	756.03	685.33	709.36	697.52	685.81	744.66	738.19	768.92	709.69	707.1	694.32	730.86	736.07	681.44	802.12	833.46	682.81
784.79	770.7	742.23	713.58	784.25	683.7	778.18	704.05	674.26	672.74	756.06	715.08	722.92	688.67	758.11	759.69	690.26	711.98	703.14	691.06	751.17	742.12	771.82	713.43	711.8	697.29	738.81	739.5	684	802.38	839.97	691.77
787.74	775.34	747.02	716.12	787.47	688.7	781.29	706.78	678.22	677.29	761.16	718.76	725.98	692.95	763.74	765.9	693.09	716.14	707.51	697.15	753.26	748.1	776.19	720.58	717.74	704.87	740.45	743.73	688.02	807.45	841.26	692.05
792.66	779.41	752.8	720.84	792.06	692.1	786.62	711.41	683.16	680.13	764.57	722.43	730.89	696.89	767.52	769.67	701.44	723.56	713.7	698.49	757.36	749.83	782.38	722.27	719.21	706.02	744.76	747.49	694.65	813.05	845.51	697.5
797.18	783.27	755.65	726.71	797.12	696.72	791.11	714.69	686.66	685.46	770.13	727.76	734.9	701.79	771.3	773.25	702.63	723.96	714.5	702.47	762.28	754	785.72	727.17	723.74	710.7	748.99	750.73	695.82	815.53	852.97	704.04
800.94	787.44	759.93	729.5	800.53	700.79	793.76	719.67	690.92	689.29	774.9	730.1	738.88	707.24	776.33	777.77	709.25	729.03	718.67	708.44	766.97	759.15	791.61	729.77	731.49	714.88	752.23	758.59	702.93	822.44	854.04	703.51
804.78	792.32	765.23	733.75	804.12	704.39	798.46	724.29	696.11	694.26	778.25	733.78	742.75	709.49	779.74	782.69	708.87	734.64	724.73	711.08	773.04	762.23	794.86	734.07	730.96	718.21	759.88	758.24	703.65	823.91	857.45	707.84
840.22	825.39	799.94	769.94	839.96	739.46	833.38	758.2	729.67	727.54	813.75	771.22	779.11	745.04	816.51	818.88	743.69	768.81	758.07	748.02	805.88	801.28	829.88	770.28	767.45	754.71	792.13	794.23	738.28	858.85	895.83	746.79
870.24	855.87	830.42	799.05	869.52	769.9	862.94	788.83	759.2	756.17	844.05	801.09	809.75	775.14	845.65	848	778.31	799.56	790.86	775.89	837.21	827.76	861.48	800.67	800.47	782.25	821.66	825.88	771.33	890.71	924.7	772.28
896.21	883.02	855.92	825.67	896.68	795.67	890.35	816.13	787.26	784.36	870.23	826.86	834.56	802.76	871.94	875.24	801.04	825.02	814	802.67	862.68	854.8	886.46	825.75	822.79	808.95	850.45	850.63	794.05	914.17	951.2	800.05
919.53	905.6	879.63	847.53	918.71	819.23	913.74	838.27	810.34	806.95	893.97	851.47	858.5	825.3	896.75	898.52	825.21	848.69	836.99	827.58	885.75	880.04	910.28	849.39	847.68	832.26	871.68	873.51	816.49	937.07	974.37	824.52
940.79	927.64	901.27	869.14	940.5	840.72	935.44	859.99	831.66	827.83	916.3	872.6	879.3	847.66	918.12	920.07	847.32	872.04	861.86	847.14	909.77	900.02	932.29	870.66	867.23	853.64	895.21	895.15	842	961.45	994.26	843.13
961.18	946.94	920.57	890.05	962.21	859.03	955.09	880.89	851.09	847.14	936.48	892.76	899.64	868.56	938.23	940.65	866.03	889.16	878.74	867.43	926.92	922.62	951.43	890.37	887.09	875.03	911.86	914.45	857.5	977.17	1014.93	864.35
978.82	965.78	939.11	906.56	977.96	878.23	973.78	898.15	869.46	866.44	954.63	911.36	919.53	886.88	957.1	959.18	886.75	907.5	897.5	884.98	946.19	938.06	970.98	911.1	907.94	889.95	931.45	931.97	875.74	996.62	1035.04	881.86
995.46	982.55	956.94	924.58	996.09	896.99	990.44	915.8	886.92	883.26	972.08	928.68	935.57	904.4	974.76	977.11	902.05	926.41	917.7	901.67	962.97	956.57	986.93	925.81	923.77	908.52	947.86	949.9	894.24	1014.66	1053.23	898.72
1012.78	1000.38	974.33	942.75	1014.06	911.98	1007.02	933.77	904.37	900.76	989.29	946.74	952.49	920.97	991.3	993.33	917.85	942.67	932.29	919.51	979.65	972.92	1002.01	942.56	942.83	926.2	964.48	965.66	909.94	1032.37	1070.15	918.62
1030.07	1016.11	988.86	956.55	1030.81	927.76	1026.39	947.57	920.13	915.86	1004.49	961.56	969.27	937.36	1008.13	1010.14	938.96	960.85	947.83	933.82	997.09	988.36	1019.77	961.08	955.06	941.42	981.76	985	926.3	1050.61	1084.45	930.5
1044.98	1032.85	1003.96	972.07	1046.88	943.89	1040.03	963.77	934.4	931.49	1021.21	978.1	983.92	953.31	1023.12	1026.59	949.12	972.77	963.06	948.54	1010.17	1006.02	1034.97	972.93	971.84	957.19	995.51	996.54	940.04	1061.82	1100.17	945.62
1059.82	1047.57	1019.55	988.01	1061.69	957.61	1055.03	978.45	949.14	945.17	1037.2	992.04	998.62	967.67	1039.36	1041.21	964.33	988.57	978.2	965.95	1028.06	1018.82	1049.66	988.54	985.68	970.23	1013.91	1012.86	954.13	1077.51	1117.48	963.98
1074.31	1061.62	1035.54	1000.36	1075.44	971.7	1070.66	992.54	963.09	959.83	1050.95	1005.04	1013.03	982.11	1053.52	1057.64	982.17	1005.82	991.69	977.23	1040.52	1036.22	1064.77	1002.71	999.52	984.28	1026.16	1026.23	970.61	1091.73	1128.27	975.09
1088.91	1076.38	1049.24	1013.89	1088.63	986.91	1082.87	1005.73	976.89	973.26	1064.74	1020.2	1028.75	996.08	1067.03	1069.74	993.09	1016.71	1004.87	991.71	1054.29	1047.69	1078.05	1016.26	1014.74	1000.74	1041.32	1040.33	981.89	1104.8	1140.43	988.18
1100.6	1087.91	1063.09	1030.87	1101.76	998.42	1097.11	1021.03	990.13	985.95	1077.74	1035.04	1041.6	1009.24	1081.16	1084.16	1009.43	1032.17	1022.98	1004.49	1068.66	1061.59	1091.64	1032.94	1028.81	1011.48	1053.9	1055.56	995.62	1120.44	1158.07	1004.63
1114.07	1101.02	1074.9	1042.42	1115.23	1012.16	1110.44	1034.57	1003.88	1000.16	1091.27	1047.22	1055.2	1023.24	1094.94	1096.4	1018.57	1047.93	1033.78	1016.92	1081.13	1075.06	1104.1	1043.38	1041.44	1028.73	1067.5	1066.7	1011.46	1130.42	1168.1	1014.63
1127.48	1114.2	1087.89	1054.86	1128.43	1026.93	1122.78	1047.63	1016.39	1012.39	1103.69	1060.5	1069.06	1038.44	1107.15	1108.88	1032.93	1058.23	1046.04	1034.47	1093.55	1086.44	1118.22	1055.64	1057.26	1039.03	1081.97	1081.87	1020.38	1142.99	1180.8	1028.18
1138.99	1126.16	1102.39	1068.14	1141	1039.43	1135.48	1060.37	1030.58	1025.24	1117.01	1072.02	1080.47	1051.12	1119.65	1122.76	1050.53	1071.75	1061.86	1044.26	1106.11	1101.73	1129.89	1071.54	1065.93	1050.82	1091.28	1091.79	1034.62	1158.95	1196.19	1046.38
1151.57	1138.71	1112.55	1079.26	1153.15	1050.81	1148.14	1071.61	1042.13	1037.94	1128.18	1085.99	1093.82	1063.87	1131.77	1134.52	1058.03	1082.42	1070.72	1057.77	1117.26	1110.9	1141.87	1080.6	1079.14	1066.58	1104.28	1103.65	1050.69	1167.88	1205.46	1052.16
1162.93	1151.94	1124.64	1091.49	1165.54	1063.4	1160.02	1083.66	1053.73	1050.62	1140.64	1097.76	1104.76	1074.16	1144.04	1146.25	1074.29	1094.53	1083.1	1067.34	1131.61	1124.05	1156.85	1094.67	1092	1074.28	1116.48	1118.06	1059.49	1182.02	1218.79	1064.82
1175.55	1163.12	1137.6	1104.69	1177.01	1075.45	1171.94	1096.51	1066.4	1061.78	1152.86	1109.32	1116.43	1086.16	1155.83	1158.52	1081.13	1107.18	1095.19	1079.36	1141.38	1137.34	1164.91	1105.22	1102.11	1087.03	1127.81	1127.76	1071.8	1191.67	1232.72	1079.95
1186.8	1173.88	1147.42	1114.14	1189.26	1086.68	1183.86	1107.11	1077.33	1073.34	1165.3	1121.17	1127.79	1098.58	1167.75	1170.4	1095.39	1117.86	1107.15	1094.08	1153.19	1145.91	1178.78	1116.2	1118.17	1098.62	1139.77	1139.2	1082.93	1202.83	1240.35	1088.45
1197.39	1185.99	1159.89	1126.32	1199.76	1098.27	1194.99	1118.28	1089.44	1084.54	1176.57	1132.71	1140.02	1109.45	1178.83	1181.69	1105.85	1131.38	1120.35	1101.77	1164.99	1159.08	1189.33	1128.23	1125.1	1109.58	1152.56	1153.05	1093.75	1217.66	1252.07	1099.64
1208.69	1196.44	1171.3	1139.1	1211.29	1109.51	1206.74	1131.24	1101.17	1096.45	1187.89	1143.87	1152.43	1121.34	1190.31	1192.47	1115.6	1139.39	1129.01	1113.51	1176.16	1169.34	1199.85	1138.81	1135.84	1122.13	1161.73	1162.22	1107.85	1225.22	1265.96	1112.32
1220.75	1207.38	1182.78	1148.32	1222.39	1120.73	1218.01	1141.04	1111.85	1106.94	1198.29	1155.05	1163.1	1132.86	1201.89	1204.23	1130.15	1152.19	1139.73	1124.83	1187.98	1180.12	1212.67	1148.94	1151.66	1132.09	1176.52	1173.9	1115.13	1236.45	1274.25	1122.74
1231.23	1219.86	1193.71	1159.43	1234.53	1131.65	1228.29	1152.85	1122.06	1118.45	1208.72	1165.73	1173.98	1143.24	1211.65	1215.44	1138.14	1162.49	1154.1	1135.17	1196.4	1193.4	1221.9	1163.08	1158.93	1146.22	1183.51	1184.4	1126.07	1250.88	1285.93	1134.46
1241.83	1229.53	1204.31	1172.44	1244	1142	1239.9	1164.68	1132.87	1127.8	1220.52	1177.04	1184.14	1155.18	1224.22	1225.77	1153.73	1172.59	1162.4	1148.81	1208.28	1201.31	1232.81	1170.57	1169.52	1153.04	1195.92	1195.26	1140.35	1257.59	1300.02	1146.28
1254.02	1240.53	1214.95	1180.76	1254.9	1154.01	1251.53	1173.51	1143.3	1138.63	1231.1	1187	1194.93	1165.04	1235.19	1237.32	1159.07	1184.9	1173.03	1156.63	1220.58	1212.54	1242.88	1182.01	1182.97	1164.02	1208.62	1208.75	1147.68	1268.99	1307.18	1154.79
1263.56	1252.51	1224.94	1192.15	1267.01	1163.32	1260.46	1185.39	1154.4	1150.2	1241.61	1197.59	1205.39	1175.49	1245.38	1247.1	1171.33	1193.98	1186.59	1168.29	1229.29	1225.58	1252.44	1192.93	1190.61	1176.62	1216.14	1215.82	1158.47	1283.88	1318.31	1167.35
1273.71	1261.59	1236.41	1203.89	1277.23	1174.37	1271.45	1195.56	1163.92	1159.14	1252.65	1209.18	1216.41	1188.1	1255.65	1258.24	1182.11	1206.22	1193.83	1177.71	1239.93	1233.81	1263.94	1202.76	1205.35	1185.87	1226.68	1226.59	1172.59	1290.63	1329.66	1177.35
1285.37	1272.19	1246.43	1212.53	1287.54	1185.11	1283.88	1205.45	1175.7	1171.37	1262.64	1218.69	1227	1197.35	1266.14	1268.44	1191.75	1214.75	1206.61	1187.58	1250.07	1244.02	1272.92	1215.31	1211.89	1199.68	1239.27	1239.56	1179.11	1301.6	1338.92	1186.96
1294.45	1284.42	1257.34	1223.45	1298.34	1195.49	1292.75	1216.33	1184.75	1181.07	1272.99	1229.43	1236.93	1207.68	1277.45	1278.91	1205.71	1227.4	1214.09	1200.99	1259.22	1256.09	1284.19	1224.11	1221.99	1205.63	1247.11	1245.53	1190.29	1314.55	1352.54	1198.18
1305.79	1293.53	1267.99	1234.2	1308.41	1206.35	1304	1227.52	1194.58	1191.08	1283.93	1240.62	1247.49	1217.64	1288.28	1289.46	1211.48	1235.81	1226.18	1208.32	1272.43	1263.76	1296.03	1233.97	1236.26	1217.38	1258.7	1256.92	1200.75	1321.27	1359.91	1207.76
1316.17	1303.14	1277.96	1243.32	1319.03	1216.68	1314.58	1236.98	1204.84	1200.88	1294.31	1249.96	1257.88	1228.63	1298.15	1298.82	1223.2	1246.12	1234.68	1218.6	1279.71	1274.59	1306.38	1244.04	1242.25	1227.3	1268.44	1269.64	1209.61	1333.03	1370	1216.22
1324.74	1315.3	1288.63	1253.34	1328.61	1225.6	1323.98	1246.69	1215.13	1210.89	1305.22	1260.31	1266.46	1239.47	1308.48	1309.29	1235.45	1256.96	1244.57	1227.44	1291.14	1285.44	1316.06	1252.63	1253.34	1236.91	1278.96	1277.86	1223.29	1341.31	1381.16	1229.35
1335.23	1324.42	1298.99	1265.1	1338.41	1235.76	1334.25	1255.76	1225.99	1221	1313.38	1270.91	1277.75	1247.82	1318.56	1320.05	1242.39	1266.21	1255.86	1237.67	1301.1	1294.45	1327.29	1266.11	1263.4	1249.59	1291.51	1289.39	1230.64	1352.72	1389.13	1236.17
1345.59	1334.4	1308.65	1273.3	1350.09	1246.01	1344.09	1266.19	1235.7	1231.49	1324.2	1280.89	1288.6	1258.68	1327.91	1329.21	1254.21	1278.46	1265.33	1248.66	1311.13	1307.54	1335.15	1272.21	1273.73	1257.59	1300.1	1297.56	1240.62	1362.35	1399.07	1247.48
1355.74	1343.61	1318.77	1283.68	1358.61	1255.76	1353.92	1278.07	1245.26	1239.11	1334.42	1290.98	1298.92	1268.94	1338.52	1339.35	1260.77	1286.54	1276.24	1256.68	1322.63	1315.29	1346.19	1283.02	1283.63	1267.3	1308.4	1307.95	1249.39	1371.3	1412.64	1259.39
1365.67	1353.01	1328.51	1294.1	1368.07	1264.91	1363.99	1286.97	1255.8	1250.41	1343.45	1299.97	1308.04	1278.43	1347.97	1349.67	1271.03	1295.6	1284.77	1267.12	1329.76	1325.92	1355.72	1293.66	1293.68	1277.25	1321.08	1317.46	1258.79	1383.97	1420.05	1266.6
1374.01	1362.55	1337.65	1303.86	1378.92	1274.57	1373.95	1297.17	1264.59	1259.6	1353.51	1311.23	1317.87	1289.26	1358.28	1359.18	1284.33	1307.92	1294.91	1277.57	1339.83	1333.83	1364.82	1303.14	1302.46	1287.03	1328.31	1327.17	1270.64	1390.57	1429.91	1275.91
1384.46	1373.76	1348.57	1313.42	1387.64	1285.58	1384.2	1307.54	1273.65	1270.59	1364.41	1319.34	1327.48	1299.01	1367.77	1368.9	1291.83	1314.76	1307.35	1287.45	1350.51	1343.68	1375.82	1315.07	1316.55	1299.98	1338.19	1337.19	1278.8	1400.17	1442.47	1289.73
1394.23	1382.12	1356.83	1324.44	1397.09	1295.78	1393.4	1316.2	1284.42	1280.39	1373.34	1328.7	1337.72	1309.05	1377.22	1379.12	1304.31	1323.77	1314.93	1297.41	1359.31	1355.19	1383.92	1322	1321.77	1305.57	1350.18	1348.79	1288.26	1413.31	1449.27	1295.88
1402.86	1391.99	1367.03	1331.43	1407.85	1305	1403.19	1325.31	1294.29	1289.61	1382.88	1339.14	1346.19	1318.6	1386.02	1388.38	1309.55	1336.41	1325.38	1306.58	1369.75	1362.98	1393.7	1333.35	1333.9	1317.27	1357.53	1356.27	1301.06	1418.64	1458.8	1305.11
1413.16	1401.76	1377.59	1341.88	1416.33	1314.15	1412.34	1336.82	1303.83	1299.53	1392.21	1347.91	1356.54	1328.5	1395.6	1397.38	1320.26	1342.83	1332.45	1316.08	1377.77	1371.9	1402.95	1340.69	1340.21	1325.43	1367.21	1365.51	1308.02	1428.27	1471.33	1318.12
1423.22	1411.38	1386.21	1352.95	1426.28	1324.86	1422.79	1344.28	1313.43	1309.95	1401.01	1358.6	1366.28	1337.96	1405.12	1407.1	1329.94	1353.48	1341.78	1325.27	1386.83	1382.86	1412.5	1350.63	1351.73	1334.66	1376.81	1376.3	1317.53	1440.87	1478.21	1323.54
1431.77	1421.53	1395.49	1360.5	1436.17	1332.87	1432.39	1354.3	1322.31	1318.36	1410.33	1366.81	1375.75	1347.4	1416.02	1416.87	1339.44	1362.27	1352.61	1333.56	1398.26	1391.73	1419.97	1362.43	1360.29	1344.72	1386.23	1384.43	1329.07	1446.9	1487.57	1333.04
1440.74	1431.16	1405.13	1370.18	1445.29	1341.77	1441.41	1365.74	1331.46	1328.66	1420.95	1376.86	1384.7	1356.52	1424.26	1426.13	1351.07	1371.67	1361.48	1343.48	1405.7	1401.43	1429.87	1368.27	1369.42	1355.32	1396.94	1393.01	1336.12	1457.2	1498.15	1345.57
1451.11	1439.32	1415.75	1381.02	1454.12	1353.37	1451.08	1373.43	1341.61	1336.01	1429.84	1386.51	1394.07	1366.87	1434.1	1435.08	1356.46	1380.92	1373.37	1352.19	1416.23	1410.81	1438.98	1378.21	1379.62	1363.37	1404.08	1406.01	1345.45	1469.19	1505.63	1352.17
1459.7	1448.78	1424.67	1388.59	1464.24	1361.42	1459.8	1382.39	1350.81	1345.88	1438.9	1394.9	1403.66	1375.3	1443.27	1444.4	1367.69	1389.51	1379.28	1361.29	1424.2	1419.42	1450.5	1388.49	1387.85	1374.34	1414.01	1411.33	1355.43	1475.78	1514.91	1361.67
1469.51	1457.1	1435.14	1398.22	1473.08	1370.6	1469.7	1393.57	1359.04	1356.26	1448.58	1404.43	1413.35	1384.73	1452.21	1453.52	1376.58	1401.54	1389.15	1373.4	1432.97	1430.96	1461.11	1396.21	1401.02	1381.5	1423.13	1421.4	1363.96	1486.76	1527.75	1375.23
1479	1468.04	1442.06	1408.47	1482.73	1380.61	1479.31	1401.16	1368.77	1364.76	1458.88	1413.86	1421.86	1394.79	1462.3	1462.48	1383.89	1408.27	1400.08	1379.3	1444.8	1438.67	1466.25	1405.41	1405.91	1389.93	1432.82	1431.46	1373.66	1493.98	1533.94	1380.63
1486.89	1476.79	1451.76	1416.23	1492.46	1388.89	1487.93	1410.13	1378.41	1373.08	1466.8	1422.53	1431.25	1402.44	1470.6	1472.99	1396.52	1418.82	1407.65	1388.83	1451.06	1448.53	1476.21	1414.94	1417.97	1402.81	1444.24	1439.77	1382.58	1502.65	1544.05	1391.26
1497.76	1485.61	1460.77	1426.04	1501.16	1397.8	1498.12	1420.17	1386.57	1383.61	1476.02	1432.52	1440.16	1412.8	1480.55	1480.73	1403.05	1427.09	1417.89	1397.77	1460.75	1456.54	1485.72	1423.83	1426.06	1409.2	1450.81	1451.9	1391.07	1515.14	1556.36	1400.43
1506.03	1494.64	1469.97	1435.85	1510.04	1407.97	1505.83	1428.76	1396.18	1391.51	1486.2	1441.32	1449.63	1422.15	1490.13	1490.53	1413.39	1435.94	1426.32	1407.8	1471.67	1465.16	1493.67	1435.9	1433.83	1420.25	1460.18	1457.38	1401.04	1521.36	1562.48	1407.13
1514.14	1504.1	1480.21	1444.34	1520.2	1415.75	1515.45	1438.75	1404.82	1401.96	1494.4	1450.58	1459.72	1430.89	1498.23	1499.65	1422.02	1446.31	1434.55	1419.27	1479.55	1475.47	1505.09	1442.57	1447.47	1426.64	1469.53	1467.76	1411.22	1531.16	1571.38	1417.62
1523.64	1513.37	1489.35	1453.3	1528.29	1425.24	1524.58	1447.22	1414.22	1409.78	1503.35	1460.48	1467.7	1441.15	1507.98	1508.36	1429.15	1452.81	1446.07	1424.69	1487.89	1483.17	1511.88	1451.8	1452.19	1436.24	1479.26	1478.35	1418.39	1540.3	1583.09	1426.3
1532.96	1521.37	1498.12	1462.93	1538.88	1436.03	1533.79	1456.08	1423.92	1418.43	1511.89	1468.05	1476.39	1449.42	1516.18	1517.91	1441.41	1462.63	1452.45	1434.15	1497.87	1492.19	1521.46	1460.48	1461.87	1445.99	1489.25	1485.6	1427.18	1549.22	1589.39	1434.4
1542.56	1530.9	1507.22	1471.28	1547.72	1444.07	1543.43	1465.15	1431.92	1427.67	1520.85	1478.05	1485.48	1459.84	1525.65	1526.4	1447.92	1473.86	1461.83	1444.38	1505.77	1502.63	1529.77	1468.48	1470.74	1454.67	1495.75	1497.78	1439.73	1561.88	1598.12	1447.93
1551.27	1542	1516.23	1480.35	1557.59	1453.17	1553.13	1475.23	1440.98	1436.31	1530.59	1487.78	1494.09	1466.83	1535.3	1535.26	1461.13	1480.65	1471.72	1452.2	1516.04	1510.12	1538.49	1480.29	1478.64	1465.49	1504.91	1502.9	1446.47	1567.38	1610.26	1453.12
1560.63	1549.63	1525.79	1489.55	1565.67	1460.95	1561.81	1482.7	1449.32	1446.52	1540.17	1495.85	1504.36	1477.58	1544.1	1546.02	1466.04	1492.26	1479.33	1463.42	1522.23	1521.53	1551.12	1486.43	1492.11	1472.39	1516.15	1511.84	1455.55	1576.21	1616.5	1461.82
