fdt_allch_tau1	fdt_allch_tau2	fdt_allch_tau3	fdt_allch_tau4	fdt_allch_tau5	fdt_allch_tau6	fdt_allch_tau7	fdt_allch_tau8	fdt_allch_tau9	fdt_allch_tau10	fdt_allch_tau11	fdt_allch_tau12	fdt_allch_tau13	fdt_allch_tau14	fdt_allch_tau15	fdt_allch_tau16	fdt_allch_tau17	fdt_allch_tau18	fdt_allch_tau19	fdt_allch_tau20	fdt_allch_tau21	fdt_allch_tau22	fdt_allch_tau23	fdt_allch_tau24	fdt_allch_tau25	fdt_allch_tau26	fdt_allch_tau27	fdt_allch_tau28	fdt_allch_tau29	fdt_allch_tau30	fdt_allch_tau31	fdt_allch_tau32
185.01	166.11	135.3	153.11	177.17	131.43	187.07	130.17	125.85	141.48	184.89	150.36	184.45	146.9	156.92	164.12	170.94	135.84	149.69	134.36	151.38	155.08	179.39	139.02	127.17	161.53	163.24	172.25	135.37	227.06	218.84	104.73
168.8	153.39	126.97	140.87	168.42	115.6	179.17	114.68	108.01	134.2	172.19	136.31	172.92	132.94	143.98	151.84	156.69	126.22	136.35	122.32	135.48	142.31	165.39	128.22	113.41	148.61	150.27	157.4	120.99	212	202.23	96.63
170.19	154.03	126.88	141.33	169.02	115.85	178.27	115.37	109.11	134.26	172.21	134.38	173.14	134.2	145.19	152.13	157.31	126.58	136.38	123.32	135.15	141.54	167.78	128.73	113.51	149.21	149.99	158.36	121.83	213.7	202.78	97.82
170.52	155.68	128.39	142.31	170.05	116.95	179.73	115.89	109.48	133.25	172.12	135.66	174.66	134.28	145.7	153.3	158.92	128.3	136.16	122.22	136.78	143.46	167.96	129.17	114.61	150.66	150.81	159.87	123.51	213.62	204.38	97.84
172.13	155.43	129.06	142.92	170.73	117.98	180.88	116.63	111.22	135.56	172.37	136.86	174.64	137.13	146.58	153.5	158.74	128.41	136.33	122.83	137.09	143.91	169	130.49	116.39	151.12	152.59	160.58	124.16	214.89	205.15	99.27
172.58	157.03	130.31	144.12	171.87	119.08	182.51	117.96	113.75	136.84	174.01	137.8	175.74	135.78	147.05	154.48	159.59	130.17	139	124.45	139.12	145.13	170.11	130.52	116.82	152.88	153.36	161.37	125.38	215.91	205.8	100.01
173.65	158.58	131.2	144.84	173.26	120.07	183.48	119.07	112.59	137.83	175.37	139.02	176.38	137.44	149.15	155.99	160.19	131.31	138.21	125.66	140.08	147.02	171.46	132.4	117.93	153.53	153.19	162.29	125.44	216.97	208.26	100.86
174.4	159.48	132.05	146.24	174.01	120.98	184.32	119.09	114.04	137.77	177.19	141.43	176.56	137.08	149.52	156.41	160.78	131.74	138.9	128.15	140.29	147.04	171.48	133.23	119.06	153.84	155.41	163.44	126.08	217.89	209.55	101.8
175.54	159.8	132.6	146.51	175.5	121.36	184.68	121.36	115.61	138.37	177.93	140.54	178.64	137.74	151.2	157.89	163.05	131.97	141.67	127.73	142.06	148.75	173.67	133.8	119.18	154.87	156.39	163.72	127.55	219.39	209.02	103
175.79	161.1	134.17	147.25	175.83	122.35	185.25	121.18	115.9	140.37	178.38	141.69	179.2	139.46	151.3	159.35	162.02	134.75	142.46	126.87	142.64	150.27	174.97	136.4	121.85	155.04	157.09	164.96	128.67	219.94	210.14	103.32
178.23	162.44	134.69	148.38	176.3	123.46	186.13	123.32	116.77	140.56	181.45	143.62	179.69	140.3	152.54	159.94	165.37	135.01	143.38	130	143.68	150.51	174.93	136.66	122.38	156.41	157.82	166.18	129.37	221	212.08	104.55
178.44	162.88	135.95	149.53	178.3	125.62	187.75	123.71	118.98	142.03	180.13	143.55	182.42	142.59	153.87	160.65	164.57	134.71	143.29	131.41	144.68	150.47	177.2	136.58	122.85	158.03	158.93	167.59	131.08	222.01	213.38	105.84
179.53	165.77	137.03	150.28	179.21	125.68	188.94	125.44	119.86	142.16	182.27	144.68	183.37	143.33	154.89	161.8	166.37	136.93	145.21	131.04	145.13	152.55	176.58	139.28	124.84	158.65	159.93	167.92	131.79	222.2	214.05	106.13
180.11	166	137.89	151.17	180.06	127.17	189.68	124.87	119.51	142.5	183.1	144.3	181.56	142.9	155.53	163.5	166.85	136.98	146.07	132.58	145.82	151.85	177.92	138.44	125.72	160.08	161.49	168.83	132.13	223.48	215.43	107.82
181.65	165.66	139.19	152.61	180.38	127.79	190.51	126.25	119.56	143.27	183.68	147.84	183.29	143.96	156.31	164.52	168.56	139.33	146.35	132.96	147.34	154.51	180.59	140.84	125.53	160.3	162.35	170.01	133.91	224.75	215.78	108.77
182.39	167.43	139.97	152.81	182.03	128.67	191.73	128.18	122.2	145	184.51	147.37	185.01	145.1	158.59	164.4	168.04	140.25	148.68	134.9	148.24	155.41	180.65	140.05	127.37	161.46	163.31	170.91	134.96	225.73	215.53	109.51
183.2	168.77	141.56	154.79	182.41	128.87	192.83	129.24	123.66	146.02	185.52	147.81	185.78	145.53	159.3	165.64	169.54	140.18	149.67	135.51	149.89	156.18	181.72	141.82	126.69	161.3	163.98	172.3	135.98	226.24	216.62	110.73
185.13	169.5	142.22	155	184.2	130.14	193.44	130.08	123.97	145.88	186.76	149.17	186.74	145.78	160.98	167.35	169.67	139.64	148.25	135.75	150.67	156.95	181.45	143.85	129.94	162.6	164.48	172.59	136.51	227.33	218.05	111.98
185.99	171.12	142.7	155.52	184.78	131.24	194.73	130.68	124.22	146.51	187.1	150.72	187.08	146.79	161.24	168.04	170.61	143.44	151.34	137.3	151.64	158.21	183.48	144.12	130.65	163.86	164.97	172.99	137.37	228.77	219.51	112.29
187.09	172.33	144.22	157.16	185.95	131.6	195.65	132.1	125.37	146.04	190.1	152.68	188.59	147.8	161.26	168.89	171.71	143.25	151.57	137.52	152.53	158.42	184.66	144.72	130.74	164.58	167.31	173.56	138.51	229.64	221.43	114.41
187.83	173.66	145.46	157.85	186.36	133.12	196.87	132.91	126.83	148.49	189.58	152.09	189.64	148.02	163.73	169.75	172.88	143.66	152.03	139.34	152.92	161.14	184.43	145.5	132.33	164.38	167.36	175.66	138.85	230.83	221.89	114.84
187.97	173.17	145.91	158.29	187.51	134.23	197.24	133.45	128.8	149.31	192.02	153.82	189.75	150.95	164.17	170.56	172.86	144.52	153.82	138.73	154.86	162.08	185.53	147.09	133.96	165.64	168.26	176.05	139.82	230.54	223.81	115.74
189.76	175.1	147.5	159.3	188.75	135.04	198.28	134.37	129.06	148.92	192.21	154.74	190.94	150.89	165.67	172.74	174.53	145.24	153.62	141.13	155.2	163.05	187.56	148.56	134.41	167.46	169.77	176.87	140.99	232.07	224.52	116.72
191.32	175.7	148.59	160.24	189.96	135.72	199.88	134.84	131.25	151.14	193.48	155.55	191.51	151.4	166.13	174.08	174.99	147.45	155.37	141.18	157.34	163.69	186.56	148.58	135.47	168.33	170.34	178.4	141.42	233.56	225.22	118.77
191.65	176.03	150.04	160.97	190.93	135.84	200.15	136.74	131.07	151.87	193.16	156.59	193.04	152.29	166.6	172.54	176.46	147.22	155.55	143.27	157.21	164.65	186.9	148.22	136.26	168.3	171.14	179.13	141.96	233.63	227.2	118.14
192.61	177.16	150.05	161.93	192.23	137.47	201.27	136.9	130.42	152.57	194.06	156.79	193.25	154.49	169.29	174.08	176.85	149.54	158.38	143.46	158.73	165.22	188.44	149.31	138.11	169.45	172.68	180.23	143.33	235.55	227.1	119.45
193.84	178.66	151.09	163.33	193	138.32	201.35	137.99	130.45	152.4	194.89	157.6	193.53	153.42	169.64	174.84	178.2	149.13	157.85	143.96	159.89	166.91	189.59	151.44	138.57	169.69	173.47	180.95	144.46	235.57	228.43	120.93
194.25	179.53	151.96	163.66	194.1	138.6	202.88	139.68	133.36	154.67	197.09	159.15	195.23	155.63	170.09	177.2	177.6	150.33	159.4	145.43	160.47	166.99	190.69	153.49	139.3	171.7	174.64	182.18	144.65	236.43	229.52	121.07
195.82	180.33	153.68	164.91	194.34	139.86	202.98	139.96	133.43	155.42	197.07	160.47	196.07	155.7	171.5	177.36	180.33	151.19	159.85	146.15	162.61	167.65	193.95	151.67	140.77	171.21	175.4	182.28	145.4	237.41	230.05	122.89
196.46	181.82	154.04	165.86	195.89	140.51	204.38	141.32	135.51	155.41	197.39	161.91	196.79	156.46	173.17	179.45	180.93	152.16	160.08	148.08	163.46	169.18	193.73	153.34	140.85	172.83	176.47	184.08	147.08	238.06	231.91	122.87
197.17	182.67	155.32	167	196.47	141.85	205.58	141.47	136.05	157.04	199.89	161.26	197.92	158.32	173.75	179.52	181.12	151.96	162.28	148.14	162.88	169.94	194.03	154.39	141.6	174.32	177.09	184.74	146.75	239.12	232.15	124.44
198.45	183.51	156.7	167.91	197.98	142.54	207.03	142.63	136.09	157.23	198.56	163.44	197.67	158.77	175.54	181.17	182.79	154.19	162.4	150.98	164.51	169.61	196.03	156.25	143.11	173.86	178	185.96	148.38	241.01	233.16	125.68
199.55	184.28	157.63	168.71	198.15	143.87	207.19	143.37	136.71	156.88	200.82	164.74	198.41	160.18	174.85	181.81	182.97	154.74	163.04	150.59	165.59	171.96	195.65	157.32	143.6	175.15	178.82	186.3	149.57	241.68	234.94	126.68
200.22	185.2	158.6	169.22	199.07	144.07	208.79	144.23	138.93	159.4	201.85	164.53	199.67	160.46	177.15	183.65	183.54	155.51	163.98	151.78	166.94	173.18	196.91	157.9	144.07	176.03	179.84	187.35	150.66	241.4	235.82	127.22
201.55	186.62	158.46	169.7	201.1	144.67	209.98	144.88	140.25	160.88	202.36	165.38	201.12	160.54	177.46	184.53	184.36	157.4	164.62	151.41	167.55	174.09	196.24	158.89	145.24	177.99	180.61	188.83	151.23	242.33	236.01	129.34
201.8	186.73	159.97	170.58	200.58	145.22	210.53	145.48	140.01	159.89	202.22	165.55	201.3	162.09	177.79	185.79	185.14	158.59	165.52	151.65	168.36	173.16	198.36	160.39	145.92	179.16	182.01	189.08	151.53	243.97	237.91	130.13
202.82	187.94	161.61	171.96	202.4	146.49	210.79	147.03	140.83	161.77	204.03	167.31	202.21	162.54	179.44	184.94	185.16	159.2	167.03	152.45	169.54	175.89	198.68	159.52	147.68	178.93	182.63	190.47	152.5	245.03	238.41	130.87
203.74	189.27	161.88	172.82	203.08	147.24	212.16	147.94	141.36	162.03	204.79	166.54	203.48	164.12	179.64	186.68	186.31	160.84	168.73	154.52	170.54	175.92	199.75	162.28	148.58	179.65	183.49	191.14	154.66	245.89	239.14	131.79
205.09	189.76	162.75	173.36	204.5	147.77	212.54	148.41	142.69	162.96	205.42	168.95	203.88	164.01	180.54	187.1	186.15	161.33	169.86	153.95	172.7	176.75	202.99	161.6	149.26	180.73	184.52	192.26	154.03	246.46	239.47	132.7
206.19	191.63	163.95	174.37	204.96	149.2	213.94	149.57	144.53	163.68	206.59	169.85	205.44	166.12	181.23	189.19	188.51	161.18	170.01	155.24	173.18	179.03	204.1	163.16	149.37	181.4	185.84	192.87	155.53	247.55	239.69	134.12
207.68	191.96	164.98	174.92	206.3	150.15	214.51	150.88	144.59	163.43	206.99	171.28	206.36	166.2	183.01	189.37	188.55	163.37	170.7	156.55	174.41	179.36	204.23	164.29	151.27	181.78	186.69	193.76	156.23	248.33	242.05	133.85
207.17	193.2	165.8	176.13	207.52	150.2	214.78	151.13	146.49	165.11	209.6	172.27	207.56	167.09	184.31	191.18	189.95	163.35	171.8	156.4	174.01	181.25	204.8	165.95	152.07	183.27	187.25	194.6	157.81	249.12	243.25	134.84
208.53	193.65	166.69	177.27	208.09	151.86	216.53	152.26	147.39	164.69	208.91	171.84	207.57	168.03	184.62	190.88	190.1	163.88	172.14	158.26	174.91	180.07	205.23	167.7	152.57	184.33	187.56	195.73	158.34	250.39	244.17	136.21
209.45	195.13	167.56	177.97	208.82	152.16	217.19	152.51	146.49	164.69	210.91	173.59	209.48	168.8	186.55	192.5	192.98	165.18	173.12	159.61	176.4	182.39	206.83	167.05	154.36	184.77	189	196.37	159.64	251.91	245.32	136.54
210.1	196.01	169.02	178.44	209.74	152.54	217.93	154.1	149.5	167.26	212.95	173.88	209.04	170.25	186.56	192.87	192.33	166.81	173.47	159.78	178.16	183.42	207.6	168.99	155.11	185.77	189.61	197.2	158.57	252.85	246.49	137.91
211.35	196.58	169.69	180.24	210.42	153.76	219.22	154.58	149.13	169.07	210.6	175.72	210.53	171.42	187.45	194.6	194.1	168.48	174.25	161.59	178.81	183.82	209.97	167.55	155.12	185.77	191.57	198.19	160	252.73	247.09	138.58
212.17	197.86	170.43	180.74	210.82	154.68	219.71	156.3	149.55	167.86	212.77	176.88	211.8	171.06	190.03	194.6	193.06	168.62	175.67	163.98	180.23	183.68	209.62	169.96	156.48	187.34	191.62	198.7	161.61	253.27	247.81	138.91
212.9	199.08	171.12	181.37	212.25	155.89	221.45	156.29	150.34	170.57	215.13	177.23	211.69	173.23	190.71	196.57	194.86	169.67	175.91	162.52	181.4	185.62	209.47	169.5	157.54	187.8	192.51	200.04	161.97	255.33	248.57	140.47
213.55	199.13	172.58	182.48	213.78	157.31	221.66	157.5	151.13	169.79	214.93	177.63	212.85	172.65	190.24	197.36	196.09	170.3	177.59	164.4	180.73	186.58	210.53	171.94	157.58	188.34	193.33	200.66	163.14	254.76	250.02	141.36
214.9	200.05	172.96	182.54	214.4	157.34	222.26	158.56	152.55	170.89	216.92	178.93	212.6	174.46	191.54	196.57	195.92	170.84	178.81	163.95	182.51	187.9	213.19	172.39	159.1	190.97	195.19	201.13	164.13	256.34	251.79	142.12
215.96	200.84	174.62	184.36	215.03	158.87	222.78	158.93	152.95	170.76	216.59	177.91	214.22	175.11	192.85	198.36	197.23	171.7	178.37	166.07	182.93	188.71	211.93	173.62	160.45	190.88	195.41	201.88	164.4	258.06	252.18	142.78
215.7	202.69	175.08	184.3	215.61	159.19	224.93	159.8	154.59	172.57	218.13	180.84	214.85	176	193.1	199.44	196.81	172.77	180.31	165.43	185.01	190.01	214.39	173.63	161.69	191.51	196.14	202.99	165.97	258.38	253.62	143.83
217.05	202.45	175.75	186.2	217.02	161.05	225.52	160.97	154.09	174.21	217.25	181.13	216.76	176.03	194.52	200.12	198	172.9	180.28	167.29	183.97	190.64	214.7	174.65	161.26	192.68	197.24	204.27	166.52	259.87	254.61	145.03
218.09	204.27	177.51	186.56	217.96	160.58	226.3	161.85	154.83	174.12	218.4	181.93	217.51	177.78	195.44	201.56	199.18	174.26	182.08	169.12	187.13	191.81	216.81	177.62	163.15	192.88	197.65	204.03	166.49	261.66	255.6	146.03
218.37	205.42	177.11	188.42	218.91	161.42	226.81	163.03	155.85	173.53	220.1	183.42	217.72	178.39	195.73	203.82	200.58	175.74	182.41	167.32	186.83	191.71	216.74	176.96	163.61	194.79	199.07	205.33	168.26	261.85	256.34	146.9
219.65	206.16	179.33	188.45	220.31	161.47	227.58	163.38	157.49	174.74	220.86	184.68	217.77	179.18	197.01	204.17	201.94	176.59	183.16	169.3	187.64	192.61	215.47	178.78	164.69	194.28	200.4	206.29	168.68	263.05	257.55	147.35
221.1	205.99	179.78	189.61	220.24	163.51	228.97	164.14	157.07	176.72	221.29	184.88	218.1	179.44	197.67	203.95	202.29	175.51	184.01	171.1	188.67	194.26	217.99	179.58	165.33	195.83	200.34	206.9	168.81	264.38	257.76	148.87
221.77	207.96	180.76	189.93	221.68	164.28	230.15	165.18	157.86	178.01	221.52	186.06	219.98	180.62	198.18	205.32	202.03	178.2	185.02	171.55	188.83	194.23	220.19	180.27	166.71	196.23	201.56	207.32	170.01	264.1	258.88	149.8
222.48	208.56	181.7	191.25	222.51	165.34	230.34	166.4	159.36	178.31	222.65	186.72	220.44	182.03	200.64	204.85	202.65	178.82	186.02	172.45	191.35	195.7	220.45	180.51	167.4	196.76	202.13	208.29	171.02	265.07	259.41	150.1
223.11	209.53	181.93	191.67	222.39	165.97	231.34	166.59	160.43	178.24	223.85	187.59	222.32	182.48	201.36	207.1	203.5	178.66	185.8	172.83	192.89	197.27	221.1	181.76	168.73	197.9	202.49	210.11	171.28	265.81	260.11	150.98
223.44	211.11	184.2	192.86	223.57	166.06	232.45	167.78	161.53	179.43	224.03	188.42	222.23	183.18	200.87	207.14	204.85	180.38	187.16	173.37	193.04	198.1	223.24	182.02	168.89	198.38	204.14	210.18	172.47	266.06	261.69	151.35
225.54	211.07	184.37	193.34	224.87	166.96	233.12	168.94	161.68	180.16	228.12	190.19	222.39	184.58	203.22	209.08	206.04	181.86	187.6	176.33	193.08	198.42	222.19	182.79	169.88	199.04	204.87	211.33	173.05	267.99	261.46	152.67
226.26	212.56	185.23	194.09	225.73	167.82	234.5	169.94	163.51	180.36	227.13	190.14	223.11	184.74	204.13	209.49	206.02	182.86	188.76	174.75	195.07	199.11	222.8	183.21	170.59	200.17	205.22	212.11	173.88	268.86	263.05	154.11
226.4	213.77	186.42	195.09	226.88	168.64	235.6	170.02	163.13	181.47	226.96	190.45	224.04	185.78	204.57	210.86	206.33	183.63	189.62	177.04	195.4	199.44	223.99	183.88	172.14	200.52	206	212.29	175.77	268.85	263.65	153.85
227.59	214.16	187.24	195.83	227.58	170.46	235.66	171.28	165.33	181.73	228.1	190.89	225.18	186.52	205.1	212.2	206.59	183.48	191.84	177.48	195.22	200.48	226.34	185.98	173.38	201.41	206.96	214.02	175.8	270.22	264.82	154.77
228.56	214.61	188.32	196.92	228.63	170.3	236.35	171.72	166.4	181.76	228.76	191.72	225.53	187.24	206.42	211.12	207.18	183.41	191.92	177.16	197.18	200.68	226.67	184.92	173.72	203.27	207.63	214.04	177.17	270.15	266.33	156.55
229.47	215.74	189.52	197.52	228.98	171.3	236.96	172.17	165.5	184.36	229.51	193.86	227.35	187.31	207.45	213.15	209.27	185.14	192.37	180.13	197.92	203.29	227.47	187.53	173.3	203.16	208.54	215.13	177.67	271.29	267.67	156.98
230.08	216.58	190.08	197.42	229.49	172.1	237.81	174.14	167.7	185.3	230.39	194.79	227.67	189.02	208.35	214.32	209.23	186.59	193.06	180.15	198.41	203.55	226.97	188.22	175.37	204.47	209.83	216.36	178.13	273.3	268.7	157.77
230.48	217.01	190.37	199.05	231.01	172.37	239.03	174.4	168.27	185.95	231.4	194.71	228.63	189.72	209.39	214.88	211.47	186.87	194	179.41	199.41	205.54	229.2	188.6	175.04	204.56	210.39	216.96	178.46	273.98	269.19	159.39
232.03	217.63	192.48	199.64	231.22	174.63	239.62	175.89	168.53	185.26	231.85	196.96	229.39	190.5	208.3	215.51	211.17	188.43	195.29	182.08	200.28	204.98	229.68	190.15	177.01	205.16	210.98	218.23	180.13	274.14	269.9	159.98
233.42	218.96	192.73	200.44	232.63	174.4	241.13	176.63	169.6	187.3	233.85	197.05	229.37	190.96	211.71	216.29	211.16	189.15	195.09	181.81	200.43	206.77	231.84	191.55	178.98	205.62	211.62	218.45	180.71	275.14	271.71	160.6
233.56	219.7	193.35	201.15	233.69	174.72	241.58	177.21	169.98	187.68	233.79	198.03	230.69	191.88	210.8	217.22	212.24	190.85	196.92	182.34	201.78	207.04	232.28	192.05	177.72	206.77	212.3	219.64	181.74	275.7	270.63	161.41
234.26	220.64	194.43	201.3	234.7	176.59	242.12	177.54	170.84	187.39	234.63	198.01	231.34	192.98	213.06	218.59	213.66	189.18	197.78	184.22	202.04	208.21	231.85	191.81	179.61	208.35	213.24	220.84	182.02	277.61	273.15	162.39
234.72	221.74	195.18	202.23	234.5	176.95	242.96	178.66	171.28	186.79	235.34	199.27	231.47	193.32	212.05	219.43	215.28	191.02	196.9	185.04	204.87	209.53	234.26	193.77	180.45	207.97	214.85	220.67	182.86	276.39	273.53	162.45
235.52	222.69	195.91	204.07	236.95	178.05	244.51	179.23	171.84	189.55	235.41	199.61	232.8	193.95	213.59	219.78	215.38	193.53	197.57	186.3	204.26	209.51	234.11	193.03	180.63	209.19	215.3	221.87	184.01	278.24	274.66	163.87
237	223.61	197.08	204.38	236.3	178.32	244.29	181.03	173	190.45	237.2	200.64	233.99	195.84	214.4	220.56	214.89	192.41	200.21	186.35	206.74	210.15	235.67	193.61	182.76	209.11	216.31	223.18	185.38	278.92	274.66	164.86
237.12	224.26	197.38	205.09	238.16	179.98	246.33	181.46	174.07	191.14	237.6	201.19	234.23	196.64	215.21	221.4	215.91	194.62	200.51	185.56	208.09	210.68	235.44	195.86	181.58	209.97	216.5	223.23	185.78	280.06	275.27	165.36
238.79	224.83	198.38	205.77	239.48	180.39	246.51	182.34	175.32	191.55	239.55	201.99	235.34	197.3	215.8	222.6	216.78	195.13	199.67	186.79	207.75	211.78	236.95	195.42	183.66	211.49	217.04	224.31	186.63	280.65	276.28	166.42
239.5	226.17	199.79	206.37	240.14	180.9	247.02	183.37	175.32	190.97	240.18	203.42	235.3	198.07	215.82	223.74	217.19	195.53	200.48	189.1	207.63	213.37	237.36	196.58	186.34	211.54	218.92	225.15	187.43	281.04	276.98	165.91
239.96	227.42	200.31	207.62	240.96	181.43	248.78	183.96	175.45	192.08	241.25	203.88	237.33	197.66	217.97	223.44	218.43	196.85	201.93	189.67	209.81	212.34	237.82	197.52	185.08	212.98	219.32	225.53	188.36	282.32	277.74	168.17
239.92	227.62	200.87	207.85	241.15	183.21	248.43	184.13	177.48	193.92	240.07	206.11	236.92	197.24	220.68	225.13	218.16	197.85	203.64	190.68	209.5	212.64	240.32	198.28	186.41	213.28	220.11	226.42	188.38	283.08	278.97	168.73
242.2	227.97	202.07	208.84	242.09	182.64	250.18	185.55	178.47	194.12	241.82	204.78	238.28	199.5	219.76	225.92	219.78	198.2	204.22	190.13	211.09	214.92	241.04	198.67	187.41	214.94	220.32	227.25	189.16	284.04	279.51	169.1
242.65	229.38	202.76	209.56	242.7	183.63	250.24	185.51	178.35	194.67	243.9	207.02	239.46	200.98	221.02	227.76	220.98	199.01	205.76	192.64	212.05	216.16	240.84	199.66	187.98	215.41	221.28	227.9	190.73	284.95	280.39	170.03
244.09	229.89	203.63	210.58	243.91	184.85	251.61	186.65	180.56	195.92	244.82	208	238.59	200.8	220.88	227.74	220.7	201	204.69	193.33	212.35	217.09	242.22	201.39	189.57	215.6	222.28	229.39	190.17	285.48	281.62	170.54
244.92	230.91	204.29	211.46	244.24	185.36	251.8	188.47	179.2	195.36	244.99	207.64	239.71	201.83	222.59	229.31	221.9	200.87	205.16	191.61	213.15	217.83	243.74	201.76	189.25	216.21	223.07	229.45	191.47	286.35	282.29	171.55
245.49	232.34	205.98	212.42	245.08	186.43	253.34	188.69	180.52	196	245.78	208.99	240.9	201.65	223.09	229.1	221.52	201.4	207.45	195.31	213.58	217.92	244.4	202.9	189.92	217.81	224.32	230.73	193.01	287.07	283.52	173.28
246.47	233	206.22	212.57	245.8	186.12	254.38	189.07	182.68	197.54	245.85	209.14	241.95	203.66	224.36	230.44	224.75	202.71	207.24	194.74	215.44	218.4	245.99	203.93	190.82	216.86	224.18	231.07	192.98	288.97	284.11	173.25
247.11	233.66	207.09	213.53	247.52	187.56	255.68	190	183.38	197.58	247.14	209.91	242.86	203.85	225.11	230.57	224.5	203.23	208.08	195.86	214.74	220.76	245.47	204.75	191.09	219.21	225.3	232.5	194	288.87	284.83	174.33
247.67	234.09	207.95	214.22	248.39	188.51	256.1	190.66	182.99	198.4	248.81	210.36	243.29	205.8	225.78	231.84	224.09	203.45	209.57	196.86	216.87	221.33	246.36	205.04	192.83	219.04	226.61	232.38	194.97	289.56	286.17	175.13
248.68	235.79	208.09	214.46	248.53	189.11	256.63	191.97	184.13	199.63	249.67	211.67	243.48	205.95	226.33	232.33	225.48	203.65	210.92	197.29	217.94	221.25	247.14	206.66	192.93	219.85	226.4	233.3	196.04	290.7	286.92	176.12
249.62	236.04	210.12	215.35	249.86	189.42	257.72	192.64	185.93	199.76	249.41	212.91	245.08	205.22	227.37	231.98	226.62	204.44	211.15	198.28	217.58	222.64	248.48	207.63	193.72	221.34	228	234.41	196.53	291.19	287.59	177.05
250.13	235.93	209.31	217.74	250.34	190.41	258.67	193.62	185.07	201.68	251.91	213.97	245.94	206.63	228.85	234.94	226.87	207.49	212.5	198.25	219.4	222.55	249.14	207.21	196.27	222.54	228.46	235.03	197.81	291.5	288.56	177.36
251.26	237.71	210.67	217.38	251.37	191.51	259.36	194.65	186.72	202.68	250.27	215.02	246.39	207.43	229.52	234.63	226.88	206.02	211.62	199.96	219.04	224.53	249.26	207.13	195.41	222.09	229.51	235.66	197.23	292.34	289.21	178.26
251.83	237.8	211.08	217.92	251.82	192.51	260.41	194.84	188.27	202.09	252.12	215.54	247.4	207.16	230.31	235.16	227.94	207.9	212.8	200.74	221.26	225.39	250.38	209.34	197.41	223.48	230.18	236.77	198.38	293.07	289.74	179.06
252.86	239.48	213	219.12	253.18	193.25	261.83	195.38	189.29	203.49	251.01	216.38	247.73	209.35	229.81	236.1	228.99	207.08	213.01	200.83	221.5	225.75	250.68	209.76	198.25	223.43	231.09	237.37	199.6	294.21	291.05	179.88
253.43	240.23	214.08	219.25	253.28	193.61	261.79	196.66	189.66	203.05	253.8	217.64	248.48	209.85	231.51	236.31	228.89	209.37	214.7	201.52	222.35	226.98	251.16	209.3	197.94	224.3	232.62	237.73	199.29	294.67	291.93	180.28
254.28	240.57	214.62	219.76	254.98	195.01	262.42	196.65	189.9	203.8	255.19	217.3	249.86	210.17	232.77	237.55	230.03	211.23	215.59	203.51	223.69	227.85	251.98	212.66	198.49	224.77	232.06	238.58	200.21	295.58	292.19	182.61
255.36	242.04	215.14	221.07	255.62	194.61	263.2	198.01	190.1	202.66	255.15	217.09	250.86	209.66	234.41	239.48	231.78	210.65	216.54	202.3	224.4	228.05	254.89	211.44	199.94	225.06	232.82	240.5	201.91	296.88	293.9	181.38
256.35	242.76	216.87	221.59	257.65	195.52	264.15	198.91	191.08	204.91	254.59	217.5	250.37	212.23	233.73	239.32	230.88	211.8	216.51	204.35	225.96	229.89	254.93	213.73	201.01	226.86	234.81	240.53	202.33	297.53	295.17	182.36
257.61	243.46	216.24	222.25	258.6	197.08	264.72	199.37	193.16	204.73	256.58	220.2	251.65	212.64	234.91	240.68	232.77	211.87	217.21	205.28	226.04	229.09	257.79	213.91	201.3	227.02	234.72	240.85	202.22	298.1	295.79	184.8
257.47	244.61	218.05	223.51	259.13	197.61	265.91	200.14	192.54	205.97	257.48	220.24	251.83	212.13	236.46	241.46	231.93	211.09	216.09	204.59	226.26	230.01	255.73	213.57	202.34	228.1	235.97	241.95	203.95	299.69	297.24	184.52
265.45	251.61	225.42	230.39	266.37	204.29	272.94	207.6	198.77	213.02	265.09	227.71	259.92	219.65	244.16	248.74	239.19	220.23	225.19	213.64	234.44	238.78	265.78	222.28	209.02	235.46	242.78	249.93	210.61	306.63	304.75	192.32
273.8	260.68	233.12	236.99	274.51	211.23	280.41	215	207.26	219.25	272.16	235.3	266.33	227.84	252.44	258.41	247.16	226.71	234	219.84	242.27	245.54	272.36	229.3	217.82	241.18	250.13	258.13	217.21	314.25	312.35	199.7
281.23	268.42	241.16	245.49	281.74	217.13	288.08	221.78	214.47	224.75	280.28	241.77	272.63	233.71	260.42	266.04	252.24	235.29	241.14	226.58	250.66	254.73	279.72	237.34	224.93	248.32	258.42	265.5	224.46	322.12	321.26	207.17
288.73	275.93	248.77	251.63	290.07	225.21	294.88	229.56	221.31	230.86	286.98	248.46	279.72	240.89	267.09	272.21	260.28	243.18	247.54	233.26	258.25	261.27	288.57	243.3	232.1	256.2	265.41	271.49	231.2	328.74	328.62	215.04
296.15	283.59	256.32	259.4	297.18	231.36	302.89	235.87	226.1	236.5	293.58	257.16	285.98	247.18	274.96	281.01	265.16	250.25	253.71	240.57	264.5	268.45	292.93	250.11	238.83	261.66	272.61	279.08	238.65	336.09	335.51	221.21
303.43	290.5	264.58	266.13	303.91	238.36	309.97	242.89	232.24	242.77	299.48	263.68	292.03	254.09	282.12	287.02	271.07	258.45	259.97	247.12	272.89	275.18	301.48	258.53	245.88	269.46	278.49	285.59	243.66	344.27	343.18	227.45
311.06	297.75	270.71	272.2	311.03	244.48	316.63	250.35	239.62	248.5	307.8	270.23	298.73	261.19	289.63	293.29	279.05	263.54	266.01	253.94	279.23	282.07	308.28	265.37	252.84	273.85	286.47	291.86	250.34	348.77	350.43	235.75
317.54	304.61	277.72	278.4	318.18	251	322.96	257.09	246.63	254	313.77	275.58	305.09	266.88	296.19	300.64	283.69	270.26	274.06	259.69	286.49	290.35	316.29	272	260.81	280.56	291.77	298.44	256.95	355.25	358.76	241.23
324.51	311.53	284.23	284.59	325.13	257.92	330.05	263.22	253.32	259.78	321.05	282.36	310.6	272.71	302.99	307.18	290.54	277.8	278.81	268.16	294.65	295.87	322.6	277.83	267.47	287.39	298.11	304.62	264.07	363	364.52	247.86
330.71	318.4	291.27	290.36	332.23	263.95	336.06	270.34	258.58	265.61	326.9	288.18	316.48	278.92	309.54	314.66	294.65	282.66	285.1	272.05	300.3	300.62	328.23	284.18	272.99	291.68	305.39	312.64	268.94	369.3	372.01	255.79
337.24	325.58	297.74	297.31	338.75	269.26	342.56	275.69	264.4	272.1	332.19	294.21	321.91	284.52	316.41	321.27	299.56	289.98	290.99	278.79	306.65	308.7	336.08	290.25	279.89	298.36	310.96	317.62	275.45	375.02	379.07	261.27
344.05	331	304.21	302.33	344.48	275.23	348.88	281.6	271.58	276.01	338.85	300.14	327.48	289.22	321.84	327.74	307.01	296.56	295.9	285.25	312.99	315.02	341.99	295.58	285.17	303.35	317.44	323.85	279.96	382.73	385.75	267.17
350.73	337.96	311.55	308.88	350.92	281.4	354.3	288.09	276.49	279.96	345.08	306.78	333.57	295.36	329.8	333.69	308.61	302.05	301.78	289.67	319.85	321.57	344.58	302.78	291.22	309.23	323.49	330.04	286.81	386.69	392.67	273.5
356.25	344.91	316.96	314.42	356.89	287.22	360.25	293.55	281.86	286.15	350.69	311.44	338.51	300.73	336.32	338.3	315.88	307.35	307.74	296.6	327.17	328.09	352.54	306.87	298.14	313.55	328.57	335.86	291.18	392.7	398.37	279.08
362.43	349.71	323.65	319.8	363.19	292.18	366.67	299.09	286.92	290.25	355.54	318.88	342.85	303.82	341.05	345.34	321.64	313.82	315.53	301.18	332.21	331.88	357.36	312.66	303.34	318.94	334.92	340.65	297.55	400.45	404.68	284.76
368.45	356.03	329.77	324.55	369.65	297.28	372.23	305.34	293	295.27	361.05	324.24	347.72	311.46	347	351.52	324.35	318.13	318.2	306.53	337.51	339.62	366.73	320.01	310.15	324.72	340.58	346.04	301.67	404.62	412.06	291.28
375.8	362.86	335.63	330.95	374.78	302.23	378.49	310.76	296.81	300.45	366.22	328.99	352.59	316.37	352.76	356.3	328.97	324.31	323.76	313.21	342.91	343.85	371.56	325.54	313.81	329.02	346.24	351.81	307.36	410.53	417.34	295.35
380.71	368.01	340.81	335.54	381.74	307.17	384.07	316.35	302.57	303.83	371.83	335.15	357.67	322.41	360.42	363.49	334.87	329.7	328.87	316.54	348.91	350.86	377.79	330.38	319.61	333.65	350.62	359.32	314.63	416.96	424.06	301.51
386.17	373.88	346.64	341.04	386.61	312.8	389.78	321.37	307.4	308.96	377.33	338.19	363.05	326.21	364.08	369.16	338.52	335.9	335.39	321.13	355.56	355.37	383.14	334.42	327.02	340.16	356.44	362.48	316.47	421.85	429.24	307.31
392.35	380.74	351.53	345.13	392.17	317.69	395.46	326.15	312.02	312.77	381.82	344.18	368.15	330.18	370.11	374.28	344.82	340.58	340.5	327.76	360.99	360.56	387.54	339.51	330.26	343.63	361.96	367.31	322.4	426.12	434.99	312.15
398.04	385.03	358.09	350.16	397.93	323.12	399.59	332.19	317.09	317.1	388.33	348.13	371.89	335.86	375.17	378.67	348.78	344.13	343.74	331.82	368.16	364.42	394.57	345.27	336.57	347.97	366.53	372.48	329.27	433.74	442.25	317.08
402.79	390.36	362.25	355.42	402.51	326.9	404.73	335.91	321.88	321.09	392.58	353.67	377.11	340.69	382.49	385.12	352.25	349.27	348.72	337.19	371.6	371.65	398.01	350.56	342.11	353.11	373.2	377.3	331.96	436.43	446.42	323.41
407.92	396.35	367.45	359.87	408.19	331.51	410.23	340.43	326.32	325.04	398.57	357.62	381.29	343.52	385.14	389.65	357.77	354.22	354.51	340.7	376.55	375.29	402.97	356.6	345.66	356.77	376.47	383.59	335.7	441.44	452.03	327.11
413.53	400.77	373.99	363.91	413.49	336.07	414.49	346.36	330.37	329.31	402.77	362.55	385.48	348.95	389.79	395.18	358.05	359.7	357.48	345.68	381.53	380.69	409.28	359.11	351.37	361.01	381.3	387.26	342.41	447.71	458.45	332.47
418.57	405.45	377.97	369.16	417.43	340.99	419.52	350.58	334.29	332.33	407.06	366.78	390.03	351.58	396.5	399.84	364.77	364.3	361.71	351.82	386.72	385.25	412.87	364.18	356.3	365.01	386.52	391.62	344.82	450.92	462.16	337.4
423.29	411.06	383.33	374	422.67	344.74	424.04	355.04	339.42	336.21	411.05	371.54	393.93	357.52	400.5	404.94	368.19	368.98	366.3	353.6	393.17	390.73	416.56	369.42	360.03	368.89	390.74	397.09	349.52	455.07	468.45	340.39
428.31	414.8	389.11	378.7	428.48	349.83	428.93	360.37	342.92	342.02	415.21	375.97	397.15	360.58	406.05	409.27	371.58	372.46	369.71	358.95	396.51	394.87	420.44	371.44	365.81	374.32	395.18	400.73	355.38	460.95	474.51	346.17
432.62	420.13	392.7	381.68	432.12	353.77	433.48	363.68	348.15	344.13	419.94	379.99	401.1	364.41	410.15	413.77	378.19	376.85	373.92	363.7	400.27	398.89	425.78	378.64	367.72	376.17	400.05	406.08	357.31	463.94	478.81	349.99
436.9	425.71	397.8	386.15	437.1	357.56	436.78	368.04	350.81	347.64	424.18	385.34	404.56	368.38	414.64	418.07	379.35	381.81	380.46	366.85	405.92	404.44	430.05	382.2	373.2	381.98	403.4	409.67	361.47	468.82	484.11	352.95
442	429.41	402.26	391.08	441.49	361.78	442.66	372.81	355.41	351.35	427.61	388.82	407.84	373.02	418.92	422.3	383.19	386.74	382.64	371.73	410.07	408.15	434.5	385.97	378.81	386.53	408.48	413.13	367.26	472.98	488.57	360.75
445.84	433.28	405.74	392.78	446.2	364.74	446.29	375.97	359.03	355.06	432.11	393.02	412.07	377.12	424.44	426.7	386.65	389.55	389.74	375.03	414.74	411.23	438.8	391.78	382.07	389.08	411.02	418.41	369.08	477.33	493.47	361.39
451.7	438.08	410.15	397.99	450.15	368.71	450	380.07	361.14	359.18	436.66	396.21	416.26	379.6	427.39	430.43	390.3	394.14	388.32	378.26	418.54	416.85	443.04	395.08	386.63	393.72	416.47	421.21	373.64	483.3	499.27	366.01
455.35	442.37	415.28	401.24	455.15	373.78	454.37	385.8	366.32	362.25	440.32	400.03	420.07	383.33	432.38	435.7	396.1	398.9	394.23	384.14	422.62	419.84	448.87	399.59	391.39	394.97	420.15	426.02	379.29	484.72	502.53	372.62
459.55	446.51	418.79	405.41	458.44	376.95	459.03	388.57	370.46	363.1	443.77	404.37	422.49	388.18	436.43	439.51	396.05	402.28	399.06	385.15	428.68	424.49	451.9	400.9	394.07	399.73	422.95	429.06	381.2	488.81	506.46	374.2
463.06	451.55	422.72	409.5	462.66	380.5	461.88	392.94	374.17	368.14	448.24	408.12	426.31	389.78	440.02	443.77	400.13	407.08	401.71	390.4	430.1	427.86	455.8	405.42	399.86	404.28	428.88	432.53	385.24	495.24	511.41	378.58
467.28	455.22	426.93	412.43	466.83	385.02	465.62	396.15	376.91	371.82	452.04	409.59	429.81	394.19	443.6	448.21	406.64	409.44	404.28	395.49	434.31	431.91	458.49	408.98	402.15	406.29	430.58	436.41	390.69	496.64	515.03	384.49
471.14	459.03	430.82	416.43	470.24	387.47	469.37	399.88	380.45	373.66	453.68	413.29	433.01	396.8	448.35	450.43	406.27	413.3	409.86	396.75	440.07	435.72	463.2	413.34	405.25	409.04	434.61	440.13	391.62	500.5	519.71	385.3
475.73	462.05	434.93	420.38	474.74	390.77	472.64	403.21	383.72	378.04	458.97	418.29	436.74	399.77	452	455.21	412.77	416.96	411.3	400.67	442.36	440.3	468.25	417.8	410.11	415.17	438.46	444.93	395.52	506.5	525.94	389.52
478.53	466.16	438.69	422.83	478.27	395.5	476.05	407.83	388.02	379.62	462.4	421.89	439.66	403.87	456.28	459.07	414.95	419.96	413.86	405.06	446.81	444.18	470.86	419.36	411.73	415.7	442.16	446.4	399.24	507.64	528.23	395.39
482.89	470.26	442.45	426.2	481.42	397.35	480.76	409.63	390.45	383.52	465.45	424.98	442.71	407.61	460.26	462.89	416.01	424.7	419.2	406.17	451.46	446.5	477.46	425.43	417.88	418.88	446.81	450.7	402.22	510.92	531.47	395.63
487.73	472.8	445.75	430.42	484.88	400.58	483.1	413.3	393.08	386.4	468.95	428.02	446.93	410.12	461.4	465.32	419.56	424.51	421.47	409.73	453.39	450.71	477.37	425.84	419.02	424.62	448.31	454.34	405.06	517.33	536.93	400.48
489.48	476.38	449.76	432.97	489.36	404.75	487.49	418.43	397.05	388.42	472.11	430.85	448.46	412.89	466.19	468.78	422.02	431.93	423.77	413	455.81	454.39	481.69	429.13	422.78	425.16	452.48	456.63	409.07	518.04	538.58	405.37
492.97	479.92	452.87	436.61	490.07	406.47	491.51	419.58	399.63	392.68	476.03	432.9	451.39	415.7	469.18	471.65	427.7	433.85	429.12	416.8	461.29	457.03	484.78	434.95	427.45	428.38	454.54	462.97	410.82	522.1	542.49	406.28
497.4	483.88	455.89	438.76	495.59	409.42	493.84	423.52	402.44	395.2	477.7	436.99	454.15	419.57	474.2	475.34	427.53	438.07	430.41	419.39	464.79	460.55	488.73	436.78	429.1	433.41	458.38	462.76	416.06	526.71	547.52	409.28
501.17	486.04	460.17	442.48	499.86	412.89	497.29	426.48	406.39	397.67	480.59	439.45	456.58	422.03	475.48	478.76	429.39	439.24	433.4	422.13	468.86	464.27	492.66	439.08	431.76	433.11	462.66	467.15	417.55	528.25	549.53	415.37
503.85	490.81	462.4	445.92	501.96	416.13	500.02	429.77	408.85	400.03	484.09	443.11	459.85	424.8	479.91	481.08	433.64	443.04	435.52	424.6	469.69	467.95	495.89	443.26	438.15	437.2	464.99	471.95	420.49	531.27	553.67	416.16
507.78	492.44	466.73	448.05	505.15	418.56	503.76	432.67	412.2	402.68	487.01	445.9	462.94	427.1	482.55	485.81	436.22	446.12	438.52	430.53	472.72	469.05	497.99	445.14	438.78	439.86	467.87	471.83	423.07	535.98	558.65	419.85
509.97	496.46	469.86	451.47	510.13	421.29	506.95	435.26	414.79	405.5	490.25	449.77	465.81	429.87	485.95	488.65	441.48	450.74	443.7	430.14	477.86	472.31	503.73	448.89	442.43	442.74	470.51	475.07	425.97	537.05	560.24	424.06
514.05	501.13	471.68	455.09	512.54	424.17	510.01	438.25	415.51	407.57	493.43	452.27	467.83	433.01	488.5	490.53	440.46	451.71	444.29	434.5	479.7	477.3	503.81	451.33	445.98	446.21	472.51	478.91	428.25	540.53	563.22	425.41
518.12	502.5	474.68	456.34	516.11	427.67	512.88	442.32	419.19	410.22	495.55	454.81	471.18	434.38	491.89	494.04	444.39	455.38	448.72	436.9	482.9	478.54	507.34	454.4	447.82	448.71	477.96	481.66	434.13	543.94	567.45	429.91
520	505.52	478.83	459.36	519.81	430.27	516.33	443.82	422.32	413.69	499.72	456.94	473.17	439.22	494.61	498.04	446.81	457.64	450.17	438.77	485.65	481.51	509.5	456.65	452.99	450.58	479.29	485.85	433.65	545.84	568.63	433.36
523.5	510.22	480.97	462.05	521.87	433.78	519.68	446.8	425.61	414.8	501.52	460.06	477.07	441.2	497.45	501.16	447.85	459.45	453.97	443.87	489.81	486.23	513.61	460.77	454.65	455.23	483.08	486.01	437.61	548.46	570.65	433.87
526.95	512.15	483.99	464.82	524.55	435.64	521.25	450.86	428.05	418.18	504.37	462.43	479.06	443.61	501.46	502.64	452.49	463.91	455.58	443.31	492.04	486.16	518.3	464.47	456.98	455.5	483.89	489.27	439.64	554.15	576.86	437.01
530.07	515.34	488.5	468.5	526.86	437.74	524.16	452.11	429.37	420.49	506.55	465.77	480.85	445.63	503	505.88	453.6	466.67	457.76	447.62	493.44	490.33	517.2	465.25	460.26	458.06	486.83	493.19	441.13	553.55	577.51	439.4
532.17	519.42	489.39	469.95	530.07	441.74	527.53	455.19	433.03	422.19	509.33	466.98	483.22	447.35	506.5	509.96	455.8	469.57	463.14	452.22	498.54	492.41	522.26	467.67	461.23	461.65	492.01	494.46	447.12	556.12	580.12	441.95
534.73	520.68	492.75	472.46	533.2	442.12	529.3	458.31	435.15	424.97	513.25	471.13	485.69	451.12	510.1	511.57	459.03	470.09	463.25	453.63	500.91	495.63	523.16	471.78	466.59	462.6	491.61	499.6	446.36	561.91	585.28	447.48
537.97	523.91	494.95	474.58	535.81	445.81	532.62	460.88	438.35	426.47	514.81	471.97	488.05	453.31	511.9	515.74	458.53	473.44	466.88	455.16	502.63	499.37	528.1	473.14	466.44	464.89	494.35	499.19	448.78	562.2	585.67	447.27
540.66	527.42	498.89	477.34	537.46	447.87	535.29	462.96	439.48	428.77	516.61	475.36	491.38	455.78	516.12	517.97	464.56	477.87	469.29	457.25	506.42	499.62	532.06	476.98	469.93	468.75	498.75	501.63	453.93	563.84	588.34	448.75
542.17	528.84	500.24	479.52	539.91	450.34	536.83	464.54	442.01	432.22	520.76	478.27	491.71	459.07	518.79	520.41	464.89	479.8	469.38	460.29	509.1	504.54	533.35	478.69	472.57	469.65	499.41	505.28	452.88	570.12	593.25	454.4
545.35	530.87	503.35	482.12	544.62	452.53	540.07	467.72	443.64	432.88	523.15	480.69	495.03	459.13	518.95	523.04	468.2	482.64	472.91	462.97	511.44	505.73	537.65	480.17	474.15	473.34	504.08	507.29	457.22	569.06	593.72	454.3
548.04	534.21	506.21	484.09	545.7	455.91	543.66	469.69	447.21	436.15	524.65	482.55	497.4	462.32	522.57	525.31	469.93	482.55	475.92	464.88	514.06	507.86	538.22	484	479.96	474.33	504.32	510.23	458.28	572.11	595.88	456.32
550.49	537.14	508.51	486.2	548.26	457.05	544.35	472.24	448.77	439.44	527.49	484.59	499.38	464.29	525.84	527.79	471.07	485.89	476.18	465.96	516.19	512.77	540.17	484.63	479.81	476.67	509.7	513.61	460.12	576.33	601.19	462.66
552.68	539.3	511.21	490.22	551.41	459.62	547.06	473.84	451.16	439.7	530.3	487.06	501.6	465.65	528.25	529.31	475.28	489.37	481.53	470.5	520.13	513.25	544.51	487.36	482.07	480.7	509.98	515.62	463.51	576.71	601.66	461.13
555.86	541.8	514.56	490.92	552.39	463.27	550.44	477.29	454.47	440.72	532.49	489.29	504.31	469.61	529.51	531.55	476.62	488.45	481.4	469.18	521.87	517.85	543.97	490.24	483.42	480.44	514.24	518.97	464.62	578.87	605.61	463.93
557.44	544.15	516.98	493.23	555.07	464.49	551.21	479.25	455.63	443.21	534.93	492.95	505.74	471.34	531.72	535.06	477.44	492.61	484.21	472.54	525.04	518.36	547.24	491.4	485.61	482.35	513.79	520.16	466.32	583.72	608.3	468.84
560.24	546.51	520.21	497.1	558.39	466.16	553.59	481.09	457.33	445.1	537.66	493.1	508.01	472.58	534.44	537.43	482.41	495.72	485.74	476.6	526.6	520.97	549.01	493.51	490.83	487.76	518.44	521.61	470.41	583.47	607.97	468.57
562.99	550.12	520.64	497.28	559.67	469.33	556.74	483.31	460.2	449.49	537.59	495.18	511.02	474.08	537.11	539.2	483.15	497	487.92	477.54	529.91	524.92	551.94	497.87	490.08	486.5	519.2	526.87	470.4	585.75	614.48	470.96
564.76	551.04	523.18	499.51	562.6	470.28	557.9	485.24	461.97	449.91	539.79	497.52	511.93	477.19	538.88	541.74	485.85	499.91	492.5	480.15	531.61	525.18	553.95	498.32	494.14	488.24	520.37	525.49	472.4	589.96	613.63	473.46
567.54	553.16	526.77	501.58	565.72	472.37	560.77	488.57	464.09	451.55	542.21	499.85	515.69	478.98	540.07	543.32	485.01	502.52	491.86	481.69	533.18	528.96	556.12	501.05	495.18	492.66	525.92	527.75	476.96	590.84	616.98	474.95
570.08	556.44	527.47	504.46	566.22	475.33	563.48	489.54	466.94	454.21	544.75	502.43	517.13	479.66	543.67	545.65	485.88	502.59	496.13	483.66	536.22	528.52	558.7	502.39	497.74	492.93	525.3	531.53	477.02	594.79	618.8	479.04
572.14	557.48	530.19	506.39	568.68	475.6	564.29	491.73	467.99	455.97	546.88	504.43	519.15	484.08	545.73	548.06	492.31	507.99	496.27	485.75	539.27	531.42	561.02	506.4	500.32	496.18	529.14	532.58	479.47	593.72	620.46	479.42
574.17	559.91	533.11	507.98	572.14	478.63	566.73	494.97	470.82	457.39	549.07	506.84	521.82	484.59	547.89	549.32	491.48	507.12	498.09	488.44	538.98	534.42	561.4	509.08	501.45	496.9	529.16	536.6	483.37	596.31	625.42	480.83
575.77	563.24	534.46	509.92	572.52	480.14	569.14	496.3	472.98	461.2	550.59	508.28	521.95	486.76	549.94	552.42	495.95	511.47	501.54	489.55	541.55	534.94	562.89	509.41	504.25	498.52	531.38	535.65	482.02	601.12	624.26	485.73
577.47	563.81	535.95	513.94	575.05	481.87	570.18	497.97	475.91	461.45	552.18	510.38	525.26	489.01	552.89	554.44	493.11	511.86	501.95	493.41	543.63	537.97	568.1	512.15	506.47	501.63	535.75	537.86	484.47	600.35	626.75	486.45
580.81	565.72	538.94	514.2	578.59	483.63	572.78	500.86	476.16	462.75	553.57	511.62	526.11	489.4	553.85	556.86	494.84	514.11	503.44	492.38	545.91	539.21	568.23	514.92	507.3	502.65	536.15	540.78	489.53	602.5	630.42	487.45
582.67	568.96	540.24	516.74	579.47	486	575.51	501.87	477.54	465.13	557.24	515.74	529.16	492.94	555.41	557.86	501.4	518.52	510.17	495.96	549.74	541.58	569.87	515.73	513.67	507.57	538.95	541.98	487.79	606.27	633.28	489.84
583.78	569.94	542.37	519.69	580.56	488.1	575.91	503.26	479.57	467.48	557.92	516.13	531.18	493.69	557.06	560.14	500.5	518.63	508.26	497.82	549.96	543.34	573.22	519.07	512.18	507.08	538.63	546.14	490.6	607.14	634.78	491.59
585.88	572.17	545.73	519.42	583.48	490.2	578.17	506.72	482.37	470.52	559.75	518.56	530.36	497.64	560.75	562.14	505.25	520.43	509.98	499.38	551.87	544.27	576.25	518.2	516.91	510.76	540.7	546.63	493.81	609.94	638.5	493.32
589.09	573.56	545.93	522.4	584.3	491.11	580.25	507.53	482.82	469.99	562.55	521.28	533.2	497.86	563	563.81	501.7	525.49	512.18	503.09	555.02	548.72	579.2	522.12	516.22	510.18	543.21	547.73	493.72	610.62	638.64	498.31
589.87	575.83	548.19	525.6	588.3	493.47	581.52	509.55	484.62	473.05	564.6	522.29	535.43	497.89	564.05	564.68	504.25	523.98	514.5	502.96	556.5	550.04	580.41	523.37	518.41	512.57	544.45	550.53	498.59	611.75	641.64	496.31
592.22	578.75	550.73	525.33	588.49	495.44	585.21	512.63	487.29	474.53	565.73	524.27	536.48	501.66	565.74	568.87	511.24	525.33	518.05	503.98	560.63	551.08	581.98	524.98	520.84	514.09	547.35	551.21	497.51	616.46	644.01	498.11
594.85	580.59	551.36	528.18	590.85	497.38	585.3	514.06	488.12	475.22	567.53	526.45	538.65	502.65	567.77	570.3	510.33	529.13	518.55	509.58	559.42	554.66	584.79	527.95	521.65	516.16	548.55	553.71	499.24	615.41	644.96	503.64
595.13	582.05	554.52	529.02	593.62	499.26	587.4	515.85	489.67	478.18	568.57	528.12	540.18	506.02	569.29	571.51	511.36	529.39	520.27	507.33	561.24	554.06	585.53	528.07	525.82	520.99	549.45	556.07	503.79	616.9	647.72	501.3
597.44	584	555.28	531.34	594.36	500.77	590.87	519.15	491.77	477.63	572.46	529.01	542.19	506.18	572.79	573.65	515.02	532.4	519.6	511.07	565.74	557.98	587.17	531.93	525.68	518.92	554.17	556.85	502.78	621.71	649.28	504.51
598.63	585.97	556.92	533.23	596.35	501.3	590.88	519.49	493.1	481.87	573.28	531.52	544.31	508.25	573.63	577.54	514.35	533.79	522.49	513.53	565.76	558.22	589.48	532.15	526.8	521.53	553.92	561.29	504.82	620.01	650.34	508.96
600.69	587.26	559.02	534.53	598.54	503.78	592.95	521.26	496.2	482.6	574.53	532.93	545.55	511.39	574.79	578.18	516.49	534.6	524.67	513.85	567.67	559.81	591.31	536.73	531.35	525.88	555.85	559.68	506.6	622.2	654.83	506.9
603.05	588.7	562.08	535.67	599.8	505.59	595.99	524.96	497.46	481.98	576.57	533.64	546.52	512.36	577.29	578.77	516.95	537.14	525.81	516.52	568.42	563.7	592.74	535	530.08	524.45	556.52	562.93	507.86	626.5	654.34	509.63
605.08	591.32	562.82	538.1	602.13	506.99	595.93	525.11	497.38	485.62	577.86	534.02	547.13	513.48	578.44	580.88	519.19	537.32	529.57	518.61	570.51	564.04	593.41	537.47	532.59	526.39	558.73	564.04	513.23	625.49	655.37	515.56
606.14	592.59	565.43	539.72	603.59	510.9	598.3	527.21	500.66	486.81	579.95	537.96	550.98	514.73	580.63	582.87	524.1	538.43	528.24	519.49	572.5	566.94	593.38	540.51	535.94	527.88	562.84	564.89	512.23	627.99	660.86	512.53
608.38	595.53	566.77	540.91	605.29	510.59	600.73	528.17	501.45	488.2	580.56	539.49	551.72	517.82	582.64	585.27	522.38	542.93	530.03	522.96	573.81	566.07	598.46	540.75	536.39	528.6	562.83	568.87	513.44	632.17	658.73	514.67
609.93	595.03	569.03	543.87	607.99	513.2	601.06	528.91	503.71	488.42	582.17	540.83	553.39	519.33	583.54	585.56	526.75	544.1	532.32	523.66	578.58	568.97	599.58	542.28	537.51	533.73	566.81	569.01	516.73	631.24	659.55	520.24
611.83	596.72	570.19	544.42	608.23	514.53	602.62	530.7	505.02	491	584.08	541.93	555.12	520.39	585.76	586.92	524.86	546.07	532.9	525.76	577.54	571.89	601	543.96	539.43	531.5	565.03	570.83	517.5	632.79	663.67	517.92
613	598.72	572.23	545.65	610.2	516.06	604.97	533.18	506.91	493.01	586.46	543.85	555.63	522.77	587.43	588.09	527.55	546	538.37	525.23	580.64	572.21	602.21	544.9	540.52	533.78	567.73	572.52	520.2	637.03	663.8	519.46
615.31	601.35	573.72	547.38	611.77	517.89	605.66	535.03	508.99	494.42	586.97	545.95	557.64	523.9	589.18	590.65	529.35	549.04	536.68	527.23	580.71	575.48	603.3	549.58	544.2	535.59	571.13	572.76	519.76	636.42	668.23	525.17
616.18	602.99	575.82	549.76	613.58	520.72	607.36	536.72	510.74	495.61	589.27	547.75	559.95	526.12	590.09	591.7	528.89	548.66	539.95	530.35	582.97	573.63	606.42	548.68	544.35	536.18	571.08	577.86	520.91	639.49	667.32	523.37
617.68	604.96	577.47	550.73	614.48	520.72	610.72	536.59	512.59	495.82	590.45	548.94	560.8	527.34	591.95	593.5	531.24	550.96	540.05	529.27	584.95	575.83	607.05	550.18	546.57	540.64	573.49	575.86	526.45	639.87	668.11	524.21
619.16	605.12	578.02	553.17	617.49	522.7	610.49	539.53	513.17	498.11	592.32	549.91	562.45	527.03	593.68	595.45	535.38	554.73	541.36	534.3	585.3	579.81	607.57	552.57	546.33	539.14	573.74	577.85	524.24	640.58	672.57	530.11
621.48	606.57	580.06	553.82	617.79	523.34	612.53	541.9	514.44	501.53	594.25	552.07	563.7	529.38	595.22	596.7	533.57	555.93	545.71	532.28	588.34	579.81	611.88	552.8	548.39	542.24	574.51	580.09	525.63	645.63	671.26	527.89
622.45	608.91	582.88	555.4	620.07	525.77	614.99	541.94	516.93	500.06	595.37	553.16	565.56	530	596.46	597.48	537.96	558.49	543.82	534.73	588.31	582.04	610.9	555.57	552.04	544.25	578.52	580.33	530.69	643.83	674.06	529.09
624.23	610.42	583.07	556.34	621.98	526.86	615.34	543.06	518.39	502.59	596.79	555.24	566.84	532.3	597.3	598.54	537.4	555.5	546.09	535.88	590.44	583.31	613.02	555.43	551.98	544.12	578.41	585.65	528.64	645.42	678.99	533.85
625.95	612.37	584.46	557.54	622.75	529.01	617	546.48	519.17	503.43	598.48	555.3	567.93	533.87	598.93	602.35	538.41	556.8	550.39	537.49	593.06	585.42	614.28	556.65	555.87	547.43	581.85	583.45	530.49	648.68	676.89	531.59
627.3	614.03	585.33	559.88	624.1	530.35	618.66	546.53	520.32	504.47	600.14	556.55	568.43	535.86	601.08	603.22	539.59	559.98	547.89	540.78	593.31	587.57	615.75	561.51	555.76	546.3	580.6	587.12	532.62	647.34	679.75	533.48
628.5	614.39	587.87	562.14	626.08	532.53	619.55	548.3	523.07	506.94	601.03	558.66	569.4	535.97	601.89	603.18	539.52	560.25	549.34	540.21	596.5	588.24	619.6	559.76	555.52	547.85	582.55	586.2	533.47	650.79	680.69	535.22
629.95	616.13	588.95	561.55	626.22	532.65	622.19	549.92	523.43	508.43	602.58	560.28	571.78	536.77	603.86	605.67	544.44	563.63	553.27	541.52	595.95	588.66	618.04	561.4	559.63	552.24	584.49	587.77	534.79	652.49	681.53	535.97
631.99	618.07	590.75	564.14	628.32	534.2	622.06	550.8	524.97	509.28	604.3	561.79	574.89	538.53	605.93	607.84	542.96	564.09	553.81	542.38	598.31	591.2	620.88	563.59	558.15	550.45	585.34	592.38	537.67	653.18	685.34	541.29
633.56	618.54	591.92	565.46	631.31	535.4	623.86	551.92	526.91	512.3	604.42	562.86	574.9	540.67	606.37	609.09	548.11	565.89	556.73	544.53	599.8	591.11	621.47	565.79	559.5	551.24	588.56	590.46	537.36	654.5	685.28	539.65
633.65	621.52	593.06	566.97	631.35	537.46	626.15	554.57	528.1	512.53	607.2	564.6	576.74	541.12	607.88	608.75	545.87	568.4	555.12	548.78	601.21	595.59	622.98	568.08	563.09	554.12	588.22	592.64	538.96	657.97	685.34	541.65
635.76	621.86	595.64	567.84	633.29	538.61	626.79	554.79	530.32	514.74	607.75	566.4	576.57	543.13	608.8	611.04	550.71	567.99	557.02	547.71	604.01	593.85	625.79	567.23	563.16	555.72	589.14	595.36	539.95	656.66	688.61	544.37
638.16	623.22	595.58	570.48	634.84	540.8	628.56	556.32	530.96	515.7	608.83	566.74	578.43	544.8	611.15	612.69	547.64	570.34	559.7	547.68	602.76	595.8	624.49	568.14	566.93	556.67	592.43	593.61	541.56	657.98	689.05	543.67
638.45	625.98	597.13	570.01	636.43	540.35	631.53	558.63	531.2	517.37	610.41	567.84	579.16	544.66	612.11	612.78	550.48	570.56	559.6	551.01	604.66	599.75	628.04	573.03	566.83	559.13	591.13	597.64	543.26	661.92	689.83	545.37
640.15	625.74	599.21	571.69	637.96	541.73	631.4	559.14	532	518.56	611.05	569.54	581.28	547.17	613.65	617.33	554.31	570.78	563.28	550.42	606.07	599.41	628.26	571.31	567.23	558.75	592.99	598.8	545.38	660.04	693.41	546.7
640.67	626.73	599.79	574.32	639.15	543.55	632.48	560.43	533.57	519.72	614.16	570.83	582.28	548.13	614.64	616.82	552.19	573.39	562.51	552.98	606.74	600.03	629.38	573.61	572.12	562.13	596.67	598.93	545.62	662.86	693.41	546.96
643.09	630.13	601.37	573.92	640.7	544.71	635.57	562.71	536.24	521.45	613.76	573.4	583.5	548.17	616.47	617.96	557.47	573.76	563.48	553.8	610.59	602.9	633.08	574.17	569.88	561.52	595.88	601.27	547.19	665.8	694.64	552.44
645.05	630.84	602.89	574.73	641.84	545.61	635	562.67	538.44	521.07	616.72	573.63	585.59	550.98	617.43	619.53	554.55	578.31	565.06	554.91	610.67	602.53	633.2	574.54	572.59	562.48	599.72	600.81	547.56	664.83	698.96	550.38
646.37	631.06	604.48	578.91	642.51	548.32	636.7	563.39	537.49	524.08	616.64	575.45	586.02	551.62	618.83	620.13	554.96	578.18	565.19	558.46	612.57	604.47	634.27	578.83	572.93	566.26	598.49	602.39	549.59	667.99	697.83	551.19
647.08	633.24	606.14	578.71	645.1	548.59	638.83	566.58	539.04	523.17	617.5	576.93	586.82	554.14	620.52	622.04	559.36	578.39	570.3	557.12	612.98	604.71	635.29	577.8	572.57	565.09	599.98	606.71	552.48	668.64	700.16	555.08
648.98	634.67	606.63	579.69	646.71	549.36	640.29	566.4	540.66	525.5	619.01	576.52	589.41	555.13	621.82	622.8	559.76	581.86	568.68	561.4	614.26	605.88	634.8	578.32	577.86	566.12	603.58	604.67	552.71	668.81	700.69	555.45
648.98	635.67	607.6	582.36	644.79	551.43	641.28	567.38	541.56	526.35	620.76	578.11	589.11	556.17	622.6	625.17	563.72	581.83	570.45	558.98	616.69	608.74	639.37	582.45	577.06	570.34	601.68	607.48	552.11	670.76	701.63	555.72
651.32	638.39	609.23	582.23	647.79	552.75	642.37	569.71	544.39	527.38	620.72	579.64	591.57	556.66	623.15	625.3	561.23	584.18	571.35	561.46	616.01	609.22	637.68	581.3	577.88	568.65	603.78	608.63	555.75	673.35	705.77	559.72
652.52	638.62	612.01	582.97	650.33	553.7	643.9	570.61	543.87	530.83	622.92	580.7	592.14	557.41	626.1	627.24	562.18	583.58	572.59	562.59	619.55	611.78	638.72	584.33	578.68	569.91	605.21	609.34	556.09	672.82	704.16	558.46
653.06	638.91	611.44	585.42	649.82	554.72	644.79	571.3	545.35	530.22	625.23	583.42	592.19	558.81	626.32	628.41	562.51	585.18	576.53	564.39	619.09	611.3	640.81	585.71	579.65	573.52	605.81	613.31	556.23	674.27	705.57	558.6
654.41	640.35	612.25	585.37	651.71	555.86	646.51	574.26	547.8	529.4	625.05	583.82	595.22	561.25	628.48	630.59	565.32	587.32	575.2	565.17	619.91	611.37	642.96	585.52	583.97	572.31	608.99	610.94	558.15	676.12	709.45	563.44
657.02	641.6	615.51	586.77	653.89	557.56	647.87	574.62	548.36	533.18	626.31	584.57	595.45	561.89	629.6	632.02	568.68	588.11	577.31	566.15	622.49	614.36	643.92	588.51	582.24	573.98	609.05	613.52	558.96	675.77	707.77	562.04
656.43	644.63	615.07	588.66	653.74	557.69	648.79	576.06	548.31	534.93	627.4	586.7	596.6	563.2	630.14	632.5	566.5	590.18	576.99	566.01	623.03	615.33	644.64	587.2	584.24	575.07	611.14	615.25	559.95	678.79	709.33	562.81
657.89	644.52	616.94	588.93	654.87	559.01	650.06	577.71	550.09	534.04	627.89	587.41	598.85	563.1	630.66	632.68	566.8	592.12	578.37	568.96	625.74	616.51	644.91	589.32	585.73	575.66	611.52	614.36	562.51	678.81	712.87	567.67
659.35	645.73	618.29	589.97	657.9	562.53	650.39	577.52	551.47	535.64	630.93	588.5	599.37	565.11	632.79	635.59	572.57	592.24	581.82	569.32	624.63	619.38	646.33	592.58	586.58	579.18	612.31	618.81	561.01	679.75	711.36	565.55
660.81	647.61	619	592.76	657.31	561.22	652.02	579.14	553.44	537.39	631.65	588.93	601.21	566.49	635.11	634.7	569.79	592.61	580.66	570.33	625.76	620.17	647.78	590.57	587.92	577.57	614.8	616.84	565	682.84	713.11	566.26
662.48	647.81	621.12	592.65	658.46	562.22	653.9	581.54	553.86	538.92	633.46	590.22	602.75	567.07	634.88	637.35	570.49	592.83	584.14	574.59	629.6	620.82	651.28	592.87	588.93	579.01	613.73	618.07	565.13	682.61	714.88	568.54
662.7	649.61	622.15	593.94	661.6	564.8	654.34	581.19	554.53	540.06	633.66	592.18	602.41	568.61	637.39	637.77	575.52	596.39	582.99	572.25	629.13	620.04	650.83	593.7	589.69	582.45	615.18	620.37	565.35	682.8	714.82	569.25
663.98	651.46	622.85	595.17	661.36	565.18	655.9	582.89	556.04	539.63	635.53	592.65	602.64	569.4	637.91	639.45	571.91	596.65	584.51	574.47	630.06	621.57	651.58	594.56	593.54	581.66	619.36	620.72	567.43	687.05	717.04	573.23
665.74	651.72	624.19	595.6	662.47	566.41	657.22	584.73	555.71	542.2	637.86	594.37	603.92	570.96	638.75	640.56	574.39	598.09	585.32	575.57	630.98	624.22	651.8	596.81	591.25	582.65	616.79	622.84	568.19	684.9	720.35	570.76
666.69	652.5	626.6	597.89	664.09	567.11	657.52	584.01	558.58	541.36	638.83	594.46	606.64	572.25	640.68	642.28	575.49	597.8	585.92	575.86	631.32	623.61	653.49	596.53	593.95	584.08	618.84	624.05	568.95	685.82	719.48	572.57
667.81	655.21	627.15	597.76	664.86	568.89	658.78	585.5	558.47	543.02	639.03	597.03	606.9	573.36	641.28	643.73	575.12	600.86	590.78	579.84	635.87	627.73	655.78	600.96	595.87	584.59	621.8	623.31	572.44	690.86	721.69	577.61
668.4	654.22	627.13	598.59	666.11	569.35	659.54	587.62	561.11	544.64	640.46	597.07	607.77	575.29	642.52	644.95	581.03	598.86	587.04	578.2	634.58	624.08	655.49	598.64	594.98	586.43	620.75	627.96	570.94	687.69	721.92	574.44
670.36	656.3	629.13	600.89	669.55	570.13	661.18	588.87	561.3	545.42	640.73	597.78	609.91	574.75	642.65	645.07	579.14	602.43	590.71	579.43	635.44	628.02	656.74	600.46	599.14	587.6	623.58	625.07	572.32	688.81	722.84	575.34
672.53	659.37	630.24	601	668.35	571.84	662.64	588.31	562.35	547.74	642.5	598.45	610.39	576.13	643.79	646.27	579.14	602.94	591.43	580.28	636.82	629.29	659.49	603.45	597.97	586.92	623.79	627.39	575.06	694.26	723.62	580.95
673.36	657.7	630.8	601.66	669.35	573.59	662.6	590.82	562.57	548.18	642.48	599.71	611.09	576.71	645.83	647.17	581.95	604.39	591.88	580.41	638.12	629.87	660.53	601.27	601.29	588.62	625.15	628.25	573.98	691.83	726.63	577.22
673.46	659.75	633.69	604.22	671.42	574.42	664.38	591.77	565.67	549.07	645.05	601.39	612.69	579.12	646.4	648.57	582.18	606.45	595.34	585.06	640.74	632.09	663.44	605.25	598.97	589.13	624.97	629.32	574.73	693.17	726.34	578.59
673.83	661.86	632.72	603.7	671.36	575.37	665.91	592.03	565.46	550.22	645.64	603.76	612.52	578.53	648.76	649.17	586.72	605.21	593.11	583.44	640.1	634.79	661.77	605.08	601.17	590.43	626.49	633.21	579.61	697.27	727.52	581.1
675.51	661.81	634.23	604.6	673.55	576.53	665.88	594.48	566.43	550.61	646.68	602.75	614.66	580.73	649.29	650.31	582.74	606.95	595.15	585.69	640.76	632.69	664	605.27	601.78	594.33	628.7	630.95	577.51	694.35	728.27	581.53
686.12	672.52	646.16	617.08	684.32	585.24	676.92	603.26	577.89	559.61	656.76	612.92	624.06	590.88	659.53	660.2	591.65	615.74	606.11	593.88	653.75	643.76	676.55	618.08	611.51	601.25	637.92	641.04	587.33	705.38	739.22	591.69
694.93	682.93	653.82	624.81	693.38	594.85	687.55	613.49	586.42	569.28	664.56	623.55	632.61	600.12	669.34	671.28	604.52	625.57	613.86	603.59	661.03	653.7	683.7	624.42	623.8	611.39	649.47	654.27	599.92	717.91	750.02	601.87
705.55	690.39	664.1	633.84	702.95	605.02	695.13	622.53	594.97	579.39	675.47	633.14	642.58	607.56	677.69	679.9	610.26	635.17	625.89	613.14	671.57	662.76	694.47	635.03	630.12	619.17	656.45	659.12	604.02	723.36	757.71	609.91
713.81	699.58	673.19	643.95	711.27	612.05	703.99	629.75	603.19	587.1	681.92	639.48	651.32	615.73	687.05	687.79	621.25	645.25	630.52	622.33	681.3	672.58	702.17	642.4	642.42	626.91	663.18	669.98	613.66	731.8	765.93	618.41
722.12	708.56	679.79	649.92	719.69	619.47	713.43	639.15	610.08	594.88	690.34	648.9	658.66	625.25	694.49	696.37	625.98	652.92	640.28	629.12	686.81	680.34	707.89	651.34	646.56	637.96	675.27	676.2	623.79	742.88	777.29	626.9
730	715.92	688.4	658.36	727	628.5	719.09	646.92	619.87	601.49	699.63	656.52	666.4	632.17	701.78	705.04	633.4	661.98	647.05	638.24	695.87	689.26	718.3	661.6	655.77	643.28	679.93	683.7	628.78	748.52	781.74	633.43
736.25	723	695.61	666.32	735.19	633.3	726.18	653.67	626.11	608.56	706.5	665.39	673.49	639.44	710.7	711.83	644.98	666.48	653.23	643.49	701.9	694.38	723.72	666.25	661.11	650.34	688.99	693.9	636.57	756.67	789.17	644.49
744.47	731.57	702.02	672.21	741.55	640.91	734.71	662.17	632.36	614.3	714.18	671.29	678.85	647.52	717.39	719.92	648.21	673.41	663.07	651.02	708.28	702.55	730.64	672.55	668.62	659.14	693.98	697.75	644.89	762.67	798.45	647.76
750.58	736.39	709.89	678.94	748.4	649.28	739.83	666.64	640.65	622.42	719.9	676.93	686.34	653.11	724.37	725.18	654.93	679.45	666.95	659.45	718.26	709.94	739.79	681.1	678.74	663.34	700.94	705.72	650.4	769.34	803.1	654.28
756.59	742.77	716.74	684.49	755.48	653.84	746.65	674.03	645.44	628.58	726.32	683.82	693.29	658.81	730.07	731.78	664.9	685.53	674.19	663.73	722.67	715.29	743.81	686.27	682.29	672.45	710.45	710.6	657.68	778.68	809.73	663.01
763.36	748.97	722.2	691.35	760.31	659.45	754.46	681.2	653.69	633.68	732.06	689.51	700.19	664.9	735.45	738.4	666.78	694.56	680.3	670.1	729	724.43	752.49	694.66	687.89	675.63	713.05	716.55	662.36	781.04	818.76	663.42
770.33	754.62	728.55	697.31	767.15	666.93	758.57	686.06	657	638.67	738.19	695.69	704.35	670.71	742.83	744.25	673.69	696.76	686.86	677.45	734	726.68	758.24	700.86	695.43	680.93	719.71	726.08	666.23	787.2	822.69	671.61
775.19	760.96	732.99	701.96	774.69	672.12	764.86	691.53	664.63	644.47	743.87	701.77	709.42	676.97	748.72	750.18	678.68	703.3	691.89	680.74	740.3	732.72	764.3	702.45	699.93	690.63	724.67	729.17	672.94	796.6	828.69	679.22
780.48	768.31	738.63	708.09	779.27	677.13	771.7	697.76	670.93	649.34	749.7	706.32	716.57	681.69	755.03	755.1	681.45	711.81	696.82	688.44	746.33	739.69	770.19	709.07	708.97	692.11	730.29	735.89	679.23	797.96	837.83	683.84
786.66	773.18	746.5	714.4	784.31	682.63	777.54	702.48	674.31	656.8	754.51	712.7	719.8	689.15	758.31	760.81	689.44	715.4	702.11	693.22	751.5	743.53	775.6	714.53	710.79	698.07	738.54	737.52	682.37	804.05	839.4	688.61
791.77	777.29	749.48	718	790.48	686.45	782.05	709.55	679.48	661.55	760.3	718.04	725.77	692.39	765.03	767.36	695.66	720.76	710.78	696.75	756.58	748.6	783.3	718.83	716.99	702.57	740.12	743.69	689.26	811.92	844.25	697
797.04	784.45	755.1	723.14	794.86	691.91	786.83	712.36	684.55	666.88	765.22	722.62	730.79	697.33	770.91	770.73	699.77	726.06	712.58	704.92	764.75	756.48	785.99	727.36	722.6	708.14	745.88	752.23	693.8	813.34	853.21	700.03
801.72	787.53	760.99	729.28	799.46	697.35	791.49	717.32	688.93	672.48	770.76	726.78	735.54	702.11	774.95	777.21	707.31	730.33	718.23	706.83	766.97	759.08	790.54	730.24	726.38	714.9	751.09	753.3	698.06	818.57	853.79	702.59
805.94	793.13	764.35	732.33	805.45	702.09	797.05	722.95	693.5	674.19	776.3	732.59	741.28	707.46	780.17	781.6	707.08	738.26	721.52	711.52	773.08	765.62	795.94	735.72	733.76	717.13	755.66	759.82	706.04	826.34	859.97	712.44
811.53	797.63	770.43	736.43	809.58	707.23	801.18	726.79	699.41	679.83	781	736.18	744.26	713.01	784.14	785.72	711.66	738.62	726.69	718.83	776.15	767.97	799.53	739.09	735.79	722.45	763.02	763.23	707.45	827.99	865.56	711.61
815.05	800.89	775.3	742.89	813.07	710.68	805.69	731.75	704.53	684.61	784.99	741.22	749.9	716.96	790.27	790.59	720.16	743.57	731.85	721.74	781.05	771.75	806.53	743.47	739.88	725.86	764.45	767.67	711.87	832.69	869.44	716.84
818.18	805.96	778.69	745.98	818.26	714.87	811.47	735.93	707.21	688.69	789.53	744.17	753.72	719.86	793.76	793.83	721.26	749.59	735.58	727.31	786.91	780.02	809.71	749.94	743.13	729.55	769.25	775.7	718.63	839.7	873.25	725.36
824.12	811.28	782.8	750.2	822.22	720.33	813.95	740.23	712.83	693.84	793.64	749.25	758.78	726.24	797.33	800.04	726.04	751.06	741.72	729.04	789.8	783.12	814.61	751.46	747.83	738.13	776.81	775.83	719.21	841.74	877.36	725.41
828.01	814.74	788.48	754.44	825.77	723.29	818.28	745.19	716.39	700.24	797.01	754.59	762.85	728.93	802.12	804.2	732.33	756.78	744.52	732.9	796.44	788.7	818.16	757.51	756.03	738.92	778.58	780.8	723.44	845.93	881.17	730.27
832.77	818.9	791.9	757.99	830.59	726.53	823.3	748.67	720.52	703.64	802.26	758.17	766.9	732.89	807.16	808.2	732.48	763.49	750.59	740.25	798.27	790.07	820.18	763.61	756.52	742.88	783.03	788.19	731.73	850.15	888.95	737.07
868.75	855.16	827.66	796.27	866.69	764.87	859.57	785.04	757.06	736.45	839.43	796.92	804.1	770.46	843.56	844.56	772.32	797.99	783.77	772.94	834.84	827.52	858.68	798.64	795.94	779.86	819.62	820.8	763.73	884.4	920.61	769.28
899.55	885.59	858.49	824.71	897.44	794.86	891.53	815.59	788.1	768.59	870.93	827.82	834.91	802.48	875.89	874.59	799.37	829.96	816.69	806.8	866.7	858.71	888.19	831.4	824.19	809.8	849.16	853.16	796.48	914.68	951.63	800.72
925.64	913.8	885.11	851.85	925.84	821.53	917.4	843.4	816.13	794.21	897.61	854.19	861.11	828.7	901.86	902.7	828.38	855.59	841.96	831.15	893.23	885.51	914.76	856.36	852.02	839.48	877.96	876.61	821.01	944.52	981.15	831.55
951.1	936.93	910.01	877.68	948.81	845.93	941.57	867.1	839.38	819.23	922.32	879.13	885.33	852.94	927.39	927.87	853.57	878.9	866.06	855.22	917.78	911.88	939.48	879.63	876.47	859.86	900.17	900.6	845.28	965.03	1002.76	851.66
972.64	959.14	931.28	898.11	971.17	867.67	964.19	889.11	861.5	839.96	944.09	900.25	909.02	874.81	948.46	949.2	874.12	905.23	891.72	880.67	938.97	931.99	965.8	903.68	897.66	881.72	921.12	925.62	867.58	987.42	1025.5	874.32
992.23	980.95	952.01	918.86	992.23	887.25	983.67	908.87	882.97	860.65	965.35	921.37	928.29	896.85	969.12	970.25	895.95	922.56	908.69	897.02	958.92	952.81	983.17	922.72	921.13	903.46	945	942.38	886.53	1010.77	1049.55	895.61
1011.57	999.23	971.92	939.2	1011.82	906.39	1003.42	928.36	902.09	880.98	983.9	940.63	948.49	916.06	989.02	990.99	914.73	942.64	931.22	917.05	979.22	974.47	1002.69	941.52	936.12	922.26	961.07	962.11	906.21	1027.59	1066.68	912.4
1030.56	1017.03	989.87	955.49	1031.03	923.92	1023.72	948.26	920.09	897.59	1001.39	958.7	966.3	933.38	1006.37	1008.69	931.1	959.89	945.85	938.34	997.06	990.29	1023.67	961.62	955.13	942.63	980.04	981.56	926.54	1045.88	1085.05	931.45
1048.81	1037.79	1006.43	972.63	1049.16	941.72	1039.76	963.95	936.25	916.13	1019.31	976.08	983.87	951.25	1027.46	1026.52	953.13	977.64	964.19	951.82	1013.69	1009.36	1040.18	977.27	974.68	955.96	994.66	996.68	939.5	1065.62	1103.99	947.5
1065.24	1050.83	1024.13	990.56	1064.15	956.94	1057.63	979.76	952.12	933	1037.28	992.99	1001.3	969.22	1043.3	1043.43	964.88	994.36	982.95	968.66	1031.81	1024.84	1057.04	993.78	988.1	973.07	1012.17	1016.99	956.29	1079.8	1118.99	963.7
1079.88	1067.68	1041.87	1003.81	1080.17	972.76	1072.52	996.77	968.08	947.32	1053.43	1008.72	1016.37	984.53	1059.03	1059.63	981.49	1011.05	994.89	984.77	1047.3	1041.03	1072.37	1007.07	1007.78	989.28	1032.16	1029.99	973.03	1094.53	1134.98	984.11
1095	1084.04	1055.53	1020.25	1096.07	989.65	1088.07	1010.23	983.38	963.27	1068.45	1025.96	1032.6	999.19	1075.89	1075.47	997.62	1025.59	1011.53	999.66	1063.75	1058.81	1086.9	1024.6	1019.21	1003.68	1044.67	1045.55	988.86	1113.07	1149.32	992.99
1110.97	1098.25	1070.26	1037.59	1109.54	1002.74	1102.46	1026.69	997.75	977.17	1082.58	1039.78	1048.39	1014.14	1089.85	1089.23	1010.28	1044.13	1028.26	1014.03	1076.79	1070.86	1104.19	1042.48	1035.54	1021.73	1059.97	1061.8	1001.95	1124.07	1165.37	1011.49
1124.13	1112.21	1084.99	1050.08	1123.42	1016.6	1116.62	1041.71	1012.19	989.03	1097.69	1054.07	1062.02	1031.39	1104.26	1104.89	1027.21	1056.1	1042.6	1028.61	1090.65	1085.03	1114.72	1052.94	1053.21	1034.49	1073.12	1073.83	1016.68	1137.88	1180.27	1024.61
1137.7	1125.71	1099.02	1064.68	1139.25	1033	1130.91	1055.41	1027.03	1004.05	1111.34	1068.28	1076.2	1044.64	1117.98	1118.43	1040.61	1069.29	1056.75	1043.07	1107.23	1101.83	1129.37	1066.44	1062.46	1048.87	1086.64	1090.2	1034.27	1155.66	1192.34	1039.23
1151.66	1139.48	1112.22	1077.46	1150.7	1045.12	1144.8	1068.6	1041.21	1016.22	1125.45	1080.94	1089.47	1058.97	1130.3	1132.49	1054.03	1084.15	1068.29	1059.29	1118.25	1111.9	1144.5	1084.25	1076.38	1061.79	1102.56	1099.78	1044.97	1165.24	1204.79	1054.19
1163.7	1153.71	1126.2	1089.72	1163.86	1059.04	1157.16	1082.49	1053.92	1031.84	1138.22	1095.06	1101.79	1072.48	1143.77	1145.01	1072.55	1097.02	1082.57	1069.11	1131.71	1125.6	1155.33	1093.82	1092.73	1074.76	1113.13	1113	1057.37	1178.6	1220.83	1065.86
1177.79	1164.79	1137.74	1103.08	1179.06	1071.24	1170.76	1095.53	1067.27	1044.21	1151.17	1108.27	1116.49	1084.93	1157.3	1158	1080.33	1110.34	1098.35	1082.73	1144.58	1139.31	1166.61	1107.13	1103.31	1090.17	1126.78	1128.55	1072.05	1194.14	1229.7	1078.28
1191.17	1177.86	1151.27	1116.13	1190.48	1084.48	1184.4	1106.85	1081.09	1056.76	1164.96	1120.11	1128.64	1098.83	1170.47	1170.64	1094.45	1122.4	1106.84	1098.11	1156.61	1152.68	1182.15	1118.67	1118.02	1101.3	1139.89	1138.3	1082.35	1203.02	1242.94	1092.03
1202.06	1191.35	1163.86	1128.37	1202.66	1097.52	1195.57	1121.31	1092.41	1070.71	1176.04	1132.4	1142	1109.57	1182.76	1183.41	1106.4	1132.98	1120.53	1106.02	1171.4	1166.32	1192.08	1130.63	1127.61	1111.91	1150.98	1154.05	1094.67	1216.68	1255.97	1103.45
1214.39	1202.42	1175.33	1140.7	1216.31	1109.36	1207.78	1131.82	1104.2	1080.43	1188.61	1144.9	1152.27	1122.79	1194.36	1195.57	1117.75	1149.17	1132.72	1119.49	1180.65	1175.78	1205.7	1143.92	1139.32	1127.53	1166.86	1164.03	1108.26	1229.55	1267.32	1115.42
1228.11	1213.84	1187.73	1152.01	1227.07	1120.67	1221.25	1143.72	1116.09	1092.5	1200.88	1157.74	1164.73	1135.63	1206.7	1207.24	1134.42	1157.49	1144.57	1130.45	1195.51	1187.84	1219.35	1155.55	1153.75	1134.97	1176.67	1175.73	1119.16	1240.93	1279.12	1129.54
1238.57	1228.14	1200.75	1164.39	1238.82	1133.67	1231.48	1156.81	1128.22	1105.19	1211.51	1170.12	1176.83	1146.13	1219.68	1219.75	1141.08	1170.54	1157.59	1142.68	1204.13	1201.94	1229.55	1169.88	1163.88	1147.38	1188.36	1190.51	1133.97	1252.6	1294.11	1137.78
1249.78	1237.92	1211.07	1175.55	1250.85	1143.78	1243.45	1167.65	1139.48	1117.21	1223.7	1180.17	1187.8	1158.8	1230.14	1230.84	1153.34	1182.85	1167.57	1156.93	1216.04	1210.94	1240.8	1178.28	1179.11	1160.82	1199.42	1199.14	1142.18	1264.64	1302.25	1149.33
1261.41	1249.49	1222.93	1188.18	1262.16	1155.65	1255.34	1178.8	1151	1127.89	1235.71	1192.57	1200.12	1171.26	1242.51	1242.05	1168.23	1192.29	1179.03	1165.58	1229.87	1223.96	1252.69	1190.54	1186.23	1170.88	1211.29	1211.17	1154.2	1275.04	1314.56	1165.51
1273.07	1262.17	1233.77	1198.83	1273.07	1168.62	1266.37	1192.13	1162.39	1138.27	1245.78	1202.27	1210.73	1181.75	1253.22	1253.93	1176.25	1206.98	1192.29	1177.24	1238.72	1233.07	1263.74	1202.2	1199.02	1185.24	1223.14	1222.32	1166.44	1287.27	1328.36	1172.49
1284.55	1271.66	1244.95	1209.47	1285.68	1177.12	1277.93	1200.91	1174.51	1150.8	1257.01	1213.86	1222.57	1191.54	1265.11	1265.18	1190.2	1215.83	1201.9	1190.42	1250.98	1245.37	1276.54	1212.36	1211.92	1192.53	1233.59	1231.95	1176.56	1298.87	1335.83	1181
1296.69	1284.07	1255.41	1220.71	1296.97	1189.06	1289.91	1211.86	1184.5	1161.53	1269.11	1225.23	1233.49	1205.54	1276.03	1276.07	1198.23	1226.82	1215.71	1199.84	1261.19	1258.37	1287	1226.06	1220.17	1204.21	1243.79	1246.91	1187.14	1309.43	1349.34	1198.9
1305.89	1295.55	1267.65	1231.03	1307.62	1201.33	1300.89	1225.03	1195.64	1172.08	1280.84	1236.74	1245.22	1214.98	1287.7	1288.46	1208.96	1240.66	1223.65	1210.29	1272.72	1267.85	1297.33	1233.53	1234.57	1218.08	1256.95	1255.41	1199.34	1323.48	1363.24	1205.08
1317.25	1305.17	1278.13	1244	1317.91	1210.95	1311.62	1234.38	1206.56	1183.86	1293.05	1248.19	1256.96	1225.81	1299.65	1299.32	1221.53	1248.51	1234.64	1220.11	1284.08	1280.29	1307.49	1244.53	1241.6	1225.06	1266.87	1268.24	1208.19	1330.25	1371.35	1216.06
1328.16	1315.91	1289.3	1253.17	1329.43	1221.11	1322.5	1244.95	1217.4	1194.48	1302.22	1258.39	1266.83	1237.58	1309.38	1308.99	1230.52	1259.65	1246.4	1231.45	1293.81	1289.4	1318.12	1256	1252.65	1237.34	1280.57	1275.52	1222.36	1341.25	1382.33	1232.02
1338.63	1328.43	1300	1265.23	1339.95	1234.08	1333.51	1256.89	1227.88	1206.64	1313.73	1268.3	1277.93	1248.7	1320.68	1320.72	1245.24	1270.62	1256.4	1243.1	1303.67	1299.53	1330.59	1265.36	1266.05	1249.27	1289.21	1286.22	1229.74	1354.52	1392.05	1237.06
1349.94	1337.87	1310.59	1275.77	1350.34	1242.56	1344.13	1266.82	1237.77	1214.06	1323.68	1280.03	1288.37	1258.72	1331.57	1331.82	1250.76	1280.05	1269.94	1251.94	1317.19	1312.54	1340.47	1278.03	1274.52	1259.26	1297.73	1301.75	1240.03	1363	1403.27	1248.99
1359.91	1348.35	1321.25	1285.89	1361.02	1252.96	1353.84	1278.09	1248.3	1225.74	1333.64	1291.31	1300.26	1268.47	1341.49	1341.09	1261.25	1293.86	1276.21	1262.65	1325.04	1320.9	1352.07	1287.6	1286.39	1271.13	1310.79	1308.05	1252.1	1372.61	1414.22	1260.44
1369.73	1359.96	1331.48	1295.62	1373.15	1265.1	1365.06	1287.26	1259.09	1235.41	1344.72	1301.39	1310.15	1280.44	1351.68	1351.71	1276.77	1302.52	1287.61	1275.27	1335.25	1331.04	1359.85	1300.14	1297.23	1279.86	1320.02	1318.04	1261.1	1384.5	1422.43	1269.82
1380.94	1368.29	1343.13	1308.35	1381.87	1274.16	1375.74	1298.54	1269.28	1245.49	1355.04	1312.33	1319.59	1290.2	1361.66	1362.41	1283.04	1314.39	1298.04	1283.89	1347.66	1343.91	1372.49	1307.32	1305.83	1289.85	1332.15	1332.17	1270.99	1394.03	1432.25	1280.73
1390.2	1379.47	1352.43	1316.86	1392.11	1285.1	1385.12	1309.31	1280.5	1255.83	1364.94	1322.46	1329.85	1299.98	1371.92	1371.4	1293.89	1321.81	1308.08	1294.71	1355.46	1350.52	1381.36	1318.81	1318.37	1303.98	1340.25	1338.01	1285.55	1404.32	1445.31	1292.24
1400.57	1390.17	1362.66	1326.25	1403.02	1296.4	1395.14	1318.27	1290.09	1267.18	1375.21	1331.41	1340.85	1311.1	1383.06	1383.16	1306.02	1331.7	1320.75	1304.19	1365.88	1361.57	1390.72	1329.63	1327.52	1310.08	1350.72	1349.65	1292.77	1415.02	1454.42	1301.15
1412.36	1399.94	1372.95	1338.54	1412.5	1304.7	1407.35	1329.33	1300.41	1276.11	1385.33	1342.11	1350.79	1321.44	1392.68	1391.69	1315	1345.42	1329.19	1313.34	1376.54	1373.95	1401.89	1338.79	1336.42	1320.92	1360.61	1358.39	1303.33	1423.69	1465.85	1313.41
1420.46	1410.89	1382.79	1346.71	1422.49	1314.92	1416.23	1340.29	1309.78	1288.01	1395.23	1351.72	1360.89	1331.3	1402.82	1401.66	1327.16	1353.39	1340.25	1324.09	1385.71	1381.66	1410.08	1349.45	1349.25	1332.24	1370.97	1369.19	1315.34	1437.62	1474.86	1320.61
1431.25	1419.6	1392.29	1356.76	1433.44	1325.83	1425.47	1349.61	1319.87	1297.89	1404.89	1363.01	1370.29	1340.98	1412.43	1414.01	1334.38	1362.98	1347.61	1334.41	1398.04	1392.1	1419	1358.04	1355.38	1341.28	1379.67	1381.28	1322.47	1443.98	1484.5	1330.22
1441.53	1429.3	1402.98	1368.64	1442.24	1334.95	1436.99	1359.92	1330.87	1306.68	1415.18	1371.49	1380.24	1351.41	1422.15	1422.34	1345.11	1372.44	1359.26	1343.24	1405.42	1402.23	1431.88	1367.95	1367.41	1351.93	1393.53	1388.91	1332.52	1453.58	1495.48	1345.67
1451.17	1440.86	1412.34	1376.97	1452.67	1345.32	1446.24	1370.1	1338.86	1317.42	1424.85	1382.11	1391.13	1361.8	1432.28	1433.06	1353.89	1381.62	1368.93	1355.5	1415.97	1411.18	1438.59	1380.55	1376.72	1360.46	1399.84	1401.35	1343.31	1466.63	1502.92	1351.14
1460.94	1448.2	1422.87	1387.05	1463.63	1355.5	1455.1	1379.45	1349.5	1325.69	1435.37	1392.08	1399.62	1370.92	1443.04	1441.58	1366	1394.14	1378.07	1362.55	1427.26	1422.36	1449.22	1386.86	1385.84	1369.77	1409.88	1409.12	1351.87	1472.81	1512.57	1360.09
1469.73	1458.77	1432.97	1397.89	1471.83	1364.89	1467.24	1390.04	1359.21	1335.22	1445.87	1401.45	1409.91	1382.54	1453.02	1452.37	1374.18	1401.1	1388.88	1372.81	1434.97	1431.29	1457.83	1396.75	1398.4	1380.31	1421.79	1417.44	1362.87	1482.86	1525.32	1374.24
1479.88	1469.54	1442.96	1405.46	1481.75	1374.03	1474.99	1398.39	1368.72	1346.15	1454.47	1412.18	1419.95	1390.79	1462.23	1462.05	1385.89	1410.75	1397.14	1384.17	1446.85	1440.51	1467.25	1408.53	1406	1389.67	1430.14	1431.92	1373.34	1496.62	1533.18	1379.87
1490.25	1478.89	1452.45	1415.16	1492.36	1385.6	1485.68	1408.56	1379.85	1354.6	1464.13	1421.68	1430	1400.77	1471.97	1471.21	1392.75	1423.64	1407.69	1391.35	1453.38	1452.68	1479.05	1415.5	1415.89	1402.46	1439.66	1438.49	1380.75	1502	1544.31	1388.44
1498.7	1488.98	1462	1427.12	1500.31	1394.58	1495.8	1418.28	1388.38	1366.64	1473.49	1430.57	1439.03	1410.5	1482.12	1481.64	1401.3	1430.18	1419.73	1401.92	1462.92	1461.36	1488.02	1425.67	1425.15	1409.65	1450.13	1449.56	1392.85	1512.32	1555.48	1403.47
1508.52	1497.93	1471.06	1436.07	1511.21	1402.34	1504.35	1427.38	1397.94	1373.81	1483.69	1440.09	1448.46	1419.82	1490.64	1490.88	1416.74	1440.06	1427.08	1413.69	1473.16	1469.88	1501.65	1437.34	1434.01	1422.88	1458.9	1455.76	1400.24	1524.82	1562.93	1408.81
1518.04	1507.53	1481.18	1445.46	1521.09	1414.74	1513.7	1437.29	1409.28	1383.04	1493.37	1449.92	1458.53	1430.81	1500.19	1500.69	1420.67	1448.96	1437.22	1420.72	1483.13	1478.86	1505.54	1444.46	1447.68	1428.15	1470.09	1465.59	1410.41	1531.65	1572.18	1418.34
1527.13	1516	1490.5	1455.29	1531.5	1422.74	1524.22	1447.56	1417.27	1394.2	1502.46	1459.76	1467.28	1439.46	1510.33	1509.37	1432.57	1458.71	1446.94	1430.2	1494.85	1488.39	1515.94	1454.93	1452.66	1438.81	1477.12	1477.16	1419.77	1543.26	1585.07	1432.09
1538.42	1527.38	1499.79	1463.93	1542.21	1432.1	1534.25	1455.92	1426.91	1403.57	1511.26	1468.63	1477.1	1449.68	1519.56	1518.66	1438.59	1470.77	1455.35	1442.49	1500.85	1498.91	1526.33	1465.41	1463.54	1450.86	1486.37	1485.15	1428.17	1551.76	1591.8	1437.24
1547.34	1536.54	1509.68	1473.93	1550.56	1443.14	1544.55	1465.94	1435.37	1411.23	1521.42	1479	1486.49	1459.67	1529.81	1529.8	1449.24	1478.05	1467.45	1448.96	1509.81	1508.28	1536.19	1472.86	1472.36	1457.1	1500.69	1495.87	1442.12	1559.86	1601.48	1445.84
1557.63	1546.54	1518.8	1482.07	1560.15	1450.48	1553.74	1476.58	1444.98	1423.62	1530.55	1488.91	1497.39	1468.35	1539.2	1538.16	1461.81	1488.34	1474.26	1458.61	1521.78	1519	1549.07	1484.06	1481.95	1466.24	1506.08	1504.42	1447.34	1570.87	1611.29	1459.75
1567.39	1556.92	1528.97	1492.18	1570.02	1460	1563.19	1484.22	1454.06	1430.78	1541.2	1496.99	1505.28	1479.32	1549.38	1548.5	1467.34	1496.49	1485.65	1467.39	1530.14	1526.04	1555.48	1492.71	1492.63	1478.62	1515.46	1514.22	1456.9	1579.22	1620.13	1466.47
1575.08	1565.38	1538.33	1502.47	1578.8	1470.86	1572.84	1494.06	1464.37	1439.78	1550.36	1506.97	1514.59	1487.69	1558.09	1558.23	1480.74	1504.99	1492.32	1477.12	1539.78	1539.94	1565.66	1502.06	1501.24	1485.98	1526.01	1526	1469.37	1588.11	1632.28	1473.97
1584.77	1573.39	1548.52	1510.23	1587.92	1478.53	1581.44	1505.1	1474.51	1450.14	1559.93	1515.97	1525.13	1497.58	1567.68	1566.81	1485.92	1516.88	1502.2	1489.14	1550.81	1546.67	1577.2	1512.22	1511.69	1497.77	1535.37	1531.99	1475.57	1600.95	1638.69	1487.61
1594.71	1584.98	1557.49	1519.93	1598.92	1488.46	1592.39	1512.85	1482.95	1458.66	1570.23	1524.93	1532.99	1506.67	1576.35	1576.94	1498.51	1523.9	1511.85	1494.75	1558.26	1558.69	1583.8	1518.9	1520.22	1503.88	1547.47	1545.02	1485.64	1606.72	1647.92	1492.85
1603.6	1593.02	1566.94	1530.88	1606.81	1498.96	1600.76	1521.64	1491.38	1468.36	1578.46	1535.44	1543.12	1515.64	1585.76	1585.33	1505.76	1536	1521.44	1504.34	1567.72	1565.15	1593.61	1528.59	1527.83	1513.15	1553.77	1551.18	1496.52	1615.78	1660.18	1502.39
1612.73	1603	1575.94	1539.63	1616.01	1506.6	1610.87	1532.18	1501.78	1478.67	1586.99	1545.86	1553.68	1526.66	1595.53	1594.61	1513.34	1542.78	1533.36	1516.39	1576.65	1574.59	1603.17	1541.72	1542.63	1526.03	1562.92	1561.92	1502.69	1628.7	1663.96	1515.64
