# ASIC configuration for the measurements:
# ------------------------------------------------------------------------------
# Mode = 000 
# Bias = 0110 
# CSArefs = 0011 
# Shaper = 000 
# Leakage mask = 00000000000000000000000000000000 
# Discr. enable mask = 11111111111111111111111111111111 
# Calibration mask = 00000000000000000000000000000000 
# Threshold = 255 
# FineTHR[0] = 100 
# FineTHR[1] = 100 
# FineTHR[2] = 100 
# FineTHR[3] = 100 
# FineTHR[4] = 100 
# FineTHR[5] = 100 
# FineTHR[6] = 100 
# FineTHR[7] = 100 
# FineTHR[8] = 100 
# FineTHR[9] = 100 
# FineTHR[10] = 100 
# FineTHR[11] = 100 
# FineTHR[12] = 100 
# FineTHR[13] = 100 
# FineTHR[14] = 100 
# FineTHR[15] = 100 
# FineTHR[16] = 100 
# FineTHR[17] = 100 
# FineTHR[18] = 100 
# FineTHR[19] = 100 
# FineTHR[20] = 100 
# FineTHR[21] = 100 
# FineTHR[22] = 100 
# FineTHR[23] = 100 
# FineTHR[24] = 100 
# FineTHR[25] = 100 
# FineTHR[26] = 100 
# FineTHR[27] = 100 
# FineTHR[28] = 100 
# FineTHR[29] = 100 
# FineTHR[30] = 100 
# FineTHR[31] = 100 
# ------------------------------------------------------------------------------
# Event data block #1
# Threshold	DAC	Events	Triggered	CH#
200	0	1000	0	0
200	0	1000	0	1
200	0	1000	0	2
200	0	1000	0	3
200	0	1000	0	4
200	0	1000	0	5
200	0	1000	0	6
200	0	1000	0	7
200	0	1000	0	8
200	0	1000	0	9
200	0	1000	0	10
200	0	1000	0	11
200	0	1000	0	12
200	0	1000	0	13
200	0	1000	0	14
200	0	1000	0	15
200	0	1000	0	16
200	0	1000	0	17
200	0	1000	0	18
200	0	1000	0	19
200	0	1000	0	20
200	0	1000	0	21
200	0	1000	0	22
200	0	1000	0	23
200	0	1000	0	24
200	0	1000	0	25
200	0	1000	0	26
200	0	1000	0	27
200	0	1000	0	28
200	0	1000	0	29
200	0	1000	0	30
200	0	1000	0	31
# Event data block #2
# Threshold	DAC	Events	Triggered	CH#
201	0	1000	0	0
201	0	1000	0	1
201	0	1000	0	2
201	0	1000	0	3
201	0	1000	0	4
201	0	1000	0	5
201	0	1000	0	6
201	0	1000	0	7
201	0	1000	0	8
201	0	1000	0	9
201	0	1000	0	10
201	0	1000	0	11
201	0	1000	0	12
201	0	1000	0	13
201	0	1000	0	14
201	0	1000	0	15
201	0	1000	0	16
201	0	1000	0	17
201	0	1000	0	18
201	0	1000	0	19
201	0	1000	0	20
201	0	1000	0	21
201	0	1000	0	22
201	0	1000	0	23
201	0	1000	0	24
201	0	1000	0	25
201	0	1000	0	26
201	0	1000	0	27
201	0	1000	0	28
201	0	1000	0	29
201	0	1000	0	30
201	0	1000	0	31
# Event data block #3
# Threshold	DAC	Events	Triggered	CH#
202	0	1000	0	0
202	0	1000	0	1
202	0	1000	0	2
202	0	1000	0	3
202	0	1000	0	4
202	0	1000	0	5
202	0	1000	0	6
202	0	1000	0	7
202	0	1000	0	8
202	0	1000	0	9
202	0	1000	0	10
202	0	1000	0	11
202	0	1000	0	12
202	0	1000	0	13
202	0	1000	1	14
202	0	1000	0	15
202	0	1000	0	16
202	0	1000	0	17
202	0	1000	0	18
202	0	1000	1	19
202	0	1000	0	20
202	0	1000	0	21
202	0	1000	1	22
202	0	1000	1	23
202	0	1000	0	24
202	0	1000	0	25
202	0	1000	0	26
202	0	1000	0	27
202	0	1000	1	28
202	0	1000	0	29
202	0	1000	0	30
202	0	1000	0	31
# Event data block #4
# Threshold	DAC	Events	Triggered	CH#
203	0	1000	0	0
203	0	1000	0	1
203	0	1000	0	2
203	0	1000	0	3
203	0	1000	0	4
203	0	1000	0	5
203	0	1000	0	6
203	0	1000	0	7
203	0	1000	0	8
203	0	1000	0	9
203	0	1000	0	10
203	0	1000	0	11
203	0	1000	0	12
203	0	1000	0	13
203	0	1000	0	14
203	0	1000	0	15
203	0	1000	0	16
203	0	1000	0	17
203	0	1000	0	18
203	0	1000	0	19
203	0	1000	0	20
203	0	1000	0	21
203	0	1000	0	22
203	0	1000	0	23
203	0	1000	0	24
203	0	1000	0	25
203	0	1000	0	26
203	0	1000	0	27
203	0	1000	0	28
203	0	1000	0	29
203	0	1000	0	30
203	0	1000	0	31
# Event data block #5
# Threshold	DAC	Events	Triggered	CH#
204	0	1000	0	0
204	0	1000	0	1
204	0	1000	0	2
204	0	1000	0	3
204	0	1000	0	4
204	0	1000	0	5
204	0	1000	0	6
204	0	1000	0	7
204	0	1000	0	8
204	0	1000	0	9
204	0	1000	0	10
204	0	1000	0	11
204	0	1000	0	12
204	0	1000	0	13
204	0	1000	4	14
204	0	1000	0	15
204	0	1000	0	16
204	0	1000	0	17
204	0	1000	0	18
204	0	1000	0	19
204	0	1000	0	20
204	0	1000	0	21
204	0	1000	0	22
204	0	1000	0	23
204	0	1000	0	24
204	0	1000	0	25
204	0	1000	2	26
204	0	1000	0	27
204	0	1000	2	28
204	0	1000	0	29
204	0	1000	0	30
204	0	1000	0	31
# Event data block #6
# Threshold	DAC	Events	Triggered	CH#
205	0	1000	0	0
205	0	1000	0	1
205	0	1000	0	2
205	0	1000	0	3
205	0	1000	2	4
205	0	1000	0	5
205	0	1000	0	6
205	0	1000	0	7
205	0	1000	0	8
205	0	1000	1	9
205	0	1000	0	10
205	0	1000	0	11
205	0	1000	0	12
205	0	1000	0	13
205	0	1000	5	14
205	0	1000	0	15
205	0	1000	0	16
205	0	1000	0	17
205	0	1000	0	18
205	0	1000	1	19
205	0	1000	0	20
205	0	1000	0	21
205	0	1000	3	22
205	0	1000	3	23
205	0	1000	0	24
205	0	1000	0	25
205	0	1000	3	26
205	0	1000	0	27
205	0	1000	10	28
205	0	1000	0	29
205	0	1000	0	30
205	0	1000	0	31
# Event data block #7
# Threshold	DAC	Events	Triggered	CH#
206	0	1000	0	0
206	0	1000	0	1
206	0	1000	0	2
206	0	1000	0	3
206	0	1000	4	4
206	0	1000	0	5
206	0	1000	0	6
206	0	1000	0	7
206	0	1000	0	8
206	0	1000	0	9
206	0	1000	0	10
206	0	1000	0	11
206	0	1000	0	12
206	0	1000	0	13
206	0	1000	7	14
206	0	1000	0	15
206	0	1000	0	16
206	0	1000	0	17
206	0	1000	0	18
206	0	1000	2	19
206	0	1000	0	20
206	0	1000	0	21
206	0	1000	3	22
206	0	1000	1	23
206	0	1000	0	24
206	0	1000	0	25
206	0	1000	6	26
206	0	1000	0	27
206	0	1000	24	28
206	0	1000	0	29
206	0	1000	0	30
206	0	1000	1	31
# Event data block #8
# Threshold	DAC	Events	Triggered	CH#
207	0	1000	0	0
207	0	1000	0	1
207	0	1000	0	2
207	0	1000	0	3
207	0	1000	9	4
207	0	1000	0	5
207	0	1000	0	6
207	0	1000	0	7
207	0	1000	0	8
207	0	1000	0	9
207	0	1000	0	10
207	0	1000	0	11
207	0	1000	0	12
207	0	1000	0	13
207	0	1000	18	14
207	0	1000	0	15
207	0	1000	0	16
207	0	1000	0	17
207	0	1000	0	18
207	0	1000	1	19
207	0	1000	0	20
207	0	1000	0	21
207	0	1000	3	22
207	0	1000	2	23
207	0	1000	0	24
207	0	1000	0	25
207	0	1000	18	26
207	0	1000	0	27
207	0	1000	54	28
207	0	1000	0	29
207	0	1000	0	30
207	0	1000	1	31
# Event data block #9
# Threshold	DAC	Events	Triggered	CH#
208	0	1000	0	0
208	0	1000	0	1
208	0	1000	0	2
208	0	1000	0	3
208	0	1000	19	4
208	0	1000	0	5
208	0	1000	0	6
208	0	1000	0	7
208	0	1000	0	8
208	0	1000	2	9
208	0	1000	0	10
208	0	1000	0	11
208	0	1000	0	12
208	0	1000	0	13
208	0	1000	26	14
208	0	1000	0	15
208	0	1000	0	16
208	0	1000	0	17
208	0	1000	0	18
208	0	1000	6	19
208	0	1000	0	20
208	0	1000	0	21
208	0	1000	10	22
208	0	1000	8	23
208	0	1000	0	24
208	0	1000	0	25
208	0	1000	41	26
208	0	1000	0	27
208	0	1000	99	28
208	0	1000	0	29
208	0	1000	0	30
208	0	1000	8	31
# Event data block #10
# Threshold	DAC	Events	Triggered	CH#
209	0	1000	0	0
209	0	1000	0	1
209	0	1000	0	2
209	0	1000	0	3
209	0	1000	52	4
209	0	1000	0	5
209	0	1000	0	6
209	0	1000	0	7
209	0	1000	0	8
209	0	1000	2	9
209	0	1000	0	10
209	0	1000	0	11
209	0	1000	0	12
209	0	1000	0	13
209	0	1000	36	14
209	0	1000	0	15
209	0	1000	0	16
209	0	1000	0	17
209	0	1000	0	18
209	0	1000	7	19
209	0	1000	0	20
209	0	1000	0	21
209	0	1000	8	22
209	0	1000	10	23
209	0	1000	0	24
209	0	1000	0	25
209	0	1000	87	26
209	0	1000	0	27
209	0	1000	211	28
209	0	1000	0	29
209	0	1000	0	30
209	0	1000	6	31
# Event data block #11
# Threshold	DAC	Events	Triggered	CH#
210	0	1000	0	0
210	0	1000	0	1
210	0	1000	0	2
210	0	1000	0	3
210	0	1000	110	4
210	0	1000	0	5
210	0	1000	0	6
210	0	1000	0	7
210	0	1000	0	8
210	0	1000	9	9
210	0	1000	0	10
210	0	1000	0	11
210	0	1000	0	12
210	0	1000	4	13
210	0	1000	74	14
210	0	1000	0	15
210	0	1000	0	16
210	0	1000	0	17
210	0	1000	4	18
210	0	1000	26	19
210	0	1000	0	20
210	0	1000	0	21
210	0	1000	32	22
210	0	1000	26	23
210	0	1000	0	24
210	0	1000	0	25
210	0	1000	164	26
210	0	1000	0	27
210	0	1000	371	28
210	0	1000	0	29
210	0	1000	0	30
210	0	1000	40	31
# Event data block #12
# Threshold	DAC	Events	Triggered	CH#
211	0	1000	0	0
211	0	1000	0	1
211	0	1000	0	2
211	0	1000	1	3
211	0	1000	237	4
211	0	1000	0	5
211	0	1000	1	6
211	0	1000	0	7
211	0	1000	0	8
211	0	1000	13	9
211	0	1000	1	10
211	0	1000	0	11
211	0	1000	0	12
211	0	1000	3	13
211	0	1000	118	14
211	0	1000	0	15
211	0	1000	0	16
211	0	1000	0	17
211	0	1000	4	18
211	0	1000	27	19
211	0	1000	0	20
211	0	1000	0	21
211	0	1000	38	22
211	0	1000	39	23
211	0	1000	0	24
211	0	1000	0	25
211	0	1000	336	26
211	0	1000	0	27
211	0	1000	564	28
211	0	1000	0	29
211	0	1000	0	30
211	0	1000	76	31
# Event data block #13
# Threshold	DAC	Events	Triggered	CH#
212	0	1000	1	0
212	0	1000	0	1
212	0	1000	0	2
212	0	1000	1	3
212	0	1000	396	4
212	0	1000	0	5
212	0	1000	1	6
212	0	1000	0	7
212	0	1000	1	8
212	0	1000	21	9
212	0	1000	0	10
212	0	1000	0	11
212	0	1000	0	12
212	0	1000	9	13
212	0	1000	174	14
212	0	1000	0	15
212	0	1000	0	16
212	0	1000	0	17
212	0	1000	10	18
212	0	1000	52	19
212	0	1000	0	20
212	0	1000	0	21
212	0	1000	57	22
212	0	1000	57	23
212	0	1000	0	24
212	0	1000	0	25
212	0	1000	497	26
212	0	1000	0	27
212	0	1000	760	28
212	0	1000	0	29
212	0	1000	0	30
212	0	1000	152	31
# Event data block #14
# Threshold	DAC	Events	Triggered	CH#
213	0	1000	0	0
213	0	1000	0	1
213	0	1000	0	2
213	0	1000	6	3
213	0	1000	595	4
213	0	1000	0	5
213	0	1000	0	6
213	0	1000	0	7
213	0	1000	1	8
213	0	1000	23	9
213	0	1000	0	10
213	0	1000	0	11
213	0	1000	0	12
213	0	1000	11	13
213	0	1000	259	14
213	0	1000	0	15
213	0	1000	0	16
213	0	1000	1	17
213	0	1000	11	18
213	0	1000	76	19
213	0	1000	0	20
213	0	1000	0	21
213	0	1000	78	22
213	0	1000	77	23
213	0	1000	0	24
213	0	1000	0	25
213	0	1000	691	26
213	0	1000	0	27
213	0	1000	874	28
213	0	1000	0	29
213	0	1000	0	30
213	0	1000	296	31
# Event data block #15
# Threshold	DAC	Events	Triggered	CH#
214	0	1000	4	0
214	0	1000	0	1
214	0	1000	0	2
214	0	1000	17	3
214	0	1000	774	4
214	0	1000	0	5
214	0	1000	0	6
214	0	1000	0	7
214	0	1000	3	8
214	0	1000	58	9
214	0	1000	0	10
214	0	1000	0	11
214	0	1000	0	12
214	0	1000	28	13
214	0	1000	374	14
214	0	1000	0	15
214	0	1000	1	16
214	0	1000	1	17
214	0	1000	32	18
214	0	1000	133	19
214	0	1000	0	20
214	0	1000	0	21
214	0	1000	124	22
214	0	1000	127	23
214	0	1000	0	24
214	0	1000	0	25
214	0	1000	854	26
214	0	1000	0	27
214	0	1000	965	28
214	0	1000	0	29
214	0	1000	0	30
214	0	1000	521	31
# Event data block #16
# Threshold	DAC	Events	Triggered	CH#
215	0	1000	10	0
215	0	1000	0	1
215	0	1000	0	2
215	0	1000	31	3
215	0	1000	880	4
215	0	1000	0	5
215	0	1000	2	6
215	0	1000	0	7
215	0	1000	1	8
215	0	1000	71	9
215	0	1000	0	10
215	0	1000	1	11
215	0	1000	0	12
215	0	1000	28	13
215	0	1000	484	14
215	0	1000	1	15
215	0	1000	1	16
215	0	1000	1	17
215	0	1000	37	18
215	0	1000	197	19
215	0	1000	0	20
215	0	1000	0	21
215	0	1000	170	22
215	0	1000	174	23
215	0	1000	0	24
215	0	1000	2	25
215	0	1000	924	26
215	0	1000	0	27
215	0	1000	974	28
215	0	1000	0	29
215	0	1000	1	30
215	0	1000	713	31
# Event data block #17
# Threshold	DAC	Events	Triggered	CH#
216	0	1000	19	0
216	0	1000	0	1
216	0	1000	0	2
216	0	1000	98	3
216	0	1000	938	4
216	0	1000	2	5
216	0	1000	18	6
216	0	1000	0	7
216	0	1000	12	8
216	0	1000	116	9
216	0	1000	5	10
216	0	1000	10	11
216	0	1000	3	12
216	0	1000	69	13
216	0	1000	649	14
216	0	1000	6	15
216	0	1000	6	16
216	0	1000	6	17
216	0	1000	84	18
216	0	1000	299	19
216	0	1000	0	20
216	0	1000	3	21
216	0	1000	238	22
216	0	1000	250	23
216	0	1000	0	24
216	0	1000	12	25
216	0	1000	970	26
216	0	1000	1	27
216	0	1000	996	28
216	0	1000	0	29
216	0	1000	2	30
216	0	1000	862	31
# Event data block #18
# Threshold	DAC	Events	Triggered	CH#
217	0	1000	50	0
217	0	1000	0	1
217	0	1000	0	2
217	0	1000	198	3
217	0	1000	977	4
217	0	1000	7	5
217	0	1000	31	6
217	0	1000	0	7
217	0	1000	15	8
217	0	1000	178	9
217	0	1000	4	10
217	0	1000	19	11
217	0	1000	0	12
217	0	1000	111	13
217	0	1000	713	14
217	0	1000	7	15
217	0	1000	10	16
217	0	1000	13	17
217	0	1000	129	18
217	0	1000	399	19
217	0	1000	0	20
217	0	1000	1	21
217	0	1000	330	22
217	0	1000	325	23
217	0	1000	0	24
217	0	1000	25	25
217	0	1000	984	26
217	0	1000	1	27
217	0	1000	996	28
217	0	1000	0	29
217	0	1000	4	30
217	0	1000	936	31
# Event data block #19
# Threshold	DAC	Events	Triggered	CH#
218	0	1000	109	0
218	0	1000	6	1
218	0	1000	0	2
218	0	1000	348	3
218	0	1000	988	4
218	0	1000	13	5
218	0	1000	54	6
218	0	1000	0	7
218	0	1000	24	8
218	0	1000	235	9
218	0	1000	9	10
218	0	1000	26	11
218	0	1000	1	12
218	0	1000	165	13
218	0	1000	828	14
218	0	1000	15	15
218	0	1000	19	16
218	0	1000	20	17
218	0	1000	207	18
218	0	1000	539	19
218	0	1000	1	20
218	0	1000	4	21
218	0	1000	440	22
218	0	1000	445	23
218	0	1000	1	24
218	0	1000	55	25
218	0	1000	996	26
218	0	1000	6	27
218	0	1000	998	28
218	0	1000	0	29
218	0	1000	14	30
218	0	1000	983	31
# Event data block #20
# Threshold	DAC	Events	Triggered	CH#
219	0	1000	213	0
219	0	1000	18	1
219	0	1000	2	2
219	0	1000	563	3
219	0	1000	998	4
219	0	1000	43	5
219	0	1000	126	6
219	0	1000	0	7
219	0	1000	35	8
219	0	1000	340	9
219	0	1000	19	10
219	0	1000	46	11
219	0	1000	8	12
219	0	1000	247	13
219	0	1000	875	14
219	0	1000	25	15
219	0	1000	30	16
219	0	1000	33	17
219	0	1000	314	18
219	0	1000	639	19
219	0	1000	6	20
219	0	1000	15	21
219	0	1000	538	22
219	0	1000	548	23
219	0	1000	6	24
219	0	1000	126	25
219	0	1000	999	26
219	0	1000	20	27
219	0	1000	1000	28
219	0	1000	2	29
219	0	1000	43	30
219	0	1000	993	31
# Event data block #21
# Threshold	DAC	Events	Triggered	CH#
220	0	1000	361	0
220	0	1000	33	1
220	0	1000	3	2
220	0	1000	764	3
220	0	1000	999	4
220	0	1000	63	5
220	0	1000	200	6
220	0	1000	0	7
220	0	1000	46	8
220	0	1000	469	9
220	0	1000	25	10
220	0	1000	66	11
220	0	1000	11	12
220	0	1000	379	13
220	0	1000	932	14
220	0	1000	30	15
220	0	1000	37	16
220	0	1000	44	17
220	0	1000	449	18
220	0	1000	752	19
220	0	1000	13	20
220	0	1000	18	21
220	0	1000	639	22
220	0	1000	667	23
220	0	1000	7	24
220	0	1000	200	25
220	0	1000	998	26
220	0	1000	39	27
220	0	1000	999	28
220	0	1000	7	29
220	0	1000	77	30
220	0	1000	997	31
# Event data block #22
# Threshold	DAC	Events	Triggered	CH#
221	0	1000	531	0
221	0	1000	110	1
221	0	1000	19	2
221	0	1000	887	3
221	0	1000	1000	4
221	0	1000	144	5
221	0	1000	346	6
221	0	1000	0	7
221	0	1000	97	8
221	0	1000	588	9
221	0	1000	49	10
221	0	1000	135	11
221	0	1000	25	12
221	0	1000	514	13
221	0	1000	954	14
221	0	1000	71	15
221	0	1000	82	16
221	0	1000	98	17
221	0	1000	616	18
221	0	1000	846	19
221	0	1000	22	20
221	0	1000	38	21
221	0	1000	748	22
221	0	1000	769	23
221	0	1000	22	24
221	0	1000	344	25
221	0	1000	1000	26
221	0	1000	109	27
221	0	1000	1000	28
221	0	1000	34	29
221	0	1000	189	30
221	0	1000	1000	31
# Event data block #23
# Threshold	DAC	Events	Triggered	CH#
222	0	1000	683	0
222	0	1000	197	1
222	0	1000	58	2
222	0	1000	961	3
222	0	1000	1000	4
222	0	1000	221	5
222	0	1000	453	6
222	0	1000	0	7
222	0	1000	113	8
222	0	1000	649	9
222	0	1000	66	10
222	0	1000	172	11
222	0	1000	37	12
222	0	1000	583	13
222	0	1000	976	14
222	0	1000	93	15
222	0	1000	109	16
222	0	1000	132	17
222	0	1000	680	18
222	0	1000	885	19
222	0	1000	34	20
222	0	1000	54	21
222	0	1000	804	22
222	0	1000	825	23
222	0	1000	41	24
222	0	1000	496	25
222	0	1000	1000	26
222	0	1000	165	27
222	0	1000	1000	28
222	0	1000	77	29
222	0	1000	297	30
222	0	1000	999	31
# Event data block #24
# Threshold	DAC	Events	Triggered	CH#
223	0	1000	840	0
223	0	1000	347	1
223	0	1000	106	2
223	0	1000	987	3
223	0	1000	1000	4
223	0	1000	371	5
223	0	1000	627	6
223	0	1000	1	7
223	0	1000	170	8
223	0	1000	755	9
223	0	1000	82	10
223	0	1000	279	11
223	0	1000	38	12
223	0	1000	743	13
223	0	1000	984	14
223	0	1000	138	15
223	0	1000	149	16
223	0	1000	191	17
223	0	1000	811	18
223	0	1000	930	19
223	0	1000	42	20
223	0	1000	61	21
223	0	1000	866	22
223	0	1000	882	23
223	0	1000	66	24
223	0	1000	696	25
223	0	1000	1000	26
223	0	1000	320	27
223	0	1000	1000	28
223	0	1000	145	29
223	0	1000	497	30
223	0	1000	1000	31
# Event data block #25
# Threshold	DAC	Events	Triggered	CH#
224	0	1000	942	0
224	0	1000	544	1
224	0	1000	217	2
224	0	1000	992	3
224	0	1000	1000	4
224	0	1000	561	5
224	0	1000	792	6
224	0	1000	2	7
224	0	1000	240	8
224	0	1000	846	9
224	0	1000	132	10
224	0	1000	368	11
224	0	1000	75	12
224	0	1000	848	13
224	0	1000	990	14
224	0	1000	192	15
224	0	1000	219	16
224	0	1000	278	17
224	0	1000	889	18
224	0	1000	956	19
224	0	1000	73	20
224	0	1000	91	21
224	0	1000	910	22
224	0	1000	926	23
224	0	1000	110	24
224	0	1000	840	25
224	0	1000	999	26
224	0	1000	459	27
224	0	1000	1000	28
224	0	1000	274	29
224	0	1000	705	30
224	0	1000	1000	31
# Event data block #26
# Threshold	DAC	Events	Triggered	CH#
225	0	1000	982	0
225	0	1000	768	1
225	0	1000	388	2
225	0	1000	999	3
225	0	1000	1000	4
225	0	1000	719	5
225	0	1000	872	6
225	0	1000	15	7
225	0	1000	320	8
225	0	1000	897	9
225	0	1000	201	10
225	0	1000	524	11
225	0	1000	131	12
225	0	1000	907	13
225	0	1000	998	14
225	0	1000	278	15
225	0	1000	292	16
225	0	1000	375	17
225	0	1000	945	18
225	0	1000	981	19
225	0	1000	113	20
225	0	1000	148	21
225	0	1000	948	22
225	0	1000	954	23
225	0	1000	176	24
225	0	1000	935	25
225	0	1000	1000	26
225	0	1000	689	27
225	0	1000	1000	28
225	0	1000	512	29
225	0	1000	880	30
225	0	1000	1000	31
# Event data block #27
# Threshold	DAC	Events	Triggered	CH#
226	0	1000	989	0
226	0	1000	893	1
226	0	1000	603	2
226	0	1000	1000	3
226	0	1000	1000	4
226	0	1000	865	5
226	0	1000	954	6
226	0	1000	35	7
226	0	1000	430	8
226	0	1000	929	9
226	0	1000	256	10
226	0	1000	652	11
226	0	1000	184	12
226	0	1000	940	13
226	0	1000	1000	14
226	0	1000	366	15
226	0	1000	409	16
226	0	1000	508	17
226	0	1000	965	18
226	0	1000	995	19
226	0	1000	168	20
226	0	1000	219	21
226	0	1000	971	22
226	0	1000	978	23
226	0	1000	325	24
226	0	1000	976	25
226	0	1000	1000	26
226	0	1000	826	27
226	0	1000	1000	28
226	0	1000	735	29
226	0	1000	964	30
226	0	1000	1000	31
# Event data block #28
# Threshold	DAC	Events	Triggered	CH#
227	0	1000	998	0
227	0	1000	969	1
227	0	1000	776	2
227	0	1000	1000	3
227	0	1000	1000	4
227	0	1000	938	5
227	0	1000	973	6
227	0	1000	72	7
227	0	1000	538	8
227	0	1000	953	9
227	0	1000	343	10
227	0	1000	754	11
227	0	1000	261	12
227	0	1000	971	13
227	0	1000	1000	14
227	0	1000	494	15
227	0	1000	522	16
227	0	1000	620	17
227	0	1000	983	18
227	0	1000	992	19
227	0	1000	268	20
227	0	1000	304	21
227	0	1000	977	22
227	0	1000	985	23
227	0	1000	460	24
227	0	1000	987	25
227	0	1000	1000	26
227	0	1000	928	27
227	0	1000	1000	28
227	0	1000	900	29
227	0	1000	985	30
227	0	1000	1000	31
# Event data block #29
# Threshold	DAC	Events	Triggered	CH#
228	0	1000	998	0
228	0	1000	986	1
228	0	1000	906	2
228	0	1000	999	3
228	0	1000	1000	4
228	0	1000	976	5
228	0	1000	992	6
228	0	1000	132	7
228	0	1000	702	8
228	0	1000	955	9
228	0	1000	479	10
228	0	1000	834	11
228	0	1000	406	12
228	0	1000	970	13
228	0	1000	998	14
228	0	1000	652	15
228	0	1000	665	16
228	0	1000	748	17
228	0	1000	980	18
228	0	1000	994	19
228	0	1000	416	20
228	0	1000	444	21
228	0	1000	980	22
228	0	1000	983	23
228	0	1000	686	24
228	0	1000	993	25
228	0	1000	1000	26
228	0	1000	966	27
228	0	1000	1000	28
228	0	1000	952	29
228	0	1000	990	30
228	0	1000	1000	31
# Event data block #30
# Threshold	DAC	Events	Triggered	CH#
229	0	1000	1000	0
229	0	1000	999	1
229	0	1000	976	2
229	0	1000	1000	3
229	0	1000	1000	4
229	0	1000	990	5
229	0	1000	994	6
229	0	1000	223	7
229	0	1000	771	8
229	0	1000	980	9
229	0	1000	605	10
229	0	1000	903	11
229	0	1000	545	12
229	0	1000	991	13
229	0	1000	1000	14
229	0	1000	739	15
229	0	1000	767	16
229	0	1000	834	17
229	0	1000	995	18
229	0	1000	997	19
229	0	1000	550	20
229	0	1000	574	21
229	0	1000	992	22
229	0	1000	993	23
229	0	1000	830	24
229	0	1000	998	25
229	0	1000	1000	26
229	0	1000	992	27
229	0	1000	1000	28
229	0	1000	988	29
229	0	1000	999	30
229	0	1000	1000	31
# Event data block #31
# Threshold	DAC	Events	Triggered	CH#
230	0	1000	1000	0
230	0	1000	999	1
230	0	1000	991	2
230	0	1000	1000	3
230	0	1000	1000	4
230	0	1000	998	5
230	0	1000	998	6
230	0	1000	396	7
230	0	1000	844	8
230	0	1000	992	9
230	0	1000	693	10
230	0	1000	945	11
230	0	1000	663	12
230	0	1000	997	13
230	0	1000	1000	14
230	0	1000	826	15
230	0	1000	834	16
230	0	1000	902	17
230	0	1000	1000	18
230	0	1000	1000	19
230	0	1000	663	20
230	0	1000	693	21
230	0	1000	1000	22
230	0	1000	1000	23
230	0	1000	912	24
230	0	1000	999	25
230	0	1000	1000	26
230	0	1000	998	27
230	0	1000	1000	28
230	0	1000	998	29
230	0	1000	999	30
230	0	1000	1000	31
# Event data block #32
# Threshold	DAC	Events	Triggered	CH#
231	0	1000	1000	0
231	0	1000	1000	1
231	0	1000	1000	2
231	0	1000	1000	3
231	0	1000	1000	4
231	0	1000	999	5
231	0	1000	1000	6
231	0	1000	596	7
231	0	1000	918	8
231	0	1000	997	9
231	0	1000	787	10
231	0	1000	975	11
231	0	1000	765	12
231	0	1000	999	13
231	0	1000	1000	14
231	0	1000	898	15
231	0	1000	906	16
231	0	1000	948	17
231	0	1000	999	18
231	0	1000	1000	19
231	0	1000	777	20
231	0	1000	775	21
231	0	1000	997	22
231	0	1000	998	23
231	0	1000	968	24
231	0	1000	1000	25
231	0	1000	1000	26
231	0	1000	998	27
231	0	1000	1000	28
231	0	1000	1000	29
231	0	1000	1000	30
231	0	1000	1000	31
# Event data block #33
# Threshold	DAC	Events	Triggered	CH#
232	0	1000	1000	0
232	0	1000	1000	1
232	0	1000	997	2
232	0	1000	1000	3
232	0	1000	1000	4
232	0	1000	997	5
232	0	1000	999	6
232	0	1000	778	7
232	0	1000	942	8
232	0	1000	997	9
232	0	1000	860	10
232	0	1000	981	11
232	0	1000	859	12
232	0	1000	999	13
232	0	1000	1000	14
232	0	1000	938	15
232	0	1000	939	16
232	0	1000	961	17
232	0	1000	1000	18
232	0	1000	1000	19
232	0	1000	848	20
232	0	1000	849	21
232	0	1000	998	22
232	0	1000	999	23
232	0	1000	987	24
232	0	1000	1000	25
232	0	1000	1000	26
232	0	1000	999	27
232	0	1000	1000	28
232	0	1000	999	29
232	0	1000	1000	30
232	0	1000	1000	31
# Event data block #34
# Threshold	DAC	Events	Triggered	CH#
233	0	1000	1000	0
233	0	1000	1000	1
233	0	1000	1000	2
233	0	1000	1000	3
233	0	1000	1000	4
233	0	1000	1000	5
233	0	1000	1000	6
233	0	1000	883	7
233	0	1000	963	8
233	0	1000	999	9
233	0	1000	903	10
233	0	1000	986	11
233	0	1000	908	12
233	0	1000	1000	13
233	0	1000	1000	14
233	0	1000	954	15
233	0	1000	957	16
233	0	1000	977	17
233	0	1000	1000	18
233	0	1000	1000	19
233	0	1000	899	20
233	0	1000	888	21
233	0	1000	999	22
233	0	1000	999	23
233	0	1000	992	24
233	0	1000	1000	25
233	0	1000	1000	26
233	0	1000	1000	27
233	0	1000	1000	28
233	0	1000	1000	29
233	0	1000	1000	30
233	0	1000	1000	31
# Event data block #35
# Threshold	DAC	Events	Triggered	CH#
234	0	1000	1000	0
234	0	1000	1000	1
234	0	1000	1000	2
234	0	1000	1000	3
234	0	1000	1000	4
234	0	1000	1000	5
234	0	1000	1000	6
234	0	1000	954	7
234	0	1000	987	8
234	0	1000	1000	9
234	0	1000	939	10
234	0	1000	998	11
234	0	1000	950	12
234	0	1000	1000	13
234	0	1000	1000	14
234	0	1000	984	15
234	0	1000	978	16
234	0	1000	994	17
234	0	1000	1000	18
234	0	1000	1000	19
234	0	1000	937	20
234	0	1000	925	21
234	0	1000	999	22
234	0	1000	1000	23
234	0	1000	998	24
234	0	1000	1000	25
234	0	1000	1000	26
234	0	1000	1000	27
234	0	1000	1000	28
234	0	1000	1000	29
234	0	1000	1000	30
234	0	1000	1000	31
# Event data block #36
# Threshold	DAC	Events	Triggered	CH#
235	0	1000	1000	0
235	0	1000	1000	1
235	0	1000	1000	2
235	0	1000	1000	3
235	0	1000	1000	4
235	0	1000	1000	5
235	0	1000	1000	6
235	0	1000	990	7
235	0	1000	996	8
235	0	1000	1000	9
235	0	1000	972	10
235	0	1000	1000	11
235	0	1000	981	12
235	0	1000	1000	13
235	0	1000	1000	14
235	0	1000	991	15
235	0	1000	990	16
235	0	1000	999	17
235	0	1000	1000	18
235	0	1000	1000	19
235	0	1000	979	20
235	0	1000	973	21
235	0	1000	1000	22
235	0	1000	1000	23
235	0	1000	999	24
235	0	1000	1000	25
235	0	1000	1000	26
235	0	1000	1000	27
235	0	1000	1000	28
235	0	1000	1000	29
235	0	1000	1000	30
235	0	1000	1000	31
# Event data block #37
# Threshold	DAC	Events	Triggered	CH#
236	0	1000	1000	0
236	0	1000	1000	1
236	0	1000	1000	2
236	0	1000	1000	3
236	0	1000	1000	4
236	0	1000	1000	5
236	0	1000	1000	6
236	0	1000	993	7
236	0	1000	999	8
236	0	1000	1000	9
236	0	1000	980	10
236	0	1000	1000	11
236	0	1000	988	12
236	0	1000	1000	13
236	0	1000	1000	14
236	0	1000	998	15
236	0	1000	996	16
236	0	1000	998	17
236	0	1000	1000	18
236	0	1000	1000	19
236	0	1000	985	20
236	0	1000	979	21
236	0	1000	1000	22
236	0	1000	1000	23
236	0	1000	1000	24
236	0	1000	1000	25
236	0	1000	1000	26
236	0	1000	1000	27
236	0	1000	1000	28
236	0	1000	1000	29
236	0	1000	1000	30
236	0	1000	1000	31
# Event data block #38
# Threshold	DAC	Events	Triggered	CH#
237	0	1000	1000	0
237	0	1000	1000	1
237	0	1000	1000	2
237	0	1000	1000	3
237	0	1000	1000	4
237	0	1000	1000	5
237	0	1000	1000	6
237	0	1000	997	7
237	0	1000	1000	8
237	0	1000	1000	9
237	0	1000	984	10
237	0	1000	1000	11
237	0	1000	992	12
237	0	1000	1000	13
237	0	1000	1000	14
237	0	1000	996	15
237	0	1000	995	16
237	0	1000	998	17
237	0	1000	1000	18
237	0	1000	1000	19
237	0	1000	990	20
237	0	1000	982	21
237	0	1000	1000	22
237	0	1000	1000	23
237	0	1000	1000	24
237	0	1000	1000	25
237	0	1000	1000	26
237	0	1000	1000	27
237	0	1000	1000	28
237	0	1000	1000	29
237	0	1000	1000	30
237	0	1000	1000	31
# Event data block #39
# Threshold	DAC	Events	Triggered	CH#
238	0	1000	1000	0
238	0	1000	1000	1
238	0	1000	1000	2
238	0	1000	1000	3
238	0	1000	1000	4
238	0	1000	1000	5
238	0	1000	1000	6
238	0	1000	1000	7
238	0	1000	1000	8
238	0	1000	1000	9
238	0	1000	996	10
238	0	1000	1000	11
238	0	1000	1000	12
238	0	1000	1000	13
238	0	1000	1000	14
238	0	1000	999	15
238	0	1000	998	16
238	0	1000	1000	17
238	0	1000	1000	18
238	0	1000	1000	19
238	0	1000	995	20
238	0	1000	997	21
238	0	1000	1000	22
238	0	1000	1000	23
238	0	1000	1000	24
238	0	1000	1000	25
238	0	1000	1000	26
238	0	1000	1000	27
238	0	1000	1000	28
238	0	1000	1000	29
238	0	1000	1000	30
238	0	1000	1000	31
# Event data block #40
# Threshold	DAC	Events	Triggered	CH#
239	0	1000	1000	0
239	0	1000	1000	1
239	0	1000	1000	2
239	0	1000	1000	3
239	0	1000	1000	4
239	0	1000	1000	5
239	0	1000	1000	6
239	0	1000	1000	7
239	0	1000	1000	8
239	0	1000	1000	9
239	0	1000	1000	10
239	0	1000	1000	11
239	0	1000	1000	12
239	0	1000	1000	13
239	0	1000	1000	14
239	0	1000	1000	15
239	0	1000	1000	16
239	0	1000	1000	17
239	0	1000	1000	18
239	0	1000	1000	19
239	0	1000	1000	20
239	0	1000	999	21
239	0	1000	1000	22
239	0	1000	1000	23
239	0	1000	1000	24
239	0	1000	1000	25
239	0	1000	1000	26
239	0	1000	1000	27
239	0	1000	1000	28
239	0	1000	1000	29
239	0	1000	1000	30
239	0	1000	1000	31
# Event data block #41
# Threshold	DAC	Events	Triggered	CH#
240	0	1000	1000	0
240	0	1000	1000	1
240	0	1000	1000	2
240	0	1000	1000	3
240	0	1000	1000	4
240	0	1000	1000	5
240	0	1000	1000	6
240	0	1000	1000	7
240	0	1000	1000	8
240	0	1000	1000	9
240	0	1000	998	10
240	0	1000	1000	11
240	0	1000	999	12
240	0	1000	1000	13
240	0	1000	1000	14
240	0	1000	999	15
240	0	1000	1000	16
240	0	1000	1000	17
240	0	1000	1000	18
240	0	1000	1000	19
240	0	1000	999	20
240	0	1000	998	21
240	0	1000	1000	22
240	0	1000	1000	23
240	0	1000	1000	24
240	0	1000	1000	25
240	0	1000	1000	26
240	0	1000	1000	27
240	0	1000	1000	28
240	0	1000	1000	29
240	0	1000	1000	30
240	0	1000	1000	31
# Event data block #42
# Threshold	DAC	Events	Triggered	CH#
241	0	1000	1000	0
241	0	1000	1000	1
241	0	1000	1000	2
241	0	1000	1000	3
241	0	1000	1000	4
241	0	1000	1000	5
241	0	1000	1000	6
241	0	1000	1000	7
241	0	1000	1000	8
241	0	1000	1000	9
241	0	1000	999	10
241	0	1000	1000	11
241	0	1000	999	12
241	0	1000	1000	13
241	0	1000	1000	14
241	0	1000	999	15
241	0	1000	999	16
241	0	1000	1000	17
241	0	1000	1000	18
241	0	1000	1000	19
241	0	1000	999	20
241	0	1000	999	21
241	0	1000	1000	22
241	0	1000	1000	23
241	0	1000	1000	24
241	0	1000	1000	25
241	0	1000	1000	26
241	0	1000	1000	27
241	0	1000	1000	28
241	0	1000	1000	29
241	0	1000	1000	30
241	0	1000	1000	31
# Event data block #43
# Threshold	DAC	Events	Triggered	CH#
242	0	1000	1000	0
242	0	1000	1000	1
242	0	1000	1000	2
242	0	1000	1000	3
242	0	1000	1000	4
242	0	1000	1000	5
242	0	1000	1000	6
242	0	1000	1000	7
242	0	1000	1000	8
242	0	1000	1000	9
242	0	1000	1000	10
242	0	1000	1000	11
242	0	1000	1000	12
242	0	1000	1000	13
242	0	1000	1000	14
242	0	1000	1000	15
242	0	1000	1000	16
242	0	1000	1000	17
242	0	1000	1000	18
242	0	1000	1000	19
242	0	1000	1000	20
242	0	1000	1000	21
242	0	1000	1000	22
242	0	1000	1000	23
242	0	1000	1000	24
242	0	1000	1000	25
242	0	1000	1000	26
242	0	1000	1000	27
242	0	1000	1000	28
242	0	1000	1000	29
242	0	1000	1000	30
242	0	1000	1000	31
# Event data block #44
# Threshold	DAC	Events	Triggered	CH#
243	0	1000	1000	0
243	0	1000	1000	1
243	0	1000	1000	2
243	0	1000	1000	3
243	0	1000	1000	4
243	0	1000	1000	5
243	0	1000	1000	6
243	0	1000	1000	7
243	0	1000	1000	8
243	0	1000	1000	9
243	0	1000	1000	10
243	0	1000	1000	11
243	0	1000	1000	12
243	0	1000	1000	13
243	0	1000	1000	14
243	0	1000	1000	15
243	0	1000	999	16
243	0	1000	1000	17
243	0	1000	1000	18
243	0	1000	1000	19
243	0	1000	1000	20
243	0	1000	1000	21
243	0	1000	1000	22
243	0	1000	1000	23
243	0	1000	1000	24
243	0	1000	1000	25
243	0	1000	1000	26
243	0	1000	1000	27
243	0	1000	1000	28
243	0	1000	1000	29
243	0	1000	1000	30
243	0	1000	1000	31
# Event data block #45
# Threshold	DAC	Events	Triggered	CH#
244	0	1000	1000	0
244	0	1000	1000	1
244	0	1000	1000	2
244	0	1000	1000	3
244	0	1000	1000	4
244	0	1000	1000	5
244	0	1000	1000	6
244	0	1000	1000	7
244	0	1000	1000	8
244	0	1000	1000	9
244	0	1000	1000	10
244	0	1000	1000	11
244	0	1000	1000	12
244	0	1000	1000	13
244	0	1000	1000	14
244	0	1000	1000	15
244	0	1000	1000	16
244	0	1000	1000	17
244	0	1000	1000	18
244	0	1000	1000	19
244	0	1000	1000	20
244	0	1000	1000	21
244	0	1000	1000	22
244	0	1000	1000	23
244	0	1000	1000	24
244	0	1000	1000	25
244	0	1000	1000	26
244	0	1000	1000	27
244	0	1000	1000	28
244	0	1000	1000	29
244	0	1000	1000	30
244	0	1000	1000	31
# Event data block #46
# Threshold	DAC	Events	Triggered	CH#
245	0	1000	1000	0
245	0	1000	1000	1
245	0	1000	1000	2
245	0	1000	1000	3
245	0	1000	1000	4
245	0	1000	1000	5
245	0	1000	1000	6
245	0	1000	1000	7
245	0	1000	1000	8
245	0	1000	1000	9
245	0	1000	1000	10
245	0	1000	1000	11
245	0	1000	1000	12
245	0	1000	1000	13
245	0	1000	1000	14
245	0	1000	1000	15
245	0	1000	1000	16
245	0	1000	1000	17
245	0	1000	1000	18
245	0	1000	1000	19
245	0	1000	1000	20
245	0	1000	1000	21
245	0	1000	1000	22
245	0	1000	1000	23
245	0	1000	1000	24
245	0	1000	1000	25
245	0	1000	1000	26
245	0	1000	1000	27
245	0	1000	1000	28
245	0	1000	1000	29
245	0	1000	1000	30
245	0	1000	1000	31
# Event data block #47
# Threshold	DAC	Events	Triggered	CH#
246	0	1000	1000	0
246	0	1000	1000	1
246	0	1000	1000	2
246	0	1000	1000	3
246	0	1000	1000	4
246	0	1000	1000	5
246	0	1000	1000	6
246	0	1000	1000	7
246	0	1000	1000	8
246	0	1000	1000	9
246	0	1000	1000	10
246	0	1000	1000	11
246	0	1000	1000	12
246	0	1000	1000	13
246	0	1000	1000	14
246	0	1000	1000	15
246	0	1000	1000	16
246	0	1000	1000	17
246	0	1000	1000	18
246	0	1000	1000	19
246	0	1000	1000	20
246	0	1000	1000	21
246	0	1000	1000	22
246	0	1000	1000	23
246	0	1000	1000	24
246	0	1000	1000	25
246	0	1000	1000	26
246	0	1000	1000	27
246	0	1000	1000	28
246	0	1000	1000	29
246	0	1000	1000	30
246	0	1000	1000	31
# Event data block #48
# Threshold	DAC	Events	Triggered	CH#
247	0	1000	1000	0
247	0	1000	1000	1
247	0	1000	1000	2
247	0	1000	1000	3
247	0	1000	1000	4
247	0	1000	1000	5
247	0	1000	1000	6
247	0	1000	1000	7
247	0	1000	1000	8
247	0	1000	1000	9
247	0	1000	1000	10
247	0	1000	1000	11
247	0	1000	1000	12
247	0	1000	1000	13
247	0	1000	1000	14
247	0	1000	1000	15
247	0	1000	1000	16
247	0	1000	1000	17
247	0	1000	1000	18
247	0	1000	1000	19
247	0	1000	1000	20
247	0	1000	1000	21
247	0	1000	1000	22
247	0	1000	1000	23
247	0	1000	1000	24
247	0	1000	1000	25
247	0	1000	1000	26
247	0	1000	1000	27
247	0	1000	1000	28
247	0	1000	1000	29
247	0	1000	1000	30
247	0	1000	1000	31
# Event data block #49
# Threshold	DAC	Events	Triggered	CH#
248	0	1000	1000	0
248	0	1000	1000	1
248	0	1000	1000	2
248	0	1000	1000	3
248	0	1000	1000	4
248	0	1000	1000	5
248	0	1000	1000	6
248	0	1000	1000	7
248	0	1000	1000	8
248	0	1000	1000	9
248	0	1000	1000	10
248	0	1000	1000	11
248	0	1000	1000	12
248	0	1000	1000	13
248	0	1000	1000	14
248	0	1000	1000	15
248	0	1000	1000	16
248	0	1000	1000	17
248	0	1000	1000	18
248	0	1000	1000	19
248	0	1000	1000	20
248	0	1000	1000	21
248	0	1000	1000	22
248	0	1000	1000	23
248	0	1000	1000	24
248	0	1000	1000	25
248	0	1000	1000	26
248	0	1000	1000	27
248	0	1000	1000	28
248	0	1000	1000	29
248	0	1000	1000	30
248	0	1000	1000	31
# Event data block #50
# Threshold	DAC	Events	Triggered	CH#
249	0	1000	1000	0
249	0	1000	1000	1
249	0	1000	1000	2
249	0	1000	1000	3
249	0	1000	1000	4
249	0	1000	1000	5
249	0	1000	1000	6
249	0	1000	1000	7
249	0	1000	1000	8
249	0	1000	1000	9
249	0	1000	1000	10
249	0	1000	1000	11
249	0	1000	1000	12
249	0	1000	1000	13
249	0	1000	1000	14
249	0	1000	1000	15
249	0	1000	1000	16
249	0	1000	1000	17
249	0	1000	1000	18
249	0	1000	1000	19
249	0	1000	1000	20
249	0	1000	1000	21
249	0	1000	1000	22
249	0	1000	1000	23
249	0	1000	1000	24
249	0	1000	1000	25
249	0	1000	1000	26
249	0	1000	1000	27
249	0	1000	1000	28
249	0	1000	1000	29
249	0	1000	1000	30
249	0	1000	1000	31
# Event data block #51
# Threshold	DAC	Events	Triggered	CH#
250	0	1000	1000	0
250	0	1000	1000	1
250	0	1000	1000	2
250	0	1000	1000	3
250	0	1000	1000	4
250	0	1000	1000	5
250	0	1000	1000	6
250	0	1000	1000	7
250	0	1000	1000	8
250	0	1000	1000	9
250	0	1000	1000	10
250	0	1000	1000	11
250	0	1000	1000	12
250	0	1000	1000	13
250	0	1000	1000	14
250	0	1000	1000	15
250	0	1000	1000	16
250	0	1000	1000	17
250	0	1000	1000	18
250	0	1000	1000	19
250	0	1000	1000	20
250	0	1000	1000	21
250	0	1000	1000	22
250	0	1000	1000	23
250	0	1000	1000	24
250	0	1000	1000	25
250	0	1000	1000	26
250	0	1000	1000	27
250	0	1000	1000	28
250	0	1000	1000	29
250	0	1000	1000	30
250	0	1000	1000	31
# Event data block #52
# Threshold	DAC	Events	Triggered	CH#
251	0	1000	1000	0
251	0	1000	1000	1
251	0	1000	1000	2
251	0	1000	1000	3
251	0	1000	1000	4
251	0	1000	1000	5
251	0	1000	1000	6
251	0	1000	1000	7
251	0	1000	1000	8
251	0	1000	1000	9
251	0	1000	1000	10
251	0	1000	1000	11
251	0	1000	1000	12
251	0	1000	1000	13
251	0	1000	1000	14
251	0	1000	1000	15
251	0	1000	1000	16
251	0	1000	1000	17
251	0	1000	1000	18
251	0	1000	1000	19
251	0	1000	1000	20
251	0	1000	1000	21
251	0	1000	1000	22
251	0	1000	1000	23
251	0	1000	1000	24
251	0	1000	1000	25
251	0	1000	1000	26
251	0	1000	1000	27
251	0	1000	1000	28
251	0	1000	1000	29
251	0	1000	1000	30
251	0	1000	1000	31
# Event data block #53
# Threshold	DAC	Events	Triggered	CH#
252	0	1000	1000	0
252	0	1000	1000	1
252	0	1000	1000	2
252	0	1000	1000	3
252	0	1000	1000	4
252	0	1000	1000	5
252	0	1000	1000	6
252	0	1000	1000	7
252	0	1000	1000	8
252	0	1000	1000	9
252	0	1000	1000	10
252	0	1000	1000	11
252	0	1000	1000	12
252	0	1000	1000	13
252	0	1000	1000	14
252	0	1000	1000	15
252	0	1000	1000	16
252	0	1000	1000	17
252	0	1000	1000	18
252	0	1000	1000	19
252	0	1000	1000	20
252	0	1000	1000	21
252	0	1000	1000	22
252	0	1000	1000	23
252	0	1000	1000	24
252	0	1000	1000	25
252	0	1000	1000	26
252	0	1000	1000	27
252	0	1000	1000	28
252	0	1000	1000	29
252	0	1000	1000	30
252	0	1000	1000	31
# Event data block #54
# Threshold	DAC	Events	Triggered	CH#
253	0	1000	1000	0
253	0	1000	1000	1
253	0	1000	1000	2
253	0	1000	1000	3
253	0	1000	1000	4
253	0	1000	1000	5
253	0	1000	1000	6
253	0	1000	1000	7
253	0	1000	1000	8
253	0	1000	1000	9
253	0	1000	1000	10
253	0	1000	1000	11
253	0	1000	1000	12
253	0	1000	1000	13
253	0	1000	1000	14
253	0	1000	1000	15
253	0	1000	1000	16
253	0	1000	1000	17
253	0	1000	1000	18
253	0	1000	1000	19
253	0	1000	1000	20
253	0	1000	1000	21
253	0	1000	1000	22
253	0	1000	1000	23
253	0	1000	1000	24
253	0	1000	1000	25
253	0	1000	1000	26
253	0	1000	1000	27
253	0	1000	1000	28
253	0	1000	1000	29
253	0	1000	1000	30
253	0	1000	1000	31
# Event data block #55
# Threshold	DAC	Events	Triggered	CH#
254	0	1000	1000	0
254	0	1000	1000	1
254	0	1000	1000	2
254	0	1000	1000	3
254	0	1000	1000	4
254	0	1000	1000	5
254	0	1000	1000	6
254	0	1000	1000	7
254	0	1000	1000	8
254	0	1000	1000	9
254	0	1000	1000	10
254	0	1000	1000	11
254	0	1000	1000	12
254	0	1000	1000	13
254	0	1000	1000	14
254	0	1000	1000	15
254	0	1000	1000	16
254	0	1000	1000	17
254	0	1000	1000	18
254	0	1000	1000	19
254	0	1000	1000	20
254	0	1000	1000	21
254	0	1000	1000	22
254	0	1000	1000	23
254	0	1000	1000	24
254	0	1000	1000	25
254	0	1000	1000	26
254	0	1000	1000	27
254	0	1000	1000	28
254	0	1000	1000	29
254	0	1000	1000	30
254	0	1000	1000	31
# Event data block #56
# Threshold	DAC	Events	Triggered	CH#
255	0	1000	1000	0
255	0	1000	1000	1
255	0	1000	1000	2
255	0	1000	1000	3
255	0	1000	1000	4
255	0	1000	1000	5
255	0	1000	1000	6
255	0	1000	1000	7
255	0	1000	1000	8
255	0	1000	1000	9
255	0	1000	1000	10
255	0	1000	1000	11
255	0	1000	1000	12
255	0	1000	1000	13
255	0	1000	1000	14
255	0	1000	1000	15
255	0	1000	1000	16
255	0	1000	1000	17
255	0	1000	1000	18
255	0	1000	1000	19
255	0	1000	1000	20
255	0	1000	1000	21
255	0	1000	1000	22
255	0	1000	1000	23
255	0	1000	1000	24
255	0	1000	1000	25
255	0	1000	1000	26
255	0	1000	1000	27
255	0	1000	1000	28
255	0	1000	1000	29
255	0	1000	1000	30
255	0	1000	1000	31
