140.7540308798835, 
112.39937284508382, 
159.6439473879765, 
119.65718998929972, 
90.95401307966706, 
90.36345936626836, 
115.31986031651682, 
166.46797034043124, 
167.19232827036828, 
160.92167528684382, 
99.87527492123878, 
144.06821829855537, 
112.81469425369363, 
122.60934759994056, 
148.5122520246675, 
137.155740140866, 
122.32912859371518, 
99.54856251392913, 
124.84321416896972, 
101.02484029119002, 
111.24499286818019, 
108.96107272862344, 
154.63516303944144, 
142.32523658837337, 
141.1202552356021, 
148.53749925714627, 
127.99277860326895, 
144.50028228442383, 
102.37489039813343, 
154.36968859570928, 
117.93020489487614, 
74.32838592737862, 
