316.5119226255033, 
271.54280534379507, 
280.85489071484824, 
259.95643582009717, 
259.4051229447269, 
248.7443291613402, 
296.9858541731675, 
306.56730012035126, 
262.72947872087497, 
270.3983771251932, 
282.20889800285306, 
324.82746321890323, 
245.13672025914587, 
290.5094737780684, 
267.7462400428011, 
315.45721333155024, 
315.8303523679363, 
269.32391917991384, 
306.95412953060014, 
261.53700099540924, 
257.43742849926457, 
263.02093392960614, 
290.6480887463245, 
238.27560388626438, 
249.0637283301395, 
279.5502503231174, 
258.6175168602751, 
243.99215581405713, 
206.99943542276435, 
310.4136906530394, 
310.43182527301093, 
262.6576453462464, 
