152.69369168598087, 
175.84579376755383, 
140.32642294545994, 
142.96072224699063, 
149.08831134094152, 
131.1765020582247, 
168.53270916926735, 
122.09513547255622, 
148.50357381677688, 
161.35782120829307, 
108.72858735230734, 
144.56071932823065, 
183.2971864270745, 
142.48179467364167, 
167.2720626476663, 
140.70951107148164, 
159.14615373185336, 
166.10023923089497, 
117.6138450566105, 
174.91704555585272, 
128.31265693018557, 
167.818645075026, 
174.90318507294174, 
193.26399453292132, 
135.67937729318618, 
132.1812928050393, 
136.82182763744427, 
163.79238975395222, 
150.81760641854245, 
197.67335264839164, 
89.58408486487289, 
157.28521545319464, 
