255.8493052975704, 
289.0676621350568, 
274.2814478024427, 
269.22265804917913, 
279.24230626346684, 
223.43467213480142, 
286.7013133654246, 
274.396969021618, 
211.12015866648838, 
231.51144096757898, 
271.9211832174482, 
248.9446219224083, 
234.26567212968604, 
272.92550820256776, 
253.1335720760212, 
256.66871694300823, 
226.45195179577098, 
277.72327969212023, 
293.28756742299294, 
258.76973146483186, 
237.4720294786265, 
271.8169281978127, 
214.87554974444313, 
259.8182128695962, 
239.47225400032687, 
287.6906753845011, 
277.06885075403017, 
238.97881475538915, 
233.08253595625817, 
247.12743131398685, 
260.7258639645797, 
309.9348171701113, 
