271.34264019733126, 
249.63208808844507, 
290.2370544271259, 
295.8143888740305, 
269.8703959586955, 
295.5885053713912, 
245.99881108072762, 
254.90007282022322, 
279.4528015928441, 
240.20546886610194, 
243.6983652845891, 
271.46987504271726, 
272.9632359497132, 
243.88562174048704, 
267.4138064247719, 
229.92896410317366, 
237.54530325993284, 
240.16583437369954, 
270.59588348937433, 
237.6331570188993, 
238.23250319474576, 
256.5146521235177, 
228.81181277860327, 
305.0862886092499, 
303.9489271279125, 
244.36259082601524, 
250.14671917960914, 
264.78906783941994, 
213.04416769457117, 
215.60538243205087, 
282.5815425769059, 
249.83337543275732, 
