316.44298493268747, 
231.24608457903653, 
246.65912671283775, 
265.86766912824476, 
252.18794947994056, 
251.71252804731265, 
257.00598829088534, 
269.60151280984365, 
267.7300417514821, 
251.32348658206783, 
263.78772883975273, 
204.7635669281978, 
280.61225702906734, 
258.4602662783441, 
256.8757392053728, 
250.64145083879404, 
240.11906106076364, 
220.90431823585354, 
229.38288448962606, 
246.21368600936177, 
271.52933834564124, 
233.8459263442618, 
238.35042646141045, 
268.7967428936537, 
258.8059477454448, 
273.96071147302257, 
248.1116426958279, 
250.9755572065379, 
243.00783188931325, 
232.9446029481693, 
280.8769505127062, 
245.93052665992985, 
