239.29283368746377, 
246.80926272621915, 
221.23286327770927, 
207.32599714676337, 
226.87187908690998, 
246.45356734184364, 
218.05958818635608, 
286.12155697518943, 
220.24987742366838, 
262.57753573657465, 
297.14614321589374, 
237.7891741701584, 
251.07238797099726, 
222.79948288159773, 
206.82089263958636, 
250.68267459138187, 
203.5893740621332, 
212.8335809806835, 
242.207194757723, 
264.9248967218474, 
276.4865515499153, 
260.7302606163264, 
273.57090217520505, 
263.02508060561934, 
268.1632689450223, 
273.5361674938334, 
265.19443742849927, 
239.74099939079656, 
244.23114069627493, 
256.578573551263, 
204.75026373267164, 
220.58092026089412, 
