263.3369219330855, 
252.74909371842872, 
261.98603497199565, 
261.5150335151524, 
286.27110761092456, 
272.43436098488223, 
301.3454737280076, 
323.5643246616251, 
280.72910414500075, 
266.0086323452938, 
263.4564283910078, 
293.14680316785785, 
283.7039683836748, 
287.8917646010073, 
292.58499873701726, 
238.70389575656722, 
282.93588258014677, 
278.25043821860424, 
290.8505660041002, 
271.35818279058714, 
293.09474497451976, 
284.55015671652876, 
285.1856924288112, 
261.33829929446716, 
293.0242444963061, 
269.0659829059829, 
286.60090433127084, 
252.29130641471315, 
258.8147878319308, 
266.80027048717415, 
234.74362290403138, 
256.577595173705, 
