120.98716367796283, 
98.14190825742604, 
167.56685389919164, 
130.1184310229552, 
135.07888675909004, 
141.4156017830609, 
118.19828828694968, 
94.49621088293857, 
115.75680173553842, 
108.2537710472737, 
156.06877489151756, 
89.25999405558032, 
189.469352274247, 
68.95032394198763, 
157.3489947844693, 
117.00983552973688, 
138.52660743998098, 
121.6750066858824, 
93.20523829332066, 
105.65704904393303, 
93.09695006908026, 
138.69979053080385, 
142.83029042561094, 
91.4977789662908, 
115.4914277224781, 
101.69291104640799, 
144.62944916513163, 
91.56158257562251, 
63.138791092888866, 
178.18269730685245, 
130.35367611011247, 
153.31426703709755, 
