269.29783946031085, 
267.75098074179743, 
253.38487027846296, 
254.43244527606998, 
205.46110285374553, 
228.41790002377556, 
226.84804183752303, 
236.5256362636873, 
269.58161612860096, 
208.65652212678694, 
247.13984902071508, 
216.23030762146666, 
220.05021610301654, 
294.46657746060066, 
242.97913942707714, 
282.06408046830893, 
239.6739960480768, 
275.7417064075708, 
262.1348893874337, 
229.4564619887385, 
263.86442717696525, 
240.8745728971685, 
232.3209049451121, 
230.87483660130718, 
276.6255125081704, 
282.7760495587842, 
268.7316032123736, 
286.202050063136, 
263.4042189196828, 
229.48743740992228, 
266.38993953619655, 
227.21121131531638, 
