325.26522120342986, 
248.14477614158136, 
281.37583034878367, 
320.7428151098166, 
217.26869353304804, 
267.8541901931649, 
286.6978648162732, 
294.00955451870783, 
277.30912792166305, 
318.9586242757391, 
267.42361523832164, 
275.7033548272071, 
263.78694857584355, 
296.17339296858745, 
266.0438897555902, 
215.77848270533698, 
272.38546232596843, 
292.56838914807, 
222.52641198234744, 
247.36895988112929, 
233.93056050879696, 
259.01610937732204, 
292.49215336602765, 
278.5055351650148, 
264.3476897469051, 
263.38310327920004, 
276.92521434196647, 
258.3979790474775, 
234.48780813979405, 
302.18723530722934, 
265.9657047757734, 
275.741968557758, 
