295.15444967829177, 
225.44262319443618, 
261.8818441234172, 
285.0655491655893, 
258.3326001664487, 
274.8682133674182, 
268.59992271335574, 
314.05248922573935, 
221.92788361518114, 
224.20075487398955, 
303.0705357806346, 
281.9004607609988, 
274.91089447325794, 
264.38953954995395, 
253.556605736365, 
277.29122144778495, 
303.5065842275794, 
314.2556954124623, 
275.9841248606466, 
268.76237108806134, 
262.6192684413133, 
223.0412412501672, 
276.223376430376, 
272.7285196302791, 
298.13205612199397, 
277.29755996076915, 
252.82374881122206, 
295.89252489225737, 
262.1056260587868, 
248.33129244624095, 
303.13063377665503, 
242.63629607609988, 
