227.5817779230815, 
223.29714387612566, 
292.22719505490426, 
260.3379804405339, 
304.03198192842706, 
240.26325566189146, 
253.50558024104262, 
262.23240504071805, 
249.83388284916532, 
260.39091948730896, 
310.7060518304002, 
246.7279531885823, 
264.16822360506734, 
233.19554466473602, 
253.9692099751957, 
276.34077880417027, 
279.95931165666053, 
233.91171749598715, 
234.02398395125937, 
240.36346342478376, 
258.50867232436127, 
230.10661792025206, 
320.77730386838857, 
241.82163664467035, 
211.24550453262, 
253.2711670480549, 
269.1489374349829, 
243.61953307277346, 
272.5749205028381, 
242.54145116223768, 
236.71935196195005, 
259.71759582658325, 
