268.41032156443174, 
251.69752857079166, 
213.7202532209888, 
318.073471510289, 
240.32258495921067, 
263.7025095463798, 
275.4231106357059, 
260.5716896469749, 
263.98662624821685, 
266.26705600879734, 
271.48247113198295, 
230.1939914673485, 
307.3870253399718, 
275.06539541934814, 
277.8360453539001, 
200.42221958033645, 
249.14775074677883, 
271.027817403709, 
241.91700597378667, 
225.56321053335512, 
286.9512104504451, 
244.0810746552544, 
276.11736028537456, 
267.5631418592554, 
271.7677117384844, 
237.0140709042822, 
286.8480070148322, 
259.4356257615835, 
253.0486061578697, 
269.07447978596906, 
249.67827159393156, 
247.48108357108893, 
