326.7142814687133, 
339.9066957917261, 
285.2387582845424, 
337.78032363036596, 
296.23145272729977, 
293.3466036586272, 
319.16370201952657, 
296.1714829066813, 
264.82385806413265, 
304.99650837988827, 
311.57335611858235, 
287.9439978603587, 
321.5142810438091, 
317.2148906454297, 
298.59941455296513, 
289.3269005066037, 
254.75844140410297, 
304.73518573551263, 
328.3634945165988, 
302.86938563256814, 
276.75795042501335, 
319.191081193533, 
317.8584227260571, 
313.1500215462799, 
327.12502785825717, 
287.4067161961367, 
340.42712806264205, 
265.58294571339405, 
284.08035661218423, 
285.8147669356157, 
284.7613366218947, 
356.3792591051607, 
